**** 1 ****
50
37; 34; 2; 1; 0
47; 19; 2; 1; 3
45; 22; 2; 1; 4
41; 42; 2; 1; 7
8; 34; 1; 2; 11
14; 32; 2; 1; 11
5; 1; 2; 1; 15
32; 41; 1; 2; 22
35; 8; 1; 2; 22
10; 47; 2; 1; 24
2; 11; 1; 2; 28
16; 42; 1; 2; 29
42; 11; 1; 2; 30
44; 43; 1; 2; 32
5; 21; 1; 2; 33
42; 48; 1; 2; 35
5; 21; 1; 2; 36
22; 10; 1; 2; 38
39; 18; 2; 1; 38
10; 28; 2; 1; 41
35; 40; 1; 2; 44
40; 28; 1; 2; 46
47; 32; 2; 1; 47
13; 22; 2; 1; 48
17; 24; 1; 2; 48
32; 46; 1; 2; 53
6; 12; 1; 2; 63
15; 7; 2; 1; 64
30; 12; 1; 2; 64
4; 26; 2; 1; 64
3; 7; 1; 2; 66
6; 5; 1; 2; 67
14; 1; 1; 2; 67
16; 11; 1; 2; 74
47; 3; 1; 2; 74
21; 44; 2; 1; 76
1; 42; 1; 2; 77
21; 48; 2; 1; 77
41; 18; 1; 2; 78
33; 13; 1; 2; 79
40; 11; 1; 2; 84
33; 39; 2; 1; 85
12; 6; 1; 2; 85
25; 49; 1; 2; 89
23; 40; 1; 2; 91
36; 33; 1; 2; 92
15; 40; 1; 2; 95
29; 42; 1; 2; 95
11; 49; 1; 2; 99
18; 17; 2; 1; 99
12
8; 1; 42; 31
9; 1; 39; 81
5; 1; 39; 311
0; 1; 2; 380
4; 1; 15; 520
2; 1; 20; 582
11; 1; 28; 609
3; 1; 44; 699
1; 1; 39; 1150
6; 1; 40; 1239
7; 1; 26; 1295
10; 1; 26; 1450
