**** 10 ****
50
1; 26; 1; 2; 2
19; 1; 1; 2; 3
25; 16; 2; 1; 7
25; 39; 1; 2; 11
47; 12; 1; 2; 14
44; 7; 1; 2; 14
15; 47; 2; 1; 16
49; 7; 2; 1; 20
18; 28; 1; 2; 23
16; 24; 1; 2; 31
38; 47; 2; 1; 31
21; 1; 2; 1; 34
26; 36; 2; 1; 38
36; 47; 1; 2; 39
16; 22; 2; 1; 39
27; 33; 1; 2; 41
8; 2; 2; 1; 43
45; 18; 1; 2; 43
24; 34; 1; 2; 44
5; 19; 2; 1; 45
42; 42; 1; 2; 48
48; 43; 2; 1; 49
44; 27; 2; 1; 50
42; 48; 2; 1; 53
21; 36; 2; 1; 57
47; 5; 2; 1; 60
21; 32; 2; 1; 61
20; 14; 1; 2; 63
44; 46; 1; 2; 68
49; 39; 1; 2; 69
40; 26; 1; 2; 70
21; 38; 2; 1; 71
27; 42; 2; 1; 73
25; 35; 2; 1; 74
31; 17; 1; 2; 77
20; 17; 2; 1; 78
31; 28; 1; 2; 82
41; 22; 1; 2; 82
36; 6; 2; 1; 83
27; 2; 2; 1; 87
40; 23; 2; 1; 88
11; 16; 1; 2; 88
5; 21; 1; 2; 89
19; 32; 1; 2; 90
38; 28; 2; 1; 93
24; 28; 2; 1; 97
49; 31; 2; 1; 98
29; 18; 1; 2; 98
13; 24; 1; 2; 103
16; 42; 2; 1; 105
12
0; 1; 36; 448
10; 1; 39; 552
7; 1; 29; 659
5; 1; 9; 756
6; 1; 40; 770
4; 1; 41; 854
11; 1; 41; 926
2; 1; 16; 1248
8; 1; 35; 1317
1; 1; 2; 1405
3; 1; 16; 1443
9; 1; 42; 1475
