**** 100 ****
59
110; 113; 2; 1; 5
119; 86; 2; 1; 5
52; 118; 1; 2; 9
121; 110; 1; 2; 9
63; 107; 2; 1; 10
88; 104; 2; 1; 11
54; 69; 2; 1; 16
59; 47; 1; 2; 16
83; 78; 1; 2; 20
76; 118; 1; 2; 21
57; 71; 2; 1; 21
118; 115; 2; 1; 25
86; 109; 2; 1; 26
79; 101; 1; 2; 29
81; 84; 2; 1; 43
74; 116; 2; 1; 45
54; 82; 1; 2; 46
51; 94; 1; 2; 52
99; 91; 2; 1; 54
108; 74; 1; 2; 54
54; 96; 1; 2; 55
121; 96; 1; 2; 56
115; 108; 1; 2; 64
70; 71; 2; 1; 66
105; 56; 1; 2; 74
96; 79; 2; 1; 75
92; 93; 1; 2; 81
55; 71; 2; 1; 83
110; 99; 1; 2; 84
50; 117; 1; 2; 85
101; 118; 1; 2; 85
99; 110; 2; 1; 95
117; 61; 1; 2; 99
69; 116; 2; 1; 105
62; 75; 1; 2; 106
94; 80; 2; 1; 108
63; 73; 1; 2; 109
64; 89; 2; 1; 114
49; 108; 1; 2; 119
90; 113; 1; 2; 121
85; 49; 1; 2; 122
78; 53; 2; 1; 123
72; 52; 2; 1; 126
86; 70; 1; 2; 130
85; 78; 2; 1; 143
100; 90; 1; 2; 150
107; 53; 1; 2; 161
120; 112; 2; 1; 163
61; 73; 1; 2; 171
63; 103; 1; 2; 172
108; 95; 2; 1; 174
76; 69; 1; 2; 179
96; 72; 2; 1; 181
65; 91; 1; 2; 186
98; 109; 1; 2; 189
96; 60; 2; 1; 189
78; 58; 1; 2; 192
82; 90; 2; 1; 194
78; 119; 2; 1; 198
14
0; 1; 38; 394
7; 1; 22; 477
1; 1; 8; 555
11; 1; 42; 817
12; 1; 12; 978
8; 1; 24; 1147
3; 1; 38; 2157
9; 1; 41; 2301
2; 1; 19; 2614
4; 1; 42; 2667
5; 1; 13; 4261
10; 1; 35; 4297
6; 1; 37; 4873
13; 1; 38; 5041
