**** 1000 ****
140
712; 666; 1; 2; 9
753; 518; 2; 1; 15
584; 688; 2; 1; 23
535; 654; 2; 1; 25
544; 728; 1; 2; 29
483; 761; 2; 1; 29
764; 588; 1; 2; 39
453; 586; 2; 1; 53
581; 610; 1; 2; 58
662; 648; 2; 1; 59
762; 724; 2; 1; 65
498; 596; 2; 1; 80
742; 646; 2; 1; 82
580; 466; 2; 1; 86
478; 713; 1; 2; 88
551; 605; 1; 2; 100
649; 693; 2; 1; 138
662; 514; 1; 2; 139
713; 768; 1; 2; 146
492; 639; 1; 2; 165
667; 612; 1; 2; 201
754; 499; 1; 2; 205
603; 715; 1; 2; 207
468; 683; 1; 2; 222
627; 690; 2; 1; 222
585; 490; 1; 2; 225
731; 474; 1; 2; 238
763; 468; 2; 1; 243
556; 647; 2; 1; 247
600; 622; 1; 2; 261
700; 544; 2; 1; 278
483; 725; 2; 1; 285
514; 556; 1; 2; 294
535; 507; 1; 2; 295
475; 496; 2; 1; 301
739; 551; 1; 2; 308
657; 598; 1; 2; 314
510; 639; 1; 2; 318
539; 517; 1; 2; 321
664; 560; 1; 2; 332
636; 692; 1; 2; 335
655; 670; 1; 2; 344
538; 769; 2; 1; 351
660; 468; 1; 2; 372
747; 459; 2; 1; 373
667; 626; 1; 2; 374
544; 705; 1; 2; 377
631; 629; 1; 2; 379
722; 461; 1; 2; 389
546; 676; 1; 2; 397
690; 762; 1; 2; 399
692; 694; 2; 1; 405
510; 730; 2; 1; 430
644; 492; 1; 2; 431
480; 511; 2; 1; 432
735; 501; 2; 1; 438
496; 497; 2; 1; 462
478; 562; 2; 1; 466
566; 511; 1; 2; 468
576; 712; 2; 1; 471
656; 550; 2; 1; 484
573; 639; 2; 1; 484
547; 520; 2; 1; 493
606; 614; 1; 2; 494
535; 551; 2; 1; 495
746; 659; 1; 2; 500
524; 728; 2; 1; 502
647; 524; 2; 1; 502
609; 562; 2; 1; 510
766; 486; 1; 2; 533
498; 689; 1; 2; 537
642; 685; 1; 2; 547
751; 482; 1; 2; 562
595; 684; 2; 1; 565
510; 457; 2; 1; 566
670; 760; 1; 2; 568
490; 637; 2; 1; 575
744; 503; 2; 1; 575
732; 459; 1; 2; 585
629; 526; 1; 2; 590
559; 542; 1; 2; 599
763; 663; 2; 1; 601
695; 633; 2; 1; 603
579; 468; 2; 1; 615
705; 475; 1; 2; 615
687; 552; 1; 2; 618
723; 713; 2; 1; 628
489; 588; 1; 2; 629
674; 486; 1; 2; 634
575; 713; 2; 1; 647
491; 465; 2; 1; 647
730; 605; 2; 1; 649
651; 715; 2; 1; 663
737; 539; 1; 2; 665
678; 576; 2; 1; 670
453; 500; 1; 2; 689
637; 737; 2; 1; 689
656; 610; 2; 1; 708
744; 528; 2; 1; 709
714; 734; 1; 2; 723
512; 760; 2; 1; 730
690; 482; 2; 1; 734
516; 563; 2; 1; 742
697; 679; 1; 2; 750
710; 501; 2; 1; 751
586; 639; 1; 2; 756
752; 561; 1; 2; 756
505; 596; 2; 1; 763
739; 597; 2; 1; 765
470; 732; 2; 1; 769
697; 551; 2; 1; 770
687; 491; 2; 1; 772
733; 689; 1; 2; 777
485; 554; 1; 2; 784
620; 655; 2; 1; 786
744; 734; 2; 1; 788
478; 483; 2; 1; 800
647; 760; 2; 1; 823
641; 721; 1; 2; 827
531; 608; 1; 2; 846
635; 687; 1; 2; 846
564; 468; 2; 1; 856
690; 712; 1; 2; 860
562; 698; 1; 2; 860
563; 599; 1; 2; 894
570; 633; 1; 2; 900
745; 676; 2; 1; 930
728; 754; 2; 1; 943
476; 755; 1; 2; 945
661; 613; 2; 1; 946
456; 544; 1; 2; 963
473; 458; 1; 2; 976
768; 654; 2; 1; 1002
484; 546; 2; 1; 1018
732; 721; 2; 1; 1022
476; 759; 1; 2; 1039
746; 710; 1; 2; 1042
740; 739; 2; 1; 1073
741; 742; 2; 1; 1077
683; 766; 1; 2; 1082
30
17; 1; 17; 1101
9; 1; 3; 2779
27; 1; 22; 4589
8; 1; 19; 7031
16; 1; 5; 8089
25; 1; 28; 10042
6; 1; 7; 22064
23; 1; 11; 24728
29; 1; 22; 35250
7; 1; 33; 35781
19; 1; 38; 36195
12; 1; 5; 37987
13; 1; 20; 38157
20; 1; 45; 38744
18; 1; 7; 42615
1; 1; 5; 44510
24; 1; 27; 45669
2; 1; 42; 49386
5; 1; 21; 54202
22; 1; 29; 60256
10; 1; 44; 69859
4; 1; 42; 70050
21; 1; 28; 70343
26; 1; 34; 71436
14; 1; 8; 76057
3; 1; 36; 78929
11; 1; 19; 82899
0; 1; 42; 83001
15; 1; 27; 84138
28; 1; 28; 85195
