**** 101 ****
59
91; 66; 1; 2; 1
119; 113; 2; 1; 2
108; 101; 2; 1; 6
77; 50; 1; 2; 8
46; 95; 1; 2; 13
68; 114; 1; 2; 15
65; 103; 2; 1; 25
60; 115; 2; 1; 31
74; 112; 1; 2; 32
46; 90; 1; 2; 34
66; 86; 2; 1; 35
91; 79; 1; 2; 39
73; 73; 1; 2; 39
97; 92; 2; 1; 41
61; 66; 1; 2; 42
46; 72; 2; 1; 59
109; 121; 1; 2; 60
66; 82; 2; 1; 62
70; 99; 2; 1; 62
106; 106; 1; 2; 67
95; 104; 2; 1; 69
111; 95; 1; 2; 78
116; 112; 2; 1; 80
100; 74; 1; 2; 81
100; 74; 2; 1; 89
94; 52; 2; 1; 91
60; 94; 1; 2; 97
75; 111; 1; 2; 102
88; 111; 2; 1; 105
68; 110; 1; 2; 106
68; 81; 2; 1; 108
61; 60; 2; 1; 109
117; 97; 1; 2; 110
88; 101; 1; 2; 114
110; 95; 1; 2; 115
110; 108; 1; 2; 118
119; 105; 2; 1; 119
58; 51; 2; 1; 120
80; 78; 1; 2; 120
81; 80; 2; 1; 123
114; 49; 1; 2; 126
74; 90; 2; 1; 127
101; 73; 2; 1; 130
61; 119; 2; 1; 143
89; 87; 1; 2; 143
99; 90; 1; 2; 150
78; 76; 2; 1; 153
95; 92; 1; 2; 154
93; 117; 1; 2; 155
54; 99; 1; 2; 155
98; 78; 2; 1; 161
79; 118; 1; 2; 166
64; 71; 2; 1; 169
64; 46; 1; 2; 170
81; 47; 1; 2; 175
57; 54; 2; 1; 175
78; 47; 1; 2; 182
102; 65; 1; 2; 184
101; 121; 2; 1; 192
14
2; 1; 37; 278
13; 1; 33; 701
12; 1; 39; 741
6; 1; 10; 981
10; 1; 27; 1114
7; 1; 3; 2178
1; 1; 14; 3622
11; 1; 5; 3689
4; 1; 8; 3743
0; 1; 44; 3884
8; 1; 13; 3935
9; 1; 22; 3960
5; 1; 30; 4261
3; 1; 31; 4428
