**** 102 ****
59
89; 118; 2; 1; 3
55; 52; 1; 2; 3
104; 108; 1; 2; 3
54; 53; 2; 1; 8
74; 114; 1; 2; 12
86; 69; 1; 2; 12
91; 67; 2; 1; 12
85; 112; 1; 2; 13
47; 64; 2; 1; 19
63; 61; 1; 2; 23
59; 59; 1; 2; 33
90; 111; 1; 2; 43
78; 106; 1; 2; 47
114; 119; 2; 1; 52
64; 112; 2; 1; 58
51; 103; 1; 2; 59
56; 59; 2; 1; 60
73; 65; 2; 1; 66
91; 90; 1; 2; 66
94; 70; 2; 1; 69
53; 108; 2; 1; 71
83; 64; 2; 1; 75
92; 67; 1; 2; 77
110; 102; 1; 2; 78
103; 116; 1; 2; 88
96; 97; 2; 1; 89
93; 49; 2; 1; 93
56; 55; 2; 1; 94
65; 57; 2; 1; 95
59; 90; 1; 2; 98
117; 117; 1; 2; 101
77; 50; 2; 1; 104
52; 81; 2; 1; 105
111; 55; 2; 1; 105
91; 121; 1; 2; 109
61; 82; 2; 1; 117
52; 73; 2; 1; 120
107; 110; 1; 2; 128
62; 93; 2; 1; 133
105; 101; 1; 2; 133
71; 95; 2; 1; 135
49; 86; 1; 2; 143
83; 98; 1; 2; 146
92; 86; 1; 2; 149
56; 95; 2; 1; 151
94; 53; 2; 1; 153
116; 71; 2; 1; 153
76; 99; 1; 2; 158
103; 101; 2; 1; 160
72; 50; 2; 1; 165
103; 53; 2; 1; 166
47; 89; 2; 1; 172
91; 66; 1; 2; 175
71; 72; 1; 2; 181
71; 80; 1; 2; 186
65; 94; 2; 1; 194
78; 107; 2; 1; 195
57; 70; 2; 1; 197
88; 89; 2; 1; 199
14
2; 1; 23; 1115
9; 1; 14; 1223
13; 1; 6; 1240
0; 1; 3; 1726
10; 1; 25; 1972
11; 1; 35; 2364
3; 1; 31; 2808
8; 1; 23; 2925
12; 1; 24; 3259
4; 1; 6; 3541
6; 1; 28; 3551
7; 1; 19; 4063
1; 1; 17; 4486
5; 1; 5; 4541
