**** 103 ****
59
116; 91; 2; 1; 1
90; 102; 2; 1; 6
46; 82; 2; 1; 10
98; 94; 2; 1; 16
69; 99; 2; 1; 17
55; 113; 1; 2; 18
49; 85; 2; 1; 18
46; 48; 2; 1; 21
112; 103; 2; 1; 22
50; 98; 2; 1; 22
48; 75; 1; 2; 24
102; 107; 1; 2; 28
112; 53; 2; 1; 31
54; 110; 1; 2; 33
52; 49; 1; 2; 34
118; 113; 2; 1; 37
105; 119; 1; 2; 48
61; 112; 2; 1; 52
100; 52; 1; 2; 56
55; 52; 1; 2; 63
60; 47; 1; 2; 66
47; 106; 2; 1; 78
72; 97; 2; 1; 78
110; 109; 1; 2; 82
78; 100; 2; 1; 84
52; 48; 1; 2; 84
94; 84; 2; 1; 86
51; 112; 1; 2; 90
85; 111; 2; 1; 90
75; 114; 2; 1; 93
112; 61; 2; 1; 94
90; 54; 1; 2; 95
92; 46; 2; 1; 99
107; 46; 2; 1; 99
61; 66; 1; 2; 100
65; 95; 1; 2; 101
62; 112; 1; 2; 105
120; 70; 1; 2; 111
113; 72; 2; 1; 115
98; 118; 1; 2; 118
118; 46; 1; 2; 118
62; 108; 2; 1; 123
99; 102; 2; 1; 123
112; 57; 1; 2; 132
111; 62; 1; 2; 144
118; 119; 2; 1; 147
95; 72; 1; 2; 151
96; 93; 1; 2; 154
50; 85; 1; 2; 157
71; 80; 2; 1; 159
115; 46; 2; 1; 162
112; 115; 2; 1; 163
61; 49; 2; 1; 164
82; 88; 2; 1; 165
104; 116; 1; 2; 167
68; 111; 1; 2; 179
96; 62; 1; 2; 193
87; 70; 2; 1; 197
81; 77; 2; 1; 201
14
5; 1; 41; 260
1; 1; 41; 863
13; 1; 35; 1024
7; 1; 13; 1081
9; 1; 20; 1574
3; 1; 32; 2368
0; 1; 1; 2648
2; 1; 42; 2903
4; 1; 31; 3590
10; 1; 47; 4260
11; 1; 3; 4706
8; 1; 15; 4829
6; 1; 25; 4902
12; 1; 8; 5204
