**** 104 ****
59
73; 73; 1; 2; 0
62; 100; 2; 1; 1
69; 76; 1; 2; 4
90; 72; 1; 2; 9
88; 94; 1; 2; 12
65; 107; 2; 1; 12
53; 95; 1; 2; 13
107; 71; 1; 2; 14
47; 89; 2; 1; 18
69; 107; 1; 2; 22
59; 63; 1; 2; 25
95; 55; 2; 1; 36
93; 112; 1; 2; 38
96; 71; 2; 1; 44
62; 60; 2; 1; 45
92; 85; 1; 2; 48
81; 100; 2; 1; 51
61; 77; 1; 2; 52
111; 47; 2; 1; 57
91; 62; 2; 1; 60
62; 99; 2; 1; 63
97; 57; 1; 2; 69
90; 48; 1; 2; 73
49; 60; 1; 2; 74
87; 74; 1; 2; 91
47; 112; 2; 1; 92
71; 86; 1; 2; 93
78; 71; 2; 1; 94
65; 62; 2; 1; 94
91; 87; 1; 2; 104
51; 108; 1; 2; 104
114; 60; 2; 1; 111
68; 98; 2; 1; 116
86; 67; 2; 1; 118
102; 83; 1; 2; 124
89; 101; 2; 1; 127
102; 100; 1; 2; 128
49; 76; 2; 1; 131
93; 89; 2; 1; 132
63; 86; 2; 1; 137
65; 95; 1; 2; 138
50; 86; 1; 2; 139
52; 116; 1; 2; 143
121; 65; 2; 1; 144
119; 65; 1; 2; 144
56; 55; 1; 2; 147
114; 97; 1; 2; 160
76; 80; 1; 2; 161
100; 117; 2; 1; 161
105; 56; 2; 1; 170
80; 78; 2; 1; 178
103; 121; 2; 1; 191
89; 118; 2; 1; 195
77; 100; 1; 2; 195
56; 48; 2; 1; 196
75; 85; 1; 2; 196
63; 99; 2; 1; 198
114; 57; 2; 1; 202
93; 59; 2; 1; 202
14
11; 1; 42; 594
13; 1; 28; 1661
2; 1; 21; 1745
5; 1; 2; 2045
1; 1; 36; 2048
4; 1; 13; 2288
6; 1; 23; 2431
8; 1; 28; 2622
12; 1; 47; 2673
3; 1; 14; 2957
10; 1; 6; 3445
0; 1; 34; 3546
9; 1; 43; 4257
7; 1; 42; 4877
