**** 105 ****
59
111; 71; 1; 2; 0
74; 106; 2; 1; 2
113; 121; 1; 2; 3
47; 65; 2; 1; 5
59; 74; 2; 1; 9
76; 94; 2; 1; 10
59; 59; 1; 2; 13
86; 63; 1; 2; 15
76; 106; 1; 2; 16
89; 87; 1; 2; 20
91; 77; 1; 2; 29
95; 90; 2; 1; 31
117; 106; 1; 2; 37
72; 119; 2; 1; 39
117; 100; 2; 1; 48
56; 64; 2; 1; 50
62; 98; 2; 1; 56
107; 67; 2; 1; 56
78; 57; 1; 2; 63
97; 55; 2; 1; 63
104; 49; 2; 1; 68
75; 107; 2; 1; 69
91; 61; 2; 1; 70
105; 94; 2; 1; 71
108; 112; 1; 2; 73
100; 50; 2; 1; 74
68; 88; 2; 1; 76
89; 47; 2; 1; 77
108; 53; 1; 2; 79
70; 67; 1; 2; 79
89; 98; 2; 1; 81
54; 101; 1; 2; 84
63; 55; 1; 2; 85
58; 113; 2; 1; 86
118; 86; 1; 2; 86
79; 119; 2; 1; 89
109; 106; 2; 1; 91
93; 116; 1; 2; 92
61; 74; 2; 1; 100
80; 50; 2; 1; 114
56; 67; 2; 1; 118
104; 78; 2; 1; 119
112; 75; 1; 2; 126
108; 114; 2; 1; 135
51; 90; 1; 2; 139
56; 53; 2; 1; 140
55; 93; 1; 2; 142
91; 48; 1; 2; 145
120; 108; 2; 1; 151
78; 116; 1; 2; 153
111; 53; 2; 1; 166
94; 80; 2; 1; 177
49; 69; 1; 2; 179
117; 48; 2; 1; 191
66; 49; 1; 2; 195
59; 52; 1; 2; 197
78; 92; 1; 2; 198
90; 71; 1; 2; 199
110; 67; 2; 1; 203
14
10; 1; 33; 305
13; 1; 10; 367
0; 1; 26; 781
2; 1; 37; 1180
7; 1; 7; 1232
3; 1; 7; 1352
1; 1; 10; 1487
5; 1; 7; 3418
9; 1; 8; 3542
12; 1; 47; 3744
11; 1; 26; 3809
4; 1; 2; 4125
8; 1; 24; 4245
6; 1; 19; 4774
