**** 106 ****
59
121; 103; 2; 1; 1
72; 102; 2; 1; 1
108; 97; 2; 1; 7
87; 97; 1; 2; 12
92; 104; 1; 2; 20
78; 52; 1; 2; 25
48; 47; 2; 1; 31
59; 50; 1; 2; 34
98; 102; 1; 2; 38
119; 118; 2; 1; 42
57; 112; 2; 1; 43
53; 73; 1; 2; 46
99; 53; 1; 2; 47
113; 110; 1; 2; 48
63; 109; 1; 2; 50
119; 69; 2; 1; 51
53; 80; 2; 1; 54
107; 49; 2; 1; 55
97; 119; 2; 1; 55
64; 118; 1; 2; 56
79; 117; 2; 1; 60
64; 112; 2; 1; 65
120; 98; 1; 2; 70
114; 67; 1; 2; 77
100; 85; 1; 2; 78
48; 82; 2; 1; 79
79; 80; 1; 2; 81
120; 58; 1; 2; 84
99; 94; 2; 1; 87
52; 101; 2; 1; 89
59; 67; 1; 2; 93
110; 54; 2; 1; 94
99; 57; 1; 2; 100
120; 61; 1; 2; 102
74; 101; 1; 2; 106
104; 82; 2; 1; 108
68; 89; 2; 1; 111
76; 114; 2; 1; 112
54; 77; 2; 1; 118
101; 53; 1; 2; 125
80; 112; 1; 2; 130
62; 98; 2; 1; 134
111; 58; 1; 2; 149
105; 53; 1; 2; 161
89; 95; 1; 2; 163
63; 103; 1; 2; 167
76; 101; 1; 2; 170
106; 85; 1; 2; 171
94; 73; 1; 2; 173
69; 66; 2; 1; 176
53; 119; 2; 1; 177
54; 69; 2; 1; 177
78; 88; 1; 2; 179
59; 115; 1; 2; 184
117; 94; 2; 1; 189
71; 62; 2; 1; 189
111; 120; 2; 1; 189
103; 91; 1; 2; 200
56; 83; 1; 2; 203
14
1; 1; 44; 72
4; 1; 3; 649
9; 1; 2; 1037
7; 1; 38; 1066
5; 1; 42; 2589
12; 1; 37; 2699
3; 1; 12; 2843
11; 1; 37; 3217
0; 1; 48; 3365
8; 1; 44; 3490
2; 1; 26; 5076
6; 1; 13; 5111
13; 1; 46; 5168
10; 1; 39; 5223
