**** 107 ****
59
117; 63; 1; 2; 4
100; 120; 2; 1; 5
84; 117; 2; 1; 6
85; 52; 2; 1; 6
49; 106; 1; 2; 9
92; 58; 1; 2; 14
102; 108; 2; 1; 15
69; 111; 1; 2; 19
102; 117; 1; 2; 26
107; 78; 1; 2; 26
87; 49; 1; 2; 29
66; 75; 1; 2; 32
112; 101; 1; 2; 35
56; 121; 2; 1; 36
76; 89; 1; 2; 36
66; 81; 1; 2; 36
99; 110; 1; 2; 36
116; 64; 1; 2; 43
97; 110; 1; 2; 46
95; 56; 1; 2; 57
77; 58; 1; 2; 58
89; 112; 1; 2; 66
86; 54; 1; 2; 77
70; 91; 1; 2; 77
69; 60; 2; 1; 81
70; 104; 1; 2; 82
82; 111; 1; 2; 90
101; 53; 2; 1; 94
65; 70; 2; 1; 101
72; 79; 2; 1; 104
71; 68; 1; 2; 110
64; 50; 2; 1; 116
66; 104; 2; 1; 120
56; 108; 2; 1; 123
72; 70; 2; 1; 123
85; 70; 1; 2; 125
102; 121; 2; 1; 126
88; 46; 2; 1; 128
86; 59; 1; 2; 133
115; 118; 2; 1; 135
56; 102; 1; 2; 146
94; 114; 2; 1; 147
115; 117; 2; 1; 149
46; 104; 1; 2; 149
56; 118; 1; 2; 153
78; 93; 1; 2; 157
62; 49; 2; 1; 159
48; 56; 2; 1; 160
84; 66; 1; 2; 162
77; 69; 1; 2; 165
84; 118; 2; 1; 166
82; 57; 1; 2; 169
84; 61; 1; 2; 170
109; 61; 1; 2; 173
99; 91; 2; 1; 180
50; 119; 2; 1; 190
99; 61; 2; 1; 194
118; 108; 2; 1; 195
71; 79; 2; 1; 205
14
8; 1; 17; 216
2; 1; 2; 822
3; 1; 41; 1284
12; 1; 34; 2172
0; 1; 6; 2264
10; 1; 12; 2271
13; 1; 33; 2594
5; 1; 38; 3119
9; 1; 8; 3376
6; 1; 22; 3825
4; 1; 41; 4279
7; 1; 8; 4491
1; 1; 35; 4730
11; 1; 46; 4899
