**** 108 ****
59
69; 75; 2; 1; 3
81; 85; 2; 1; 3
53; 57; 2; 1; 4
56; 109; 2; 1; 6
88; 112; 2; 1; 9
47; 90; 2; 1; 18
61; 93; 1; 2; 20
72; 113; 2; 1; 25
96; 52; 1; 2; 25
109; 96; 1; 2; 26
88; 77; 2; 1; 31
114; 60; 1; 2; 32
100; 80; 2; 1; 33
61; 70; 2; 1; 44
102; 55; 2; 1; 44
72; 65; 2; 1; 47
53; 74; 2; 1; 52
73; 56; 1; 2; 52
115; 103; 2; 1; 60
95; 119; 1; 2; 60
62; 76; 2; 1; 60
91; 108; 1; 2; 61
61; 87; 2; 1; 64
120; 76; 1; 2; 70
85; 115; 2; 1; 70
85; 98; 1; 2; 74
102; 114; 2; 1; 78
62; 50; 2; 1; 79
90; 68; 2; 1; 80
101; 103; 2; 1; 80
69; 51; 1; 2; 85
94; 96; 1; 2; 88
111; 105; 2; 1; 98
63; 114; 2; 1; 107
66; 90; 2; 1; 109
65; 70; 1; 2; 112
103; 120; 2; 1; 112
98; 73; 1; 2; 116
87; 56; 2; 1; 118
53; 99; 1; 2; 122
50; 113; 1; 2; 127
99; 82; 2; 1; 137
56; 83; 1; 2; 138
59; 46; 1; 2; 142
91; 90; 1; 2; 145
56; 115; 2; 1; 149
78; 112; 1; 2; 150
59; 48; 1; 2; 156
114; 104; 1; 2; 156
108; 80; 1; 2; 157
51; 62; 1; 2; 160
59; 62; 2; 1; 161
115; 58; 2; 1; 168
95; 70; 2; 1; 172
57; 49; 2; 1; 182
64; 88; 1; 2; 191
50; 70; 2; 1; 192
84; 99; 2; 1; 192
80; 46; 1; 2; 198
14
1; 1; 8; 70
3; 1; 21; 95
11; 1; 35; 1242
8; 1; 14; 1428
5; 1; 40; 2156
0; 1; 24; 2503
6; 1; 47; 2539
10; 1; 9; 3175
4; 1; 32; 3410
13; 1; 36; 4131
7; 1; 22; 4268
2; 1; 38; 4299
9; 1; 45; 4742
12; 1; 16; 4953
