**** 109 ****
59
61; 109; 1; 2; 7
116; 98; 1; 2; 8
52; 121; 2; 1; 13
87; 55; 2; 1; 14
53; 114; 2; 1; 14
84; 121; 2; 1; 23
102; 63; 1; 2; 23
93; 87; 1; 2; 27
93; 51; 1; 2; 30
58; 52; 2; 1; 32
97; 111; 2; 1; 33
68; 116; 2; 1; 33
77; 76; 1; 2; 35
74; 92; 1; 2; 38
102; 89; 2; 1; 40
97; 73; 1; 2; 45
94; 67; 2; 1; 46
101; 72; 1; 2; 47
77; 109; 1; 2; 50
60; 84; 2; 1; 50
113; 62; 2; 1; 51
115; 108; 2; 1; 52
57; 54; 1; 2; 56
106; 114; 1; 2; 58
82; 84; 1; 2; 67
71; 63; 1; 2; 74
120; 81; 2; 1; 76
109; 63; 2; 1; 83
110; 47; 1; 2; 100
109; 99; 2; 1; 106
95; 118; 1; 2; 107
90; 72; 2; 1; 108
115; 66; 1; 2; 111
46; 109; 1; 2; 122
79; 117; 1; 2; 127
99; 79; 1; 2; 127
69; 95; 2; 1; 127
55; 77; 1; 2; 130
53; 99; 1; 2; 131
114; 53; 2; 1; 135
117; 107; 2; 1; 136
59; 84; 2; 1; 142
97; 98; 1; 2; 143
86; 76; 1; 2; 146
115; 59; 1; 2; 146
46; 51; 1; 2; 155
93; 118; 1; 2; 156
113; 54; 1; 2; 158
50; 54; 2; 1; 175
69; 83; 1; 2; 178
106; 98; 2; 1; 183
65; 59; 2; 1; 185
117; 83; 1; 2; 189
64; 117; 2; 1; 196
66; 86; 1; 2; 196
86; 54; 1; 2; 196
108; 119; 2; 1; 198
80; 72; 1; 2; 202
104; 55; 2; 1; 207
14
3; 1; 4; 124
2; 1; 12; 341
9; 1; 44; 377
13; 1; 10; 543
8; 1; 11; 564
12; 1; 5; 1921
5; 1; 26; 3002
4; 1; 18; 3136
11; 1; 4; 3341
6; 1; 36; 3882
1; 1; 35; 4547
10; 1; 9; 4643
7; 1; 38; 4792
0; 1; 49; 4880
