**** 11 ****
51
26; 6; 2; 1; 2
44; 53; 2; 1; 6
7; 8; 2; 1; 7
28; 13; 2; 1; 10
31; 56; 1; 2; 10
52; 21; 1; 2; 11
19; 11; 2; 1; 12
49; 46; 2; 1; 13
6; 53; 2; 1; 19
38; 12; 2; 1; 19
26; 21; 2; 1; 24
21; 8; 2; 1; 30
56; 23; 1; 2; 30
7; 48; 1; 2; 31
48; 38; 1; 2; 35
9; 43; 2; 1; 36
14; 49; 1; 2; 37
40; 18; 2; 1; 43
11; 10; 1; 2; 44
12; 53; 2; 1; 45
34; 17; 1; 2; 47
36; 28; 1; 2; 48
11; 21; 2; 1; 48
28; 26; 2; 1; 51
28; 7; 1; 2; 52
52; 46; 2; 1; 55
57; 51; 1; 2; 57
10; 19; 1; 2; 59
9; 52; 1; 2; 59
37; 43; 2; 1; 60
23; 24; 1; 2; 60
7; 44; 2; 1; 63
12; 7; 2; 1; 65
55; 14; 1; 2; 66
21; 8; 1; 2; 69
12; 18; 2; 1; 69
12; 18; 1; 2; 70
46; 55; 2; 1; 71
37; 55; 1; 2; 75
55; 44; 2; 1; 78
51; 56; 1; 2; 81
11; 30; 2; 1; 85
25; 36; 1; 2; 86
42; 28; 1; 2; 90
6; 54; 1; 2; 91
48; 19; 1; 2; 94
12; 19; 1; 2; 95
8; 52; 1; 2; 95
25; 39; 2; 1; 97
57; 56; 1; 2; 99
9; 57; 2; 1; 100
13
11; 1; 43; 14
7; 1; 23; 63
3; 1; 3; 186
0; 1; 47; 366
1; 1; 26; 558
6; 1; 2; 745
12; 1; 5; 751
5; 1; 12; 792
2; 1; 22; 916
4; 1; 31; 1357
8; 1; 3; 1392
9; 1; 10; 1405
10; 1; 46; 1641
