**** 110 ****
60
77; 127; 2; 1; 7
94; 129; 1; 2; 8
103; 79; 1; 2; 9
60; 108; 1; 2; 23
107; 65; 2; 1; 28
92; 79; 1; 2; 32
100; 99; 2; 1; 35
73; 122; 2; 1; 36
77; 86; 1; 2; 44
108; 110; 2; 1; 48
108; 98; 2; 1; 54
120; 111; 1; 2; 55
95; 117; 1; 2; 55
55; 80; 1; 2; 55
82; 61; 2; 1; 56
97; 74; 1; 2; 59
70; 108; 1; 2; 60
127; 86; 2; 1; 60
79; 127; 2; 1; 66
112; 95; 1; 2; 68
102; 63; 2; 1; 71
57; 109; 1; 2; 81
81; 112; 1; 2; 82
88; 109; 2; 1; 88
76; 57; 1; 2; 90
75; 66; 1; 2; 99
68; 77; 2; 1; 100
87; 65; 2; 1; 107
111; 88; 1; 2; 108
66; 120; 1; 2; 114
108; 108; 2; 1; 126
128; 101; 2; 1; 128
77; 59; 2; 1; 130
96; 82; 1; 2; 130
51; 118; 1; 2; 131
51; 116; 2; 1; 131
72; 116; 2; 1; 134
61; 58; 2; 1; 138
94; 85; 1; 2; 148
108; 76; 1; 2; 149
109; 81; 2; 1; 151
116; 84; 2; 1; 156
59; 93; 1; 2; 159
104; 86; 1; 2; 161
65; 113; 2; 1; 162
70; 96; 1; 2; 163
118; 82; 2; 1; 170
129; 118; 1; 2; 170
102; 114; 2; 1; 175
87; 126; 1; 2; 175
123; 105; 2; 1; 176
101; 123; 2; 1; 177
114; 102; 1; 2; 180
116; 91; 2; 1; 181
83; 85; 1; 2; 182
99; 103; 1; 2; 184
68; 53; 2; 1; 185
88; 77; 2; 1; 189
124; 69; 1; 2; 189
104; 121; 1; 2; 205
14
13; 1; 23; 1868
4; 1; 26; 2214
10; 1; 33; 2375
5; 1; 44; 2495
7; 1; 33; 2544
9; 1; 32; 2718
6; 1; 11; 3135
8; 1; 27; 3320
1; 1; 5; 3649
12; 1; 43; 3658
2; 1; 28; 3761
11; 1; 30; 4448
0; 1; 28; 4864
3; 1; 44; 5465
