**** 111 ****
60
56; 102; 2; 1; 7
80; 127; 2; 1; 8
83; 99; 1; 2; 10
64; 72; 1; 2; 11
54; 85; 1; 2; 12
124; 104; 2; 1; 12
51; 72; 1; 2; 13
103; 58; 1; 2; 18
117; 62; 1; 2; 23
127; 78; 1; 2; 28
58; 122; 2; 1; 28
124; 117; 2; 1; 40
80; 57; 1; 2; 45
64; 120; 2; 1; 55
95; 119; 2; 1; 56
80; 123; 2; 1; 59
57; 128; 1; 2; 60
118; 121; 1; 2; 62
127; 88; 1; 2; 63
82; 95; 2; 1; 65
109; 115; 1; 2; 67
72; 121; 1; 2; 68
112; 67; 1; 2; 73
124; 104; 2; 1; 76
65; 114; 2; 1; 76
52; 66; 2; 1; 93
77; 69; 1; 2; 97
67; 62; 1; 2; 99
118; 102; 1; 2; 107
53; 125; 1; 2; 107
109; 119; 1; 2; 108
101; 63; 2; 1; 116
127; 63; 1; 2; 117
63; 91; 1; 2; 122
98; 66; 2; 1; 122
88; 58; 2; 1; 124
114; 77; 2; 1; 126
81; 56; 1; 2; 130
61; 53; 1; 2; 134
101; 123; 1; 2; 135
114; 99; 2; 1; 141
126; 84; 2; 1; 150
71; 66; 2; 1; 152
80; 65; 1; 2; 155
75; 69; 2; 1; 157
105; 65; 2; 1; 160
81; 86; 2; 1; 161
119; 58; 1; 2; 162
125; 73; 1; 2; 164
90; 107; 1; 2; 166
124; 67; 1; 2; 170
55; 72; 2; 1; 177
110; 51; 1; 2; 179
113; 77; 2; 1; 181
123; 116; 1; 2; 182
110; 126; 2; 1; 187
114; 120; 2; 1; 189
76; 78; 1; 2; 198
75; 92; 1; 2; 204
81; 101; 2; 1; 205
14
11; 1; 2; 573
2; 1; 22; 1280
3; 1; 10; 1645
6; 1; 24; 1897
8; 1; 43; 1945
12; 1; 15; 3302
10; 1; 21; 3347
5; 1; 24; 3958
1; 1; 4; 3986
0; 1; 46; 4600
7; 1; 25; 5032
4; 1; 21; 5090
13; 1; 12; 5116
9; 1; 26; 5209
