**** 112 ****
60
99; 54; 1; 2; 10
113; 73; 1; 2; 10
95; 96; 1; 2; 13
76; 62; 1; 2; 21
99; 77; 2; 1; 22
116; 85; 2; 1; 24
65; 90; 2; 1; 27
89; 125; 2; 1; 28
73; 53; 2; 1; 33
116; 80; 1; 2; 42
61; 52; 2; 1; 45
122; 107; 1; 2; 49
60; 86; 1; 2; 60
89; 65; 1; 2; 64
59; 85; 1; 2; 66
114; 57; 1; 2; 71
62; 120; 1; 2; 72
71; 116; 2; 1; 76
114; 79; 1; 2; 86
71; 53; 2; 1; 86
103; 84; 1; 2; 93
128; 110; 1; 2; 97
126; 75; 1; 2; 100
72; 95; 1; 2; 100
55; 66; 2; 1; 103
98; 113; 2; 1; 111
85; 62; 2; 1; 111
96; 97; 2; 1; 111
64; 51; 1; 2; 115
62; 100; 2; 1; 118
64; 72; 2; 1; 119
85; 62; 2; 1; 123
65; 66; 1; 2; 125
118; 107; 2; 1; 130
99; 107; 1; 2; 137
51; 97; 2; 1; 148
61; 53; 1; 2; 150
86; 105; 1; 2; 154
124; 102; 2; 1; 157
119; 78; 2; 1; 159
87; 84; 2; 1; 165
92; 69; 2; 1; 172
109; 82; 1; 2; 174
98; 129; 2; 1; 178
104; 54; 1; 2; 180
93; 78; 1; 2; 182
63; 92; 1; 2; 183
64; 79; 1; 2; 186
57; 126; 2; 1; 188
105; 127; 1; 2; 192
124; 70; 1; 2; 193
117; 110; 2; 1; 197
65; 71; 2; 1; 201
57; 73; 1; 2; 201
125; 128; 1; 2; 203
121; 85; 1; 2; 203
109; 116; 2; 1; 208
57; 73; 2; 1; 209
114; 120; 1; 2; 209
56; 88; 1; 2; 210
14
10; 1; 3; 1474
6; 1; 25; 1865
5; 1; 42; 2117
12; 1; 47; 2431
13; 1; 37; 2508
8; 1; 3; 2886
11; 1; 3; 3054
2; 1; 34; 3071
1; 1; 43; 3212
7; 1; 49; 3296
0; 1; 48; 3726
3; 1; 13; 4269
4; 1; 18; 4333
9; 1; 24; 4361
