**** 113 ****
60
105; 117; 2; 1; 4
61; 72; 2; 1; 12
89; 95; 1; 2; 12
51; 70; 2; 1; 15
75; 79; 2; 1; 21
62; 129; 2; 1; 24
93; 90; 2; 1; 32
74; 63; 2; 1; 33
69; 99; 1; 2; 38
128; 90; 2; 1; 45
126; 127; 2; 1; 46
82; 62; 1; 2; 47
95; 65; 2; 1; 48
59; 98; 2; 1; 48
64; 60; 2; 1; 49
108; 58; 1; 2; 69
72; 65; 2; 1; 73
62; 104; 1; 2; 76
129; 71; 1; 2; 79
112; 102; 1; 2; 83
65; 85; 1; 2; 88
125; 76; 1; 2; 93
81; 116; 2; 1; 95
64; 72; 2; 1; 101
109; 101; 2; 1; 102
73; 109; 1; 2; 110
51; 55; 2; 1; 112
104; 68; 2; 1; 112
72; 108; 2; 1; 112
84; 60; 1; 2; 113
80; 116; 2; 1; 120
72; 64; 1; 2; 122
103; 67; 1; 2; 128
122; 125; 1; 2; 133
128; 126; 2; 1; 140
93; 56; 1; 2; 141
128; 96; 2; 1; 145
82; 84; 2; 1; 148
119; 68; 1; 2; 148
107; 129; 2; 1; 151
57; 121; 1; 2; 154
129; 97; 1; 2; 158
82; 76; 1; 2; 161
98; 83; 1; 2; 165
120; 111; 1; 2; 166
116; 119; 2; 1; 172
76; 78; 2; 1; 174
93; 74; 2; 1; 179
53; 96; 2; 1; 182
64; 87; 2; 1; 182
70; 102; 2; 1; 183
98; 72; 1; 2; 183
113; 104; 1; 2; 188
101; 111; 2; 1; 191
103; 73; 2; 1; 193
61; 111; 1; 2; 203
82; 69; 2; 1; 205
79; 106; 1; 2; 205
87; 125; 1; 2; 206
109; 109; 2; 1; 210
14
10; 1; 18; 679
3; 1; 32; 837
12; 1; 17; 1100
0; 1; 30; 1489
8; 1; 31; 1533
4; 1; 20; 1597
9; 1; 30; 1623
7; 1; 2; 2649
13; 1; 48; 2818
1; 1; 46; 2946
6; 1; 30; 3282
2; 1; 23; 3842
11; 1; 18; 4514
5; 1; 20; 4767
