**** 114 ****
60
98; 71; 2; 1; 13
127; 119; 2; 1; 23
87; 51; 1; 2; 25
81; 107; 1; 2; 25
96; 119; 2; 1; 33
110; 74; 2; 1; 35
91; 99; 2; 1; 39
91; 60; 2; 1; 41
51; 119; 2; 1; 41
116; 69; 2; 1; 41
52; 121; 1; 2; 44
93; 114; 1; 2; 44
90; 123; 1; 2; 52
57; 64; 1; 2; 55
127; 104; 2; 1; 56
88; 96; 2; 1; 59
83; 59; 2; 1; 59
82; 60; 2; 1; 61
92; 95; 2; 1; 67
99; 105; 2; 1; 75
123; 75; 2; 1; 85
103; 126; 1; 2; 85
124; 104; 1; 2; 86
70; 56; 2; 1; 89
78; 77; 1; 2; 90
55; 101; 1; 2; 93
77; 57; 2; 1; 94
62; 66; 2; 1; 99
117; 116; 2; 1; 101
101; 93; 1; 2; 109
91; 111; 2; 1; 110
69; 109; 1; 2; 118
82; 107; 2; 1; 125
120; 70; 2; 1; 128
104; 61; 1; 2; 128
60; 128; 2; 1; 129
72; 64; 2; 1; 129
115; 87; 2; 1; 132
126; 52; 1; 2; 133
56; 119; 1; 2; 137
81; 112; 1; 2; 139
52; 72; 1; 2; 139
93; 112; 1; 2; 141
128; 101; 1; 2; 147
97; 127; 1; 2; 162
61; 86; 2; 1; 170
121; 105; 1; 2; 172
129; 64; 1; 2; 173
96; 57; 2; 1; 180
83; 74; 1; 2; 180
66; 94; 1; 2; 187
97; 95; 1; 2; 192
108; 123; 2; 1; 192
63; 94; 1; 2; 196
57; 76; 2; 1; 200
110; 93; 1; 2; 202
113; 88; 2; 1; 202
87; 101; 1; 2; 208
112; 53; 2; 1; 209
89; 54; 1; 2; 212
14
10; 1; 39; 12
3; 1; 14; 448
6; 1; 2; 638
4; 1; 6; 735
1; 1; 33; 1198
2; 1; 44; 1385
8; 1; 41; 1463
7; 1; 39; 2732
5; 1; 11; 3256
13; 1; 1; 3644
11; 1; 43; 3662
0; 1; 13; 4058
9; 1; 8; 4304
12; 1; 24; 4325
