**** 115 ****
60
57; 86; 1; 2; 6
119; 125; 1; 2; 14
68; 118; 2; 1; 14
53; 84; 1; 2; 16
121; 60; 2; 1; 20
83; 102; 1; 2; 23
117; 74; 2; 1; 26
96; 78; 2; 1; 35
73; 116; 2; 1; 37
120; 88; 2; 1; 38
116; 74; 2; 1; 40
94; 115; 1; 2; 45
75; 103; 2; 1; 58
129; 69; 2; 1; 60
67; 120; 1; 2; 61
53; 69; 2; 1; 61
113; 91; 1; 2; 63
89; 82; 1; 2; 64
71; 53; 2; 1; 77
122; 70; 2; 1; 81
60; 122; 1; 2; 85
112; 70; 1; 2; 88
84; 96; 2; 1; 98
63; 95; 1; 2; 100
116; 94; 1; 2; 100
69; 126; 2; 1; 102
63; 55; 2; 1; 102
78; 99; 1; 2; 106
54; 100; 2; 1; 109
112; 68; 2; 1; 111
116; 92; 1; 2; 112
126; 93; 1; 2; 119
80; 125; 1; 2; 123
57; 127; 2; 1; 124
69; 117; 2; 1; 125
71; 86; 2; 1; 128
112; 91; 1; 2; 132
59; 100; 1; 2; 133
55; 104; 2; 1; 137
93; 76; 1; 2; 141
92; 81; 2; 1; 145
56; 88; 2; 1; 150
57; 66; 2; 1; 160
65; 82; 1; 2; 162
68; 105; 2; 1; 167
74; 120; 2; 1; 172
107; 119; 2; 1; 179
80; 79; 1; 2; 179
58; 85; 2; 1; 181
68; 107; 1; 2; 186
117; 60; 2; 1; 187
99; 74; 2; 1; 192
125; 71; 1; 2; 192
59; 59; 1; 2; 201
80; 94; 2; 1; 203
101; 81; 2; 1; 205
103; 97; 2; 1; 205
59; 112; 1; 2; 209
99; 94; 1; 2; 210
61; 68; 1; 2; 211
14
2; 1; 25; 111
13; 1; 5; 980
3; 1; 25; 1257
5; 1; 10; 1299
11; 1; 34; 1570
9; 1; 30; 1614
7; 1; 12; 1676
6; 1; 49; 2863
8; 1; 25; 2989
4; 1; 32; 4166
1; 1; 32; 4410
10; 1; 13; 4776
0; 1; 21; 5004
12; 1; 27; 5109
