**** 116 ****
60
116; 100; 1; 2; 1
102; 113; 2; 1; 12
51; 102; 1; 2; 12
59; 81; 1; 2; 13
63; 91; 1; 2; 17
124; 90; 1; 2; 18
84; 66; 2; 1; 20
57; 59; 2; 1; 21
89; 85; 2; 1; 23
68; 85; 2; 1; 26
119; 74; 1; 2; 30
96; 59; 1; 2; 32
77; 71; 2; 1; 43
90; 90; 1; 2; 44
124; 67; 2; 1; 50
78; 58; 1; 2; 54
84; 99; 1; 2; 56
56; 122; 1; 2; 58
126; 75; 1; 2; 59
99; 74; 2; 1; 66
52; 52; 2; 1; 82
72; 128; 1; 2; 85
57; 85; 2; 1; 89
51; 65; 2; 1; 93
74; 111; 1; 2; 97
120; 127; 2; 1; 101
111; 88; 2; 1; 103
58; 69; 2; 1; 108
118; 120; 2; 1; 108
103; 101; 1; 2; 110
107; 94; 1; 2; 110
103; 79; 1; 2; 114
128; 68; 1; 2; 116
69; 69; 1; 2; 120
110; 90; 1; 2; 121
65; 77; 1; 2; 123
82; 77; 1; 2; 127
118; 105; 1; 2; 128
75; 105; 2; 1; 130
87; 128; 1; 2; 138
119; 78; 2; 1; 138
91; 54; 1; 2; 141
82; 68; 2; 1; 143
79; 115; 2; 1; 143
101; 111; 2; 1; 147
80; 74; 2; 1; 154
114; 68; 2; 1; 154
111; 83; 1; 2; 163
63; 125; 2; 1; 179
77; 120; 1; 2; 180
116; 122; 1; 2; 181
89; 88; 1; 2; 191
124; 61; 2; 1; 194
97; 100; 2; 1; 199
53; 88; 1; 2; 200
83; 119; 1; 2; 200
75; 122; 2; 1; 206
92; 78; 1; 2; 211
55; 94; 1; 2; 213
86; 51; 2; 1; 214
14
5; 1; 27; 506
4; 1; 13; 817
10; 1; 28; 1010
3; 1; 38; 1141
8; 1; 45; 1917
13; 1; 13; 2857
7; 1; 48; 3102
12; 1; 48; 3211
1; 1; 5; 3546
0; 1; 17; 3936
11; 1; 15; 4301
2; 1; 23; 4428
6; 1; 3; 5067
9; 1; 18; 5483
