**** 117 ****
60
54; 102; 1; 2; 2
99; 56; 1; 2; 2
84; 100; 2; 1; 3
124; 98; 2; 1; 4
78; 58; 1; 2; 5
55; 69; 2; 1; 6
97; 110; 2; 1; 19
98; 127; 1; 2; 30
77; 76; 2; 1; 34
78; 67; 2; 1; 37
72; 74; 1; 2; 41
61; 61; 2; 1; 43
100; 63; 2; 1; 48
52; 97; 1; 2; 60
117; 112; 1; 2; 63
101; 80; 2; 1; 63
86; 61; 1; 2; 65
55; 115; 2; 1; 70
80; 71; 2; 1; 75
66; 89; 1; 2; 77
90; 116; 2; 1; 82
120; 59; 2; 1; 83
108; 59; 2; 1; 85
94; 125; 1; 2; 86
88; 76; 2; 1; 89
104; 82; 2; 1; 94
57; 127; 2; 1; 95
76; 80; 2; 1; 97
85; 51; 1; 2; 105
58; 64; 2; 1; 106
83; 65; 2; 1; 113
67; 51; 1; 2; 116
89; 115; 2; 1; 119
93; 120; 2; 1; 128
56; 106; 1; 2; 131
55; 74; 2; 1; 133
102; 109; 2; 1; 136
72; 117; 1; 2; 136
81; 62; 2; 1; 140
128; 109; 2; 1; 145
99; 63; 1; 2; 148
100; 74; 2; 1; 149
129; 117; 2; 1; 150
86; 78; 1; 2; 151
65; 107; 2; 1; 155
90; 126; 2; 1; 159
62; 113; 1; 2; 159
78; 109; 1; 2; 165
67; 92; 2; 1; 166
74; 82; 1; 2; 172
103; 101; 2; 1; 173
101; 65; 1; 2; 180
113; 117; 2; 1; 181
65; 86; 2; 1; 191
107; 113; 2; 1; 196
95; 82; 1; 2; 197
61; 102; 2; 1; 199
51; 53; 2; 1; 208
78; 60; 2; 1; 209
66; 106; 2; 1; 213
14
6; 1; 10; 153
3; 1; 37; 496
4; 1; 47; 573
0; 1; 44; 1360
9; 1; 49; 1446
1; 1; 46; 2460
13; 1; 11; 2915
7; 1; 36; 3259
2; 1; 14; 3465
11; 1; 37; 4122
10; 1; 4; 4299
12; 1; 41; 5015
5; 1; 47; 5074
8; 1; 24; 5161
