**** 118 ****
60
89; 69; 2; 1; 1
52; 120; 2; 1; 7
93; 84; 2; 1; 9
90; 64; 1; 2; 9
114; 114; 1; 2; 28
68; 85; 2; 1; 33
60; 120; 1; 2; 35
90; 87; 1; 2; 36
87; 81; 2; 1; 36
65; 124; 1; 2; 38
125; 101; 2; 1; 39
76; 73; 1; 2; 40
74; 106; 1; 2; 42
108; 68; 2; 1; 44
63; 107; 2; 1; 46
99; 118; 2; 1; 48
119; 88; 1; 2; 50
120; 115; 2; 1; 65
127; 80; 2; 1; 69
123; 114; 1; 2; 72
101; 114; 2; 1; 81
93; 76; 2; 1; 85
57; 62; 2; 1; 94
111; 111; 1; 2; 95
117; 80; 2; 1; 98
63; 55; 2; 1; 104
91; 73; 1; 2; 113
126; 128; 1; 2; 114
85; 72; 2; 1; 115
78; 114; 2; 1; 125
59; 120; 2; 1; 127
91; 82; 2; 1; 127
107; 80; 1; 2; 131
94; 106; 1; 2; 132
88; 87; 1; 2; 135
63; 91; 1; 2; 135
115; 61; 2; 1; 145
51; 122; 1; 2; 146
85; 76; 1; 2; 147
79; 58; 2; 1; 153
64; 66; 2; 1; 153
65; 94; 2; 1; 158
101; 121; 2; 1; 160
56; 81; 2; 1; 164
112; 76; 1; 2; 169
57; 117; 1; 2; 172
59; 102; 1; 2; 175
104; 126; 2; 1; 176
60; 60; 2; 1; 177
79; 117; 1; 2; 181
119; 97; 1; 2; 183
60; 102; 1; 2; 184
123; 93; 2; 1; 184
57; 129; 2; 1; 190
66; 61; 2; 1; 203
81; 51; 2; 1; 205
103; 84; 2; 1; 206
124; 122; 1; 2; 208
58; 83; 1; 2; 214
105; 54; 1; 2; 214
14
5; 1; 32; 501
4; 1; 36; 979
2; 1; 2; 2125
11; 1; 5; 2256
9; 1; 19; 2457
13; 1; 36; 2782
1; 1; 10; 2956
0; 1; 22; 3823
10; 1; 14; 3875
8; 1; 42; 3955
7; 1; 31; 4049
3; 1; 45; 4778
12; 1; 16; 5037
6; 1; 10; 5330
