**** 119 ****
60
51; 128; 1; 2; 1
105; 102; 1; 2; 7
80; 107; 2; 1; 10
94; 126; 1; 2; 10
62; 98; 2; 1; 10
76; 95; 2; 1; 14
71; 129; 1; 2; 14
116; 102; 2; 1; 20
107; 100; 2; 1; 28
68; 72; 1; 2; 29
87; 110; 1; 2; 31
129; 107; 2; 1; 35
74; 106; 1; 2; 43
105; 69; 1; 2; 47
75; 66; 2; 1; 57
100; 84; 2; 1; 62
60; 57; 2; 1; 65
111; 74; 2; 1; 68
96; 116; 2; 1; 82
98; 99; 1; 2; 83
109; 86; 2; 1; 88
80; 68; 1; 2; 92
71; 125; 1; 2; 93
89; 94; 1; 2; 94
121; 127; 2; 1; 96
109; 71; 2; 1; 97
105; 112; 1; 2; 110
121; 54; 1; 2; 111
108; 99; 2; 1; 114
63; 57; 2; 1; 115
124; 83; 2; 1; 127
52; 76; 1; 2; 127
61; 98; 2; 1; 127
122; 84; 1; 2; 131
88; 80; 1; 2; 132
120; 84; 2; 1; 133
55; 123; 1; 2; 136
116; 70; 2; 1; 143
58; 90; 2; 1; 147
92; 96; 1; 2; 150
77; 102; 1; 2; 153
78; 93; 1; 2; 155
73; 97; 1; 2; 157
55; 85; 2; 1; 160
120; 65; 1; 2; 164
71; 110; 2; 1; 164
54; 99; 1; 2; 168
60; 115; 2; 1; 182
117; 122; 2; 1; 183
103; 70; 2; 1; 186
114; 81; 2; 1; 187
87; 123; 2; 1; 189
70; 114; 2; 1; 197
55; 99; 1; 2; 201
88; 95; 1; 2; 205
67; 88; 1; 2; 207
104; 113; 2; 1; 208
83; 72; 1; 2; 209
100; 110; 2; 1; 216
79; 86; 1; 2; 216
14
0; 1; 32; 185
7; 1; 43; 232
3; 1; 42; 318
5; 1; 2; 689
11; 1; 17; 1425
2; 1; 45; 1782
4; 1; 2; 2640
10; 1; 34; 3134
6; 1; 1; 3464
8; 1; 48; 4017
12; 1; 1; 4713
13; 1; 38; 4733
1; 1; 41; 5161
9; 1; 22; 5528
