**** 12 ****
51
26; 14; 2; 1; 0
33; 26; 1; 2; 2
6; 6; 1; 2; 6
21; 53; 1; 2; 9
26; 23; 1; 2; 9
16; 47; 1; 2; 12
29; 43; 1; 2; 12
54; 27; 1; 2; 16
46; 29; 2; 1; 20
23; 31; 2; 1; 20
41; 8; 2; 1; 21
6; 52; 2; 1; 26
17; 39; 1; 2; 33
34; 34; 2; 1; 36
39; 18; 1; 2; 36
50; 13; 2; 1; 37
25; 10; 2; 1; 37
26; 55; 2; 1; 48
46; 18; 2; 1; 48
12; 55; 1; 2; 49
36; 36; 2; 1; 49
12; 31; 2; 1; 50
12; 55; 2; 1; 55
54; 57; 2; 1; 55
45; 7; 2; 1; 57
26; 22; 2; 1; 58
26; 13; 2; 1; 61
11; 45; 2; 1; 61
17; 6; 2; 1; 63
44; 28; 1; 2; 69
11; 32; 2; 1; 74
45; 9; 2; 1; 80
29; 37; 1; 2; 83
43; 17; 2; 1; 83
13; 51; 2; 1; 85
14; 51; 1; 2; 87
42; 13; 1; 2; 89
19; 22; 2; 1; 89
56; 54; 1; 2; 91
33; 35; 2; 1; 91
10; 31; 2; 1; 92
49; 49; 1; 2; 92
33; 27; 2; 1; 92
44; 24; 1; 2; 95
40; 48; 2; 1; 96
13; 11; 1; 2; 98
34; 56; 2; 1; 99
30; 18; 1; 2; 104
16; 39; 2; 1; 107
12; 49; 1; 2; 108
15; 21; 1; 2; 110
13
8; 1; 34; 268
9; 1; 28; 511
7; 1; 3; 854
11; 1; 9; 923
6; 1; 24; 935
0; 1; 26; 972
5; 1; 46; 1239
2; 1; 12; 1377
4; 1; 12; 1402
1; 1; 4; 1425
3; 1; 25; 1455
10; 1; 43; 1524
12; 1; 45; 1568
