**** 120 ****
60
78; 108; 1; 2; 3
79; 123; 1; 2; 7
85; 74; 1; 2; 8
90; 77; 2; 1; 19
89; 95; 2; 1; 23
113; 83; 1; 2; 27
121; 73; 1; 2; 29
96; 86; 1; 2; 30
76; 85; 1; 2; 39
61; 93; 1; 2; 44
123; 120; 2; 1; 48
64; 73; 2; 1; 49
63; 57; 1; 2; 54
110; 128; 2; 1; 58
87; 123; 1; 2; 61
104; 77; 2; 1; 74
98; 91; 1; 2; 75
120; 105; 1; 2; 87
117; 123; 2; 1; 87
91; 120; 1; 2; 90
63; 83; 1; 2; 92
129; 114; 1; 2; 93
105; 85; 1; 2; 94
78; 71; 2; 1; 96
127; 75; 2; 1; 99
123; 61; 2; 1; 103
53; 69; 2; 1; 113
87; 68; 2; 1; 114
62; 125; 1; 2; 117
97; 104; 1; 2; 126
82; 86; 2; 1; 127
67; 119; 1; 2; 127
128; 69; 2; 1; 129
81; 63; 1; 2; 136
52; 92; 1; 2; 138
91; 127; 2; 1; 139
66; 107; 2; 1; 139
88; 100; 1; 2; 142
74; 98; 1; 2; 144
120; 120; 1; 2; 149
52; 58; 1; 2; 153
66; 58; 2; 1; 158
77; 105; 1; 2; 161
107; 68; 1; 2; 163
91; 90; 2; 1; 171
75; 97; 2; 1; 171
68; 126; 2; 1; 171
87; 63; 2; 1; 181
126; 120; 1; 2; 182
54; 119; 2; 1; 184
71; 81; 1; 2; 194
54; 83; 1; 2; 195
103; 125; 1; 2; 198
67; 110; 2; 1; 200
93; 129; 1; 2; 203
81; 114; 2; 1; 206
84; 82; 2; 1; 211
64; 92; 2; 1; 214
112; 68; 2; 1; 215
56; 51; 1; 2; 215
14
2; 1; 1; 1402
10; 1; 11; 1464
12; 1; 12; 1558
1; 1; 18; 1992
0; 1; 44; 2514
5; 1; 39; 2939
7; 1; 13; 2994
11; 1; 21; 3248
9; 1; 9; 3299
6; 1; 1; 3824
13; 1; 23; 4570
3; 1; 41; 4823
4; 1; 26; 4886
8; 1; 33; 5096
