**** 121 ****
61
114; 102; 2; 1; 0
114; 56; 2; 1; 2
105; 88; 2; 1; 15
63; 58; 2; 1; 16
75; 87; 2; 1; 16
89; 60; 1; 2; 27
100; 75; 1; 2; 29
85; 78; 2; 1; 31
77; 119; 2; 1; 31
61; 136; 2; 1; 33
74; 131; 2; 1; 50
137; 121; 1; 2; 59
97; 106; 2; 1; 60
69; 64; 1; 2; 61
109; 130; 1; 2; 62
81; 97; 1; 2; 72
96; 85; 2; 1; 77
67; 57; 2; 1; 79
137; 74; 2; 1; 81
119; 112; 1; 2; 86
78; 136; 2; 1; 92
124; 71; 2; 1; 94
99; 111; 2; 1; 102
77; 73; 2; 1; 105
102; 136; 2; 1; 108
84; 96; 2; 1; 115
101; 124; 1; 2; 115
111; 108; 2; 1; 117
110; 78; 1; 2; 121
128; 125; 2; 1; 122
136; 105; 1; 2; 126
88; 120; 2; 1; 126
58; 132; 1; 2; 129
113; 99; 2; 1; 130
64; 57; 1; 2; 132
85; 96; 1; 2; 135
69; 102; 2; 1; 136
105; 66; 2; 1; 136
124; 59; 2; 1; 141
80; 117; 1; 2; 142
104; 91; 1; 2; 144
98; 107; 2; 1; 152
85; 121; 1; 2; 153
60; 86; 1; 2; 156
100; 80; 2; 1; 157
67; 62; 2; 1; 166
112; 108; 2; 1; 177
133; 107; 2; 1; 178
108; 101; 1; 2; 179
63; 112; 2; 1; 183
86; 98; 1; 2; 190
70; 108; 1; 2; 191
58; 62; 2; 1; 194
87; 88; 2; 1; 195
101; 56; 1; 2; 202
90; 93; 1; 2; 205
99; 98; 1; 2; 208
97; 61; 2; 1; 209
116; 99; 1; 2; 211
126; 102; 1; 2; 211
103; 73; 1; 2; 216
15
11; 1; 21; 338
13; 1; 41; 507
4; 1; 36; 700
3; 1; 8; 1200
12; 1; 30; 1754
0; 1; 39; 1840
14; 1; 8; 2394
5; 1; 2; 2424
10; 1; 6; 2693
9; 1; 43; 3287
1; 1; 15; 4348
8; 1; 26; 4754
6; 1; 20; 5024
2; 1; 30; 5570
7; 1; 1; 5724
