**** 122 ****
61
82; 91; 2; 1; 3
131; 69; 1; 2; 7
123; 116; 2; 1; 12
119; 68; 2; 1; 15
56; 80; 1; 2; 15
80; 129; 2; 1; 18
111; 131; 1; 2; 21
109; 105; 2; 1; 22
76; 92; 2; 1; 27
94; 99; 1; 2; 37
125; 119; 1; 2; 38
124; 137; 1; 2; 40
119; 121; 1; 2; 42
83; 82; 1; 2; 48
94; 113; 1; 2; 59
128; 121; 2; 1; 63
132; 79; 2; 1; 63
77; 91; 2; 1; 65
125; 106; 2; 1; 71
128; 121; 1; 2; 73
124; 87; 1; 2; 74
85; 117; 1; 2; 76
131; 104; 1; 2; 76
90; 98; 2; 1; 80
125; 70; 1; 2; 84
101; 75; 2; 1; 89
68; 128; 2; 1; 91
69; 125; 2; 1; 101
129; 102; 2; 1; 106
100; 79; 1; 2; 109
59; 108; 2; 1; 113
97; 73; 1; 2; 115
106; 96; 2; 1; 119
99; 115; 1; 2; 120
83; 109; 1; 2; 126
137; 80; 2; 1; 129
104; 113; 2; 1; 135
92; 76; 1; 2; 138
70; 69; 2; 1; 140
107; 134; 2; 1; 142
107; 86; 1; 2; 146
84; 68; 1; 2; 146
103; 120; 2; 1; 147
62; 72; 2; 1; 151
85; 130; 2; 1; 155
94; 63; 1; 2; 158
62; 100; 2; 1; 164
109; 87; 2; 1; 169
59; 112; 1; 2; 169
125; 74; 2; 1; 175
107; 93; 2; 1; 182
71; 66; 2; 1; 183
63; 99; 1; 2; 185
115; 134; 2; 1; 197
69; 88; 2; 1; 200
94; 115; 2; 1; 200
104; 74; 1; 2; 200
73; 74; 2; 1; 205
126; 116; 2; 1; 206
75; 82; 1; 2; 206
134; 117; 1; 2; 213
15
5; 1; 30; 702
14; 1; 47; 1205
7; 1; 19; 1319
12; 1; 38; 1898
10; 1; 39; 1941
4; 1; 14; 2378
2; 1; 27; 2430
3; 1; 32; 3535
8; 1; 14; 3640
9; 1; 37; 3741
6; 1; 8; 4219
13; 1; 11; 4293
11; 1; 27; 4309
0; 1; 22; 4838
1; 1; 29; 4905
