**** 123 ****
61
88; 134; 2; 1; 0
94; 85; 1; 2; 2
95; 136; 2; 1; 4
119; 136; 2; 1; 4
109; 103; 2; 1; 27
132; 113; 1; 2; 36
71; 79; 2; 1; 42
132; 70; 2; 1; 44
89; 61; 1; 2; 45
59; 126; 2; 1; 50
92; 82; 2; 1; 61
81; 74; 1; 2; 63
83; 71; 2; 1; 63
126; 59; 2; 1; 75
126; 130; 2; 1; 77
122; 85; 1; 2; 78
108; 71; 1; 2; 82
95; 94; 2; 1; 86
88; 98; 1; 2; 86
57; 78; 2; 1; 88
57; 110; 1; 2; 88
114; 137; 1; 2; 100
112; 131; 1; 2; 101
95; 74; 2; 1; 104
73; 117; 2; 1; 107
59; 96; 2; 1; 112
122; 123; 1; 2; 117
129; 100; 1; 2; 122
94; 90; 2; 1; 123
132; 60; 1; 2; 124
137; 115; 2; 1; 128
133; 67; 2; 1; 139
100; 120; 1; 2; 140
136; 105; 1; 2; 141
104; 117; 2; 1; 142
96; 116; 2; 1; 143
73; 114; 2; 1; 146
78; 82; 1; 2; 155
137; 68; 1; 2; 155
88; 120; 2; 1; 156
92; 135; 1; 2; 158
111; 97; 2; 1; 160
57; 116; 2; 1; 168
100; 75; 2; 1; 175
137; 118; 1; 2; 175
68; 102; 1; 2; 176
121; 78; 1; 2; 179
78; 114; 2; 1; 180
112; 116; 2; 1; 184
68; 92; 2; 1; 185
121; 98; 1; 2; 185
111; 128; 2; 1; 186
78; 97; 2; 1; 189
74; 105; 1; 2; 196
125; 108; 2; 1; 205
78; 112; 2; 1; 207
60; 64; 1; 2; 207
89; 87; 1; 2; 208
85; 111; 2; 1; 210
95; 71; 1; 2; 214
72; 63; 1; 2; 219
15
4; 1; 5; 260
6; 1; 39; 284
8; 1; 20; 361
5; 1; 4; 440
10; 1; 21; 460
2; 1; 17; 683
0; 1; 30; 1679
9; 1; 25; 1997
3; 1; 19; 2501
11; 1; 10; 2529
7; 1; 42; 3392
12; 1; 16; 3507
14; 1; 16; 4503
13; 1; 12; 5880
1; 1; 6; 5998
