**** 124 ****
61
72; 57; 1; 2; 4
96; 59; 1; 2; 10
121; 135; 2; 1; 11
60; 69; 1; 2; 12
111; 84; 2; 1; 16
129; 61; 1; 2; 17
114; 72; 2; 1; 18
108; 75; 1; 2; 26
89; 75; 1; 2; 28
60; 107; 2; 1; 30
74; 67; 1; 2; 31
120; 114; 1; 2; 37
137; 69; 2; 1; 45
119; 97; 1; 2; 45
130; 94; 2; 1; 46
77; 111; 2; 1; 59
133; 90; 1; 2; 62
68; 116; 1; 2; 64
108; 82; 2; 1; 65
111; 89; 1; 2; 77
79; 97; 2; 1; 79
67; 83; 1; 2; 81
132; 66; 1; 2; 96
120; 121; 1; 2; 96
56; 97; 2; 1; 96
96; 63; 2; 1; 97
78; 134; 2; 1; 100
118; 123; 1; 2; 102
133; 65; 1; 2; 103
122; 82; 1; 2; 104
118; 98; 2; 1; 110
63; 67; 1; 2; 116
86; 86; 2; 1; 117
59; 70; 1; 2; 119
102; 78; 1; 2; 127
101; 134; 1; 2; 128
133; 88; 2; 1; 131
115; 56; 1; 2; 132
116; 114; 1; 2; 132
113; 128; 1; 2; 135
65; 58; 1; 2; 136
108; 90; 2; 1; 140
119; 78; 2; 1; 143
70; 94; 2; 1; 149
132; 113; 1; 2; 150
73; 113; 1; 2; 151
122; 131; 1; 2; 155
112; 72; 2; 1; 159
56; 119; 2; 1; 160
93; 131; 1; 2; 162
132; 104; 2; 1; 164
122; 119; 2; 1; 168
116; 56; 1; 2; 170
114; 63; 2; 1; 175
105; 117; 2; 1; 179
58; 71; 1; 2; 184
111; 129; 2; 1; 188
94; 121; 2; 1; 195
103; 84; 1; 2; 196
96; 68; 1; 2; 199
125; 111; 2; 1; 202
15
14; 1; 7; 470
9; 1; 5; 483
11; 1; 49; 605
10; 1; 20; 933
7; 1; 22; 1315
2; 1; 32; 1545
6; 1; 5; 1649
12; 1; 40; 1697
3; 1; 4; 3514
4; 1; 30; 3622
1; 1; 18; 3669
13; 1; 37; 4097
8; 1; 14; 4393
5; 1; 46; 5395
0; 1; 28; 5563
