**** 125 ****
61
123; 58; 1; 2; 8
137; 122; 1; 2; 9
74; 56; 1; 2; 13
124; 104; 2; 1; 15
117; 80; 1; 2; 15
98; 109; 1; 2; 27
122; 123; 2; 1; 31
62; 76; 2; 1; 37
94; 101; 2; 1; 41
112; 126; 1; 2; 48
61; 84; 2; 1; 52
64; 78; 2; 1; 56
126; 63; 2; 1; 56
95; 85; 2; 1; 60
74; 58; 1; 2; 60
66; 77; 1; 2; 62
78; 81; 2; 1; 69
121; 81; 1; 2; 72
132; 100; 1; 2; 83
128; 81; 1; 2; 87
101; 102; 1; 2; 88
71; 132; 1; 2; 90
67; 101; 2; 1; 92
120; 132; 1; 2; 92
101; 110; 2; 1; 96
78; 121; 1; 2; 97
70; 90; 2; 1; 102
107; 68; 1; 2; 104
65; 95; 2; 1; 109
122; 92; 1; 2; 109
97; 62; 2; 1; 125
118; 127; 1; 2; 125
117; 62; 2; 1; 127
105; 63; 1; 2; 138
99; 105; 1; 2; 139
137; 92; 1; 2; 139
104; 96; 1; 2; 140
101; 67; 2; 1; 142
59; 127; 2; 1; 145
96; 59; 2; 1; 160
56; 69; 2; 1; 161
118; 57; 1; 2; 169
95; 98; 2; 1; 171
57; 115; 2; 1; 180
90; 82; 2; 1; 183
62; 113; 1; 2; 184
100; 68; 1; 2; 186
83; 66; 1; 2; 188
91; 96; 1; 2; 192
82; 131; 1; 2; 196
75; 113; 1; 2; 197
122; 124; 1; 2; 198
126; 137; 2; 1; 199
77; 68; 2; 1; 200
94; 88; 1; 2; 210
128; 109; 1; 2; 212
107; 93; 1; 2; 213
107; 125; 1; 2; 213
120; 59; 2; 1; 214
71; 62; 2; 1; 218
86; 128; 2; 1; 222
15
10; 1; 11; 219
6; 1; 24; 356
13; 1; 1; 807
0; 1; 37; 863
8; 1; 24; 1300
9; 1; 28; 1816
2; 1; 7; 2273
14; 1; 23; 3006
5; 1; 13; 3396
12; 1; 30; 3566
11; 1; 21; 4229
4; 1; 17; 4350
7; 1; 25; 5266
3; 1; 34; 5678
1; 1; 4; 5777
