**** 126 ****
61
58; 133; 2; 1; 12
120; 57; 2; 1; 13
133; 75; 2; 1; 16
85; 79; 2; 1; 20
71; 123; 2; 1; 22
72; 108; 1; 2; 22
110; 128; 1; 2; 25
77; 97; 2; 1; 29
80; 100; 2; 1; 31
56; 56; 2; 1; 41
134; 101; 2; 1; 42
114; 80; 1; 2; 44
108; 77; 2; 1; 48
68; 113; 2; 1; 49
134; 76; 1; 2; 50
103; 77; 2; 1; 52
76; 109; 2; 1; 53
81; 96; 2; 1; 56
107; 74; 1; 2; 76
85; 100; 1; 2; 77
108; 62; 2; 1; 82
135; 56; 2; 1; 83
132; 95; 2; 1; 88
68; 80; 2; 1; 89
63; 128; 2; 1; 92
106; 96; 2; 1; 92
98; 112; 2; 1; 104
94; 59; 2; 1; 104
94; 73; 1; 2; 108
61; 92; 1; 2; 110
67; 72; 1; 2; 113
112; 76; 1; 2; 133
68; 62; 1; 2; 135
137; 72; 1; 2; 135
136; 80; 2; 1; 139
117; 78; 1; 2; 142
69; 61; 2; 1; 146
109; 85; 2; 1; 147
80; 119; 1; 2; 147
95; 70; 2; 1; 154
65; 90; 2; 1; 154
78; 58; 2; 1; 162
83; 68; 2; 1; 164
124; 94; 1; 2; 166
83; 104; 1; 2; 169
132; 110; 2; 1; 174
79; 57; 1; 2; 176
72; 71; 2; 1; 182
135; 84; 2; 1; 183
69; 61; 1; 2; 184
73; 136; 2; 1; 185
107; 136; 2; 1; 185
66; 125; 2; 1; 188
115; 100; 1; 2; 189
111; 65; 1; 2; 191
90; 109; 1; 2; 198
123; 93; 2; 1; 201
96; 136; 1; 2; 203
71; 96; 2; 1; 212
62; 74; 1; 2; 216
117; 101; 1; 2; 217
15
2; 1; 12; 219
1; 1; 32; 232
0; 1; 25; 952
10; 1; 8; 2110
6; 1; 30; 2310
5; 1; 34; 2808
7; 1; 18; 4162
11; 1; 46; 4193
4; 1; 1; 4490
3; 1; 7; 4544
14; 1; 48; 4607
12; 1; 28; 5159
9; 1; 2; 5328
8; 1; 3; 5755
13; 1; 29; 6010
