**** 127 ****
61
68; 91; 2; 1; 0
67; 80; 1; 2; 6
101; 56; 1; 2; 9
113; 77; 2; 1; 13
100; 93; 1; 2; 15
75; 100; 2; 1; 15
66; 87; 1; 2; 15
83; 78; 1; 2; 18
117; 72; 1; 2; 32
118; 117; 1; 2; 37
70; 79; 2; 1; 38
103; 89; 2; 1; 38
68; 99; 1; 2; 40
109; 112; 1; 2; 40
136; 104; 2; 1; 43
109; 70; 2; 1; 49
134; 131; 1; 2; 49
121; 93; 1; 2; 61
96; 115; 1; 2; 69
75; 116; 2; 1; 74
128; 127; 1; 2; 76
97; 127; 1; 2; 78
120; 75; 2; 1; 81
121; 117; 1; 2; 86
80; 129; 2; 1; 93
136; 71; 1; 2; 96
77; 121; 2; 1; 96
62; 94; 2; 1; 106
120; 136; 1; 2; 107
84; 95; 1; 2; 114
70; 132; 2; 1; 114
111; 137; 2; 1; 115
108; 82; 2; 1; 117
56; 67; 2; 1; 117
109; 110; 1; 2; 117
68; 135; 2; 1; 118
91; 82; 2; 1; 125
79; 111; 2; 1; 125
66; 63; 2; 1; 127
108; 112; 2; 1; 132
70; 63; 2; 1; 145
111; 102; 1; 2; 146
89; 115; 2; 1; 157
64; 127; 2; 1; 159
113; 120; 1; 2; 161
100; 70; 2; 1; 167
132; 87; 1; 2; 172
56; 130; 1; 2; 172
129; 93; 1; 2; 180
80; 83; 2; 1; 180
64; 101; 1; 2; 183
60; 96; 1; 2; 187
104; 98; 1; 2; 190
72; 101; 2; 1; 197
117; 111; 1; 2; 200
122; 94; 2; 1; 205
76; 93; 2; 1; 206
57; 92; 1; 2; 214
59; 116; 1; 2; 218
125; 70; 1; 2; 220
79; 64; 1; 2; 225
15
7; 1; 49; 194
6; 1; 13; 796
10; 1; 37; 810
0; 1; 13; 1139
5; 1; 23; 1511
8; 1; 6; 1564
12; 1; 46; 2373
9; 1; 8; 2821
3; 1; 33; 3870
4; 1; 16; 4133
1; 1; 33; 4298
14; 1; 24; 5149
2; 1; 6; 5197
13; 1; 1; 5823
11; 1; 36; 5848
