**** 128 ****
61
63; 64; 1; 2; 5
137; 98; 2; 1; 15
121; 77; 2; 1; 18
88; 125; 1; 2; 19
137; 57; 1; 2; 20
76; 122; 2; 1; 23
118; 78; 2; 1; 23
114; 115; 2; 1; 28
99; 137; 2; 1; 37
62; 69; 2; 1; 39
103; 61; 1; 2; 43
111; 128; 2; 1; 43
74; 70; 2; 1; 46
110; 95; 2; 1; 47
106; 103; 2; 1; 55
123; 100; 2; 1; 56
82; 68; 1; 2; 68
108; 102; 1; 2; 76
109; 119; 1; 2; 79
111; 96; 2; 1; 79
59; 112; 2; 1; 81
120; 95; 2; 1; 81
116; 123; 1; 2; 83
118; 110; 2; 1; 98
120; 82; 1; 2; 108
130; 89; 2; 1; 113
115; 104; 2; 1; 115
122; 56; 1; 2; 123
81; 57; 2; 1; 126
122; 136; 2; 1; 129
92; 106; 1; 2; 131
57; 128; 2; 1; 131
88; 87; 1; 2; 132
128; 128; 2; 1; 135
88; 78; 1; 2; 136
68; 106; 1; 2; 138
121; 123; 2; 1; 143
121; 74; 1; 2; 144
135; 89; 1; 2; 145
100; 113; 1; 2; 146
84; 113; 2; 1; 146
126; 109; 2; 1; 155
110; 67; 1; 2; 165
57; 88; 2; 1; 165
119; 116; 2; 1; 166
134; 73; 2; 1; 170
120; 131; 2; 1; 181
126; 111; 2; 1; 183
126; 124; 2; 1; 184
67; 59; 1; 2; 187
128; 71; 1; 2; 190
72; 96; 1; 2; 195
104; 79; 2; 1; 198
98; 136; 1; 2; 200
58; 101; 2; 1; 202
106; 136; 2; 1; 217
116; 104; 1; 2; 218
86; 98; 1; 2; 219
57; 112; 1; 2; 219
120; 131; 2; 1; 220
83; 84; 1; 2; 224
15
13; 1; 32; 68
3; 1; 35; 888
14; 1; 47; 1022
0; 1; 19; 1611
5; 1; 24; 1775
10; 1; 3; 2008
6; 1; 32; 2258
2; 1; 23; 2502
1; 1; 26; 2912
12; 1; 14; 2943
11; 1; 15; 3095
9; 1; 28; 3121
4; 1; 26; 4478
7; 1; 21; 4828
8; 1; 48; 6179
