**** 129 ****
61
111; 79; 1; 2; 7
67; 70; 2; 1; 9
83; 118; 2; 1; 23
57; 109; 1; 2; 25
69; 57; 2; 1; 36
113; 128; 2; 1; 42
93; 85; 1; 2; 44
98; 78; 2; 1; 46
92; 69; 1; 2; 46
121; 101; 2; 1; 49
82; 60; 1; 2; 55
72; 70; 2; 1; 59
83; 125; 2; 1; 61
131; 109; 2; 1; 61
128; 129; 1; 2; 64
59; 75; 1; 2; 80
129; 73; 2; 1; 81
95; 94; 1; 2; 98
77; 69; 1; 2; 99
67; 94; 1; 2; 103
78; 105; 2; 1; 106
73; 122; 2; 1; 108
133; 69; 2; 1; 110
72; 100; 2; 1; 115
119; 106; 2; 1; 117
104; 110; 1; 2; 124
85; 61; 2; 1; 125
135; 106; 2; 1; 125
81; 74; 2; 1; 140
116; 128; 1; 2; 141
95; 80; 1; 2; 143
104; 130; 1; 2; 151
96; 88; 1; 2; 152
116; 99; 1; 2; 155
124; 70; 1; 2; 155
63; 137; 1; 2; 156
88; 81; 2; 1; 159
97; 129; 2; 1; 160
93; 120; 2; 1; 163
74; 113; 1; 2; 163
78; 135; 2; 1; 169
110; 120; 2; 1; 170
135; 123; 1; 2; 170
134; 137; 1; 2; 182
115; 133; 1; 2; 182
137; 130; 2; 1; 188
125; 117; 1; 2; 188
119; 66; 1; 2; 190
82; 82; 2; 1; 190
57; 132; 1; 2; 194
83; 58; 1; 2; 198
102; 78; 2; 1; 198
113; 132; 1; 2; 203
130; 83; 2; 1; 208
103; 136; 1; 2; 209
63; 137; 1; 2; 211
128; 69; 1; 2; 214
88; 77; 1; 2; 216
114; 112; 2; 1; 218
127; 117; 1; 2; 224
135; 75; 2; 1; 227
15
5; 1; 11; 564
9; 1; 18; 786
11; 1; 8; 1574
10; 1; 37; 1636
2; 1; 29; 1723
0; 1; 38; 2367
14; 1; 30; 2640
12; 1; 10; 2849
8; 1; 34; 3132
3; 1; 26; 3254
6; 1; 38; 3626
4; 1; 11; 3723
7; 1; 21; 4269
13; 1; 16; 5367
1; 1; 49; 5653
