**** 13 ****
51
6; 23; 1; 2; 1
18; 47; 2; 1; 3
56; 47; 1; 2; 4
11; 55; 2; 1; 7
22; 8; 2; 1; 8
30; 44; 2; 1; 9
39; 28; 1; 2; 9
15; 17; 2; 1; 10
52; 8; 2; 1; 14
52; 38; 2; 1; 17
56; 23; 1; 2; 17
23; 12; 2; 1; 22
30; 23; 2; 1; 23
18; 25; 2; 1; 23
17; 22; 2; 1; 27
45; 49; 1; 2; 29
54; 31; 2; 1; 33
6; 25; 1; 2; 35
6; 24; 1; 2; 37
28; 33; 1; 2; 39
49; 14; 1; 2; 41
15; 47; 1; 2; 46
41; 50; 1; 2; 52
34; 15; 2; 1; 52
27; 9; 2; 1; 52
41; 35; 1; 2; 54
51; 27; 1; 2; 55
35; 9; 2; 1; 60
51; 21; 1; 2; 62
43; 11; 2; 1; 65
48; 57; 1; 2; 76
29; 25; 2; 1; 76
37; 20; 2; 1; 83
34; 10; 2; 1; 84
7; 42; 2; 1; 85
15; 35; 2; 1; 88
34; 11; 1; 2; 88
25; 24; 2; 1; 90
23; 31; 2; 1; 92
18; 28; 2; 1; 92
44; 36; 1; 2; 92
19; 8; 1; 2; 92
39; 18; 2; 1; 94
20; 22; 2; 1; 95
25; 33; 1; 2; 99
11; 39; 2; 1; 100
48; 24; 1; 2; 102
29; 32; 1; 2; 105
24; 13; 2; 1; 107
10; 50; 2; 1; 108
31; 39; 2; 1; 109
13
2; 1; 10; 179
7; 1; 28; 198
10; 1; 33; 234
1; 1; 2; 613
5; 1; 5; 676
12; 1; 24; 692
3; 1; 4; 756
11; 1; 23; 946
8; 1; 43; 1166
4; 1; 12; 1479
0; 1; 23; 1541
9; 1; 1; 1566
6; 1; 19; 1570
