**** 130 ****
61
88; 116; 1; 2; 11
83; 77; 1; 2; 12
125; 137; 2; 1; 14
104; 71; 1; 2; 14
117; 122; 1; 2; 24
132; 91; 1; 2; 31
125; 96; 2; 1; 33
118; 110; 1; 2; 33
120; 104; 1; 2; 38
133; 90; 1; 2; 44
135; 84; 2; 1; 50
75; 136; 2; 1; 53
108; 132; 1; 2; 53
79; 66; 2; 1; 53
126; 105; 2; 1; 56
60; 126; 1; 2; 59
63; 123; 2; 1; 68
75; 73; 1; 2; 68
98; 130; 2; 1; 71
99; 95; 1; 2; 71
61; 77; 1; 2; 71
102; 124; 2; 1; 73
134; 134; 2; 1; 79
98; 106; 1; 2; 80
117; 133; 1; 2; 90
71; 122; 2; 1; 92
104; 116; 1; 2; 97
119; 72; 2; 1; 99
107; 121; 1; 2; 100
98; 135; 2; 1; 104
132; 95; 1; 2; 108
121; 62; 1; 2; 108
107; 137; 2; 1; 111
126; 126; 1; 2; 119
73; 115; 1; 2; 121
91; 65; 1; 2; 122
113; 127; 1; 2; 127
112; 58; 2; 1; 129
92; 111; 1; 2; 132
129; 107; 2; 1; 136
64; 89; 1; 2; 137
101; 98; 2; 1; 146
124; 94; 1; 2; 157
68; 77; 1; 2; 158
126; 91; 2; 1; 159
134; 100; 1; 2; 160
96; 91; 1; 2; 162
93; 92; 1; 2; 168
102; 74; 2; 1; 169
94; 121; 1; 2; 172
59; 132; 2; 1; 174
102; 123; 2; 1; 180
57; 63; 1; 2; 187
115; 80; 1; 2; 191
123; 67; 2; 1; 197
107; 61; 2; 1; 205
99; 87; 2; 1; 207
58; 63; 1; 2; 220
74; 128; 2; 1; 224
108; 114; 2; 1; 226
103; 134; 2; 1; 228
15
6; 1; 39; 4
13; 1; 5; 47
12; 1; 4; 389
11; 1; 23; 1284
8; 1; 7; 2314
0; 1; 33; 2451
4; 1; 22; 2624
2; 1; 16; 3121
10; 1; 34; 3466
3; 1; 27; 3620
5; 1; 20; 4299
7; 1; 6; 4839
14; 1; 37; 5339
9; 1; 35; 5482
1; 1; 6; 5683
