**** 131 ****
61
78; 124; 2; 1; 0
99; 128; 2; 1; 14
105; 108; 2; 1; 14
136; 136; 1; 2; 16
72; 106; 2; 1; 17
129; 57; 1; 2; 27
109; 73; 1; 2; 28
57; 100; 2; 1; 30
75; 74; 1; 2; 34
110; 128; 2; 1; 34
112; 75; 1; 2; 46
90; 63; 1; 2; 48
90; 81; 2; 1; 48
68; 119; 1; 2; 49
135; 87; 1; 2; 50
120; 106; 1; 2; 60
106; 128; 1; 2; 64
68; 103; 1; 2; 66
111; 124; 1; 2; 74
99; 72; 1; 2; 74
70; 113; 2; 1; 74
136; 94; 1; 2; 101
62; 90; 1; 2; 104
99; 63; 1; 2; 106
131; 85; 1; 2; 108
110; 125; 1; 2; 110
73; 108; 2; 1; 111
79; 106; 1; 2; 113
62; 99; 2; 1; 114
81; 114; 1; 2; 116
112; 90; 1; 2; 118
67; 112; 2; 1; 126
121; 107; 2; 1; 136
80; 137; 2; 1; 136
108; 90; 2; 1; 139
58; 104; 2; 1; 141
120; 64; 2; 1; 146
75; 95; 1; 2; 150
85; 110; 1; 2; 157
67; 135; 1; 2; 159
65; 137; 2; 1; 161
137; 99; 2; 1; 163
60; 116; 2; 1; 164
84; 82; 1; 2; 166
91; 94; 1; 2; 170
132; 75; 1; 2; 170
63; 89; 1; 2; 170
106; 121; 2; 1; 174
102; 124; 2; 1; 176
69; 106; 2; 1; 182
121; 60; 2; 1; 185
59; 108; 2; 1; 185
59; 94; 2; 1; 186
124; 106; 2; 1; 196
135; 88; 1; 2; 199
118; 88; 2; 1; 199
115; 117; 1; 2; 205
98; 60; 1; 2; 211
81; 61; 2; 1; 213
86; 102; 1; 2; 222
114; 92; 1; 2; 226
15
1; 1; 41; 758
0; 1; 18; 1719
12; 1; 16; 1771
6; 1; 48; 2421
3; 1; 5; 2777
10; 1; 5; 2807
7; 1; 42; 3669
4; 1; 13; 3815
2; 1; 15; 4094
5; 1; 15; 4381
13; 1; 7; 4929
8; 1; 9; 5645
9; 1; 19; 5672
11; 1; 43; 5698
14; 1; 19; 5756
