**** 132 ****
62
67; 82; 1; 2; 6
145; 138; 1; 2; 8
120; 107; 1; 2; 10
115; 73; 1; 2; 11
77; 128; 2; 1; 11
126; 76; 2; 1; 12
83; 89; 1; 2; 15
79; 133; 1; 2; 20
120; 74; 1; 2; 21
132; 138; 2; 1; 22
120; 109; 1; 2; 25
82; 85; 1; 2; 28
81; 109; 1; 2; 30
72; 116; 2; 1; 40
114; 61; 1; 2; 46
90; 107; 1; 2; 47
111; 131; 1; 2; 47
75; 77; 1; 2; 52
90; 80; 2; 1; 52
100; 118; 2; 1; 69
126; 91; 2; 1; 71
116; 120; 2; 1; 74
130; 119; 1; 2; 81
111; 122; 2; 1; 82
94; 80; 2; 1; 84
120; 135; 2; 1; 89
107; 123; 1; 2; 90
81; 68; 1; 2; 91
117; 73; 2; 1; 92
107; 84; 2; 1; 94
114; 144; 1; 2; 95
109; 90; 1; 2; 97
88; 125; 2; 1; 99
91; 133; 1; 2; 103
129; 119; 1; 2; 104
93; 114; 2; 1; 107
132; 99; 1; 2; 111
84; 74; 2; 1; 113
103; 123; 2; 1; 115
62; 118; 2; 1; 117
65; 112; 1; 2; 121
75; 101; 1; 2; 122
125; 63; 2; 1; 125
108; 127; 2; 1; 126
108; 130; 2; 1; 136
110; 133; 1; 2; 156
71; 138; 2; 1; 157
61; 67; 1; 2; 157
127; 125; 2; 1; 162
70; 87; 1; 2; 165
74; 90; 1; 2; 166
88; 143; 1; 2; 172
106; 102; 1; 2; 180
65; 101; 1; 2; 185
139; 119; 1; 2; 195
116; 72; 1; 2; 197
129; 74; 2; 1; 199
104; 128; 2; 1; 208
124; 113; 2; 1; 209
75; 127; 1; 2; 212
131; 125; 2; 1; 216
71; 145; 1; 2; 225
15
5; 1; 11; 768
14; 1; 48; 994
0; 1; 36; 1464
1; 1; 30; 1833
4; 1; 21; 1886
9; 1; 31; 2298
3; 1; 34; 2613
11; 1; 9; 2681
13; 1; 44; 3126
10; 1; 1; 3350
2; 1; 2; 3643
7; 1; 48; 3714
8; 1; 24; 4839
6; 1; 17; 4965
12; 1; 30; 5812
