**** 133 ****
62
84; 116; 2; 1; 5
145; 119; 2; 1; 7
124; 145; 1; 2; 11
141; 102; 1; 2; 12
102; 94; 2; 1; 14
109; 123; 1; 2; 14
103; 142; 1; 2; 25
132; 77; 1; 2; 25
138; 96; 1; 2; 27
110; 141; 1; 2; 39
121; 137; 2; 1; 43
68; 141; 2; 1; 44
105; 141; 2; 1; 49
92; 104; 2; 1; 51
85; 92; 1; 2; 52
96; 139; 1; 2; 54
103; 76; 1; 2; 56
140; 97; 2; 1; 56
126; 129; 2; 1; 59
93; 99; 1; 2; 59
88; 77; 1; 2; 63
123; 61; 1; 2; 66
142; 109; 1; 2; 74
101; 126; 2; 1; 75
91; 63; 2; 1; 75
94; 140; 2; 1; 82
102; 116; 1; 2; 85
145; 117; 1; 2; 87
132; 73; 1; 2; 90
93; 77; 2; 1; 96
112; 100; 2; 1; 96
71; 79; 1; 2; 104
76; 93; 1; 2; 109
127; 89; 2; 1; 112
136; 86; 1; 2; 116
118; 133; 1; 2; 131
85; 103; 2; 1; 137
96; 93; 1; 2; 138
90; 108; 2; 1; 142
91; 93; 2; 1; 145
131; 137; 1; 2; 146
77; 66; 2; 1; 153
75; 114; 1; 2; 153
121; 131; 1; 2; 157
127; 84; 2; 1; 162
119; 110; 1; 2; 165
84; 110; 1; 2; 166
124; 90; 1; 2; 171
107; 99; 2; 1; 182
90; 63; 2; 1; 191
122; 79; 1; 2; 194
129; 127; 1; 2; 194
127; 91; 1; 2; 199
128; 135; 1; 2; 200
101; 97; 2; 1; 200
78; 106; 2; 1; 200
127; 110; 1; 2; 207
107; 114; 1; 2; 214
118; 144; 2; 1; 215
71; 123; 1; 2; 216
134; 98; 1; 2; 219
107; 107; 2; 1; 227
15
11; 1; 32; 335
2; 1; 29; 897
5; 1; 43; 1147
14; 1; 45; 2563
1; 1; 17; 3748
7; 1; 17; 4197
12; 1; 26; 4371
9; 1; 8; 4942
0; 1; 48; 4993
3; 1; 22; 5643
10; 1; 40; 5707
8; 1; 12; 5817
4; 1; 34; 5932
13; 1; 18; 5971
6; 1; 22; 6423
