**** 134 ****
62
103; 128; 2; 1; 0
116; 98; 1; 2; 0
122; 104; 1; 2; 10
136; 123; 1; 2; 14
105; 113; 2; 1; 15
111; 93; 2; 1; 18
113; 142; 2; 1; 19
70; 137; 2; 1; 22
81; 68; 1; 2; 23
93; 88; 1; 2; 23
120; 77; 2; 1; 28
69; 92; 1; 2; 29
70; 127; 2; 1; 30
100; 79; 1; 2; 39
140; 63; 1; 2; 42
118; 99; 2; 1; 42
120; 90; 1; 2; 43
126; 125; 1; 2; 51
110; 66; 1; 2; 56
119; 76; 2; 1; 58
76; 121; 1; 2; 62
75; 89; 1; 2; 64
133; 106; 1; 2; 70
120; 109; 1; 2; 78
91; 106; 2; 1; 79
65; 79; 2; 1; 80
104; 109; 1; 2; 93
114; 133; 1; 2; 106
119; 139; 2; 1; 107
65; 71; 1; 2; 110
138; 96; 2; 1; 113
90; 143; 1; 2; 114
141; 77; 1; 2; 115
130; 73; 1; 2; 116
135; 123; 2; 1; 116
68; 117; 2; 1; 116
67; 122; 2; 1; 120
100; 115; 2; 1; 128
95; 104; 1; 2; 132
136; 98; 1; 2; 135
100; 75; 1; 2; 141
77; 137; 1; 2; 144
123; 95; 2; 1; 147
101; 123; 1; 2; 148
137; 95; 2; 1; 150
85; 103; 1; 2; 151
99; 70; 1; 2; 152
140; 115; 2; 1; 153
142; 92; 1; 2; 153
68; 85; 1; 2; 154
120; 85; 2; 1; 154
115; 116; 1; 2; 156
82; 91; 1; 2; 175
121; 73; 1; 2; 186
120; 113; 1; 2; 191
64; 69; 1; 2; 194
86; 94; 1; 2; 196
96; 125; 2; 1; 198
104; 88; 1; 2; 205
137; 128; 1; 2; 209
93; 89; 2; 1; 223
100; 97; 1; 2; 231
15
8; 1; 2; 822
9; 1; 44; 1124
1; 1; 13; 2087
2; 1; 9; 2305
10; 1; 48; 2997
7; 1; 49; 3067
11; 1; 31; 3155
4; 1; 21; 3765
5; 1; 46; 3821
0; 1; 49; 4984
14; 1; 48; 5261
12; 1; 5; 5358
6; 1; 32; 5885
13; 1; 26; 5953
3; 1; 9; 6279
