**** 135 ****
62
88; 91; 1; 2; 2
100; 91; 1; 2; 4
96; 112; 1; 2; 6
79; 74; 1; 2; 6
97; 112; 2; 1; 6
104; 61; 1; 2; 9
86; 72; 1; 2; 14
107; 136; 1; 2; 15
71; 67; 1; 2; 19
79; 70; 2; 1; 19
92; 142; 2; 1; 25
63; 73; 1; 2; 29
110; 99; 2; 1; 34
131; 140; 2; 1; 42
91; 132; 2; 1; 42
120; 79; 1; 2; 44
69; 94; 2; 1; 48
123; 115; 1; 2; 52
80; 107; 1; 2; 52
122; 133; 1; 2; 57
62; 68; 2; 1; 58
105; 65; 2; 1; 60
90; 128; 2; 1; 60
61; 101; 2; 1; 61
95; 125; 1; 2; 71
99; 78; 1; 2; 72
99; 75; 1; 2; 73
138; 116; 2; 1; 77
87; 123; 1; 2; 78
125; 143; 1; 2; 83
140; 106; 1; 2; 86
116; 140; 1; 2; 102
94; 64; 1; 2; 105
143; 133; 2; 1; 112
132; 67; 2; 1; 113
68; 133; 2; 1; 113
92; 106; 2; 1; 114
136; 83; 1; 2; 115
109; 77; 2; 1; 123
135; 102; 1; 2; 124
112; 116; 2; 1; 124
124; 136; 1; 2; 137
142; 122; 1; 2; 139
110; 84; 1; 2; 146
138; 73; 1; 2; 151
81; 91; 2; 1; 152
110; 138; 2; 1; 152
83; 71; 2; 1; 162
127; 74; 1; 2; 164
129; 76; 1; 2; 165
93; 63; 1; 2; 173
119; 85; 1; 2; 173
82; 102; 1; 2; 176
103; 84; 1; 2; 177
61; 70; 1; 2; 181
99; 117; 2; 1; 183
70; 126; 2; 1; 185
109; 93; 2; 1; 190
75; 127; 2; 1; 190
88; 86; 2; 1; 219
85; 121; 2; 1; 222
68; 71; 1; 2; 222
15
6; 1; 4; 632
7; 1; 28; 966
14; 1; 28; 1021
0; 1; 38; 1389
13; 1; 49; 1585
9; 1; 28; 2510
12; 1; 15; 2753
11; 1; 15; 3118
1; 1; 36; 3329
5; 1; 43; 4635
10; 1; 36; 5029
8; 1; 31; 5428
2; 1; 7; 5556
3; 1; 38; 5802
4; 1; 21; 5962
