**** 136 ****
62
94; 104; 2; 1; 3
114; 69; 2; 1; 7
107; 137; 2; 1; 13
102; 142; 2; 1; 22
68; 97; 1; 2; 23
73; 106; 2; 1; 27
74; 87; 1; 2; 33
98; 114; 2; 1; 35
133; 130; 1; 2; 39
74; 110; 2; 1; 46
128; 102; 1; 2; 50
110; 76; 1; 2; 50
112; 80; 1; 2; 54
142; 140; 1; 2; 58
89; 122; 1; 2; 72
66; 137; 1; 2; 72
91; 120; 1; 2; 74
101; 82; 1; 2; 76
106; 140; 1; 2; 83
129; 99; 1; 2; 87
61; 138; 1; 2; 89
96; 132; 2; 1; 93
85; 73; 2; 1; 98
96; 117; 1; 2; 104
106; 86; 2; 1; 113
130; 141; 2; 1; 113
76; 79; 1; 2; 131
128; 143; 2; 1; 133
140; 132; 2; 1; 139
118; 76; 2; 1; 139
84; 89; 2; 1; 143
87; 134; 2; 1; 145
119; 140; 2; 1; 146
76; 102; 2; 1; 151
76; 67; 2; 1; 157
144; 100; 2; 1; 168
82; 77; 2; 1; 169
120; 83; 1; 2; 169
64; 109; 1; 2; 169
140; 138; 1; 2; 170
73; 63; 1; 2; 173
91; 102; 1; 2; 174
61; 64; 2; 1; 177
105; 125; 1; 2; 178
73; 95; 1; 2; 180
76; 143; 1; 2; 180
98; 86; 2; 1; 180
106; 136; 2; 1; 184
112; 77; 2; 1; 187
121; 117; 2; 1; 187
75; 66; 2; 1; 191
121; 109; 1; 2; 192
65; 67; 1; 2; 193
110; 105; 2; 1; 193
128; 144; 1; 2; 195
107; 65; 1; 2; 200
111; 138; 1; 2; 200
84; 131; 1; 2; 210
66; 137; 2; 1; 218
144; 145; 2; 1; 221
144; 71; 1; 2; 233
69; 108; 2; 1; 234
15
3; 1; 40; 1016
0; 1; 16; 1114
13; 1; 14; 1181
11; 1; 2; 1354
7; 1; 34; 2206
2; 1; 24; 2306
10; 1; 37; 2410
6; 1; 36; 2970
5; 1; 19; 3017
1; 1; 5; 3157
9; 1; 41; 3880
12; 1; 44; 4552
14; 1; 8; 5111
8; 1; 35; 5540
4; 1; 36; 6135
