**** 137 ****
62
141; 76; 2; 1; 16
128; 77; 2; 1; 16
95; 69; 1; 2; 18
101; 143; 1; 2; 23
141; 103; 1; 2; 24
85; 96; 1; 2; 26
119; 132; 2; 1; 26
137; 86; 1; 2; 35
70; 144; 2; 1; 39
75; 74; 2; 1; 41
75; 110; 1; 2; 44
121; 97; 2; 1; 47
111; 83; 2; 1; 54
102; 127; 1; 2; 55
144; 134; 2; 1; 58
119; 134; 1; 2; 62
93; 101; 1; 2; 65
119; 98; 2; 1; 71
124; 91; 2; 1; 83
136; 65; 1; 2; 96
101; 67; 1; 2; 98
87; 105; 1; 2; 104
79; 143; 2; 1; 107
139; 69; 2; 1; 109
131; 126; 1; 2; 112
118; 110; 2; 1; 112
69; 136; 2; 1; 113
101; 81; 2; 1; 126
79; 139; 1; 2; 131
110; 137; 2; 1; 139
94; 143; 2; 1; 140
137; 95; 1; 2; 141
100; 140; 1; 2; 143
61; 139; 1; 2; 148
107; 118; 2; 1; 154
113; 103; 1; 2; 155
133; 65; 2; 1; 155
117; 79; 2; 1; 159
113; 76; 2; 1; 165
76; 68; 1; 2; 167
110; 142; 1; 2; 169
84; 130; 2; 1; 172
139; 102; 1; 2; 172
111; 98; 1; 2; 174
121; 96; 2; 1; 193
139; 136; 2; 1; 193
62; 108; 2; 1; 202
114; 93; 2; 1; 204
100; 123; 1; 2; 207
64; 116; 1; 2; 210
97; 104; 1; 2; 213
63; 84; 1; 2; 217
137; 86; 2; 1; 217
117; 84; 1; 2; 217
79; 142; 1; 2; 218
98; 115; 1; 2; 221
133; 86; 2; 1; 221
87; 137; 1; 2; 225
136; 64; 2; 1; 227
74; 97; 1; 2; 230
128; 108; 2; 1; 234
128; 93; 2; 1; 235
15
6; 1; 13; 60
3; 1; 49; 150
13; 1; 29; 591
7; 1; 45; 768
5; 1; 40; 1259
14; 1; 47; 1313
9; 1; 32; 1902
8; 1; 10; 2215
10; 1; 7; 3071
1; 1; 44; 3508
4; 1; 43; 4814
12; 1; 24; 4872
2; 1; 34; 4906
0; 1; 8; 5029
11; 1; 17; 5040
