**** 138 ****
62
96; 97; 2; 1; 2
71; 128; 2; 1; 4
101; 84; 1; 2; 6
90; 99; 1; 2; 7
101; 113; 2; 1; 9
129; 126; 1; 2; 10
106; 80; 1; 2; 15
104; 92; 1; 2; 18
99; 113; 1; 2; 19
101; 68; 1; 2; 21
144; 138; 1; 2; 26
136; 138; 1; 2; 31
126; 64; 1; 2; 41
137; 64; 1; 2; 51
66; 138; 1; 2; 54
116; 135; 1; 2; 58
76; 106; 2; 1; 58
144; 109; 1; 2; 67
94; 75; 2; 1; 68
108; 121; 1; 2; 73
65; 71; 2; 1; 73
69; 132; 1; 2; 76
113; 97; 2; 1; 78
61; 132; 1; 2; 79
135; 125; 1; 2; 92
85; 124; 1; 2; 95
65; 133; 2; 1; 103
113; 108; 1; 2; 107
121; 122; 2; 1; 111
90; 81; 2; 1; 119
62; 79; 2; 1; 128
109; 120; 2; 1; 129
103; 64; 1; 2; 130
126; 88; 1; 2; 145
108; 74; 2; 1; 145
135; 107; 1; 2; 145
91; 138; 2; 1; 150
123; 63; 1; 2; 158
76; 145; 2; 1; 171
81; 122; 1; 2; 179
96; 80; 1; 2; 182
126; 128; 1; 2; 185
139; 112; 1; 2; 187
139; 82; 2; 1; 189
90; 83; 2; 1; 189
112; 65; 1; 2; 189
70; 78; 2; 1; 192
110; 130; 1; 2; 192
136; 115; 1; 2; 197
110; 133; 1; 2; 201
106; 117; 1; 2; 202
80; 112; 2; 1; 202
64; 71; 2; 1; 203
95; 140; 1; 2; 218
71; 125; 1; 2; 220
63; 139; 2; 1; 221
65; 111; 2; 1; 226
69; 94; 1; 2; 227
68; 125; 2; 1; 231
125; 64; 2; 1; 231
115; 101; 1; 2; 231
88; 61; 1; 2; 232
15
7; 1; 17; 733
10; 1; 42; 771
12; 1; 34; 905
11; 1; 9; 1424
0; 1; 22; 1779
14; 1; 3; 2167
2; 1; 25; 2218
5; 1; 24; 2828
8; 1; 2; 3021
9; 1; 48; 3513
13; 1; 42; 3788
6; 1; 18; 4648
1; 1; 41; 4889
3; 1; 24; 4954
4; 1; 47; 5021
