**** 139 ****
62
68; 94; 1; 2; 0
88; 132; 1; 2; 7
80; 68; 2; 1; 13
119; 127; 2; 1; 26
102; 72; 1; 2; 27
116; 92; 1; 2; 35
104; 73; 2; 1; 37
111; 105; 2; 1; 43
107; 68; 2; 1; 45
72; 103; 2; 1; 51
115; 123; 2; 1; 68
109; 67; 1; 2; 69
123; 136; 1; 2; 72
126; 99; 2; 1; 78
66; 127; 1; 2; 83
123; 119; 2; 1; 83
73; 120; 2; 1; 85
129; 75; 1; 2; 85
92; 98; 2; 1; 86
113; 71; 2; 1; 87
130; 114; 2; 1; 89
102; 94; 2; 1; 93
91; 94; 1; 2; 96
127; 74; 1; 2; 98
131; 131; 1; 2; 100
62; 120; 2; 1; 101
96; 100; 1; 2; 112
79; 99; 2; 1; 115
97; 75; 2; 1; 117
110; 117; 1; 2; 120
90; 130; 1; 2; 121
107; 96; 2; 1; 123
94; 81; 1; 2; 125
62; 81; 1; 2; 131
131; 87; 2; 1; 135
123; 79; 1; 2; 136
135; 83; 1; 2; 139
90; 100; 1; 2; 148
111; 101; 2; 1; 150
88; 101; 2; 1; 161
135; 77; 1; 2; 165
77; 120; 1; 2; 169
76; 140; 1; 2; 174
62; 138; 1; 2; 176
82; 119; 2; 1; 176
78; 124; 1; 2; 180
72; 91; 1; 2; 181
122; 143; 2; 1; 181
85; 93; 1; 2; 194
109; 103; 2; 1; 196
63; 101; 2; 1; 196
94; 109; 2; 1; 201
80; 140; 1; 2; 204
74; 113; 1; 2; 215
88; 84; 1; 2; 219
106; 91; 1; 2; 223
104; 92; 2; 1; 226
85; 73; 2; 1; 226
113; 106; 2; 1; 233
121; 143; 2; 1; 234
117; 88; 2; 1; 235
97; 131; 1; 2; 236
15
11; 1; 1; 708
5; 1; 31; 1340
1; 1; 5; 1664
13; 1; 26; 1715
2; 1; 38; 1870
8; 1; 46; 1932
10; 1; 47; 2305
0; 1; 24; 3099
6; 1; 10; 3189
14; 1; 2; 3201
9; 1; 40; 3293
4; 1; 25; 3622
7; 1; 6; 4089
3; 1; 47; 5485
12; 1; 11; 5785
