**** 14 ****
51
27; 40; 1; 2; 2
48; 43; 2; 1; 4
57; 54; 1; 2; 5
8; 45; 2; 1; 8
11; 25; 2; 1; 10
17; 37; 1; 2; 10
8; 36; 1; 2; 14
49; 15; 1; 2; 15
9; 21; 1; 2; 15
54; 6; 1; 2; 16
7; 53; 1; 2; 16
21; 9; 2; 1; 17
23; 12; 2; 1; 18
28; 57; 1; 2; 20
12; 53; 1; 2; 23
40; 31; 1; 2; 30
22; 28; 2; 1; 31
33; 36; 2; 1; 32
52; 43; 2; 1; 36
44; 42; 2; 1; 37
28; 48; 1; 2; 38
50; 29; 1; 2; 40
47; 18; 1; 2; 44
41; 57; 1; 2; 46
51; 47; 1; 2; 50
21; 44; 1; 2; 54
13; 40; 2; 1; 54
36; 20; 2; 1; 55
17; 43; 1; 2; 56
13; 6; 1; 2; 57
20; 55; 1; 2; 57
14; 22; 2; 1; 58
23; 34; 2; 1; 59
35; 27; 1; 2; 61
44; 11; 1; 2; 62
42; 38; 2; 1; 63
8; 29; 2; 1; 68
39; 21; 1; 2; 69
6; 25; 2; 1; 69
32; 48; 1; 2; 70
49; 15; 2; 1; 76
50; 46; 1; 2; 80
18; 56; 1; 2; 80
19; 37; 1; 2; 82
43; 56; 2; 1; 88
30; 23; 2; 1; 90
27; 42; 2; 1; 91
36; 9; 2; 1; 100
17; 43; 1; 2; 107
36; 23; 1; 2; 108
26; 18; 2; 1; 109
13
5; 1; 12; 383
11; 1; 5; 401
12; 1; 28; 422
9; 1; 17; 512
0; 1; 18; 558
3; 1; 15; 871
6; 1; 12; 898
10; 1; 27; 1070
7; 1; 11; 1216
4; 1; 33; 1285
8; 1; 7; 1500
2; 1; 10; 1543
1; 1; 47; 1558
