**** 140 ****
62
84; 110; 1; 2; 3
80; 65; 2; 1; 15
99; 90; 2; 1; 20
93; 125; 1; 2; 21
84; 80; 2; 1; 26
141; 119; 2; 1; 30
75; 135; 2; 1; 30
91; 70; 1; 2; 32
102; 102; 1; 2; 33
133; 104; 1; 2; 39
115; 80; 1; 2; 39
62; 62; 2; 1; 43
116; 138; 1; 2; 44
84; 89; 2; 1; 64
101; 84; 1; 2; 67
117; 137; 2; 1; 68
100; 128; 1; 2; 70
139; 120; 1; 2; 71
96; 65; 2; 1; 75
89; 144; 1; 2; 75
122; 134; 2; 1; 83
61; 69; 1; 2; 89
85; 141; 2; 1; 91
97; 71; 2; 1; 94
139; 69; 2; 1; 96
96; 93; 1; 2; 97
143; 108; 1; 2; 97
122; 123; 2; 1; 97
74; 114; 2; 1; 98
97; 110; 1; 2; 98
134; 115; 1; 2; 112
72; 113; 1; 2; 113
138; 81; 2; 1; 114
131; 101; 1; 2; 119
99; 114; 2; 1; 120
79; 110; 2; 1; 121
142; 87; 1; 2; 128
65; 119; 1; 2; 129
141; 145; 2; 1; 131
129; 123; 1; 2; 131
78; 80; 1; 2; 138
92; 62; 2; 1; 146
80; 132; 1; 2; 149
121; 69; 1; 2; 157
87; 74; 1; 2; 176
94; 128; 1; 2; 181
122; 67; 2; 1; 189
133; 67; 1; 2; 190
128; 75; 2; 1; 192
127; 140; 1; 2; 196
142; 69; 2; 1; 199
142; 89; 2; 1; 200
98; 136; 2; 1; 206
90; 64; 1; 2; 207
136; 102; 2; 1; 215
90; 82; 1; 2; 218
61; 92; 1; 2; 219
70; 61; 2; 1; 220
127; 89; 2; 1; 224
109; 64; 1; 2; 226
72; 97; 1; 2; 228
133; 66; 1; 2; 235
15
12; 1; 42; 431
7; 1; 49; 870
5; 1; 19; 1506
14; 1; 16; 1791
1; 1; 9; 1819
6; 1; 19; 2036
10; 1; 35; 2435
8; 1; 23; 2488
3; 1; 2; 3237
9; 1; 4; 4338
13; 1; 40; 5340
0; 1; 13; 5557
4; 1; 17; 5893
11; 1; 28; 6271
2; 1; 14; 6480
