**** 141 ****
62
66; 117; 1; 2; 7
85; 122; 1; 2; 13
128; 72; 2; 1; 14
112; 110; 1; 2; 16
95; 93; 1; 2; 17
99; 110; 2; 1; 19
86; 101; 1; 2; 23
71; 88; 2; 1; 25
84; 142; 2; 1; 31
139; 74; 1; 2; 32
64; 141; 1; 2; 33
68; 130; 2; 1; 40
63; 105; 2; 1; 44
67; 122; 2; 1; 44
134; 127; 2; 1; 51
95; 112; 1; 2; 52
110; 71; 1; 2; 62
77; 125; 2; 1; 70
66; 133; 2; 1; 76
93; 90; 1; 2; 84
74; 74; 1; 2; 84
66; 95; 1; 2; 87
105; 139; 1; 2; 92
69; 78; 1; 2; 94
67; 109; 2; 1; 100
104; 120; 1; 2; 108
95; 135; 1; 2; 108
81; 78; 2; 1; 110
82; 81; 2; 1; 112
105; 74; 2; 1; 113
132; 136; 1; 2; 119
131; 124; 1; 2; 125
90; 63; 1; 2; 129
65; 66; 1; 2; 131
139; 120; 1; 2; 133
82; 79; 1; 2; 134
138; 140; 1; 2; 139
106; 137; 2; 1; 151
64; 128; 1; 2; 159
108; 103; 2; 1; 160
115; 79; 1; 2; 166
66; 113; 1; 2; 166
131; 78; 1; 2; 170
108; 107; 1; 2; 170
115; 134; 2; 1; 176
71; 131; 2; 1; 179
143; 70; 2; 1; 182
105; 69; 2; 1; 185
141; 68; 1; 2; 187
135; 84; 2; 1; 189
105; 133; 1; 2; 191
134; 68; 1; 2; 194
132; 103; 2; 1; 207
75; 82; 2; 1; 207
139; 92; 1; 2; 208
74; 117; 1; 2; 211
129; 128; 2; 1; 229
103; 145; 2; 1; 230
63; 134; 1; 2; 232
105; 88; 2; 1; 233
101; 108; 1; 2; 234
125; 64; 2; 1; 238
15
10; 1; 47; 40
9; 1; 47; 204
4; 1; 34; 416
6; 1; 22; 1302
2; 1; 38; 1627
3; 1; 47; 1760
5; 1; 30; 1861
11; 1; 9; 2250
12; 1; 46; 2320
13; 1; 46; 2588
0; 1; 25; 2792
7; 1; 30; 3358
1; 1; 16; 3567
8; 1; 37; 5210
14; 1; 5; 5336
