**** 142 ****
62
139; 139; 2; 1; 0
117; 100; 2; 1; 1
63; 76; 1; 2; 8
67; 118; 1; 2; 9
79; 79; 2; 1; 13
74; 81; 2; 1; 16
96; 72; 2; 1; 18
127; 107; 1; 2; 21
143; 106; 2; 1; 24
119; 137; 1; 2; 39
102; 119; 1; 2; 42
101; 79; 1; 2; 44
100; 65; 2; 1; 48
119; 64; 2; 1; 51
77; 91; 2; 1; 57
73; 114; 2; 1; 66
123; 63; 2; 1; 69
88; 67; 1; 2; 69
141; 79; 2; 1; 70
113; 125; 1; 2; 79
100; 119; 2; 1; 80
116; 129; 2; 1; 90
135; 109; 1; 2; 91
136; 68; 1; 2; 98
109; 131; 1; 2; 106
79; 86; 2; 1; 112
101; 120; 1; 2; 118
100; 114; 2; 1; 123
74; 88; 1; 2; 124
106; 70; 2; 1; 124
71; 107; 1; 2; 129
64; 98; 1; 2; 136
110; 130; 1; 2; 139
95; 78; 1; 2; 143
141; 96; 1; 2; 152
86; 83; 1; 2; 159
61; 92; 1; 2; 160
107; 124; 1; 2; 161
91; 120; 2; 1; 169
118; 96; 1; 2; 170
111; 106; 1; 2; 173
69; 117; 2; 1; 178
92; 110; 1; 2; 180
76; 62; 1; 2; 180
79; 111; 1; 2; 181
99; 65; 1; 2; 182
76; 65; 1; 2; 183
104; 134; 1; 2; 190
137; 117; 2; 1; 197
140; 68; 2; 1; 197
121; 84; 2; 1; 199
126; 143; 1; 2; 199
124; 84; 2; 1; 202
119; 112; 1; 2; 209
68; 133; 1; 2; 211
120; 75; 2; 1; 215
102; 89; 1; 2; 216
126; 77; 2; 1; 216
67; 99; 1; 2; 220
92; 108; 2; 1; 227
107; 80; 1; 2; 229
129; 78; 2; 1; 230
15
9; 1; 11; 505
0; 1; 32; 1079
14; 1; 8; 1460
6; 1; 33; 2727
8; 1; 46; 2854
7; 1; 26; 3413
12; 1; 34; 3501
5; 1; 17; 4666
1; 1; 26; 4860
2; 1; 32; 5102
11; 1; 27; 5137
10; 1; 25; 6082
3; 1; 46; 6363
4; 1; 20; 6449
13; 1; 40; 6471
