**** 143 ****
63
146; 149; 2; 1; 0
80; 82; 2; 1; 1
153; 133; 1; 2; 3
112; 127; 2; 1; 16
86; 145; 2; 1; 17
111; 142; 1; 2; 21
147; 67; 1; 2; 26
93; 116; 2; 1; 31
108; 105; 2; 1; 31
111; 78; 1; 2; 32
105; 95; 1; 2; 35
79; 82; 2; 1; 38
123; 94; 2; 1; 40
86; 71; 1; 2; 40
72; 84; 1; 2; 45
105; 96; 2; 1; 46
82; 150; 1; 2; 50
150; 123; 1; 2; 53
126; 148; 2; 1; 58
83; 96; 1; 2; 68
134; 115; 1; 2; 69
100; 126; 2; 1; 74
130; 82; 2; 1; 77
131; 113; 1; 2; 81
147; 138; 2; 1; 83
149; 122; 2; 1; 92
99; 100; 1; 2; 95
153; 147; 2; 1; 95
137; 131; 2; 1; 103
75; 77; 2; 1; 106
88; 152; 2; 1; 113
92; 115; 2; 1; 117
104; 87; 2; 1; 119
101; 130; 2; 1; 136
76; 102; 1; 2; 136
136; 107; 2; 1; 138
130; 117; 2; 1; 141
113; 99; 1; 2; 142
77; 137; 2; 1; 145
98; 82; 1; 2; 146
91; 83; 2; 1; 150
146; 70; 1; 2; 152
136; 128; 1; 2; 152
138; 94; 1; 2; 154
84; 83; 1; 2; 156
127; 130; 2; 1; 157
98; 92; 1; 2; 160
98; 94; 1; 2; 165
100; 110; 2; 1; 169
132; 106; 1; 2; 182
79; 68; 1; 2; 183
153; 132; 2; 1; 186
101; 68; 2; 1; 187
125; 113; 2; 1; 189
123; 108; 2; 1; 205
130; 105; 2; 1; 208
149; 100; 1; 2; 208
73; 104; 1; 2; 210
87; 129; 1; 2; 212
123; 143; 1; 2; 222
123; 131; 1; 2; 226
82; 132; 1; 2; 233
118; 92; 2; 1; 236
15
8; 1; 46; 2338
9; 1; 48; 2593
6; 1; 36; 2732
1; 1; 2; 3691
3; 1; 36; 3979
5; 1; 13; 4025
2; 1; 38; 4123
7; 1; 7; 4574
0; 1; 14; 5016
11; 1; 19; 5518
10; 1; 44; 6016
13; 1; 13; 6536
12; 1; 19; 6572
14; 1; 7; 6708
4; 1; 1; 7095
