**** 144 ****
63
69; 87; 1; 2; 1
97; 96; 2; 1; 23
93; 82; 2; 1; 32
151; 78; 2; 1; 38
95; 90; 2; 1; 40
94; 76; 1; 2; 50
79; 124; 1; 2; 51
66; 135; 1; 2; 53
136; 80; 2; 1; 53
142; 149; 1; 2; 56
100; 100; 1; 2; 56
78; 125; 2; 1; 58
116; 133; 1; 2; 58
147; 146; 2; 1; 64
147; 98; 2; 1; 68
138; 82; 2; 1; 69
69; 108; 2; 1; 82
96; 130; 1; 2; 86
107; 93; 1; 2; 88
80; 151; 1; 2; 89
137; 118; 1; 2; 92
102; 118; 1; 2; 92
122; 81; 1; 2; 97
100; 91; 1; 2; 97
146; 145; 2; 1; 99
149; 95; 1; 2; 103
145; 115; 2; 1; 104
75; 90; 2; 1; 105
143; 122; 2; 1; 106
95; 78; 1; 2; 106
97; 127; 1; 2; 115
106; 153; 1; 2; 118
142; 151; 1; 2; 120
90; 87; 2; 1; 123
84; 90; 2; 1; 125
125; 78; 1; 2; 127
101; 90; 2; 1; 128
110; 125; 2; 1; 131
90; 139; 2; 1; 139
126; 79; 1; 2; 145
78; 90; 1; 2; 151
114; 126; 1; 2; 152
149; 71; 1; 2; 153
90; 110; 2; 1; 157
141; 138; 2; 1; 159
78; 73; 2; 1; 159
108; 96; 2; 1; 159
78; 115; 2; 1; 162
85; 97; 1; 2; 175
108; 120; 2; 1; 176
138; 142; 1; 2; 190
126; 125; 1; 2; 202
100; 91; 2; 1; 206
84; 82; 2; 1; 210
114; 145; 1; 2; 213
100; 77; 1; 2; 218
136; 122; 1; 2; 224
109; 100; 1; 2; 228
138; 128; 2; 1; 228
80; 121; 2; 1; 233
128; 100; 2; 1; 233
115; 143; 2; 1; 241
97; 120; 1; 2; 242
15
2; 1; 26; 1278
9; 1; 15; 1466
6; 1; 5; 2316
8; 1; 24; 2973
4; 1; 27; 3494
7; 1; 4; 3803
12; 1; 11; 3818
5; 1; 43; 4121
1; 1; 43; 4213
14; 1; 2; 4618
10; 1; 9; 5464
0; 1; 3; 5590
11; 1; 42; 5669
3; 1; 42; 6050
13; 1; 5; 7052
