**** 145 ****
63
119; 121; 1; 2; 3
102; 128; 2; 1; 7
74; 140; 2; 1; 9
99; 126; 2; 1; 12
114; 115; 2; 1; 23
79; 130; 2; 1; 23
152; 133; 1; 2; 26
140; 127; 2; 1; 33
147; 76; 2; 1; 38
84; 97; 1; 2; 47
98; 91; 2; 1; 57
107; 122; 2; 1; 58
118; 83; 1; 2; 58
135; 82; 2; 1; 59
89; 97; 2; 1; 64
76; 105; 1; 2; 67
152; 83; 2; 1; 70
130; 138; 1; 2; 72
123; 96; 2; 1; 75
128; 128; 1; 2; 76
131; 90; 1; 2; 79
74; 103; 2; 1; 80
88; 76; 2; 1; 83
144; 82; 2; 1; 84
108; 116; 2; 1; 84
78; 123; 1; 2; 106
135; 143; 2; 1; 109
108; 135; 1; 2; 111
99; 151; 2; 1; 112
141; 78; 2; 1; 119
128; 67; 2; 1; 120
66; 127; 2; 1; 120
103; 99; 2; 1; 121
84; 153; 1; 2; 122
110; 132; 1; 2; 124
150; 141; 1; 2; 124
115; 150; 1; 2; 129
137; 117; 1; 2; 134
101; 132; 2; 1; 152
132; 148; 1; 2; 159
148; 85; 1; 2; 168
125; 114; 2; 1; 177
106; 116; 1; 2; 178
92; 152; 2; 1; 180
121; 125; 1; 2; 183
66; 130; 1; 2; 184
106; 125; 2; 1; 189
89; 126; 1; 2; 189
87; 151; 2; 1; 190
81; 111; 2; 1; 195
142; 75; 1; 2; 199
141; 126; 2; 1; 204
94; 75; 2; 1; 209
97; 126; 2; 1; 210
74; 71; 1; 2; 216
153; 145; 2; 1; 217
115; 138; 2; 1; 224
104; 102; 2; 1; 226
102; 90; 2; 1; 228
104; 149; 1; 2; 232
67; 134; 2; 1; 241
84; 143; 1; 2; 242
136; 73; 2; 1; 242
15
14; 1; 18; 465
0; 1; 12; 634
11; 1; 1; 1260
9; 1; 49; 1311
12; 1; 25; 2591
8; 1; 12; 2651
5; 1; 16; 2746
13; 1; 10; 3148
3; 1; 6; 3932
4; 1; 6; 4006
6; 1; 1; 4108
10; 1; 5; 4110
1; 1; 31; 4822
7; 1; 45; 5242
2; 1; 1; 5885
