**** 146 ****
63
134; 143; 1; 2; 16
135; 140; 1; 2; 19
139; 118; 1; 2; 20
93; 110; 2; 1; 21
82; 84; 1; 2; 23
74; 100; 1; 2; 24
120; 144; 1; 2; 27
134; 108; 1; 2; 37
147; 117; 2; 1; 40
105; 135; 1; 2; 42
80; 142; 1; 2; 51
85; 131; 2; 1; 51
80; 97; 2; 1; 55
88; 133; 1; 2; 58
151; 119; 1; 2; 65
76; 99; 2; 1; 71
103; 81; 1; 2; 73
122; 131; 2; 1; 75
138; 114; 2; 1; 84
92; 130; 2; 1; 85
97; 131; 2; 1; 93
147; 110; 2; 1; 95
98; 108; 1; 2; 98
137; 109; 2; 1; 101
94; 153; 1; 2; 102
92; 113; 1; 2; 111
71; 151; 2; 1; 111
100; 146; 2; 1; 111
153; 89; 2; 1; 114
67; 103; 1; 2; 118
117; 106; 2; 1; 118
142; 124; 1; 2; 119
123; 78; 1; 2; 128
68; 138; 2; 1; 128
85; 82; 1; 2; 147
73; 126; 1; 2; 149
146; 118; 1; 2; 154
96; 81; 1; 2; 155
76; 149; 2; 1; 157
93; 133; 2; 1; 164
88; 139; 2; 1; 169
82; 143; 1; 2; 172
145; 149; 2; 1; 172
129; 151; 1; 2; 193
149; 77; 2; 1; 196
110; 67; 1; 2; 199
71; 101; 1; 2; 211
141; 104; 2; 1; 212
85; 69; 2; 1; 214
73; 128; 2; 1; 214
139; 91; 2; 1; 217
71; 131; 2; 1; 219
116; 106; 2; 1; 220
119; 152; 1; 2; 223
137; 143; 1; 2; 228
144; 78; 1; 2; 228
132; 95; 2; 1; 230
95; 93; 2; 1; 233
141; 149; 1; 2; 238
132; 93; 1; 2; 239
129; 134; 2; 1; 240
103; 142; 1; 2; 242
111; 80; 1; 2; 243
15
14; 1; 34; 277
13; 1; 2; 653
10; 1; 19; 737
2; 1; 29; 1660
9; 1; 39; 1815
6; 1; 40; 2292
11; 1; 14; 3740
7; 1; 11; 3893
8; 1; 30; 4290
12; 1; 14; 4377
1; 1; 8; 5818
4; 1; 46; 6188
3; 1; 8; 6392
0; 1; 37; 6625
5; 1; 18; 6672
