**** 147 ****
63
77; 136; 1; 2; 0
110; 72; 1; 2; 1
67; 83; 1; 2; 11
138; 135; 1; 2; 18
136; 71; 1; 2; 19
147; 103; 1; 2; 22
136; 99; 2; 1; 27
120; 129; 1; 2; 29
149; 120; 1; 2; 32
131; 127; 1; 2; 37
147; 80; 2; 1; 38
107; 147; 1; 2; 41
149; 71; 2; 1; 45
80; 137; 1; 2; 54
125; 112; 1; 2; 57
131; 118; 1; 2; 58
135; 133; 1; 2; 59
123; 119; 1; 2; 60
87; 153; 1; 2; 62
79; 85; 1; 2; 63
146; 121; 1; 2; 66
80; 115; 2; 1; 68
88; 110; 1; 2; 69
105; 83; 2; 1; 72
67; 145; 1; 2; 72
69; 119; 1; 2; 74
106; 97; 2; 1; 82
107; 73; 1; 2; 92
121; 99; 1; 2; 92
115; 102; 2; 1; 100
133; 77; 1; 2; 101
84; 86; 2; 1; 103
140; 115; 2; 1; 107
77; 138; 2; 1; 110
66; 73; 1; 2; 113
112; 67; 2; 1; 115
77; 122; 1; 2; 117
99; 87; 2; 1; 121
104; 93; 2; 1; 139
99; 144; 1; 2; 144
139; 103; 1; 2; 151
142; 139; 1; 2; 155
106; 132; 2; 1; 163
99; 119; 1; 2; 163
91; 140; 2; 1; 175
124; 119; 1; 2; 179
69; 148; 1; 2; 187
143; 78; 1; 2; 188
102; 107; 1; 2; 189
89; 138; 2; 1; 195
117; 151; 2; 1; 197
83; 104; 2; 1; 200
99; 91; 2; 1; 202
71; 82; 1; 2; 203
84; 140; 2; 1; 205
114; 149; 2; 1; 216
94; 97; 2; 1; 224
71; 120; 2; 1; 225
70; 76; 2; 1; 228
73; 119; 2; 1; 229
102; 141; 2; 1; 236
136; 84; 1; 2; 244
118; 80; 2; 1; 245
15
10; 1; 46; 444
6; 1; 21; 661
13; 1; 18; 2212
11; 1; 3; 2828
9; 1; 12; 2882
0; 1; 12; 3106
3; 1; 20; 4929
12; 1; 34; 4992
1; 1; 5; 5027
2; 1; 21; 5318
4; 1; 13; 5631
7; 1; 46; 6068
8; 1; 19; 6295
5; 1; 3; 6387
14; 1; 16; 6483
