**** 148 ****
63
91; 104; 2; 1; 6
127; 67; 1; 2; 6
102; 139; 2; 1; 7
87; 149; 2; 1; 13
132; 145; 1; 2; 17
144; 113; 1; 2; 18
106; 128; 1; 2; 34
143; 136; 1; 2; 35
104; 74; 2; 1; 45
81; 117; 2; 1; 47
146; 148; 2; 1; 51
137; 76; 2; 1; 55
132; 135; 2; 1; 58
105; 126; 1; 2; 59
151; 121; 2; 1; 67
85; 87; 2; 1; 68
145; 130; 2; 1; 75
132; 146; 2; 1; 75
149; 153; 1; 2; 76
70; 112; 2; 1; 85
71; 103; 1; 2; 85
137; 111; 1; 2; 86
95; 136; 1; 2; 94
97; 82; 2; 1; 96
115; 133; 2; 1; 101
90; 139; 2; 1; 105
80; 136; 2; 1; 105
136; 125; 1; 2; 107
86; 125; 2; 1; 109
88; 123; 2; 1; 112
138; 79; 2; 1; 114
101; 145; 1; 2; 116
97; 95; 1; 2; 117
73; 73; 1; 2; 117
93; 117; 2; 1; 121
94; 142; 1; 2; 124
143; 92; 1; 2; 125
81; 129; 2; 1; 127
120; 126; 1; 2; 133
70; 153; 2; 1; 139
71; 127; 2; 1; 154
77; 140; 1; 2; 158
153; 69; 2; 1; 166
134; 73; 1; 2; 167
148; 111; 2; 1; 169
144; 83; 1; 2; 181
98; 97; 1; 2; 182
91; 73; 1; 2; 190
125; 104; 1; 2; 192
93; 121; 1; 2; 202
128; 141; 2; 1; 210
66; 150; 2; 1; 211
91; 86; 1; 2; 213
140; 130; 1; 2; 216
120; 83; 2; 1; 216
84; 71; 1; 2; 222
105; 113; 1; 2; 222
93; 150; 1; 2; 230
85; 152; 1; 2; 231
108; 117; 2; 1; 235
138; 118; 2; 1; 235
96; 93; 1; 2; 245
96; 143; 1; 2; 246
15
10; 1; 5; 432
6; 1; 27; 810
11; 1; 44; 1014
14; 1; 4; 1080
7; 1; 36; 2231
0; 1; 27; 2762
4; 1; 47; 3123
3; 1; 43; 3637
8; 1; 39; 4180
13; 1; 44; 4914
5; 1; 9; 5185
12; 1; 40; 5565
1; 1; 9; 6130
2; 1; 3; 6166
9; 1; 11; 6429
