**** 149 ****
63
148; 141; 2; 1; 1
110; 125; 1; 2; 2
130; 66; 1; 2; 5
106; 127; 1; 2; 7
68; 80; 1; 2; 8
86; 142; 1; 2; 8
102; 140; 2; 1; 12
125; 108; 2; 1; 15
81; 148; 2; 1; 19
152; 69; 1; 2; 21
95; 108; 1; 2; 23
133; 89; 2; 1; 26
84; 136; 2; 1; 32
94; 127; 2; 1; 43
144; 112; 1; 2; 47
130; 112; 2; 1; 54
148; 69; 2; 1; 56
104; 99; 1; 2; 62
99; 100; 1; 2; 65
80; 147; 2; 1; 70
82; 119; 1; 2; 75
89; 145; 1; 2; 81
94; 96; 1; 2; 102
71; 84; 2; 1; 104
133; 110; 2; 1; 104
66; 146; 1; 2; 109
140; 153; 1; 2; 113
121; 117; 1; 2; 118
120; 78; 1; 2; 123
79; 127; 2; 1; 131
70; 128; 1; 2; 142
100; 108; 1; 2; 146
82; 69; 1; 2; 146
70; 66; 1; 2; 150
82; 80; 1; 2; 153
88; 132; 2; 1; 162
153; 100; 2; 1; 167
82; 81; 2; 1; 175
119; 123; 2; 1; 176
131; 86; 1; 2; 176
117; 78; 1; 2; 180
100; 73; 1; 2; 181
142; 132; 1; 2; 186
115; 83; 2; 1; 189
91; 102; 1; 2; 192
98; 120; 1; 2; 194
152; 128; 2; 1; 195
100; 145; 2; 1; 201
69; 72; 2; 1; 212
99; 138; 1; 2; 215
98; 102; 2; 1; 215
144; 104; 2; 1; 215
73; 96; 1; 2; 219
143; 86; 1; 2; 220
120; 108; 1; 2; 220
85; 90; 1; 2; 221
116; 68; 1; 2; 225
146; 79; 1; 2; 228
110; 150; 1; 2; 228
109; 66; 1; 2; 232
129; 142; 1; 2; 235
75; 82; 1; 2; 237
82; 119; 2; 1; 242
15
6; 1; 34; 752
0; 1; 30; 819
9; 1; 4; 1101
4; 1; 35; 1295
14; 1; 26; 2238
3; 1; 21; 2439
13; 1; 20; 3289
11; 1; 39; 3451
7; 1; 44; 4429
5; 1; 28; 4555
1; 1; 42; 5084
10; 1; 27; 5595
8; 1; 24; 5667
12; 1; 45; 6314
2; 1; 48; 6705
