**** 15 ****
51
44; 36; 2; 1; 0
52; 32; 2; 1; 11
46; 49; 2; 1; 14
14; 53; 2; 1; 19
25; 39; 1; 2; 23
36; 9; 1; 2; 23
33; 57; 1; 2; 23
36; 29; 2; 1; 24
22; 52; 2; 1; 28
26; 37; 1; 2; 28
6; 29; 2; 1; 29
44; 44; 2; 1; 30
23; 57; 2; 1; 30
12; 25; 2; 1; 34
57; 31; 2; 1; 34
56; 56; 1; 2; 35
25; 53; 1; 2; 37
32; 26; 1; 2; 39
23; 45; 1; 2; 41
50; 39; 2; 1; 42
23; 33; 2; 1; 42
10; 41; 2; 1; 43
52; 10; 2; 1; 44
39; 17; 1; 2; 45
36; 57; 1; 2; 46
41; 42; 1; 2; 46
43; 33; 1; 2; 49
24; 27; 2; 1; 50
52; 33; 2; 1; 50
8; 27; 2; 1; 51
13; 13; 2; 1; 54
57; 22; 1; 2; 55
15; 55; 2; 1; 58
36; 45; 1; 2; 59
53; 39; 1; 2; 61
21; 7; 2; 1; 67
25; 38; 2; 1; 73
16; 57; 2; 1; 73
13; 46; 2; 1; 73
41; 18; 2; 1; 80
45; 44; 1; 2; 80
16; 54; 2; 1; 81
36; 13; 1; 2; 86
35; 34; 1; 2; 90
27; 19; 2; 1; 93
52; 15; 1; 2; 100
57; 15; 2; 1; 101
40; 25; 1; 2; 103
36; 24; 2; 1; 104
19; 53; 1; 2; 111
10; 13; 1; 2; 112
13
1; 1; 21; 74
7; 1; 14; 176
11; 1; 1; 313
9; 1; 18; 330
3; 1; 47; 514
10; 1; 28; 589
12; 1; 10; 649
5; 1; 8; 664
2; 1; 29; 910
4; 1; 42; 994
6; 1; 12; 1250
0; 1; 24; 1460
8; 1; 47; 1493
