**** 150 ****
63
103; 105; 2; 1; 10
111; 147; 1; 2; 15
147; 117; 1; 2; 19
84; 79; 1; 2; 29
96; 75; 2; 1; 29
82; 103; 1; 2; 35
144; 120; 2; 1; 47
143; 153; 2; 1; 51
102; 130; 1; 2; 51
126; 133; 1; 2; 55
103; 105; 2; 1; 57
140; 84; 1; 2; 60
92; 113; 1; 2; 69
114; 90; 1; 2; 71
70; 82; 2; 1; 71
144; 147; 1; 2; 71
148; 77; 1; 2; 71
130; 127; 2; 1; 71
137; 92; 1; 2; 72
98; 114; 2; 1; 74
82; 143; 1; 2; 74
116; 138; 1; 2; 90
91; 140; 2; 1; 92
121; 77; 2; 1; 94
81; 74; 2; 1; 98
114; 98; 2; 1; 104
153; 100; 1; 2; 104
130; 97; 1; 2; 111
131; 141; 1; 2; 111
112; 71; 2; 1; 113
127; 99; 1; 2; 118
153; 94; 1; 2; 119
74; 86; 1; 2; 120
112; 132; 1; 2; 122
95; 136; 1; 2; 135
139; 145; 2; 1; 137
149; 114; 1; 2; 141
141; 119; 2; 1; 144
74; 126; 1; 2; 161
131; 137; 1; 2; 164
139; 72; 1; 2; 173
87; 143; 1; 2; 173
72; 149; 1; 2; 183
76; 96; 2; 1; 185
86; 100; 1; 2; 188
116; 137; 1; 2; 194
110; 150; 2; 1; 196
140; 79; 1; 2; 198
105; 101; 1; 2; 201
130; 87; 1; 2; 204
133; 108; 1; 2; 211
133; 129; 1; 2; 212
107; 140; 2; 1; 217
127; 71; 1; 2; 223
151; 83; 2; 1; 224
66; 107; 2; 1; 226
145; 138; 1; 2; 226
70; 84; 1; 2; 231
122; 118; 1; 2; 232
85; 90; 1; 2; 232
110; 127; 1; 2; 237
81; 135; 2; 1; 246
66; 121; 1; 2; 248
15
3; 1; 15; 342
0; 1; 43; 417
4; 1; 4; 1037
8; 1; 16; 1323
14; 1; 48; 1437
6; 1; 27; 2302
13; 1; 34; 2697
11; 1; 31; 3071
9; 1; 11; 3403
1; 1; 9; 3943
2; 1; 23; 4190
10; 1; 9; 4705
12; 1; 22; 4901
5; 1; 31; 5313
7; 1; 33; 6216
