**** 151 ****
63
117; 80; 1; 2; 0
87; 131; 2; 1; 12
141; 108; 1; 2; 12
103; 135; 2; 1; 22
124; 141; 2; 1; 29
122; 153; 2; 1; 31
137; 145; 1; 2; 35
87; 147; 2; 1; 36
151; 95; 2; 1; 41
94; 78; 1; 2; 42
134; 86; 2; 1; 42
76; 121; 2; 1; 42
115; 144; 1; 2; 43
123; 101; 2; 1; 46
88; 101; 2; 1; 60
79; 134; 1; 2; 61
130; 149; 2; 1; 62
120; 152; 1; 2; 66
74; 70; 1; 2; 67
95; 113; 1; 2; 74
144; 102; 2; 1; 76
71; 68; 1; 2; 79
102; 138; 2; 1; 84
112; 81; 2; 1; 86
79; 119; 1; 2; 96
134; 126; 2; 1; 104
70; 81; 2; 1; 107
141; 120; 1; 2; 108
77; 66; 1; 2; 112
86; 91; 1; 2; 124
124; 76; 2; 1; 128
140; 114; 2; 1; 132
106; 136; 2; 1; 140
153; 147; 2; 1; 149
131; 109; 2; 1; 150
116; 75; 2; 1; 150
122; 153; 1; 2; 153
116; 128; 1; 2; 157
82; 70; 2; 1; 161
78; 125; 1; 2; 163
148; 81; 2; 1; 166
100; 74; 2; 1; 167
146; 152; 2; 1; 176
86; 106; 2; 1; 177
137; 69; 2; 1; 182
139; 109; 2; 1; 185
152; 109; 2; 1; 197
128; 151; 2; 1; 199
113; 105; 2; 1; 200
100; 73; 1; 2; 213
146; 79; 1; 2; 218
118; 85; 1; 2; 223
93; 114; 1; 2; 226
134; 72; 1; 2; 227
116; 94; 1; 2; 230
153; 99; 2; 1; 239
130; 74; 2; 1; 239
78; 83; 1; 2; 241
76; 146; 2; 1; 242
100; 131; 1; 2; 243
112; 125; 2; 1; 248
151; 140; 1; 2; 248
104; 139; 2; 1; 249
15
11; 1; 8; 1348
2; 1; 8; 1678
1; 1; 40; 1786
9; 1; 49; 1888
4; 1; 48; 2395
10; 1; 33; 2785
12; 1; 35; 2962
13; 1; 7; 3039
5; 1; 31; 3258
7; 1; 44; 3676
3; 1; 1; 4919
14; 1; 31; 5333
0; 1; 7; 5739
6; 1; 18; 5946
8; 1; 1; 6958
