**** 152 ****
63
102; 117; 1; 2; 0
76; 77; 1; 2; 4
120; 114; 2; 1; 4
88; 132; 1; 2; 6
79; 87; 2; 1; 7
96; 84; 2; 1; 10
114; 104; 2; 1; 10
139; 136; 1; 2; 18
139; 130; 1; 2; 19
67; 145; 1; 2; 20
151; 87; 1; 2; 32
147; 151; 1; 2; 37
129; 96; 2; 1; 43
113; 147; 1; 2; 47
116; 99; 1; 2; 52
106; 140; 1; 2; 56
91; 147; 1; 2; 68
146; 113; 1; 2; 77
125; 119; 1; 2; 78
105; 116; 1; 2; 87
78; 90; 2; 1; 90
68; 98; 1; 2; 93
109; 90; 1; 2; 97
134; 132; 2; 1; 103
143; 76; 2; 1; 103
87; 83; 2; 1; 110
68; 69; 2; 1; 110
93; 141; 1; 2; 115
67; 127; 1; 2; 119
147; 76; 1; 2; 121
142; 137; 2; 1; 125
135; 129; 1; 2; 128
76; 144; 1; 2; 135
94; 96; 1; 2; 135
110; 108; 2; 1; 137
138; 134; 2; 1; 139
88; 114; 2; 1; 146
76; 118; 1; 2; 147
70; 124; 1; 2; 151
152; 103; 2; 1; 156
99; 77; 1; 2; 163
118; 137; 1; 2; 164
149; 139; 2; 1; 164
87; 92; 2; 1; 165
149; 96; 2; 1; 166
70; 145; 2; 1; 171
129; 137; 2; 1; 176
86; 109; 1; 2; 178
85; 68; 2; 1; 186
149; 125; 1; 2; 192
108; 113; 1; 2; 192
68; 78; 1; 2; 192
146; 150; 2; 1; 197
123; 93; 1; 2; 200
105; 131; 1; 2; 206
151; 116; 2; 1; 207
66; 84; 1; 2; 211
83; 116; 1; 2; 215
134; 122; 2; 1; 225
91; 85; 2; 1; 230
99; 68; 2; 1; 244
85; 131; 2; 1; 247
70; 153; 1; 2; 248
15
1; 1; 9; 669
4; 1; 11; 1975
7; 1; 30; 2606
11; 1; 35; 3132
8; 1; 17; 3232
3; 1; 12; 3530
2; 1; 46; 3915
13; 1; 8; 3964
14; 1; 33; 4136
10; 1; 29; 4809
9; 1; 42; 4912
0; 1; 24; 5099
12; 1; 18; 5418
5; 1; 30; 5737
6; 1; 7; 6458
