**** 153 ****
63
83; 107; 1; 2; 4
142; 141; 1; 2; 24
66; 144; 2; 1; 26
100; 120; 1; 2; 27
108; 108; 1; 2; 40
145; 95; 1; 2; 46
128; 145; 1; 2; 48
131; 113; 1; 2; 49
141; 110; 1; 2; 51
108; 140; 1; 2; 52
69; 102; 1; 2; 59
136; 118; 2; 1; 67
132; 130; 1; 2; 67
92; 134; 2; 1; 73
125; 119; 1; 2; 73
108; 135; 1; 2; 77
99; 116; 1; 2; 80
108; 85; 1; 2; 81
70; 104; 1; 2; 84
116; 119; 1; 2; 88
118; 143; 2; 1; 88
74; 142; 2; 1; 91
150; 145; 1; 2; 97
94; 132; 2; 1; 101
108; 96; 2; 1; 111
125; 72; 1; 2; 112
113; 119; 2; 1; 114
70; 128; 2; 1; 119
149; 116; 1; 2; 120
100; 150; 1; 2; 122
124; 68; 2; 1; 122
88; 80; 1; 2; 123
134; 148; 1; 2; 126
105; 139; 1; 2; 131
98; 114; 2; 1; 144
150; 87; 2; 1; 148
73; 137; 1; 2; 150
146; 109; 2; 1; 151
114; 82; 2; 1; 156
117; 110; 1; 2; 167
97; 116; 2; 1; 167
149; 68; 1; 2; 169
150; 86; 1; 2; 170
141; 87; 2; 1; 183
150; 121; 1; 2; 186
69; 111; 2; 1; 190
137; 122; 1; 2; 194
95; 144; 1; 2; 199
152; 118; 2; 1; 204
147; 68; 1; 2; 209
114; 94; 1; 2; 213
93; 96; 2; 1; 217
71; 104; 1; 2; 219
66; 66; 1; 2; 232
76; 81; 2; 1; 236
96; 97; 2; 1; 240
120; 130; 2; 1; 241
70; 101; 2; 1; 242
139; 88; 1; 2; 244
145; 90; 1; 2; 246
116; 101; 2; 1; 247
105; 128; 2; 1; 250
87; 113; 2; 1; 251
15
1; 1; 33; 999
3; 1; 29; 2780
9; 1; 29; 2820
5; 1; 18; 3219
8; 1; 46; 3387
14; 1; 17; 3565
0; 1; 44; 3733
10; 1; 15; 3787
4; 1; 45; 4327
7; 1; 32; 4891
12; 1; 16; 5457
13; 1; 38; 5744
11; 1; 31; 5802
6; 1; 17; 6076
2; 1; 46; 7016
