**** 154 ****
64
140; 88; 1; 2; 1
100; 116; 2; 1; 5
146; 156; 2; 1; 19
107; 117; 2; 1; 22
121; 146; 1; 2; 26
158; 132; 1; 2; 34
152; 103; 1; 2; 42
122; 149; 2; 1; 43
160; 106; 1; 2; 51
114; 123; 2; 1; 66
77; 97; 1; 2; 67
147; 117; 2; 1; 70
112; 104; 1; 2; 71
106; 93; 2; 1; 72
118; 74; 1; 2; 73
140; 95; 1; 2; 77
110; 96; 1; 2; 79
118; 131; 1; 2; 84
81; 136; 1; 2; 90
152; 100; 1; 2; 90
89; 146; 1; 2; 95
143; 125; 2; 1; 95
130; 156; 2; 1; 95
106; 101; 1; 2; 98
97; 90; 2; 1; 100
116; 106; 2; 1; 104
134; 160; 2; 1; 107
128; 135; 2; 1; 115
127; 158; 2; 1; 122
124; 139; 1; 2; 127
143; 89; 2; 1; 130
91; 108; 1; 2; 133
110; 141; 1; 2; 135
130; 107; 2; 1; 136
86; 106; 1; 2; 137
161; 101; 2; 1; 143
130; 119; 2; 1; 145
141; 136; 1; 2; 146
107; 95; 1; 2; 147
78; 138; 2; 1; 150
98; 79; 2; 1; 155
145; 151; 1; 2; 156
139; 132; 1; 2; 165
157; 75; 2; 1; 168
142; 120; 1; 2; 169
154; 74; 1; 2; 172
80; 140; 2; 1; 175
126; 106; 2; 1; 176
127; 71; 1; 2; 179
85; 112; 1; 2; 179
87; 128; 2; 1; 183
130; 102; 2; 1; 183
124; 86; 2; 1; 187
143; 90; 1; 2; 188
137; 98; 2; 1; 198
148; 133; 2; 1; 200
148; 92; 1; 2; 206
147; 138; 1; 2; 207
88; 91; 2; 1; 207
103; 161; 2; 1; 229
144; 118; 2; 1; 229
120; 79; 1; 2; 232
82; 86; 2; 1; 234
80; 106; 1; 2; 248
15
11; 1; 9; 175
4; 1; 17; 1404
12; 1; 41; 1531
6; 1; 48; 1632
8; 1; 22; 2606
9; 1; 3; 2906
7; 1; 7; 3314
13; 1; 24; 3345
5; 1; 5; 3508
2; 1; 5; 3563
3; 1; 46; 3607
14; 1; 22; 3699
10; 1; 28; 5389
0; 1; 36; 7338
1; 1; 18; 7387
