**** 155 ****
64
111; 79; 2; 1; 0
111; 73; 2; 1; 3
78; 98; 2; 1; 9
147; 158; 1; 2; 15
76; 101; 1; 2; 16
89; 137; 2; 1; 16
134; 100; 2; 1; 21
108; 154; 2; 1; 28
120; 138; 1; 2; 30
77; 96; 2; 1; 36
158; 130; 2; 1; 37
122; 136; 2; 1; 38
145; 145; 2; 1; 47
156; 131; 2; 1; 53
115; 141; 1; 2; 57
104; 157; 1; 2; 63
107; 123; 1; 2; 67
118; 110; 2; 1; 79
145; 159; 2; 1; 87
140; 106; 2; 1; 93
72; 97; 2; 1; 103
139; 158; 2; 1; 104
120; 111; 1; 2; 104
76; 82; 2; 1; 108
94; 135; 1; 2; 124
155; 110; 1; 2; 125
87; 136; 1; 2; 125
107; 152; 2; 1; 129
106; 158; 1; 2; 132
131; 81; 1; 2; 134
104; 160; 1; 2; 135
76; 125; 1; 2; 137
128; 132; 1; 2; 139
89; 132; 2; 1; 141
126; 106; 1; 2; 142
152; 102; 2; 1; 146
151; 150; 2; 1; 154
129; 161; 2; 1; 155
126; 149; 1; 2; 158
98; 120; 1; 2; 167
154; 112; 2; 1; 172
79; 90; 1; 2; 172
139; 99; 1; 2; 179
77; 73; 2; 1; 181
143; 150; 1; 2; 187
75; 126; 1; 2; 192
144; 83; 2; 1; 193
114; 150; 2; 1; 196
88; 124; 1; 2; 201
125; 75; 2; 1; 210
121; 110; 2; 1; 211
137; 126; 1; 2; 214
152; 110; 1; 2; 214
81; 86; 2; 1; 218
114; 76; 2; 1; 218
118; 161; 1; 2; 218
109; 102; 2; 1; 223
114; 100; 2; 1; 224
130; 93; 2; 1; 237
140; 92; 1; 2; 238
148; 161; 1; 2; 238
114; 75; 2; 1; 240
134; 91; 2; 1; 240
149; 153; 2; 1; 248
15
9; 1; 13; 1287
12; 1; 8; 2002
0; 1; 31; 2253
8; 1; 17; 2835
10; 1; 18; 3020
13; 1; 25; 3950
3; 1; 3; 4045
2; 1; 9; 4146
7; 1; 31; 4196
4; 1; 9; 4252
11; 1; 12; 4955
14; 1; 42; 5078
5; 1; 48; 5293
1; 1; 34; 6082
6; 1; 24; 6612
