**** 156 ****
64
148; 156; 1; 2; 12
83; 108; 1; 2; 16
83; 157; 1; 2; 29
154; 137; 1; 2; 30
135; 161; 1; 2; 34
135; 93; 1; 2; 35
109; 159; 2; 1; 42
120; 132; 2; 1; 45
96; 149; 2; 1; 45
135; 127; 2; 1; 51
126; 128; 1; 2; 63
153; 92; 2; 1; 63
86; 125; 1; 2; 66
74; 152; 2; 1; 68
154; 81; 2; 1; 71
125; 157; 2; 1; 72
96; 116; 1; 2; 79
132; 150; 1; 2; 82
80; 74; 2; 1; 83
110; 77; 2; 1; 89
110; 92; 2; 1; 97
152; 113; 2; 1; 100
77; 75; 1; 2; 101
119; 83; 2; 1; 103
109; 153; 2; 1; 105
116; 94; 1; 2; 116
138; 143; 2; 1; 121
116; 145; 1; 2; 125
78; 93; 2; 1; 125
85; 104; 1; 2; 129
136; 94; 2; 1; 132
158; 157; 1; 2; 134
121; 148; 2; 1; 136
94; 77; 2; 1; 141
145; 146; 2; 1; 146
85; 142; 1; 2; 148
154; 77; 2; 1; 152
80; 108; 2; 1; 153
88; 104; 1; 2; 154
81; 103; 2; 1; 156
88; 76; 2; 1; 156
143; 81; 2; 1; 164
93; 115; 1; 2; 165
99; 81; 2; 1; 169
130; 121; 2; 1; 171
117; 91; 2; 1; 174
149; 127; 1; 2; 182
82; 156; 1; 2; 184
81; 95; 2; 1; 188
154; 156; 2; 1; 190
150; 80; 1; 2; 198
93; 147; 1; 2; 200
131; 131; 1; 2; 207
92; 131; 2; 1; 211
75; 152; 2; 1; 217
79; 126; 1; 2; 220
91; 84; 2; 1; 223
85; 84; 2; 1; 226
93; 75; 2; 1; 233
87; 82; 2; 1; 235
133; 109; 2; 1; 247
103; 129; 2; 1; 249
130; 74; 1; 2; 251
83; 72; 2; 1; 254
15
2; 1; 2; 792
11; 1; 42; 1097
5; 1; 23; 1271
6; 1; 6; 1759
0; 1; 23; 2682
9; 1; 48; 2765
8; 1; 13; 3461
14; 1; 40; 3503
1; 1; 45; 3957
3; 1; 41; 4344
13; 1; 7; 4480
4; 1; 17; 4714
7; 1; 35; 5889
12; 1; 7; 6273
10; 1; 23; 6372
