**** 157 ****
64
93; 94; 1; 2; 3
133; 130; 2; 1; 8
102; 84; 1; 2; 8
134; 93; 2; 1; 18
71; 159; 1; 2; 19
106; 145; 1; 2; 29
86; 97; 2; 1; 32
140; 135; 2; 1; 35
134; 124; 1; 2; 55
86; 144; 2; 1; 56
93; 97; 1; 2; 57
142; 76; 1; 2; 57
149; 157; 1; 2; 58
161; 150; 1; 2; 59
143; 80; 1; 2; 60
97; 92; 2; 1; 62
102; 73; 1; 2; 63
155; 96; 2; 1; 70
80; 157; 1; 2; 76
120; 145; 2; 1; 78
71; 78; 1; 2; 79
125; 156; 2; 1; 81
119; 84; 1; 2; 90
88; 99; 2; 1; 95
137; 104; 2; 1; 99
140; 115; 2; 1; 112
111; 84; 2; 1; 114
93; 158; 2; 1; 116
80; 75; 2; 1; 117
106; 125; 1; 2; 119
148; 78; 1; 2; 129
74; 137; 2; 1; 136
141; 95; 1; 2; 137
98; 110; 2; 1; 141
96; 72; 2; 1; 160
114; 138; 1; 2; 161
118; 152; 1; 2; 162
80; 107; 1; 2; 163
120; 99; 1; 2; 165
73; 126; 2; 1; 166
127; 104; 1; 2; 167
89; 141; 2; 1; 173
94; 120; 2; 1; 176
137; 86; 1; 2; 184
152; 80; 2; 1; 185
132; 158; 2; 1; 189
78; 159; 2; 1; 195
107; 137; 2; 1; 197
131; 138; 2; 1; 203
89; 76; 2; 1; 204
124; 124; 1; 2; 208
86; 97; 1; 2; 211
125; 144; 1; 2; 211
116; 118; 2; 1; 215
140; 150; 2; 1; 216
93; 94; 1; 2; 221
103; 112; 1; 2; 226
140; 154; 1; 2; 228
122; 135; 1; 2; 231
121; 80; 1; 2; 238
85; 88; 1; 2; 238
114; 79; 1; 2; 239
120; 87; 1; 2; 242
105; 87; 2; 1; 246
15
2; 1; 9; 1586
9; 1; 10; 1965
6; 1; 22; 2355
3; 1; 23; 3502
12; 1; 26; 3657
11; 1; 34; 4504
14; 1; 39; 4582
4; 1; 26; 4625
5; 1; 40; 4744
8; 1; 19; 4790
13; 1; 15; 4907
1; 1; 18; 5103
7; 1; 11; 5219
0; 1; 2; 5613
10; 1; 29; 6871
