**** 158 ****
64
121; 71; 1; 2; 5
140; 97; 2; 1; 5
87; 111; 2; 1; 14
76; 151; 1; 2; 14
128; 137; 2; 1; 21
80; 134; 1; 2; 31
139; 75; 2; 1; 42
138; 92; 1; 2; 43
158; 71; 2; 1; 48
116; 81; 1; 2; 52
117; 136; 1; 2; 60
79; 113; 2; 1; 70
139; 141; 2; 1; 71
73; 130; 1; 2; 71
141; 108; 1; 2; 76
107; 83; 1; 2; 81
112; 86; 2; 1; 82
135; 103; 2; 1; 89
85; 101; 1; 2; 94
130; 136; 2; 1; 96
127; 82; 2; 1; 104
157; 125; 2; 1; 108
104; 95; 2; 1; 109
72; 116; 1; 2; 112
97; 120; 2; 1; 121
73; 126; 1; 2; 122
157; 83; 2; 1; 129
85; 74; 1; 2; 133
129; 104; 2; 1; 137
149; 146; 1; 2; 142
132; 161; 1; 2; 142
79; 122; 1; 2; 146
133; 72; 1; 2; 147
111; 96; 1; 2; 150
160; 121; 2; 1; 154
125; 156; 2; 1; 167
74; 153; 2; 1; 168
96; 144; 2; 1; 169
106; 95; 1; 2; 177
108; 104; 2; 1; 177
133; 125; 1; 2; 179
137; 80; 1; 2; 183
77; 84; 2; 1; 186
117; 89; 2; 1; 188
149; 97; 1; 2; 188
83; 125; 2; 1; 190
124; 101; 2; 1; 193
154; 151; 1; 2; 197
125; 80; 1; 2; 198
153; 110; 1; 2; 203
86; 130; 2; 1; 206
148; 137; 1; 2; 207
81; 119; 2; 1; 210
86; 152; 2; 1; 211
104; 91; 2; 1; 211
72; 121; 2; 1; 212
89; 150; 1; 2; 213
88; 72; 1; 2; 214
154; 105; 2; 1; 223
91; 73; 1; 2; 228
151; 90; 2; 1; 232
88; 137; 1; 2; 232
156; 83; 2; 1; 248
147; 156; 2; 1; 254
15
9; 1; 14; 159
1; 1; 13; 221
3; 1; 11; 256
6; 1; 14; 1449
0; 1; 7; 1555
5; 1; 26; 3153
14; 1; 13; 3569
2; 1; 46; 4969
4; 1; 18; 5443
10; 1; 45; 5787
8; 1; 10; 5916
7; 1; 19; 6202
11; 1; 30; 6941
12; 1; 47; 7324
13; 1; 23; 7502
