**** 159 ****
64
141; 151; 1; 2; 15
97; 129; 2; 1; 17
157; 73; 1; 2; 28
128; 146; 1; 2; 33
123; 114; 1; 2; 35
107; 121; 2; 1; 40
87; 140; 1; 2; 41
153; 142; 1; 2; 44
108; 113; 2; 1; 46
145; 126; 1; 2; 49
77; 125; 1; 2; 50
149; 93; 2; 1; 56
103; 94; 1; 2; 68
77; 74; 2; 1; 73
117; 110; 1; 2; 75
111; 125; 2; 1; 77
135; 148; 1; 2; 80
92; 117; 2; 1; 87
102; 126; 1; 2; 90
89; 126; 1; 2; 93
128; 91; 2; 1; 96
137; 120; 1; 2; 97
143; 81; 2; 1; 98
95; 120; 2; 1; 102
104; 76; 1; 2; 106
124; 109; 1; 2; 107
113; 127; 1; 2; 114
140; 93; 1; 2; 115
139; 77; 1; 2; 115
109; 157; 2; 1; 118
122; 79; 2; 1; 120
133; 133; 1; 2; 129
156; 111; 2; 1; 132
148; 142; 2; 1; 133
86; 80; 1; 2; 133
116; 129; 1; 2; 134
151; 145; 1; 2; 138
135; 95; 2; 1; 146
79; 80; 2; 1; 155
123; 135; 1; 2; 155
98; 85; 2; 1; 161
84; 108; 1; 2; 164
121; 118; 1; 2; 172
102; 99; 2; 1; 176
98; 79; 1; 2; 177
111; 145; 1; 2; 178
111; 102; 2; 1; 182
142; 84; 2; 1; 190
71; 131; 1; 2; 195
130; 133; 1; 2; 197
137; 147; 1; 2; 198
94; 120; 2; 1; 200
82; 112; 1; 2; 201
100; 121; 2; 1; 209
122; 112; 1; 2; 210
114; 76; 1; 2; 213
83; 148; 1; 2; 218
83; 117; 2; 1; 220
158; 152; 2; 1; 231
124; 85; 2; 1; 232
116; 76; 1; 2; 234
85; 96; 2; 1; 238
158; 103; 2; 1; 249
125; 93; 2; 1; 251
15
11; 1; 16; 0
9; 1; 18; 554
7; 1; 43; 1032
5; 1; 18; 1223
0; 1; 40; 2174
8; 1; 41; 2976
6; 1; 34; 3810
1; 1; 37; 3903
12; 1; 1; 4374
13; 1; 17; 4986
10; 1; 35; 5727
4; 1; 49; 6332
14; 1; 33; 6389
2; 1; 9; 6719
3; 1; 11; 7437
