**** 16 ****
51
54; 52; 2; 1; 0
54; 15; 1; 2; 4
18; 29; 2; 1; 6
21; 13; 2; 1; 7
22; 37; 2; 1; 7
17; 56; 1; 2; 8
46; 39; 1; 2; 8
24; 55; 1; 2; 25
37; 54; 2; 1; 25
16; 35; 2; 1; 27
19; 42; 1; 2; 27
20; 42; 2; 1; 28
30; 30; 1; 2; 31
14; 38; 1; 2; 36
34; 40; 2; 1; 38
24; 29; 1; 2; 39
37; 12; 2; 1; 40
40; 54; 1; 2; 41
55; 7; 2; 1; 44
23; 43; 1; 2; 46
7; 14; 2; 1; 48
11; 45; 2; 1; 50
50; 57; 1; 2; 50
27; 53; 2; 1; 59
53; 43; 2; 1; 61
9; 16; 2; 1; 65
22; 14; 1; 2; 65
34; 39; 2; 1; 71
41; 33; 2; 1; 72
45; 31; 1; 2; 75
13; 36; 2; 1; 78
16; 10; 2; 1; 78
19; 43; 1; 2; 79
8; 27; 2; 1; 80
51; 21; 2; 1; 80
35; 46; 2; 1; 82
48; 38; 1; 2; 85
47; 52; 1; 2; 85
54; 30; 2; 1; 88
22; 55; 1; 2; 90
40; 32; 2; 1; 92
57; 47; 1; 2; 95
17; 25; 1; 2; 95
12; 22; 1; 2; 97
36; 27; 2; 1; 97
15; 53; 2; 1; 97
17; 15; 1; 2; 101
31; 47; 2; 1; 103
29; 57; 2; 1; 103
8; 37; 2; 1; 106
50; 48; 2; 1; 108
13
11; 1; 23; 114
4; 1; 33; 174
3; 1; 40; 354
0; 1; 26; 519
1; 1; 19; 609
5; 1; 27; 634
12; 1; 6; 664
6; 1; 36; 773
8; 1; 30; 832
9; 1; 16; 875
2; 1; 46; 951
7; 1; 8; 1355
10; 1; 45; 1376
