**** 160 ****
64
112; 156; 1; 2; 7
98; 133; 1; 2; 9
89; 77; 1; 2; 10
117; 104; 2; 1; 12
94; 92; 2; 1; 12
131; 81; 2; 1; 28
79; 161; 2; 1; 31
130; 138; 2; 1; 32
73; 119; 2; 1; 47
142; 117; 2; 1; 49
133; 128; 1; 2; 49
82; 112; 2; 1; 50
91; 139; 1; 2; 53
155; 104; 2; 1; 58
90; 120; 1; 2; 62
139; 136; 1; 2; 73
144; 161; 2; 1; 79
121; 106; 2; 1; 83
114; 144; 1; 2; 85
108; 123; 1; 2; 87
158; 155; 1; 2; 89
141; 106; 2; 1; 102
90; 102; 1; 2; 110
132; 131; 1; 2; 115
118; 110; 1; 2; 122
161; 77; 2; 1; 124
161; 154; 2; 1; 125
139; 119; 1; 2; 125
132; 110; 1; 2; 125
160; 83; 1; 2; 131
113; 80; 2; 1; 133
131; 79; 1; 2; 133
76; 85; 1; 2; 134
110; 79; 2; 1; 137
120; 153; 1; 2; 140
113; 121; 1; 2; 142
122; 97; 2; 1; 144
145; 115; 1; 2; 152
110; 124; 1; 2; 153
104; 97; 2; 1; 168
116; 155; 1; 2; 176
71; 158; 1; 2; 187
98; 142; 2; 1; 188
135; 121; 2; 1; 193
106; 98; 1; 2; 198
138; 123; 1; 2; 198
107; 140; 1; 2; 200
96; 114; 1; 2; 200
117; 133; 2; 1; 203
121; 121; 2; 1; 207
148; 122; 1; 2; 210
121; 83; 2; 1; 216
144; 154; 1; 2; 219
127; 97; 2; 1; 222
99; 147; 2; 1; 223
79; 76; 1; 2; 229
122; 123; 1; 2; 229
134; 73; 2; 1; 237
131; 86; 1; 2; 240
144; 109; 2; 1; 240
143; 133; 2; 1; 241
153; 85; 1; 2; 241
133; 104; 2; 1; 245
91; 84; 2; 1; 252
15
8; 1; 3; 537
5; 1; 12; 1897
9; 1; 26; 1929
3; 1; 34; 2865
6; 1; 13; 3029
10; 1; 25; 3312
13; 1; 23; 3475
12; 1; 2; 4136
14; 1; 41; 4953
4; 1; 15; 5087
1; 1; 30; 5153
2; 1; 5; 5287
7; 1; 49; 5321
11; 1; 8; 5865
0; 1; 23; 6225
