**** 161 ****
64
116; 104; 1; 2; 1
136; 130; 2; 1; 4
115; 121; 2; 1; 5
111; 118; 1; 2; 5
140; 152; 2; 1; 9
144; 130; 2; 1; 12
129; 78; 2; 1; 25
154; 112; 1; 2; 28
118; 75; 1; 2; 39
134; 131; 2; 1; 58
124; 110; 2; 1; 60
110; 80; 2; 1; 66
91; 116; 1; 2; 70
108; 86; 1; 2; 75
116; 81; 1; 2; 98
115; 150; 1; 2; 99
132; 130; 2; 1; 105
85; 113; 2; 1; 106
93; 111; 1; 2; 107
116; 148; 1; 2; 108
96; 139; 2; 1; 112
108; 73; 1; 2; 120
116; 128; 2; 1; 123
149; 87; 2; 1; 123
117; 104; 1; 2; 129
113; 146; 2; 1; 133
152; 117; 2; 1; 133
84; 86; 1; 2; 139
95; 159; 2; 1; 145
144; 112; 2; 1; 146
79; 120; 2; 1; 147
129; 94; 1; 2; 149
87; 161; 1; 2; 159
148; 96; 1; 2; 161
111; 94; 2; 1; 162
99; 98; 2; 1; 167
136; 83; 1; 2; 168
72; 113; 1; 2; 175
108; 83; 1; 2; 178
108; 78; 2; 1; 184
100; 90; 2; 1; 185
86; 76; 1; 2; 185
96; 144; 2; 1; 186
115; 142; 1; 2; 186
73; 144; 1; 2; 196
112; 92; 2; 1; 198
110; 96; 2; 1; 199
74; 148; 1; 2; 199
96; 137; 2; 1; 204
143; 121; 1; 2; 217
96; 131; 2; 1; 222
131; 145; 1; 2; 222
134; 144; 2; 1; 222
103; 105; 1; 2; 229
150; 136; 2; 1; 238
148; 108; 1; 2; 240
144; 134; 2; 1; 243
78; 84; 1; 2; 247
116; 121; 1; 2; 247
126; 87; 1; 2; 249
80; 141; 2; 1; 249
86; 96; 2; 1; 252
127; 83; 1; 2; 255
117; 122; 1; 2; 257
15
1; 1; 27; 637
5; 1; 13; 889
10; 1; 4; 1033
2; 1; 24; 2043
13; 1; 31; 2503
14; 1; 33; 3330
8; 1; 23; 3421
0; 1; 9; 3847
6; 1; 48; 4666
3; 1; 17; 5036
11; 1; 41; 5119
9; 1; 24; 5601
12; 1; 26; 6710
4; 1; 41; 6818
7; 1; 41; 7404
