**** 162 ****
64
96; 79; 2; 1; 7
99; 157; 2; 1; 7
93; 155; 1; 2; 11
110; 154; 2; 1; 12
154; 125; 2; 1; 17
136; 129; 1; 2; 21
120; 145; 2; 1; 36
86; 120; 1; 2; 43
80; 107; 2; 1; 48
123; 115; 1; 2; 53
137; 108; 1; 2; 57
121; 139; 2; 1; 65
133; 87; 2; 1; 68
131; 84; 2; 1; 77
134; 95; 2; 1; 79
72; 146; 1; 2; 84
140; 152; 1; 2; 87
156; 158; 1; 2; 92
158; 95; 1; 2; 94
83; 101; 2; 1; 98
74; 88; 1; 2; 101
154; 110; 2; 1; 101
123; 141; 2; 1; 103
157; 137; 2; 1; 105
113; 130; 1; 2; 109
128; 139; 2; 1; 110
150; 144; 2; 1; 119
90; 115; 1; 2; 121
94; 86; 1; 2; 130
158; 77; 1; 2; 134
109; 139; 1; 2; 135
90; 117; 2; 1; 155
105; 116; 2; 1; 159
74; 100; 2; 1; 159
127; 139; 2; 1; 174
155; 100; 2; 1; 176
151; 154; 2; 1; 180
91; 87; 2; 1; 181
99; 116; 1; 2; 181
95; 81; 1; 2; 185
111; 90; 1; 2; 186
153; 107; 1; 2; 187
119; 116; 2; 1; 187
76; 146; 1; 2; 190
115; 100; 2; 1; 196
81; 104; 1; 2; 200
141; 103; 2; 1; 201
92; 157; 2; 1; 202
154; 112; 1; 2; 202
96; 114; 2; 1; 205
91; 90; 2; 1; 207
107; 158; 1; 2; 218
146; 133; 2; 1; 220
139; 136; 2; 1; 220
135; 97; 1; 2; 223
72; 72; 1; 2; 232
90; 90; 2; 1; 233
117; 81; 2; 1; 235
102; 78; 1; 2; 237
150; 109; 1; 2; 247
116; 109; 1; 2; 252
141; 159; 1; 2; 256
123; 79; 2; 1; 257
109; 147; 1; 2; 259
15
13; 1; 44; 723
1; 1; 49; 790
4; 1; 32; 1574
0; 1; 3; 1709
9; 1; 33; 2028
14; 1; 10; 2150
2; 1; 26; 3618
12; 1; 32; 4112
5; 1; 1; 4307
10; 1; 6; 4427
6; 1; 49; 4573
7; 1; 17; 4648
8; 1; 27; 5266
11; 1; 27; 5579
3; 1; 46; 6628
