**** 163 ****
64
73; 93; 1; 2; 3
155; 152; 2; 1; 9
135; 161; 1; 2; 11
117; 103; 2; 1; 17
129; 139; 2; 1; 20
136; 161; 1; 2; 26
134; 92; 1; 2; 29
148; 98; 2; 1; 36
96; 84; 2; 1; 43
157; 129; 2; 1; 43
92; 87; 1; 2; 43
87; 79; 1; 2; 48
81; 93; 2; 1; 49
154; 103; 2; 1; 51
135; 99; 2; 1; 51
152; 141; 2; 1; 51
110; 92; 1; 2; 55
104; 136; 1; 2; 56
89; 128; 1; 2; 57
155; 99; 1; 2; 81
75; 71; 1; 2; 89
84; 99; 2; 1; 97
138; 91; 1; 2; 98
86; 94; 1; 2; 100
102; 161; 2; 1; 106
132; 82; 2; 1; 109
123; 161; 1; 2; 112
75; 91; 1; 2; 115
117; 139; 1; 2; 123
82; 137; 1; 2; 123
87; 74; 1; 2; 126
96; 109; 1; 2; 129
143; 114; 1; 2; 141
135; 94; 2; 1; 143
105; 79; 2; 1; 148
146; 150; 1; 2; 159
78; 90; 1; 2; 161
151; 78; 2; 1; 161
71; 73; 2; 1; 164
151; 157; 1; 2; 164
110; 133; 2; 1; 167
145; 123; 1; 2; 175
92; 152; 1; 2; 178
127; 160; 2; 1; 182
133; 100; 1; 2; 183
122; 141; 1; 2; 186
121; 154; 2; 1; 190
143; 134; 1; 2; 190
83; 93; 2; 1; 195
147; 137; 1; 2; 199
127; 105; 1; 2; 204
71; 144; 2; 1; 206
119; 161; 2; 1; 207
92; 99; 1; 2; 208
113; 119; 1; 2; 209
83; 126; 2; 1; 215
141; 98; 1; 2; 222
120; 72; 2; 1; 223
139; 121; 1; 2; 229
123; 93; 2; 1; 229
109; 123; 2; 1; 242
80; 126; 2; 1; 244
155; 108; 2; 1; 251
103; 107; 1; 2; 254
15
4; 1; 12; 1092
13; 1; 11; 1544
6; 1; 37; 2189
12; 1; 27; 2833
5; 1; 8; 3568
3; 1; 15; 3599
0; 1; 5; 3814
7; 1; 8; 4064
8; 1; 21; 4123
9; 1; 24; 4852
1; 1; 42; 4994
10; 1; 47; 5373
2; 1; 33; 5611
14; 1; 15; 5647
11; 1; 38; 6291
