**** 164 ****
64
122; 99; 1; 2; 1
93; 113; 1; 2; 3
87; 116; 2; 1; 4
147; 123; 2; 1; 7
80; 151; 1; 2; 9
131; 91; 1; 2; 11
76; 90; 2; 1; 11
94; 157; 1; 2; 17
160; 84; 2; 1; 25
140; 117; 1; 2; 26
147; 82; 2; 1; 30
83; 153; 2; 1; 30
80; 103; 1; 2; 31
75; 143; 2; 1; 32
120; 129; 2; 1; 43
88; 75; 2; 1; 48
144; 106; 2; 1; 51
72; 118; 1; 2; 54
136; 111; 2; 1; 57
103; 111; 1; 2; 58
137; 144; 1; 2; 59
91; 72; 1; 2; 66
110; 114; 2; 1; 93
140; 132; 2; 1; 100
120; 101; 1; 2; 106
141; 103; 1; 2; 108
130; 138; 1; 2; 111
145; 142; 1; 2; 112
159; 105; 2; 1; 112
108; 111; 1; 2; 113
115; 105; 1; 2; 116
124; 86; 1; 2; 131
103; 150; 1; 2; 134
154; 147; 1; 2; 136
84; 135; 1; 2; 142
76; 122; 1; 2; 144
157; 78; 1; 2; 150
108; 150; 2; 1; 154
125; 92; 1; 2; 156
93; 98; 1; 2; 158
142; 145; 1; 2; 166
77; 95; 1; 2; 180
111; 119; 1; 2; 184
71; 134; 2; 1; 185
115; 126; 1; 2; 186
143; 106; 1; 2; 195
123; 159; 2; 1; 201
83; 77; 1; 2; 205
97; 71; 1; 2; 207
115; 124; 1; 2; 214
103; 118; 1; 2; 215
128; 106; 2; 1; 218
93; 103; 1; 2; 220
71; 117; 1; 2; 220
155; 135; 2; 1; 226
137; 156; 1; 2; 227
152; 153; 1; 2; 232
93; 138; 2; 1; 233
97; 80; 1; 2; 234
151; 122; 1; 2; 236
117; 93; 2; 1; 239
151; 93; 2; 1; 239
123; 97; 1; 2; 252
106; 111; 2; 1; 262
15
9; 1; 10; 110
12; 1; 2; 1245
13; 1; 30; 1396
0; 1; 8; 1482
5; 1; 15; 1963
1; 1; 30; 2630
14; 1; 13; 3571
4; 1; 18; 3891
11; 1; 11; 4337
10; 1; 16; 4570
2; 1; 18; 5399
6; 1; 24; 6492
8; 1; 45; 6689
7; 1; 6; 6985
3; 1; 13; 7393
