**** 165 ****
65
160; 93; 1; 2; 8
147; 140; 2; 1; 9
80; 146; 1; 2; 14
152; 108; 2; 1; 15
80; 99; 2; 1; 15
77; 164; 1; 2; 20
103; 82; 2; 1; 28
80; 154; 2; 1; 33
121; 107; 1; 2; 34
151; 125; 2; 1; 37
144; 116; 1; 2; 38
109; 166; 2; 1; 52
148; 157; 2; 1; 58
162; 158; 1; 2; 66
129; 95; 1; 2; 70
151; 164; 2; 1; 74
117; 131; 1; 2; 88
93; 119; 2; 1; 88
133; 87; 2; 1; 88
113; 86; 2; 1; 92
153; 116; 2; 1; 93
85; 168; 1; 2; 98
123; 125; 1; 2; 101
100; 151; 1; 2; 110
155; 164; 1; 2; 112
127; 91; 2; 1; 116
106; 106; 2; 1; 117
76; 147; 2; 1; 119
101; 125; 1; 2; 121
88; 106; 2; 1; 132
151; 157; 2; 1; 143
147; 131; 1; 2; 164
158; 144; 1; 2; 170
123; 137; 1; 2; 170
91; 149; 2; 1; 172
81; 106; 2; 1; 178
95; 138; 2; 1; 184
135; 109; 2; 1; 188
119; 160; 2; 1; 190
81; 123; 1; 2; 192
117; 124; 2; 1; 192
136; 119; 1; 2; 193
81; 102; 1; 2; 194
91; 168; 1; 2; 201
138; 163; 2; 1; 203
131; 157; 1; 2; 204
111; 164; 2; 1; 204
150; 108; 1; 2; 210
164; 122; 2; 1; 215
141; 122; 2; 1; 219
92; 116; 2; 1; 220
112; 121; 1; 2; 229
132; 139; 2; 1; 230
101; 137; 2; 1; 230
109; 93; 2; 1; 234
109; 120; 2; 1; 235
121; 134; 1; 2; 236
89; 161; 2; 1; 238
145; 102; 1; 2; 244
161; 108; 2; 1; 246
167; 157; 2; 1; 250
123; 148; 2; 1; 255
157; 114; 1; 2; 258
99; 113; 2; 1; 261
94; 169; 1; 2; 263
15
0; 1; 31; 384
3; 1; 5; 440
14; 1; 36; 1134
5; 1; 28; 1337
9; 1; 18; 1908
1; 1; 47; 1980
10; 1; 39; 2508
4; 1; 40; 2688
6; 1; 22; 2887
12; 1; 47; 2955
11; 1; 9; 3011
8; 1; 2; 3808
7; 1; 11; 5363
13; 1; 6; 5957
2; 1; 35; 7883
