**** 166 ****
65
128; 161; 1; 2; 4
135; 155; 1; 2; 6
157; 131; 1; 2; 7
111; 157; 2; 1; 7
139; 164; 2; 1; 9
154; 91; 2; 1; 9
165; 139; 2; 1; 16
161; 116; 2; 1; 18
148; 125; 2; 1; 27
94; 89; 2; 1; 32
92; 127; 1; 2; 37
140; 102; 1; 2; 46
156; 108; 2; 1; 54
102; 153; 1; 2; 54
98; 119; 1; 2; 56
148; 84; 2; 1; 57
163; 119; 1; 2; 63
169; 84; 2; 1; 72
140; 153; 2; 1; 73
160; 85; 2; 1; 75
85; 121; 1; 2; 87
108; 143; 1; 2; 101
167; 125; 2; 1; 102
100; 99; 1; 2; 108
127; 103; 1; 2; 112
92; 147; 2; 1; 120
107; 167; 2; 1; 128
114; 144; 1; 2; 132
96; 83; 2; 1; 132
126; 163; 2; 1; 134
101; 161; 2; 1; 134
92; 113; 1; 2; 134
132; 156; 1; 2; 137
91; 152; 2; 1; 142
94; 118; 1; 2; 147
99; 153; 2; 1; 150
156; 76; 1; 2; 151
157; 159; 1; 2; 159
129; 86; 2; 1; 160
115; 92; 1; 2; 162
169; 102; 1; 2; 164
121; 80; 2; 1; 170
80; 107; 2; 1; 173
84; 84; 1; 2; 180
154; 90; 1; 2; 180
91; 148; 1; 2; 183
106; 104; 2; 1; 189
150; 104; 2; 1; 191
146; 166; 1; 2; 192
150; 78; 1; 2; 194
88; 85; 2; 1; 195
166; 114; 1; 2; 205
99; 158; 1; 2; 206
113; 148; 1; 2; 209
114; 162; 2; 1; 209
118; 101; 2; 1; 221
138; 168; 2; 1; 222
115; 154; 1; 2; 232
84; 96; 1; 2; 244
89; 169; 1; 2; 249
111; 167; 2; 1; 249
103; 150; 1; 2; 251
84; 110; 1; 2; 256
157; 146; 2; 1; 256
165; 86; 2; 1; 261
15
0; 1; 30; 230
14; 1; 14; 261
3; 1; 11; 626
6; 1; 15; 1356
13; 1; 1; 1589
10; 1; 9; 1714
11; 1; 25; 2452
2; 1; 19; 3308
8; 1; 2; 3477
7; 1; 41; 5322
12; 1; 15; 5770
5; 1; 19; 6032
1; 1; 9; 6136
9; 1; 44; 6556
4; 1; 41; 6662
