**** 167 ****
65
114; 126; 2; 1; 0
81; 131; 2; 1; 18
164; 79; 2; 1; 23
159; 159; 2; 1; 48
106; 121; 1; 2; 50
128; 81; 1; 2; 54
129; 115; 2; 1; 54
160; 145; 1; 2; 54
103; 107; 1; 2; 55
120; 85; 2; 1; 58
112; 140; 2; 1; 58
166; 122; 2; 1; 60
91; 147; 1; 2; 65
97; 127; 2; 1; 65
80; 154; 1; 2; 73
84; 84; 2; 1; 77
92; 94; 1; 2; 80
102; 167; 1; 2; 82
154; 83; 1; 2; 83
146; 124; 2; 1; 89
157; 156; 2; 1; 95
114; 133; 1; 2; 100
93; 166; 2; 1; 104
95; 167; 1; 2; 106
124; 160; 2; 1; 110
145; 108; 2; 1; 113
83; 161; 2; 1; 116
157; 163; 1; 2; 117
152; 81; 2; 1; 134
89; 96; 1; 2; 135
118; 139; 2; 1; 136
125; 100; 1; 2; 136
94; 121; 1; 2; 147
124; 115; 2; 1; 148
123; 105; 1; 2; 155
81; 107; 2; 1; 156
112; 117; 1; 2; 156
86; 89; 1; 2; 157
116; 121; 2; 1; 158
120; 101; 2; 1; 158
77; 168; 2; 1; 158
76; 116; 1; 2; 165
97; 80; 1; 2; 167
116; 106; 1; 2; 178
135; 115; 1; 2; 179
147; 137; 2; 1; 180
134; 150; 2; 1; 182
138; 165; 2; 1; 182
82; 127; 1; 2; 189
113; 114; 2; 1; 190
153; 148; 2; 1; 191
127; 98; 2; 1; 194
100; 92; 2; 1; 211
88; 87; 2; 1; 213
126; 88; 2; 1; 223
78; 95; 1; 2; 225
105; 149; 1; 2; 246
122; 143; 1; 2; 252
147; 122; 1; 2; 252
163; 144; 2; 1; 253
86; 122; 1; 2; 255
141; 139; 2; 1; 256
152; 133; 1; 2; 260
125; 132; 2; 1; 263
107; 119; 2; 1; 264
15
3; 1; 34; 520
8; 1; 15; 558
10; 1; 31; 903
11; 1; 22; 1344
12; 1; 15; 3362
1; 1; 2; 3474
7; 1; 10; 3733
6; 1; 39; 4006
5; 1; 5; 4680
2; 1; 6; 5414
13; 1; 36; 6147
0; 1; 16; 6306
4; 1; 11; 6643
9; 1; 10; 7414
14; 1; 17; 7781
