**** 168 ****
65
160; 142; 2; 1; 1
77; 168; 2; 1; 7
157; 128; 1; 2; 10
101; 164; 2; 1; 11
162; 111; 2; 1; 12
125; 98; 1; 2; 14
164; 147; 2; 1; 16
148; 117; 1; 2; 18
117; 148; 2; 1; 26
89; 149; 2; 1; 30
146; 105; 1; 2; 32
157; 164; 2; 1; 32
82; 116; 1; 2; 33
127; 129; 1; 2; 34
89; 114; 1; 2; 37
95; 108; 1; 2; 41
128; 136; 2; 1; 42
151; 146; 2; 1; 43
151; 111; 1; 2; 59
143; 105; 1; 2; 63
84; 146; 1; 2; 66
124; 141; 2; 1; 70
151; 144; 1; 2; 74
84; 90; 2; 1; 79
133; 153; 2; 1; 95
137; 156; 2; 1; 107
95; 118; 1; 2; 108
151; 82; 1; 2; 109
145; 91; 2; 1; 116
114; 137; 2; 1; 117
132; 152; 2; 1; 124
137; 90; 1; 2; 127
91; 134; 1; 2; 130
82; 103; 2; 1; 139
142; 119; 2; 1; 142
160; 115; 1; 2; 143
85; 133; 2; 1; 147
117; 99; 1; 2; 147
144; 151; 1; 2; 168
96; 163; 1; 2; 169
78; 118; 2; 1; 169
89; 83; 1; 2; 171
134; 117; 1; 2; 181
86; 138; 1; 2; 187
90; 166; 1; 2; 189
107; 149; 1; 2; 190
82; 123; 2; 1; 198
120; 144; 2; 1; 200
123; 122; 1; 2; 201
101; 163; 1; 2; 205
112; 109; 1; 2; 217
76; 95; 2; 1; 217
142; 125; 2; 1; 218
93; 81; 2; 1; 228
133; 87; 2; 1; 228
116; 126; 1; 2; 229
138; 134; 1; 2; 229
83; 166; 1; 2; 237
154; 122; 2; 1; 244
112; 154; 2; 1; 246
77; 88; 2; 1; 246
119; 139; 2; 1; 253
84; 102; 1; 2; 257
167; 166; 2; 1; 260
152; 84; 1; 2; 261
15
2; 1; 21; 272
11; 1; 20; 1313
3; 1; 39; 1744
12; 1; 10; 2051
13; 1; 34; 2463
0; 1; 1; 2838
5; 1; 18; 2843
7; 1; 22; 3554
8; 1; 7; 4103
6; 1; 48; 4725
9; 1; 36; 5299
10; 1; 40; 5394
1; 1; 42; 5699
14; 1; 39; 5918
4; 1; 30; 7089
