**** 169 ****
65
102; 117; 2; 1; 0
123; 136; 1; 2; 3
158; 166; 1; 2; 4
144; 113; 2; 1; 7
123; 153; 2; 1; 14
165; 87; 2; 1; 27
112; 130; 2; 1; 30
115; 113; 2; 1; 33
149; 86; 2; 1; 38
156; 168; 1; 2; 54
114; 136; 2; 1; 55
77; 160; 1; 2; 61
126; 159; 2; 1; 62
99; 169; 2; 1; 66
155; 149; 2; 1; 66
83; 105; 2; 1; 66
107; 138; 1; 2; 71
114; 160; 1; 2; 73
164; 142; 1; 2; 75
150; 102; 2; 1; 76
90; 158; 2; 1; 82
166; 97; 1; 2; 91
89; 136; 2; 1; 91
87; 169; 2; 1; 91
105; 80; 2; 1; 92
88; 134; 2; 1; 95
87; 111; 2; 1; 96
156; 159; 1; 2; 97
130; 98; 1; 2; 104
161; 134; 2; 1; 109
137; 94; 1; 2; 113
161; 83; 1; 2; 119
79; 155; 1; 2; 121
94; 119; 2; 1; 123
128; 109; 2; 1; 126
95; 168; 1; 2; 135
88; 168; 2; 1; 145
150; 123; 2; 1; 153
99; 104; 1; 2; 156
136; 115; 2; 1; 164
118; 123; 1; 2; 169
169; 79; 2; 1; 174
132; 130; 2; 1; 176
113; 118; 2; 1; 183
127; 108; 2; 1; 183
115; 125; 2; 1; 186
130; 108; 1; 2; 188
129; 149; 1; 2; 188
119; 140; 1; 2; 191
103; 163; 1; 2; 191
160; 156; 2; 1; 201
134; 138; 2; 1; 206
123; 143; 2; 1; 217
112; 98; 1; 2; 219
98; 113; 1; 2; 227
105; 122; 2; 1; 230
90; 144; 1; 2; 234
135; 116; 1; 2; 237
126; 136; 1; 2; 240
156; 94; 2; 1; 240
127; 85; 1; 2; 245
102; 140; 1; 2; 245
116; 108; 1; 2; 247
144; 92; 1; 2; 259
125; 163; 2; 1; 265
15
11; 1; 13; 766
4; 1; 37; 1766
8; 1; 29; 2439
1; 1; 2; 2538
2; 1; 7; 2714
13; 1; 19; 2930
7; 1; 24; 3270
9; 1; 2; 3410
14; 1; 29; 4741
10; 1; 7; 5159
5; 1; 25; 5179
12; 1; 46; 5359
6; 1; 30; 6549
3; 1; 12; 7095
0; 1; 46; 7524
