**** 17 ****
51
9; 39; 1; 2; 0
45; 54; 1; 2; 2
21; 9; 2; 1; 5
32; 23; 2; 1; 7
27; 45; 1; 2; 9
30; 8; 1; 2; 9
57; 17; 2; 1; 10
28; 7; 1; 2; 11
19; 37; 2; 1; 23
54; 38; 1; 2; 24
43; 29; 2; 1; 27
47; 9; 2; 1; 29
32; 12; 2; 1; 37
55; 22; 1; 2; 39
33; 50; 1; 2; 39
22; 31; 1; 2; 40
48; 35; 2; 1; 42
10; 33; 2; 1; 43
15; 53; 2; 1; 44
53; 6; 2; 1; 45
29; 11; 1; 2; 45
39; 31; 1; 2; 46
14; 54; 2; 1; 53
37; 42; 1; 2; 54
19; 32; 2; 1; 54
8; 48; 2; 1; 56
22; 41; 1; 2; 57
36; 20; 1; 2; 61
45; 39; 2; 1; 64
25; 47; 1; 2; 68
25; 48; 1; 2; 70
42; 38; 1; 2; 83
51; 32; 2; 1; 83
47; 14; 1; 2; 84
16; 33; 2; 1; 84
18; 51; 2; 1; 86
20; 21; 2; 1; 90
46; 13; 2; 1; 93
53; 25; 1; 2; 93
56; 17; 2; 1; 98
56; 37; 1; 2; 99
8; 33; 2; 1; 100
32; 49; 1; 2; 101
43; 37; 2; 1; 101
46; 31; 2; 1; 103
6; 53; 2; 1; 103
40; 15; 1; 2; 106
23; 42; 2; 1; 109
17; 38; 1; 2; 109
54; 43; 1; 2; 114
10; 41; 2; 1; 115
13
0; 1; 34; 49
8; 1; 19; 229
2; 1; 47; 453
1; 1; 43; 732
5; 1; 5; 862
6; 1; 37; 945
7; 1; 8; 1243
12; 1; 33; 1425
3; 1; 7; 1612
4; 1; 12; 1632
9; 1; 25; 1713
10; 1; 29; 1835
11; 1; 44; 1902
