**** 170 ****
65
113; 120; 1; 2; 1
169; 104; 1; 2; 4
90; 147; 1; 2; 17
143; 163; 1; 2; 24
104; 122; 2; 1; 30
112; 102; 1; 2; 31
138; 143; 1; 2; 33
153; 162; 1; 2; 33
155; 133; 2; 1; 37
155; 154; 2; 1; 41
78; 165; 1; 2; 43
146; 86; 2; 1; 44
166; 130; 1; 2; 44
163; 96; 1; 2; 46
164; 137; 2; 1; 47
152; 103; 1; 2; 48
100; 97; 2; 1; 65
109; 91; 1; 2; 70
125; 156; 1; 2; 71
118; 111; 1; 2; 82
118; 102; 2; 1; 83
145; 165; 2; 1; 84
143; 157; 1; 2; 88
141; 143; 1; 2; 97
157; 117; 2; 1; 98
103; 86; 1; 2; 100
78; 139; 1; 2; 100
157; 123; 2; 1; 105
86; 142; 2; 1; 113
125; 169; 1; 2; 113
157; 116; 1; 2; 113
157; 110; 2; 1; 123
142; 165; 1; 2; 127
113; 110; 1; 2; 134
92; 112; 2; 1; 136
103; 101; 2; 1; 137
107; 105; 1; 2; 140
103; 168; 1; 2; 148
114; 123; 2; 1; 150
155; 113; 2; 1; 153
116; 161; 1; 2; 158
104; 144; 2; 1; 162
150; 158; 1; 2; 163
139; 155; 2; 1; 164
91; 124; 1; 2; 165
167; 89; 2; 1; 172
88; 96; 1; 2; 173
150; 141; 1; 2; 179
154; 94; 1; 2; 183
77; 119; 1; 2; 184
93; 115; 1; 2; 187
102; 91; 1; 2; 201
158; 125; 2; 1; 203
166; 143; 1; 2; 203
137; 143; 1; 2; 204
166; 87; 1; 2; 213
107; 103; 2; 1; 214
125; 98; 2; 1; 216
148; 126; 1; 2; 225
130; 100; 2; 1; 227
78; 83; 1; 2; 231
164; 147; 2; 1; 251
106; 157; 1; 2; 252
149; 85; 2; 1; 252
81; 79; 2; 1; 253
15
12; 1; 16; 28
5; 1; 39; 1359
4; 1; 36; 2931
3; 1; 6; 3169
8; 1; 16; 3356
0; 1; 34; 3389
2; 1; 13; 3784
1; 1; 42; 4689
11; 1; 36; 4864
10; 1; 29; 6345
14; 1; 43; 7080
9; 1; 42; 7202
7; 1; 24; 7482
13; 1; 4; 7774
6; 1; 25; 8428
