**** 171 ****
65
106; 89; 2; 1; 6
117; 91; 2; 1; 12
128; 76; 1; 2; 14
90; 77; 2; 1; 16
124; 113; 2; 1; 20
123; 80; 1; 2; 26
135; 82; 1; 2; 37
92; 90; 2; 1; 39
112; 159; 2; 1; 41
139; 119; 2; 1; 43
92; 97; 1; 2; 45
127; 88; 2; 1; 49
106; 81; 1; 2; 50
83; 145; 2; 1; 50
94; 133; 2; 1; 54
144; 83; 1; 2; 56
165; 128; 2; 1; 59
118; 135; 1; 2; 60
94; 135; 2; 1; 63
161; 165; 2; 1; 63
102; 152; 2; 1; 65
88; 139; 1; 2; 73
146; 167; 1; 2; 79
109; 103; 2; 1; 80
127; 162; 1; 2; 81
94; 129; 2; 1; 85
96; 132; 2; 1; 87
162; 151; 2; 1; 93
128; 159; 2; 1; 96
111; 147; 1; 2; 97
166; 142; 2; 1; 100
158; 101; 2; 1; 100
140; 106; 1; 2; 104
123; 138; 1; 2; 110
144; 103; 1; 2; 116
168; 131; 2; 1; 139
104; 93; 2; 1; 143
166; 105; 1; 2; 145
167; 95; 1; 2; 147
76; 96; 2; 1; 159
142; 169; 1; 2; 162
169; 117; 2; 1; 169
118; 135; 1; 2; 176
136; 148; 1; 2; 179
136; 117; 2; 1; 185
124; 104; 1; 2; 192
108; 140; 2; 1; 204
134; 166; 1; 2; 209
133; 114; 1; 2; 209
146; 144; 1; 2; 214
96; 151; 2; 1; 218
137; 121; 1; 2; 223
85; 138; 1; 2; 230
76; 89; 2; 1; 233
137; 118; 1; 2; 239
104; 86; 2; 1; 243
119; 97; 1; 2; 246
157; 159; 2; 1; 247
78; 144; 1; 2; 247
143; 161; 2; 1; 253
166; 165; 1; 2; 259
118; 142; 1; 2; 260
138; 127; 2; 1; 260
154; 120; 2; 1; 263
155; 158; 2; 1; 268
15
13; 1; 16; 185
4; 1; 47; 299
3; 1; 25; 984
8; 1; 13; 1148
5; 1; 3; 3497
1; 1; 18; 4452
14; 1; 8; 4620
6; 1; 9; 4715
7; 1; 12; 4867
10; 1; 49; 5793
12; 1; 39; 5915
2; 1; 23; 7028
11; 1; 30; 7598
0; 1; 22; 7785
9; 1; 40; 8144
