**** 172 ****
65
76; 97; 2; 1; 0
133; 122; 1; 2; 1
120; 76; 1; 2; 2
123; 154; 2; 1; 2
112; 96; 1; 2; 12
111; 129; 2; 1; 22
162; 102; 1; 2; 23
86; 164; 1; 2; 25
149; 89; 2; 1; 29
155; 96; 1; 2; 37
112; 108; 2; 1; 39
116; 159; 1; 2; 40
79; 83; 1; 2; 42
98; 107; 2; 1; 42
91; 131; 1; 2; 45
149; 100; 1; 2; 48
159; 110; 2; 1; 60
113; 112; 2; 1; 67
166; 100; 2; 1; 77
102; 149; 2; 1; 84
98; 165; 1; 2; 84
152; 164; 2; 1; 87
84; 141; 2; 1; 95
119; 120; 2; 1; 96
101; 129; 2; 1; 97
169; 141; 2; 1; 103
107; 142; 1; 2; 112
148; 106; 2; 1; 114
95; 131; 2; 1; 116
121; 117; 2; 1; 120
149; 149; 2; 1; 121
83; 78; 1; 2; 122
92; 105; 1; 2; 127
85; 161; 1; 2; 133
120; 167; 2; 1; 141
150; 80; 1; 2; 152
145; 158; 2; 1; 155
164; 152; 1; 2; 160
111; 129; 2; 1; 173
159; 99; 1; 2; 174
140; 88; 1; 2; 174
150; 99; 2; 1; 177
101; 129; 2; 1; 181
129; 101; 1; 2; 184
160; 115; 1; 2; 187
169; 98; 1; 2; 194
137; 151; 2; 1; 197
109; 115; 2; 1; 204
157; 166; 1; 2; 210
138; 96; 1; 2; 217
82; 158; 1; 2; 217
142; 79; 1; 2; 221
104; 134; 2; 1; 223
88; 109; 2; 1; 226
90; 103; 1; 2; 233
160; 79; 2; 1; 242
121; 119; 1; 2; 242
122; 105; 2; 1; 243
141; 150; 1; 2; 244
142; 134; 1; 2; 246
146; 154; 1; 2; 250
88; 134; 1; 2; 255
159; 169; 2; 1; 259
153; 109; 1; 2; 266
147; 124; 2; 1; 270
15
8; 1; 7; 1632
4; 1; 20; 1685
13; 1; 17; 1722
14; 1; 13; 2264
9; 1; 23; 2362
12; 1; 37; 3688
6; 1; 9; 3793
10; 1; 32; 4115
2; 1; 41; 4410
1; 1; 31; 4772
5; 1; 30; 5193
0; 1; 18; 6201
11; 1; 23; 6524
7; 1; 15; 6876
3; 1; 26; 7752
