**** 173 ****
65
94; 169; 2; 1; 0
118; 100; 1; 2; 11
76; 109; 1; 2; 13
163; 155; 1; 2; 31
106; 87; 1; 2; 38
141; 126; 2; 1; 41
166; 110; 2; 1; 42
125; 127; 2; 1; 48
107; 153; 1; 2; 52
145; 82; 1; 2; 53
148; 93; 1; 2; 61
101; 81; 1; 2; 69
142; 149; 1; 2; 69
160; 81; 2; 1; 76
94; 83; 1; 2; 80
153; 86; 1; 2; 89
106; 151; 1; 2; 92
145; 161; 1; 2; 93
148; 127; 2; 1; 97
80; 166; 2; 1; 100
169; 85; 2; 1; 101
105; 141; 1; 2; 106
166; 129; 1; 2; 109
130; 163; 2; 1; 114
102; 79; 2; 1; 119
163; 145; 2; 1; 123
140; 88; 1; 2; 125
128; 156; 1; 2; 141
113; 157; 2; 1; 146
96; 94; 1; 2; 147
124; 114; 1; 2; 153
168; 85; 2; 1; 154
138; 142; 1; 2; 155
125; 112; 2; 1; 160
120; 135; 1; 2; 163
165; 77; 1; 2; 163
153; 95; 1; 2; 166
166; 96; 1; 2; 169
166; 140; 2; 1; 170
108; 163; 2; 1; 178
105; 83; 2; 1; 178
78; 137; 1; 2; 179
165; 149; 1; 2; 186
105; 98; 2; 1; 191
116; 169; 1; 2; 195
149; 138; 1; 2; 203
142; 120; 2; 1; 207
81; 110; 2; 1; 207
150; 168; 1; 2; 210
167; 152; 2; 1; 215
169; 136; 2; 1; 219
110; 105; 1; 2; 225
77; 112; 2; 1; 226
129; 145; 1; 2; 232
127; 80; 1; 2; 239
162; 94; 1; 2; 241
90; 167; 1; 2; 244
115; 93; 1; 2; 246
143; 168; 1; 2; 247
145; 77; 2; 1; 250
111; 91; 1; 2; 254
153; 143; 2; 1; 257
104; 141; 1; 2; 261
131; 101; 2; 1; 267
137; 139; 1; 2; 267
15
14; 1; 37; 768
10; 1; 32; 1016
6; 1; 18; 1149
9; 1; 25; 1722
13; 1; 40; 2670
1; 1; 25; 2835
0; 1; 24; 4061
4; 1; 8; 4229
12; 1; 27; 5220
7; 1; 22; 5553
8; 1; 22; 5796
2; 1; 33; 6531
3; 1; 11; 6651
11; 1; 5; 7629
5; 1; 9; 8483
