**** 174 ****
65
161; 149; 1; 2; 1
93; 129; 1; 2; 3
113; 112; 1; 2; 3
123; 98; 2; 1; 6
146; 123; 2; 1; 16
169; 135; 1; 2; 17
115; 99; 1; 2; 23
76; 78; 2; 1; 24
101; 144; 2; 1; 26
115; 139; 1; 2; 34
123; 115; 1; 2; 46
144; 165; 2; 1; 51
142; 87; 1; 2; 62
114; 145; 2; 1; 67
106; 84; 1; 2; 68
154; 108; 1; 2; 71
91; 81; 2; 1; 78
81; 168; 1; 2; 78
147; 163; 1; 2; 84
147; 85; 1; 2; 86
123; 132; 1; 2; 86
164; 83; 2; 1; 89
145; 94; 1; 2; 94
127; 90; 2; 1; 103
139; 88; 2; 1; 107
159; 159; 2; 1; 108
158; 143; 2; 1; 113
140; 133; 2; 1; 126
83; 84; 1; 2; 126
98; 134; 2; 1; 132
125; 109; 1; 2; 132
120; 88; 1; 2; 135
128; 85; 1; 2; 147
142; 116; 1; 2; 150
163; 141; 2; 1; 151
82; 103; 1; 2; 153
87; 89; 2; 1; 155
165; 126; 2; 1; 160
87; 169; 2; 1; 166
140; 151; 1; 2; 167
160; 81; 2; 1; 175
89; 106; 1; 2; 176
92; 150; 1; 2; 180
144; 101; 2; 1; 182
160; 151; 1; 2; 182
128; 79; 2; 1; 185
168; 125; 2; 1; 197
106; 92; 1; 2; 201
161; 108; 1; 2; 202
138; 123; 2; 1; 204
130; 116; 2; 1; 204
121; 163; 2; 1; 215
130; 124; 2; 1; 217
84; 136; 1; 2; 221
163; 99; 2; 1; 222
152; 155; 1; 2; 226
85; 115; 2; 1; 233
78; 106; 2; 1; 240
106; 113; 1; 2; 246
161; 123; 1; 2; 247
91; 119; 1; 2; 251
146; 167; 2; 1; 252
85; 82; 1; 2; 252
121; 159; 2; 1; 266
164; 106; 1; 2; 272
15
14; 1; 49; 388
12; 1; 26; 751
0; 1; 46; 1638
11; 1; 34; 1971
1; 1; 37; 2045
2; 1; 40; 2381
7; 1; 42; 3625
9; 1; 39; 5553
3; 1; 44; 5893
10; 1; 12; 6569
4; 1; 43; 6772
8; 1; 22; 7117
6; 1; 36; 7527
13; 1; 1; 7752
5; 1; 5; 8311
