**** 175 ****
65
148; 114; 1; 2; 3
91; 148; 1; 2; 9
81; 76; 1; 2; 14
140; 99; 1; 2; 27
87; 123; 1; 2; 33
115; 144; 2; 1; 33
157; 139; 1; 2; 33
127; 117; 1; 2; 53
142; 152; 1; 2; 65
99; 105; 2; 1; 69
147; 158; 2; 1; 71
116; 118; 1; 2; 75
129; 156; 2; 1; 76
167; 110; 1; 2; 82
125; 141; 1; 2; 85
103; 84; 1; 2; 88
90; 139; 1; 2; 89
86; 135; 2; 1; 91
125; 81; 1; 2; 105
129; 88; 1; 2; 112
135; 163; 1; 2; 113
118; 124; 2; 1; 113
156; 101; 2; 1; 116
81; 155; 2; 1; 119
127; 103; 2; 1; 122
122; 117; 2; 1; 124
160; 159; 2; 1; 129
148; 98; 1; 2; 134
153; 79; 2; 1; 134
97; 169; 2; 1; 134
128; 107; 1; 2; 134
109; 152; 1; 2; 135
101; 121; 2; 1; 136
87; 160; 2; 1; 142
104; 144; 2; 1; 143
129; 76; 2; 1; 144
152; 132; 1; 2; 144
90; 166; 2; 1; 146
138; 148; 1; 2; 151
152; 104; 1; 2; 155
101; 113; 1; 2; 168
149; 148; 1; 2; 169
152; 104; 2; 1; 175
136; 85; 2; 1; 180
102; 89; 1; 2; 183
124; 154; 1; 2; 186
77; 155; 2; 1; 187
146; 100; 1; 2; 193
156; 94; 2; 1; 193
124; 104; 1; 2; 200
104; 122; 2; 1; 205
149; 128; 2; 1; 207
129; 161; 1; 2; 212
115; 123; 2; 1; 215
82; 161; 2; 1; 221
123; 97; 2; 1; 223
157; 136; 2; 1; 225
113; 166; 2; 1; 232
90; 143; 1; 2; 242
160; 159; 2; 1; 244
111; 96; 1; 2; 246
125; 146; 2; 1; 257
150; 103; 1; 2; 260
124; 100; 2; 1; 270
152; 123; 1; 2; 272
15
6; 1; 31; 52
2; 1; 29; 910
14; 1; 27; 965
4; 1; 46; 1772
8; 1; 6; 2966
0; 1; 5; 3158
1; 1; 31; 4040
3; 1; 22; 4103
5; 1; 32; 4426
12; 1; 10; 4671
10; 1; 36; 4821
7; 1; 9; 5342
11; 1; 29; 5365
9; 1; 1; 7156
13; 1; 18; 8323
