**** 176 ****
66
96; 89; 2; 1; 6
177; 115; 1; 2; 10
133; 99; 2; 1; 10
136; 109; 1; 2; 16
150; 113; 1; 2; 19
155; 101; 2; 1; 26
84; 164; 1; 2; 28
138; 139; 2; 1; 31
153; 121; 2; 1; 37
96; 104; 2; 1; 39
102; 108; 2; 1; 42
99; 163; 2; 1; 46
119; 120; 2; 1; 49
90; 163; 1; 2; 51
163; 142; 2; 1; 51
112; 98; 2; 1; 58
155; 99; 2; 1; 61
85; 108; 2; 1; 65
175; 105; 1; 2; 76
142; 115; 1; 2; 86
95; 139; 1; 2; 87
84; 135; 1; 2; 93
166; 106; 2; 1; 94
145; 87; 1; 2; 97
100; 158; 1; 2; 102
145; 144; 1; 2; 109
82; 171; 2; 1; 116
83; 159; 1; 2; 121
172; 166; 2; 1; 127
149; 92; 1; 2; 128
174; 140; 1; 2; 129
127; 151; 1; 2; 130
146; 95; 1; 2; 133
111; 101; 2; 1; 134
112; 171; 1; 2; 134
123; 102; 2; 1; 136
173; 156; 1; 2; 137
172; 86; 1; 2; 138
124; 104; 1; 2; 138
82; 84; 2; 1; 140
100; 164; 1; 2; 140
177; 133; 1; 2; 143
95; 86; 1; 2; 164
158; 85; 1; 2; 171
128; 126; 2; 1; 171
153; 145; 2; 1; 173
143; 142; 2; 1; 174
177; 173; 1; 2; 179
128; 155; 2; 1; 180
146; 85; 2; 1; 183
175; 95; 1; 2; 185
104; 149; 2; 1; 199
161; 125; 2; 1; 205
133; 170; 1; 2; 207
133; 126; 2; 1; 212
152; 141; 2; 1; 215
146; 114; 2; 1; 216
148; 163; 1; 2; 218
136; 174; 2; 1; 219
125; 81; 1; 2; 229
161; 112; 2; 1; 231
156; 162; 1; 2; 232
145; 149; 1; 2; 234
129; 121; 2; 1; 254
83; 97; 1; 2; 266
149; 93; 2; 1; 267
16
3; 1; 17; 264
6; 1; 28; 308
12; 1; 30; 341
11; 1; 9; 403
14; 1; 13; 1057
8; 1; 30; 1435
9; 1; 48; 3127
15; 1; 11; 3181
5; 1; 18; 3712
7; 1; 25; 4323
4; 1; 27; 4471
13; 1; 11; 5521
1; 1; 42; 5945
0; 1; 36; 6517
2; 1; 24; 8037
10; 1; 43; 8341
