**** 177 ****
66
150; 151; 1; 2; 1
113; 86; 1; 2; 2
100; 110; 2; 1; 5
134; 165; 1; 2; 21
141; 158; 2; 1; 23
120; 111; 1; 2; 27
154; 117; 2; 1; 34
140; 176; 2; 1; 37
129; 168; 1; 2; 38
119; 110; 1; 2; 38
142; 164; 1; 2; 40
149; 93; 1; 2; 41
160; 167; 2; 1; 48
108; 135; 1; 2; 58
168; 127; 1; 2; 62
162; 84; 2; 1; 66
117; 177; 2; 1; 69
116; 114; 2; 1; 71
141; 92; 2; 1; 73
89; 100; 2; 1; 81
161; 86; 2; 1; 97
166; 161; 2; 1; 99
130; 163; 2; 1; 102
94; 160; 1; 2; 117
115; 92; 2; 1; 122
124; 124; 1; 2; 125
166; 136; 2; 1; 125
90; 160; 1; 2; 138
117; 161; 1; 2; 140
100; 89; 1; 2; 143
92; 159; 2; 1; 146
137; 174; 2; 1; 147
113; 134; 1; 2; 152
110; 122; 2; 1; 157
117; 162; 2; 1; 158
149; 108; 1; 2; 161
119; 98; 2; 1; 166
155; 147; 1; 2; 175
140; 83; 1; 2; 177
160; 146; 2; 1; 180
93; 145; 1; 2; 186
164; 83; 1; 2; 193
82; 144; 1; 2; 199
145; 145; 2; 1; 201
96; 134; 1; 2; 202
138; 81; 2; 1; 206
125; 105; 2; 1; 215
140; 90; 2; 1; 215
84; 100; 1; 2; 217
85; 169; 1; 2; 219
167; 167; 1; 2; 219
101; 177; 2; 1; 225
89; 107; 1; 2; 228
81; 128; 1; 2; 232
148; 126; 2; 1; 235
93; 169; 2; 1; 241
154; 92; 2; 1; 245
87; 108; 1; 2; 248
167; 128; 1; 2; 249
82; 125; 1; 2; 252
111; 81; 1; 2; 256
169; 160; 2; 1; 258
159; 153; 2; 1; 268
105; 161; 1; 2; 270
85; 118; 2; 1; 271
87; 154; 1; 2; 274
16
8; 1; 46; 444
10; 1; 12; 1546
15; 1; 33; 1932
5; 1; 14; 2249
4; 1; 36; 2286
14; 1; 5; 2553
1; 1; 36; 4011
7; 1; 16; 4571
11; 1; 48; 4732
6; 1; 21; 6169
2; 1; 29; 6461
3; 1; 44; 7297
12; 1; 35; 7650
9; 1; 43; 7872
0; 1; 11; 8153
13; 1; 20; 8304
