**** 178 ****
66
90; 170; 2; 1; 2
161; 162; 1; 2; 12
114; 100; 1; 2; 21
176; 173; 2; 1; 25
89; 161; 1; 2; 34
115; 165; 1; 2; 37
158; 121; 2; 1; 40
174; 148; 2; 1; 47
159; 168; 2; 1; 49
91; 105; 1; 2; 57
103; 163; 2; 1; 58
93; 103; 2; 1; 60
87; 155; 1; 2; 63
127; 85; 2; 1; 63
127; 81; 1; 2; 81
173; 103; 1; 2; 83
129; 149; 1; 2; 83
173; 165; 1; 2; 84
159; 142; 2; 1; 85
148; 110; 1; 2; 87
120; 86; 2; 1; 90
101; 164; 2; 1; 92
158; 144; 2; 1; 102
84; 163; 1; 2; 103
94; 92; 2; 1; 105
98; 108; 1; 2; 107
164; 101; 2; 1; 111
171; 112; 1; 2; 111
111; 111; 1; 2; 113
141; 146; 2; 1; 127
136; 85; 1; 2; 128
172; 176; 2; 1; 129
169; 172; 2; 1; 137
119; 160; 1; 2; 143
105; 89; 1; 2; 144
158; 102; 1; 2; 152
128; 142; 1; 2; 164
87; 111; 1; 2; 168
122; 117; 1; 2; 168
88; 139; 2; 1; 170
170; 116; 1; 2; 173
108; 138; 1; 2; 174
91; 124; 2; 1; 175
148; 96; 2; 1; 179
114; 149; 2; 1; 184
152; 89; 2; 1; 188
144; 138; 2; 1; 189
168; 105; 2; 1; 194
125; 89; 2; 1; 196
127; 85; 1; 2; 202
159; 102; 1; 2; 207
158; 165; 2; 1; 207
111; 93; 1; 2; 209
88; 131; 2; 1; 211
109; 92; 2; 1; 217
159; 146; 1; 2; 219
105; 122; 2; 1; 219
118; 171; 1; 2; 234
172; 133; 2; 1; 239
161; 156; 1; 2; 242
123; 171; 1; 2; 249
147; 149; 1; 2; 249
94; 151; 2; 1; 250
82; 135; 1; 2; 251
88; 145; 2; 1; 265
167; 175; 2; 1; 274
16
3; 1; 40; 559
6; 1; 44; 630
8; 1; 7; 975
10; 1; 22; 1347
9; 1; 39; 1957
15; 1; 13; 2235
1; 1; 49; 3496
0; 1; 2; 4031
14; 1; 13; 4294
11; 1; 40; 5458
4; 1; 34; 6318
7; 1; 28; 6517
12; 1; 17; 6645
13; 1; 16; 6878
5; 1; 38; 7093
2; 1; 20; 7320
