**** 179 ****
66
81; 94; 2; 1; 14
156; 168; 2; 1; 17
112; 90; 2; 1; 29
91; 128; 2; 1; 32
155; 154; 2; 1; 46
163; 119; 1; 2; 48
144; 168; 1; 2; 51
113; 143; 2; 1; 52
138; 116; 2; 1; 54
150; 127; 1; 2; 55
157; 82; 2; 1; 55
146; 157; 1; 2; 55
133; 172; 1; 2; 56
174; 135; 1; 2; 61
100; 159; 1; 2; 69
143; 144; 2; 1; 73
85; 110; 1; 2; 77
159; 160; 2; 1; 88
163; 176; 1; 2; 94
123; 112; 1; 2; 99
147; 143; 1; 2; 102
124; 113; 1; 2; 113
143; 103; 1; 2; 114
87; 123; 2; 1; 125
136; 108; 2; 1; 129
131; 127; 2; 1; 140
103; 142; 2; 1; 141
170; 104; 1; 2; 143
97; 133; 2; 1; 143
165; 137; 1; 2; 152
141; 89; 1; 2; 155
142; 152; 2; 1; 155
90; 113; 1; 2; 155
133; 81; 2; 1; 156
103; 154; 1; 2; 156
118; 155; 2; 1; 159
92; 104; 1; 2; 175
134; 86; 2; 1; 183
95; 138; 1; 2; 190
116; 92; 2; 1; 192
120; 134; 2; 1; 197
120; 164; 1; 2; 197
94; 132; 1; 2; 204
111; 153; 2; 1; 204
92; 164; 1; 2; 210
161; 131; 2; 1; 215
110; 96; 1; 2; 216
116; 108; 2; 1; 216
91; 155; 2; 1; 220
96; 162; 2; 1; 221
136; 99; 2; 1; 222
88; 177; 2; 1; 223
91; 151; 2; 1; 225
167; 90; 1; 2; 225
138; 114; 1; 2; 226
129; 131; 2; 1; 231
174; 120; 1; 2; 232
159; 141; 1; 2; 238
102; 94; 1; 2; 244
168; 164; 1; 2; 245
152; 120; 2; 1; 248
131; 94; 2; 1; 251
119; 174; 2; 1; 252
108; 90; 2; 1; 258
127; 98; 2; 1; 277
170; 176; 1; 2; 277
16
9; 1; 14; 190
15; 1; 32; 250
0; 1; 12; 907
12; 1; 24; 968
7; 1; 19; 1972
5; 1; 46; 2164
10; 1; 47; 2221
3; 1; 4; 2382
6; 1; 21; 2661
2; 1; 48; 3044
11; 1; 18; 4437
13; 1; 24; 5783
1; 1; 45; 5831
4; 1; 46; 7531
8; 1; 38; 7747
14; 1; 43; 7826
