**** 18 ****
51
31; 26; 2; 1; 3
30; 22; 1; 2; 5
12; 33; 1; 2; 7
42; 25; 1; 2; 13
39; 47; 2; 1; 13
15; 32; 1; 2; 15
30; 23; 1; 2; 17
54; 34; 1; 2; 18
57; 8; 2; 1; 18
44; 29; 1; 2; 24
53; 23; 1; 2; 26
11; 13; 2; 1; 29
16; 35; 1; 2; 31
52; 12; 2; 1; 33
7; 35; 2; 1; 34
36; 16; 2; 1; 35
6; 52; 1; 2; 35
29; 37; 1; 2; 47
35; 36; 2; 1; 50
29; 26; 2; 1; 50
40; 48; 1; 2; 53
51; 13; 2; 1; 56
27; 23; 1; 2; 59
44; 32; 2; 1; 60
23; 6; 1; 2; 61
37; 51; 1; 2; 63
24; 56; 2; 1; 64
17; 55; 1; 2; 68
34; 42; 2; 1; 68
33; 27; 1; 2; 69
15; 51; 1; 2; 72
54; 51; 1; 2; 74
29; 39; 1; 2; 75
33; 9; 2; 1; 79
38; 14; 1; 2; 87
53; 33; 1; 2; 89
11; 56; 1; 2; 90
9; 29; 1; 2; 94
8; 31; 2; 1; 94
40; 15; 2; 1; 94
20; 47; 1; 2; 96
20; 44; 2; 1; 99
18; 37; 2; 1; 101
24; 36; 2; 1; 103
34; 15; 2; 1; 104
18; 51; 1; 2; 105
43; 14; 1; 2; 105
28; 9; 2; 1; 112
49; 26; 2; 1; 113
8; 46; 2; 1; 113
40; 6; 1; 2; 114
13
8; 1; 41; 23
0; 1; 2; 158
11; 1; 3; 186
2; 1; 29; 350
6; 1; 40; 620
4; 1; 46; 685
9; 1; 11; 791
5; 1; 1; 821
1; 1; 40; 1064
12; 1; 16; 1109
3; 1; 14; 1360
10; 1; 18; 1484
7; 1; 1; 1722
