**** 180 ****
66
98; 165; 1; 2; 0
90; 81; 1; 2; 6
108; 126; 2; 1; 13
141; 81; 2; 1; 13
132; 110; 1; 2; 15
166; 157; 2; 1; 15
133; 167; 2; 1; 28
139; 168; 1; 2; 31
174; 122; 2; 1; 32
139; 129; 2; 1; 36
133; 122; 1; 2; 41
113; 102; 2; 1; 43
175; 81; 1; 2; 43
82; 99; 2; 1; 45
96; 100; 2; 1; 46
84; 157; 1; 2; 52
121; 122; 1; 2; 54
176; 174; 2; 1; 55
158; 170; 2; 1; 59
171; 168; 1; 2; 59
94; 141; 1; 2; 60
107; 90; 1; 2; 69
150; 85; 1; 2; 81
118; 102; 1; 2; 86
146; 114; 2; 1; 89
123; 163; 1; 2; 91
102; 137; 1; 2; 91
123; 149; 1; 2; 109
172; 112; 1; 2; 114
135; 158; 2; 1; 115
171; 148; 2; 1; 120
172; 95; 2; 1; 142
104; 162; 1; 2; 147
126; 102; 2; 1; 148
161; 160; 2; 1; 148
165; 146; 2; 1; 157
149; 93; 1; 2; 161
115; 168; 2; 1; 162
124; 132; 2; 1; 163
115; 161; 2; 1; 169
116; 115; 1; 2; 179
143; 117; 2; 1; 179
90; 147; 2; 1; 182
87; 96; 2; 1; 182
135; 167; 1; 2; 192
131; 175; 1; 2; 192
86; 174; 2; 1; 195
170; 124; 2; 1; 196
91; 119; 1; 2; 199
83; 139; 1; 2; 200
162; 83; 2; 1; 204
162; 103; 2; 1; 209
137; 147; 2; 1; 214
160; 100; 2; 1; 223
147; 133; 1; 2; 224
124; 99; 2; 1; 226
130; 108; 2; 1; 227
148; 165; 1; 2; 227
87; 117; 1; 2; 227
142; 110; 2; 1; 231
106; 81; 2; 1; 232
177; 89; 2; 1; 234
134; 133; 2; 1; 243
163; 108; 1; 2; 260
161; 110; 1; 2; 261
160; 105; 2; 1; 271
16
4; 1; 24; 357
1; 1; 5; 917
5; 1; 41; 2776
0; 1; 36; 3516
14; 1; 38; 3673
7; 1; 12; 5121
2; 1; 7; 5149
12; 1; 34; 6496
13; 1; 4; 6688
8; 1; 1; 6769
11; 1; 12; 7190
15; 1; 25; 7468
3; 1; 29; 8045
9; 1; 4; 8077
10; 1; 7; 8089
6; 1; 48; 8283
