**** 181 ****
66
87; 98; 1; 2; 7
140; 173; 1; 2; 7
85; 112; 2; 1; 9
90; 91; 2; 1; 13
91; 112; 1; 2; 28
123; 149; 2; 1; 36
107; 129; 1; 2; 42
124; 155; 1; 2; 45
141; 108; 2; 1; 46
168; 94; 1; 2; 56
121; 96; 2; 1; 59
105; 136; 2; 1; 64
91; 139; 1; 2; 65
165; 153; 1; 2; 66
89; 101; 1; 2; 67
109; 157; 1; 2; 69
175; 163; 1; 2; 70
116; 156; 2; 1; 75
125; 84; 2; 1; 75
107; 175; 2; 1; 79
141; 153; 2; 1; 89
127; 90; 1; 2; 102
146; 106; 1; 2; 103
148; 147; 1; 2; 108
142; 139; 1; 2; 116
131; 168; 1; 2; 116
148; 168; 1; 2; 118
100; 132; 2; 1; 119
116; 132; 1; 2; 119
101; 148; 1; 2; 123
175; 128; 2; 1; 133
85; 120; 1; 2; 142
86; 134; 1; 2; 142
149; 97; 2; 1; 142
154; 159; 1; 2; 144
107; 84; 2; 1; 148
97; 113; 2; 1; 153
126; 168; 2; 1; 157
155; 129; 1; 2; 160
89; 143; 2; 1; 162
169; 97; 2; 1; 162
136; 89; 2; 1; 163
142; 135; 2; 1; 169
135; 103; 2; 1; 170
105; 109; 2; 1; 173
137; 152; 1; 2; 179
136; 173; 1; 2; 180
112; 94; 1; 2; 192
93; 124; 1; 2; 196
86; 100; 1; 2; 201
95; 83; 2; 1; 202
173; 150; 2; 1; 220
123; 174; 2; 1; 224
109; 168; 2; 1; 229
92; 125; 2; 1; 233
170; 146; 1; 2; 242
108; 110; 1; 2; 242
156; 96; 1; 2; 251
150; 98; 1; 2; 255
136; 103; 1; 2; 256
112; 163; 2; 1; 256
136; 114; 1; 2; 262
136; 99; 1; 2; 264
91; 84; 2; 1; 272
92; 83; 2; 1; 272
163; 156; 2; 1; 278
16
10; 1; 11; 105
13; 1; 45; 757
0; 1; 40; 2890
2; 1; 38; 2956
8; 1; 36; 4170
6; 1; 35; 4393
1; 1; 38; 4494
12; 1; 10; 4615
11; 1; 8; 4954
9; 1; 36; 5224
7; 1; 37; 5591
3; 1; 3; 5828
4; 1; 12; 7198
5; 1; 45; 7239
14; 1; 26; 7627
15; 1; 31; 8591
