**** 182 ****
66
120; 149; 2; 1; 0
177; 130; 1; 2; 3
100; 97; 1; 2; 3
150; 114; 2; 1; 6
102; 87; 1; 2; 7
168; 98; 1; 2; 10
141; 81; 2; 1; 18
128; 149; 2; 1; 22
116; 155; 2; 1; 28
98; 141; 1; 2; 29
142; 135; 2; 1; 35
147; 121; 2; 1; 42
144; 144; 2; 1; 47
101; 98; 1; 2; 49
155; 153; 2; 1; 57
85; 171; 1; 2; 58
147; 136; 1; 2; 62
111; 83; 1; 2; 64
116; 153; 2; 1; 76
88; 170; 1; 2; 87
171; 132; 1; 2; 87
167; 100; 1; 2; 88
87; 129; 1; 2; 90
177; 109; 2; 1; 90
132; 81; 2; 1; 96
163; 151; 2; 1; 99
96; 143; 1; 2; 103
105; 158; 1; 2; 103
119; 147; 1; 2; 103
160; 129; 2; 1; 107
164; 105; 2; 1; 111
173; 81; 2; 1; 118
89; 110; 2; 1; 123
105; 161; 2; 1; 123
166; 168; 1; 2; 127
90; 162; 2; 1; 127
136; 158; 1; 2; 133
148; 97; 1; 2; 137
168; 111; 2; 1; 139
94; 160; 2; 1; 141
141; 84; 1; 2; 146
102; 123; 2; 1; 147
149; 175; 1; 2; 151
85; 136; 2; 1; 155
147; 166; 2; 1; 159
86; 158; 2; 1; 179
89; 175; 2; 1; 186
112; 139; 2; 1; 188
99; 122; 2; 1; 205
112; 101; 1; 2; 207
128; 84; 1; 2; 214
110; 146; 1; 2; 218
159; 94; 1; 2; 225
133; 128; 2; 1; 234
119; 164; 1; 2; 234
96; 86; 2; 1; 235
154; 129; 1; 2; 239
103; 168; 2; 1; 250
91; 89; 2; 1; 252
96; 107; 2; 1; 253
86; 119; 2; 1; 259
146; 140; 2; 1; 264
116; 116; 1; 2; 267
98; 136; 2; 1; 276
147; 144; 2; 1; 277
156; 145; 2; 1; 279
16
12; 1; 38; 276
8; 1; 14; 843
5; 1; 12; 1359
11; 1; 31; 2218
3; 1; 26; 2307
13; 1; 41; 2749
7; 1; 47; 2904
4; 1; 25; 3996
15; 1; 18; 4859
14; 1; 18; 5763
1; 1; 18; 6222
6; 1; 38; 6758
0; 1; 38; 6922
2; 1; 48; 6963
9; 1; 2; 7185
10; 1; 29; 7702
