**** 183 ****
66
130; 141; 2; 1; 4
97; 121; 2; 1; 4
93; 100; 2; 1; 11
85; 116; 2; 1; 24
83; 86; 2; 1; 29
88; 176; 2; 1; 30
135; 125; 2; 1; 31
98; 157; 2; 1; 33
133; 137; 1; 2; 34
172; 122; 1; 2; 38
152; 110; 1; 2; 41
89; 142; 1; 2; 45
93; 106; 1; 2; 48
156; 152; 1; 2; 49
90; 131; 2; 1; 58
119; 109; 1; 2; 60
152; 127; 2; 1; 68
144; 132; 1; 2; 81
85; 84; 1; 2; 85
133; 152; 2; 1; 87
90; 140; 2; 1; 95
130; 128; 2; 1; 96
141; 159; 1; 2; 105
166; 153; 2; 1; 106
145; 146; 2; 1; 112
140; 98; 2; 1; 113
81; 114; 1; 2; 113
153; 139; 1; 2; 117
158; 81; 1; 2; 118
142; 128; 2; 1; 119
121; 139; 2; 1; 126
175; 140; 1; 2; 126
157; 171; 2; 1; 128
111; 157; 1; 2; 131
103; 91; 2; 1; 133
125; 86; 1; 2; 138
176; 177; 2; 1; 156
139; 156; 1; 2; 160
118; 177; 1; 2; 161
95; 90; 2; 1; 163
88; 104; 2; 1; 163
148; 102; 2; 1; 183
177; 153; 1; 2; 183
136; 129; 2; 1; 185
147; 145; 1; 2; 188
168; 82; 2; 1; 191
154; 112; 2; 1; 191
156; 170; 2; 1; 194
112; 94; 2; 1; 196
171; 87; 2; 1; 203
150; 173; 1; 2; 204
153; 156; 1; 2; 209
104; 86; 1; 2; 221
156; 147; 1; 2; 226
155; 170; 1; 2; 232
174; 123; 2; 1; 233
109; 141; 2; 1; 233
102; 144; 1; 2; 240
138; 149; 1; 2; 259
164; 108; 1; 2; 261
129; 99; 1; 2; 264
87; 93; 1; 2; 264
153; 95; 1; 2; 267
148; 86; 1; 2; 269
125; 118; 2; 1; 271
129; 125; 2; 1; 273
16
12; 1; 4; 693
3; 1; 25; 1882
4; 1; 6; 2757
13; 1; 39; 3973
10; 1; 31; 4053
15; 1; 18; 4216
6; 1; 22; 4829
1; 1; 40; 5056
11; 1; 20; 5272
0; 1; 17; 5515
8; 1; 48; 5548
14; 1; 18; 5716
9; 1; 43; 6086
7; 1; 7; 7455
2; 1; 24; 7803
5; 1; 1; 8067
