**** 184 ****
66
176; 135; 2; 1; 5
171; 166; 2; 1; 6
142; 129; 1; 2; 21
133; 154; 1; 2; 22
114; 167; 1; 2; 23
177; 176; 2; 1; 28
163; 106; 2; 1; 30
124; 172; 1; 2; 34
150; 168; 1; 2; 35
108; 112; 2; 1; 36
91; 152; 1; 2; 36
109; 109; 1; 2; 43
151; 134; 1; 2; 44
126; 155; 1; 2; 49
172; 145; 1; 2; 50
158; 121; 2; 1; 55
172; 102; 2; 1; 63
159; 93; 2; 1; 66
140; 82; 2; 1; 71
91; 122; 1; 2; 72
100; 162; 1; 2; 83
109; 107; 1; 2; 86
92; 175; 2; 1; 89
82; 83; 1; 2; 90
101; 155; 1; 2; 93
176; 119; 2; 1; 103
146; 86; 1; 2; 107
93; 165; 1; 2; 111
115; 162; 2; 1; 111
82; 91; 1; 2; 132
133; 146; 2; 1; 135
82; 168; 1; 2; 150
113; 164; 1; 2; 153
154; 158; 1; 2; 153
167; 117; 1; 2; 164
158; 175; 2; 1; 169
91; 145; 1; 2; 173
174; 104; 2; 1; 179
159; 127; 2; 1; 181
147; 175; 2; 1; 182
171; 109; 2; 1; 184
129; 177; 1; 2; 187
147; 106; 2; 1; 187
175; 127; 2; 1; 196
107; 103; 1; 2; 199
130; 97; 1; 2; 205
171; 115; 2; 1; 215
94; 118; 1; 2; 229
115; 134; 2; 1; 234
95; 105; 1; 2; 241
98; 174; 1; 2; 243
93; 85; 1; 2; 243
99; 143; 1; 2; 247
102; 108; 1; 2; 248
108; 100; 1; 2; 250
163; 108; 1; 2; 254
164; 131; 2; 1; 261
154; 105; 1; 2; 265
132; 152; 1; 2; 269
130; 163; 2; 1; 272
83; 144; 1; 2; 273
148; 83; 2; 1; 274
119; 170; 1; 2; 274
132; 85; 1; 2; 277
164; 130; 2; 1; 281
125; 112; 1; 2; 282
16
9; 1; 5; 249
10; 1; 28; 280
7; 1; 8; 381
0; 1; 37; 1697
15; 1; 2; 2312
3; 1; 24; 2799
5; 1; 29; 5131
14; 1; 30; 5621
8; 1; 39; 5656
12; 1; 2; 6002
11; 1; 28; 6324
1; 1; 36; 6912
4; 1; 22; 7051
6; 1; 23; 7537
13; 1; 25; 7561
2; 1; 27; 7787
