**** 185 ****
66
130; 92; 2; 1; 2
146; 164; 2; 1; 4
138; 117; 2; 1; 9
145; 143; 1; 2; 10
106; 142; 2; 1; 13
86; 129; 1; 2; 26
140; 166; 1; 2; 32
173; 157; 2; 1; 35
118; 96; 2; 1; 35
163; 151; 2; 1; 38
104; 111; 1; 2; 42
94; 89; 1; 2; 46
105; 84; 1; 2; 53
117; 83; 1; 2; 54
112; 127; 2; 1; 56
128; 130; 2; 1; 57
176; 134; 2; 1; 66
100; 167; 2; 1; 74
127; 151; 1; 2; 76
174; 93; 2; 1; 84
175; 150; 2; 1; 94
127; 81; 1; 2; 97
153; 138; 1; 2; 99
113; 124; 2; 1; 99
127; 117; 1; 2; 100
93; 113; 2; 1; 103
141; 101; 2; 1; 103
157; 144; 2; 1; 108
95; 162; 1; 2; 114
98; 159; 2; 1; 117
124; 166; 1; 2; 119
150; 102; 2; 1; 133
159; 174; 1; 2; 133
126; 155; 1; 2; 136
97; 105; 1; 2; 141
88; 105; 1; 2; 154
112; 143; 2; 1; 154
139; 106; 1; 2; 156
161; 166; 2; 1; 161
83; 130; 1; 2; 165
91; 140; 1; 2; 169
108; 100; 2; 1; 172
157; 116; 1; 2; 172
92; 147; 2; 1; 181
100; 137; 1; 2; 182
158; 112; 1; 2; 185
118; 175; 2; 1; 193
113; 122; 1; 2; 195
156; 158; 2; 1; 197
158; 124; 1; 2; 199
128; 88; 2; 1; 206
169; 158; 2; 1; 215
113; 89; 2; 1; 219
134; 99; 1; 2; 222
137; 87; 1; 2; 224
167; 120; 1; 2; 226
114; 130; 1; 2; 231
104; 131; 1; 2; 246
134; 132; 2; 1; 247
116; 107; 1; 2; 258
105; 162; 2; 1; 264
88; 161; 1; 2; 265
175; 117; 2; 1; 265
155; 96; 2; 1; 266
96; 126; 1; 2; 278
148; 172; 2; 1; 283
16
6; 1; 15; 370
13; 1; 49; 1209
5; 1; 46; 1898
11; 1; 29; 2876
3; 1; 2; 4208
10; 1; 30; 4509
14; 1; 4; 4789
9; 1; 1; 4849
12; 1; 2; 5620
0; 1; 14; 5761
8; 1; 30; 6117
4; 1; 11; 6183
2; 1; 22; 7579
1; 1; 38; 7952
15; 1; 4; 8399
7; 1; 38; 8588
