**** 186 ****
66
93; 161; 2; 1; 0
124; 106; 2; 1; 4
168; 99; 1; 2; 9
98; 83; 2; 1; 9
157; 132; 2; 1; 27
133; 108; 1; 2; 31
168; 127; 1; 2; 34
177; 125; 1; 2; 39
129; 97; 1; 2; 39
115; 105; 1; 2; 58
138; 139; 2; 1; 61
94; 138; 2; 1; 75
100; 142; 2; 1; 76
108; 109; 2; 1; 77
100; 125; 1; 2; 77
165; 137; 2; 1; 77
160; 81; 2; 1; 80
174; 124; 1; 2; 81
118; 127; 2; 1; 87
174; 110; 2; 1; 92
97; 125; 1; 2; 92
141; 141; 2; 1; 97
143; 141; 2; 1; 100
150; 118; 1; 2; 105
95; 129; 1; 2; 115
153; 138; 1; 2; 115
145; 112; 1; 2; 119
175; 175; 2; 1; 124
177; 107; 1; 2; 129
124; 106; 2; 1; 133
113; 175; 2; 1; 136
108; 156; 1; 2; 136
157; 85; 1; 2; 141
163; 148; 2; 1; 141
175; 147; 2; 1; 150
166; 158; 2; 1; 153
146; 94; 1; 2; 153
86; 167; 1; 2; 160
144; 129; 2; 1; 168
139; 170; 2; 1; 176
102; 122; 1; 2; 182
116; 132; 2; 1; 185
95; 90; 2; 1; 186
137; 102; 2; 1; 187
177; 164; 2; 1; 191
169; 104; 2; 1; 197
169; 110; 1; 2; 200
153; 99; 2; 1; 210
162; 104; 2; 1; 211
127; 176; 1; 2; 213
146; 97; 2; 1; 213
119; 169; 2; 1; 218
155; 131; 2; 1; 222
128; 161; 1; 2; 227
140; 141; 2; 1; 230
154; 150; 1; 2; 230
158; 129; 1; 2; 235
165; 167; 2; 1; 237
155; 85; 2; 1; 238
155; 134; 2; 1; 242
97; 113; 2; 1; 247
172; 157; 2; 1; 249
139; 173; 2; 1; 254
138; 144; 2; 1; 259
95; 158; 2; 1; 275
134; 106; 1; 2; 282
16
7; 1; 37; 209
15; 1; 26; 1759
11; 1; 4; 2465
4; 1; 9; 3329
5; 1; 4; 3554
14; 1; 32; 3777
10; 1; 6; 4454
1; 1; 9; 5335
2; 1; 11; 5518
0; 1; 49; 6085
6; 1; 27; 6407
8; 1; 4; 6964
3; 1; 35; 7527
12; 1; 35; 7745
9; 1; 40; 7809
13; 1; 39; 8410
