**** 187 ****
67
177; 140; 1; 2; 13
112; 147; 1; 2; 16
106; 101; 1; 2; 23
108; 167; 2; 1; 37
116; 174; 2; 1; 40
129; 135; 1; 2; 40
167; 135; 1; 2; 52
93; 144; 2; 1; 57
90; 184; 2; 1; 65
159; 92; 1; 2; 65
141; 168; 2; 1; 66
156; 138; 1; 2; 68
158; 153; 2; 1; 68
182; 142; 2; 1; 69
182; 119; 2; 1; 72
179; 159; 2; 1; 74
131; 148; 2; 1; 79
145; 116; 1; 2; 80
108; 87; 1; 2; 82
105; 167; 1; 2; 85
117; 157; 1; 2; 86
102; 158; 2; 1; 88
169; 152; 1; 2; 91
97; 99; 1; 2; 109
119; 179; 1; 2; 113
104; 175; 2; 1; 116
97; 159; 2; 1; 120
170; 168; 1; 2; 130
135; 100; 1; 2; 147
95; 175; 1; 2; 147
179; 166; 1; 2; 148
174; 139; 1; 2; 153
152; 113; 2; 1; 154
112; 141; 1; 2; 156
160; 145; 1; 2; 162
159; 97; 2; 1; 164
114; 87; 1; 2; 167
179; 100; 2; 1; 167
116; 107; 2; 1; 170
100; 177; 2; 1; 180
96; 178; 1; 2; 180
97; 106; 2; 1; 183
166; 132; 1; 2; 184
174; 151; 2; 1; 196
118; 100; 2; 1; 202
157; 119; 2; 1; 208
105; 103; 2; 1; 213
104; 100; 2; 1; 213
94; 89; 1; 2; 214
137; 161; 1; 2; 216
181; 162; 2; 1; 219
114; 150; 1; 2; 223
90; 89; 1; 2; 223
160; 147; 2; 1; 228
120; 115; 2; 1; 228
137; 111; 2; 1; 230
183; 146; 2; 1; 234
105; 90; 1; 2; 238
154; 183; 1; 2; 257
154; 110; 1; 2; 264
128; 143; 1; 2; 266
137; 106; 2; 1; 275
181; 105; 2; 1; 275
115; 149; 2; 1; 279
181; 179; 2; 1; 280
155; 183; 1; 2; 283
158; 103; 2; 1; 283
16
5; 1; 13; 373
3; 1; 40; 634
0; 1; 16; 1402
7; 1; 38; 1641
10; 1; 16; 1908
6; 1; 37; 2997
12; 1; 46; 3885
9; 1; 41; 4634
11; 1; 12; 5086
2; 1; 33; 5209
8; 1; 4; 6236
1; 1; 49; 6258
14; 1; 17; 6510
4; 1; 27; 7699
15; 1; 35; 7971
13; 1; 13; 9311
