**** 188 ****
67
180; 179; 2; 1; 0
183; 87; 2; 1; 7
124; 118; 2; 1; 18
130; 121; 2; 1; 18
174; 141; 1; 2; 24
146; 93; 2; 1; 26
128; 129; 1; 2; 34
115; 125; 1; 2; 36
162; 127; 2; 1; 44
162; 121; 2; 1; 47
151; 150; 2; 1; 61
178; 90; 1; 2; 77
124; 163; 1; 2; 77
100; 123; 2; 1; 79
169; 157; 1; 2; 79
144; 123; 1; 2; 83
138; 103; 1; 2; 86
171; 116; 1; 2; 87
130; 121; 1; 2; 89
147; 127; 1; 2; 91
96; 171; 1; 2; 98
104; 151; 2; 1; 99
121; 124; 1; 2; 102
103; 102; 1; 2; 107
184; 157; 2; 1; 110
128; 173; 1; 2; 125
106; 92; 1; 2; 127
161; 170; 1; 2; 131
156; 185; 2; 1; 138
122; 91; 2; 1; 141
100; 169; 1; 2; 143
126; 92; 1; 2; 144
91; 143; 2; 1; 148
110; 183; 1; 2; 150
139; 146; 2; 1; 156
176; 178; 1; 2; 157
176; 121; 1; 2; 169
176; 115; 1; 2; 171
136; 103; 2; 1; 175
171; 114; 2; 1; 184
152; 145; 2; 1; 187
139; 129; 2; 1; 190
133; 149; 1; 2; 191
177; 151; 1; 2; 202
136; 152; 2; 1; 205
104; 161; 2; 1; 207
115; 133; 1; 2; 208
162; 181; 2; 1; 210
111; 154; 1; 2; 213
173; 181; 2; 1; 214
142; 180; 2; 1; 216
120; 110; 1; 2; 224
128; 181; 2; 1; 225
149; 111; 2; 1; 228
136; 130; 2; 1; 229
177; 142; 1; 2; 234
130; 171; 1; 2; 235
179; 128; 2; 1; 236
120; 154; 1; 2; 240
152; 139; 2; 1; 244
100; 89; 1; 2; 255
131; 101; 1; 2; 261
94; 168; 2; 1; 261
131; 109; 1; 2; 280
151; 121; 2; 1; 281
151; 121; 1; 2; 281
165; 87; 2; 1; 285
16
1; 1; 25; 271
9; 1; 35; 848
7; 1; 19; 910
11; 1; 19; 1205
10; 1; 34; 2219
6; 1; 43; 2880
3; 1; 45; 3637
4; 1; 16; 4297
15; 1; 4; 4336
12; 1; 43; 4525
0; 1; 15; 4973
2; 1; 26; 5388
14; 1; 18; 6205
5; 1; 14; 7330
13; 1; 5; 7705
8; 1; 45; 7953
