**** 189 ****
67
109; 114; 2; 1; 12
120; 165; 1; 2; 13
103; 158; 1; 2; 15
107; 179; 1; 2; 36
87; 101; 2; 1; 39
127; 88; 1; 2; 45
164; 139; 2; 1; 55
148; 86; 2; 1; 60
179; 148; 1; 2; 63
144; 163; 2; 1; 67
89; 169; 2; 1; 69
172; 153; 2; 1; 82
121; 143; 2; 1; 98
137; 148; 1; 2; 98
108; 176; 1; 2; 105
139; 154; 1; 2; 110
122; 102; 2; 1; 118
170; 152; 1; 2; 122
180; 172; 2; 1; 127
127; 121; 2; 1; 132
174; 88; 2; 1; 134
178; 134; 2; 1; 137
182; 144; 1; 2; 140
89; 150; 2; 1; 141
157; 171; 1; 2; 141
159; 148; 2; 1; 142
153; 133; 2; 1; 148
110; 148; 2; 1; 150
141; 117; 2; 1; 151
141; 122; 1; 2; 154
176; 167; 2; 1; 158
112; 177; 1; 2; 159
127; 177; 2; 1; 165
115; 175; 1; 2; 168
123; 166; 2; 1; 171
139; 118; 2; 1; 171
163; 165; 1; 2; 174
139; 109; 1; 2; 180
119; 125; 1; 2; 182
173; 108; 2; 1; 184
163; 185; 1; 2; 193
124; 113; 2; 1; 198
155; 88; 1; 2; 200
161; 165; 2; 1; 201
137; 92; 2; 1; 203
87; 172; 1; 2; 204
111; 139; 2; 1; 216
107; 157; 2; 1; 217
91; 126; 2; 1; 217
122; 152; 1; 2; 219
126; 114; 2; 1; 225
99; 156; 2; 1; 231
172; 126; 1; 2; 234
107; 147; 1; 2; 235
158; 182; 2; 1; 243
135; 139; 2; 1; 247
141; 185; 1; 2; 253
175; 145; 1; 2; 255
102; 161; 2; 1; 256
87; 101; 2; 1; 263
143; 150; 2; 1; 266
183; 105; 1; 2; 269
125; 133; 1; 2; 273
117; 153; 1; 2; 273
104; 96; 2; 1; 281
150; 135; 2; 1; 281
184; 156; 1; 2; 287
16
14; 1; 25; 203
1; 1; 14; 773
12; 1; 48; 1873
8; 1; 27; 1967
15; 1; 27; 2587
5; 1; 14; 3486
4; 1; 45; 3548
9; 1; 46; 3673
2; 1; 19; 4637
0; 1; 10; 4837
6; 1; 22; 5055
10; 1; 26; 5097
3; 1; 16; 6290
13; 1; 44; 8497
7; 1; 25; 8842
11; 1; 34; 8868
