**** 19 ****
51
15; 47; 2; 1; 5
10; 46; 1; 2; 8
17; 8; 1; 2; 10
9; 18; 1; 2; 10
9; 38; 2; 1; 18
16; 32; 1; 2; 22
44; 20; 1; 2; 24
7; 37; 1; 2; 26
28; 39; 1; 2; 28
26; 30; 2; 1; 29
39; 32; 2; 1; 29
44; 17; 2; 1; 29
23; 50; 2; 1; 30
30; 45; 1; 2; 31
31; 18; 1; 2; 33
39; 15; 1; 2; 36
11; 20; 2; 1; 40
13; 54; 2; 1; 40
49; 14; 2; 1; 44
39; 28; 2; 1; 47
14; 21; 2; 1; 47
20; 41; 1; 2; 53
13; 19; 2; 1; 54
55; 20; 1; 2; 55
35; 28; 2; 1; 61
50; 40; 2; 1; 67
13; 56; 2; 1; 68
24; 56; 2; 1; 69
36; 39; 1; 2; 69
9; 31; 1; 2; 73
19; 25; 1; 2; 74
34; 55; 2; 1; 74
8; 48; 2; 1; 82
42; 33; 1; 2; 84
13; 21; 2; 1; 84
34; 14; 1; 2; 84
48; 18; 1; 2; 87
56; 39; 1; 2; 90
36; 8; 1; 2; 92
13; 28; 2; 1; 94
31; 24; 1; 2; 94
32; 50; 2; 1; 96
54; 52; 2; 1; 97
22; 30; 2; 1; 99
8; 25; 1; 2; 101
41; 29; 1; 2; 107
33; 13; 1; 2; 107
34; 43; 1; 2; 110
29; 6; 1; 2; 112
31; 35; 2; 1; 112
41; 52; 1; 2; 112
13
4; 1; 48; 93
1; 1; 7; 177
0; 1; 16; 365
6; 1; 29; 627
12; 1; 11; 834
2; 1; 33; 936
10; 1; 10; 976
3; 1; 37; 1162
7; 1; 23; 1266
9; 1; 25; 1298
5; 1; 6; 1334
8; 1; 14; 1585
11; 1; 38; 1697
