**** 190 ****
67
86; 164; 1; 2; 7
178; 180; 2; 1; 13
184; 154; 1; 2; 13
141; 160; 2; 1; 14
133; 122; 2; 1; 15
133; 89; 2; 1; 20
96; 107; 2; 1; 23
94; 177; 2; 1; 28
151; 154; 1; 2; 29
156; 160; 1; 2; 40
177; 133; 1; 2; 42
178; 125; 2; 1; 43
138; 134; 2; 1; 45
170; 168; 1; 2; 50
86; 101; 2; 1; 54
159; 128; 2; 1; 59
94; 144; 2; 1; 64
96; 132; 2; 1; 69
87; 159; 1; 2; 72
167; 87; 1; 2; 73
135; 142; 1; 2; 74
106; 179; 1; 2; 80
157; 93; 1; 2; 87
131; 95; 2; 1; 92
147; 183; 1; 2; 104
97; 177; 2; 1; 105
172; 156; 1; 2; 109
156; 133; 2; 1; 110
177; 157; 2; 1; 113
93; 101; 2; 1; 127
156; 183; 1; 2; 129
177; 178; 2; 1; 133
97; 135; 2; 1; 138
163; 136; 2; 1; 145
93; 138; 2; 1; 152
90; 172; 2; 1; 153
159; 103; 2; 1; 161
128; 127; 1; 2; 170
108; 106; 1; 2; 170
124; 178; 2; 1; 176
141; 145; 1; 2; 189
98; 160; 1; 2; 189
113; 123; 1; 2; 192
185; 120; 1; 2; 198
184; 179; 2; 1; 202
168; 95; 1; 2; 203
136; 88; 1; 2; 204
154; 175; 2; 1; 206
110; 137; 2; 1; 210
152; 141; 2; 1; 215
102; 165; 1; 2; 215
184; 137; 2; 1; 226
90; 156; 2; 1; 229
112; 132; 1; 2; 232
152; 124; 1; 2; 235
134; 157; 1; 2; 235
118; 177; 1; 2; 236
86; 168; 1; 2; 245
112; 139; 2; 1; 248
137; 127; 1; 2; 250
89; 113; 1; 2; 253
180; 86; 1; 2; 255
146; 89; 1; 2; 255
148; 166; 2; 1; 257
136; 92; 1; 2; 268
111; 119; 1; 2; 273
166; 161; 1; 2; 276
16
1; 1; 33; 584
14; 1; 1; 632
8; 1; 44; 1172
5; 1; 37; 1673
9; 1; 23; 2137
4; 1; 6; 3612
0; 1; 1; 4561
6; 1; 37; 4959
2; 1; 12; 5589
12; 1; 12; 5612
10; 1; 27; 6106
15; 1; 7; 7497
11; 1; 43; 7531
13; 1; 19; 7718
7; 1; 9; 7863
3; 1; 30; 8004
