**** 191 ****
67
89; 112; 2; 1; 3
149; 109; 1; 2; 5
100; 107; 2; 1; 5
102; 129; 1; 2; 7
89; 121; 2; 1; 7
161; 148; 1; 2; 14
132; 137; 1; 2; 14
103; 169; 1; 2; 15
101; 110; 2; 1; 17
165; 142; 2; 1; 17
130; 144; 1; 2; 25
179; 151; 2; 1; 50
169; 181; 1; 2; 58
131; 115; 2; 1; 58
113; 121; 2; 1; 63
158; 182; 1; 2; 64
139; 89; 1; 2; 65
127; 164; 1; 2; 73
131; 181; 2; 1; 75
177; 114; 1; 2; 79
90; 91; 2; 1; 81
158; 170; 2; 1; 85
100; 136; 1; 2; 99
138; 116; 1; 2; 100
104; 170; 1; 2; 105
181; 151; 1; 2; 111
130; 139; 2; 1; 113
139; 130; 2; 1; 121
145; 174; 1; 2; 133
138; 100; 1; 2; 134
152; 89; 1; 2; 135
140; 121; 1; 2; 149
182; 184; 1; 2; 150
116; 92; 1; 2; 151
92; 92; 1; 2; 155
131; 136; 1; 2; 156
133; 111; 2; 1; 158
109; 89; 2; 1; 161
171; 124; 2; 1; 164
123; 94; 2; 1; 169
156; 148; 1; 2; 177
172; 139; 2; 1; 179
143; 181; 2; 1; 181
143; 101; 2; 1; 184
132; 128; 1; 2; 185
158; 94; 1; 2; 192
131; 162; 1; 2; 194
180; 181; 2; 1; 196
112; 120; 2; 1; 196
101; 174; 1; 2; 200
99; 126; 1; 2; 200
154; 91; 1; 2; 218
112; 104; 2; 1; 220
89; 144; 2; 1; 228
144; 110; 2; 1; 230
128; 166; 1; 2; 232
173; 121; 1; 2; 247
119; 159; 2; 1; 249
118; 175; 1; 2; 249
155; 173; 1; 2; 250
131; 111; 1; 2; 256
153; 141; 1; 2; 257
109; 119; 2; 1; 258
90; 144; 2; 1; 258
185; 122; 2; 1; 260
139; 130; 1; 2; 274
163; 90; 1; 2; 281
16
2; 1; 17; 1861
10; 1; 12; 2695
11; 1; 31; 2726
12; 1; 24; 2778
3; 1; 2; 3642
8; 1; 8; 4068
0; 1; 9; 5749
4; 1; 3; 6270
1; 1; 11; 6424
7; 1; 3; 6809
13; 1; 4; 6833
14; 1; 32; 7364
5; 1; 45; 7451
6; 1; 2; 8337
15; 1; 27; 8670
9; 1; 21; 9100
