**** 192 ****
67
112; 162; 2; 1; 1
146; 171; 2; 1; 5
150; 111; 1; 2; 7
92; 178; 1; 2; 12
152; 97; 2; 1; 13
115; 180; 2; 1; 21
144; 115; 1; 2; 21
168; 156; 2; 1; 22
97; 170; 2; 1; 24
140; 103; 1; 2; 25
118; 145; 2; 1; 25
109; 180; 2; 1; 31
86; 154; 2; 1; 39
95; 179; 1; 2; 42
150; 95; 1; 2; 46
118; 95; 2; 1; 46
132; 112; 1; 2; 57
88; 162; 1; 2; 59
173; 143; 1; 2; 63
175; 175; 2; 1; 64
118; 180; 2; 1; 71
115; 93; 2; 1; 71
151; 173; 2; 1; 74
135; 165; 1; 2; 78
106; 117; 2; 1; 78
164; 125; 2; 1; 87
159; 144; 2; 1; 89
95; 174; 1; 2; 91
180; 185; 2; 1; 92
157; 182; 2; 1; 94
175; 179; 1; 2; 96
109; 167; 1; 2; 105
133; 184; 2; 1; 113
185; 93; 1; 2; 113
114; 147; 1; 2; 120
100; 101; 1; 2; 140
95; 127; 1; 2; 141
141; 97; 2; 1; 142
181; 154; 2; 1; 142
117; 130; 2; 1; 144
109; 131; 1; 2; 153
114; 90; 1; 2; 154
153; 172; 2; 1; 162
131; 133; 2; 1; 168
178; 116; 1; 2; 170
138; 157; 1; 2; 175
121; 109; 1; 2; 177
100; 171; 1; 2; 178
177; 184; 1; 2; 183
142; 161; 2; 1; 184
102; 95; 2; 1; 199
121; 156; 1; 2; 203
177; 161; 1; 2; 204
114; 111; 1; 2; 204
93; 172; 1; 2; 204
100; 133; 1; 2; 229
148; 141; 1; 2; 233
92; 169; 2; 1; 237
128; 173; 2; 1; 239
165; 89; 1; 2; 246
168; 172; 2; 1; 252
105; 168; 2; 1; 272
184; 120; 1; 2; 273
112; 109; 2; 1; 277
150; 163; 1; 2; 280
125; 89; 2; 1; 281
174; 121; 2; 1; 288
16
13; 1; 9; 387
9; 1; 28; 543
2; 1; 25; 573
5; 1; 30; 1401
1; 1; 23; 2293
7; 1; 10; 2357
14; 1; 28; 3660
12; 1; 28; 4030
4; 1; 29; 4535
10; 1; 5; 5505
11; 1; 47; 6234
8; 1; 30; 6637
3; 1; 17; 6858
0; 1; 21; 7199
15; 1; 28; 7589
6; 1; 17; 8762
