**** 193 ****
67
125; 128; 1; 2; 0
141; 165; 1; 2; 3
166; 101; 2; 1; 10
98; 163; 1; 2; 15
115; 166; 2; 1; 16
102; 159; 2; 1; 18
176; 109; 1; 2; 22
125; 181; 1; 2; 26
88; 116; 1; 2; 35
184; 165; 2; 1; 46
158; 114; 2; 1; 50
173; 131; 1; 2; 52
157; 117; 2; 1; 55
103; 112; 1; 2; 57
117; 128; 2; 1; 60
162; 150; 2; 1; 62
113; 145; 1; 2; 65
180; 110; 2; 1; 68
142; 108; 2; 1; 85
185; 150; 1; 2; 86
128; 176; 1; 2; 88
114; 97; 2; 1; 92
174; 133; 2; 1; 92
106; 99; 2; 1; 93
171; 95; 1; 2; 99
127; 141; 1; 2; 103
135; 130; 1; 2; 104
171; 117; 1; 2; 105
109; 172; 2; 1; 114
171; 185; 2; 1; 120
145; 166; 2; 1; 127
182; 88; 1; 2; 153
92; 137; 1; 2; 156
174; 181; 2; 1; 160
90; 179; 1; 2; 163
102; 161; 2; 1; 175
107; 151; 2; 1; 176
180; 145; 1; 2; 180
122; 136; 1; 2; 188
115; 183; 1; 2; 190
159; 104; 1; 2; 191
145; 122; 2; 1; 196
172; 155; 2; 1; 197
114; 181; 2; 1; 203
140; 177; 2; 1; 207
110; 137; 2; 1; 209
97; 147; 1; 2; 209
145; 110; 2; 1; 210
150; 150; 1; 2; 212
131; 159; 2; 1; 215
150; 124; 1; 2; 216
157; 126; 2; 1; 217
113; 142; 1; 2; 218
89; 154; 2; 1; 227
151; 151; 1; 2; 227
133; 111; 1; 2; 231
143; 102; 2; 1; 231
128; 168; 2; 1; 248
179; 165; 2; 1; 250
176; 91; 2; 1; 250
107; 181; 1; 2; 261
131; 162; 1; 2; 261
161; 140; 1; 2; 265
177; 180; 1; 2; 279
169; 162; 1; 2; 280
90; 123; 1; 2; 288
125; 146; 2; 1; 288
16
6; 1; 5; 8
3; 1; 45; 1013
15; 1; 25; 2158
1; 1; 38; 2204
2; 1; 25; 2347
11; 1; 29; 3227
9; 1; 19; 3729
7; 1; 39; 4637
13; 1; 10; 4958
14; 1; 24; 7344
4; 1; 4; 7421
12; 1; 14; 7884
0; 1; 36; 8198
5; 1; 34; 8631
10; 1; 48; 9173
8; 1; 22; 9298
