**** 194 ****
67
149; 94; 1; 2; 0
136; 156; 1; 2; 2
113; 129; 1; 2; 9
178; 177; 2; 1; 11
127; 93; 2; 1; 14
139; 169; 1; 2; 22
114; 170; 2; 1; 26
130; 97; 1; 2; 29
141; 150; 1; 2; 51
87; 181; 2; 1; 53
108; 132; 1; 2; 59
164; 146; 2; 1; 63
127; 143; 1; 2; 71
97; 123; 2; 1; 71
149; 105; 2; 1; 90
98; 162; 2; 1; 95
130; 88; 2; 1; 112
178; 149; 2; 1; 117
141; 105; 1; 2; 119
162; 159; 1; 2; 121
98; 160; 1; 2; 121
134; 137; 1; 2; 123
127; 147; 2; 1; 126
94; 147; 1; 2; 132
167; 156; 1; 2; 132
164; 157; 1; 2; 135
165; 161; 1; 2; 140
176; 168; 1; 2; 147
182; 139; 2; 1; 147
147; 158; 1; 2; 147
103; 144; 2; 1; 152
168; 102; 1; 2; 157
132; 91; 2; 1; 159
140; 123; 1; 2; 161
155; 173; 2; 1; 162
96; 174; 1; 2; 167
174; 175; 2; 1; 175
183; 178; 1; 2; 184
171; 129; 2; 1; 187
181; 101; 1; 2; 192
96; 124; 1; 2; 195
87; 111; 2; 1; 197
114; 178; 1; 2; 202
177; 114; 1; 2; 208
163; 153; 1; 2; 212
125; 169; 1; 2; 213
87; 126; 2; 1; 222
144; 184; 2; 1; 225
159; 107; 1; 2; 225
114; 91; 1; 2; 228
119; 160; 1; 2; 232
147; 119; 1; 2; 236
130; 93; 2; 1; 240
148; 123; 1; 2; 244
131; 116; 1; 2; 248
172; 90; 2; 1; 252
152; 167; 2; 1; 260
86; 131; 2; 1; 260
168; 178; 2; 1; 264
93; 142; 1; 2; 273
175; 136; 2; 1; 275
92; 141; 2; 1; 276
155; 101; 2; 1; 280
151; 173; 2; 1; 281
169; 152; 1; 2; 290
134; 108; 1; 2; 291
94; 134; 2; 1; 292
16
4; 1; 38; 1438
10; 1; 17; 1494
7; 1; 25; 2434
6; 1; 1; 3773
8; 1; 9; 4286
14; 1; 18; 4382
15; 1; 40; 4745
3; 1; 33; 5083
12; 1; 32; 5559
2; 1; 10; 6241
13; 1; 11; 7371
1; 1; 38; 7745
5; 1; 47; 7869
9; 1; 35; 8145
11; 1; 41; 8825
0; 1; 35; 8893
