**** 195 ****
67
97; 122; 2; 1; 0
94; 115; 1; 2; 3
128; 180; 2; 1; 3
126; 176; 1; 2; 5
118; 98; 1; 2; 14
110; 109; 2; 1; 15
185; 128; 2; 1; 21
179; 91; 2; 1; 21
131; 103; 2; 1; 28
98; 123; 2; 1; 30
138; 178; 1; 2; 39
166; 182; 1; 2; 42
147; 126; 2; 1; 58
102; 166; 2; 1; 63
98; 176; 2; 1; 66
99; 92; 2; 1; 71
115; 176; 1; 2; 73
96; 177; 1; 2; 82
132; 154; 2; 1; 92
130; 169; 1; 2; 98
152; 174; 2; 1; 102
87; 103; 2; 1; 106
153; 119; 1; 2; 107
143; 98; 1; 2; 108
144; 86; 1; 2; 108
102; 86; 1; 2; 109
126; 137; 1; 2; 121
157; 110; 1; 2; 122
178; 115; 1; 2; 124
176; 174; 2; 1; 126
130; 91; 2; 1; 127
107; 177; 2; 1; 130
149; 156; 2; 1; 144
98; 127; 1; 2; 147
112; 151; 2; 1; 149
105; 96; 2; 1; 155
154; 163; 2; 1; 159
150; 91; 2; 1; 165
152; 133; 1; 2; 171
114; 143; 2; 1; 178
105; 153; 1; 2; 183
164; 118; 2; 1; 187
144; 153; 2; 1; 191
176; 120; 1; 2; 192
158; 154; 2; 1; 196
163; 106; 2; 1; 199
167; 150; 2; 1; 202
139; 114; 1; 2; 204
113; 170; 2; 1; 207
153; 94; 1; 2; 209
120; 147; 2; 1; 210
131; 166; 1; 2; 222
154; 100; 2; 1; 228
100; 90; 1; 2; 229
167; 175; 2; 1; 229
138; 158; 2; 1; 230
105; 158; 2; 1; 233
91; 93; 1; 2; 236
90; 97; 1; 2; 249
166; 146; 2; 1; 251
105; 158; 2; 1; 269
147; 150; 2; 1; 272
180; 184; 2; 1; 273
109; 106; 2; 1; 274
117; 132; 1; 2; 280
179; 130; 2; 1; 288
150; 91; 2; 1; 291
16
0; 1; 43; 155
1; 1; 26; 707
15; 1; 15; 797
5; 1; 9; 909
4; 1; 48; 1008
12; 1; 16; 1273
8; 1; 34; 1544
14; 1; 28; 1810
9; 1; 20; 2177
6; 1; 48; 3629
10; 1; 5; 3759
3; 1; 5; 4737
11; 1; 14; 5286
7; 1; 12; 7866
13; 1; 9; 8577
2; 1; 36; 8905
