**** 196 ****
67
182; 162; 1; 2; 2
136; 111; 1; 2; 4
159; 98; 1; 2; 7
176; 109; 1; 2; 13
92; 151; 1; 2; 16
170; 107; 2; 1; 19
88; 184; 2; 1; 20
183; 109; 2; 1; 21
185; 128; 2; 1; 24
121; 95; 2; 1; 36
131; 143; 1; 2; 44
86; 105; 1; 2; 59
99; 135; 1; 2; 59
91; 178; 1; 2; 71
166; 126; 2; 1; 74
177; 162; 2; 1; 76
88; 165; 2; 1; 77
86; 134; 1; 2; 79
142; 144; 2; 1; 87
130; 176; 1; 2; 92
150; 115; 2; 1; 100
113; 89; 1; 2; 106
177; 170; 1; 2; 108
130; 173; 2; 1; 117
136; 130; 1; 2; 119
100; 119; 1; 2; 138
174; 147; 1; 2; 143
141; 143; 1; 2; 148
105; 177; 1; 2; 149
184; 113; 2; 1; 153
106; 95; 1; 2; 155
173; 124; 1; 2; 155
183; 97; 2; 1; 156
117; 168; 1; 2; 157
100; 178; 1; 2; 172
110; 111; 2; 1; 179
132; 105; 2; 1; 179
137; 111; 1; 2; 180
159; 116; 2; 1; 185
185; 123; 2; 1; 185
173; 184; 2; 1; 185
103; 153; 1; 2; 189
147; 174; 2; 1; 198
168; 121; 2; 1; 199
135; 149; 1; 2; 202
185; 128; 1; 2; 207
178; 109; 1; 2; 211
108; 96; 2; 1; 219
117; 163; 1; 2; 219
147; 156; 1; 2; 221
153; 103; 1; 2; 231
107; 107; 2; 1; 236
130; 164; 1; 2; 240
153; 179; 2; 1; 254
140; 169; 2; 1; 260
146; 126; 1; 2; 266
147; 159; 1; 2; 268
121; 132; 2; 1; 275
126; 130; 1; 2; 278
153; 138; 2; 1; 278
153; 185; 2; 1; 288
103; 120; 2; 1; 289
146; 125; 1; 2; 289
175; 90; 2; 1; 289
90; 144; 1; 2; 290
86; 95; 1; 2; 291
150; 118; 1; 2; 294
16
3; 1; 12; 732
2; 1; 38; 1669
15; 1; 13; 3019
4; 1; 36; 5026
13; 1; 14; 5864
5; 1; 41; 6386
6; 1; 46; 7330
14; 1; 15; 7380
10; 1; 39; 7674
8; 1; 15; 8160
0; 1; 44; 8280
1; 1; 24; 8716
7; 1; 42; 8866
11; 1; 47; 8917
12; 1; 16; 9077
9; 1; 44; 9151
