**** 197 ****
67
90; 182; 1; 2; 7
154; 108; 1; 2; 8
87; 140; 1; 2; 8
173; 105; 2; 1; 10
171; 120; 1; 2; 14
168; 144; 2; 1; 16
173; 91; 2; 1; 17
138; 141; 2; 1; 19
111; 101; 2; 1; 19
143; 101; 1; 2; 24
144; 107; 1; 2; 30
114; 131; 2; 1; 43
179; 130; 2; 1; 44
103; 147; 1; 2; 52
144; 107; 2; 1; 53
140; 140; 1; 2; 55
162; 140; 1; 2; 61
122; 86; 2; 1; 81
142; 94; 2; 1; 83
114; 167; 2; 1; 87
126; 146; 1; 2; 91
125; 180; 1; 2; 95
171; 132; 2; 1; 102
118; 170; 1; 2; 106
123; 180; 2; 1; 107
164; 131; 1; 2; 125
180; 123; 2; 1; 127
135; 129; 1; 2; 129
112; 100; 1; 2; 131
141; 171; 2; 1; 133
174; 140; 1; 2; 135
143; 108; 2; 1; 137
91; 87; 1; 2; 138
184; 159; 1; 2; 140
133; 131; 1; 2; 155
173; 183; 2; 1; 157
138; 113; 2; 1; 173
118; 98; 1; 2; 178
181; 87; 1; 2; 179
130; 157; 2; 1; 184
184; 100; 2; 1; 190
111; 88; 1; 2; 192
95; 153; 1; 2; 193
185; 127; 2; 1; 195
98; 122; 1; 2; 204
139; 103; 1; 2; 207
102; 133; 1; 2; 214
164; 114; 1; 2; 214
103; 166; 1; 2; 215
105; 160; 1; 2; 216
180; 101; 2; 1; 219
92; 179; 1; 2; 219
170; 174; 2; 1; 221
180; 130; 2; 1; 231
87; 136; 1; 2; 232
176; 136; 1; 2; 248
140; 96; 2; 1; 257
95; 114; 1; 2; 261
107; 158; 1; 2; 262
176; 90; 2; 1; 262
166; 86; 1; 2; 264
94; 179; 2; 1; 265
171; 177; 1; 2; 266
121; 93; 1; 2; 270
95; 136; 2; 1; 273
117; 102; 2; 1; 280
162; 119; 2; 1; 284
16
14; 1; 13; 1071
5; 1; 19; 2855
12; 1; 18; 3755
13; 1; 49; 3858
0; 1; 25; 4331
9; 1; 42; 4708
11; 1; 30; 5595
7; 1; 27; 6001
6; 1; 30; 6144
4; 1; 12; 6245
2; 1; 35; 7113
3; 1; 45; 7193
1; 1; 6; 8423
10; 1; 11; 8879
8; 1; 20; 9162
15; 1; 31; 9188
