**** 198 ****
68
156; 148; 1; 2; 2
112; 128; 1; 2; 3
172; 133; 2; 1; 7
113; 144; 2; 1; 8
91; 113; 1; 2; 9
109; 157; 2; 1; 20
129; 148; 2; 1; 24
160; 144; 2; 1; 25
160; 108; 2; 1; 38
173; 106; 2; 1; 39
93; 133; 2; 1; 39
109; 143; 1; 2; 43
125; 115; 1; 2; 55
115; 123; 2; 1; 59
115; 186; 2; 1; 62
154; 170; 1; 2; 68
160; 121; 2; 1; 72
136; 107; 1; 2; 75
114; 164; 1; 2; 75
97; 162; 2; 1; 82
119; 187; 2; 1; 82
136; 125; 2; 1; 85
95; 115; 2; 1; 93
172; 136; 2; 1; 101
160; 95; 1; 2; 103
149; 146; 1; 2; 113
159; 113; 2; 1; 117
95; 176; 2; 1; 117
172; 112; 1; 2; 127
108; 181; 1; 2; 129
133; 192; 2; 1; 131
121; 161; 1; 2; 137
142; 161; 2; 1; 138
154; 92; 2; 1; 149
97; 181; 1; 2; 149
172; 123; 1; 2; 149
172; 158; 1; 2; 150
164; 93; 2; 1; 162
160; 91; 2; 1; 165
135; 107; 1; 2; 190
122; 154; 1; 2; 202
136; 96; 2; 1; 202
129; 126; 1; 2; 210
180; 102; 2; 1; 210
180; 180; 1; 2; 215
95; 193; 1; 2; 218
160; 157; 1; 2; 223
107; 146; 1; 2; 224
124; 134; 2; 1; 228
177; 186; 1; 2; 234
185; 151; 1; 2; 235
191; 160; 2; 1; 236
153; 120; 2; 1; 237
169; 179; 2; 1; 238
167; 158; 2; 1; 241
160; 118; 2; 1; 253
139; 96; 2; 1; 253
192; 114; 2; 1; 254
168; 119; 2; 1; 256
190; 119; 1; 2; 257
121; 116; 2; 1; 260
134; 166; 2; 1; 261
132; 94; 1; 2; 263
187; 115; 2; 1; 275
184; 192; 2; 1; 276
187; 191; 1; 2; 278
151; 138; 2; 1; 280
139; 98; 1; 2; 286
16
5; 1; 30; 305
15; 1; 44; 1248
4; 1; 19; 1723
8; 1; 28; 2028
12; 1; 32; 3236
1; 1; 11; 3949
0; 1; 9; 4691
11; 1; 33; 5529
13; 1; 47; 7163
3; 1; 17; 7893
2; 1; 39; 8091
6; 1; 16; 8933
14; 1; 28; 9103
10; 1; 3; 9220
9; 1; 18; 9261
7; 1; 11; 9831
