**** 199 ****
68
190; 193; 2; 1; 8
148; 182; 1; 2; 8
111; 129; 2; 1; 8
169; 167; 1; 2; 9
186; 130; 1; 2; 15
184; 126; 1; 2; 17
142; 175; 1; 2; 29
135; 190; 1; 2; 32
137; 151; 2; 1; 35
95; 171; 1; 2; 41
111; 108; 1; 2; 45
167; 155; 1; 2; 51
160; 109; 2; 1; 52
133; 140; 2; 1; 57
93; 130; 1; 2; 60
174; 109; 1; 2; 63
113; 171; 1; 2; 65
184; 160; 2; 1; 66
186; 119; 2; 1; 67
125; 177; 1; 2; 67
148; 174; 2; 1; 70
162; 139; 2; 1; 73
162; 127; 1; 2; 74
117; 133; 2; 1; 74
173; 92; 1; 2; 77
160; 107; 2; 1; 83
162; 183; 1; 2; 92
156; 171; 2; 1; 93
103; 173; 2; 1; 97
101; 184; 2; 1; 99
102; 126; 1; 2; 105
93; 187; 1; 2; 106
191; 127; 1; 2; 106
159; 168; 2; 1; 114
114; 142; 1; 2; 126
152; 144; 1; 2; 132
191; 94; 1; 2; 133
143; 135; 1; 2; 141
143; 121; 1; 2; 155
192; 106; 2; 1; 158
130; 92; 2; 1; 160
187; 139; 1; 2; 163
155; 152; 2; 1; 170
118; 122; 1; 2; 174
126; 161; 2; 1; 175
117; 128; 2; 1; 178
168; 160; 1; 2; 181
169; 189; 2; 1; 183
177; 168; 1; 2; 184
94; 128; 1; 2; 193
91; 102; 2; 1; 207
111; 101; 1; 2; 218
126; 121; 2; 1; 219
115; 101; 2; 1; 220
147; 176; 2; 1; 220
188; 123; 2; 1; 220
189; 190; 2; 1; 223
181; 135; 2; 1; 228
127; 181; 1; 2; 232
173; 110; 1; 2; 248
132; 124; 1; 2; 250
163; 167; 1; 2; 268
174; 167; 2; 1; 274
91; 182; 1; 2; 278
170; 118; 2; 1; 284
125; 128; 2; 1; 292
117; 173; 1; 2; 293
145; 176; 1; 2; 293
16
12; 1; 48; 573
0; 1; 30; 1149
3; 1; 33; 1547
9; 1; 48; 1609
1; 1; 1; 3060
5; 1; 21; 3654
8; 1; 47; 4185
10; 1; 17; 4593
6; 1; 28; 4811
15; 1; 17; 5031
14; 1; 39; 5172
4; 1; 6; 6152
13; 1; 48; 6181
11; 1; 4; 6435
7; 1; 25; 8327
2; 1; 7; 8579
