**** 2 ****
50
25; 28; 2; 1; 4
44; 7; 2; 1; 5
13; 42; 1; 2; 6
34; 4; 1; 2; 11
7; 32; 1; 2; 12
8; 24; 1; 2; 13
44; 48; 1; 2; 14
1; 35; 2; 1; 18
48; 10; 1; 2; 19
27; 8; 2; 1; 23
46; 40; 2; 1; 25
10; 14; 1; 2; 26
21; 49; 1; 2; 28
49; 25; 2; 1; 29
17; 29; 1; 2; 30
3; 8; 1; 2; 31
49; 4; 2; 1; 31
25; 49; 1; 2; 34
11; 13; 2; 1; 36
5; 39; 1; 2; 42
36; 40; 2; 1; 43
46; 10; 1; 2; 44
31; 6; 2; 1; 46
47; 35; 2; 1; 48
45; 29; 2; 1; 49
37; 31; 1; 2; 54
13; 30; 1; 2; 55
3; 6; 2; 1; 55
22; 24; 1; 2; 55
13; 18; 2; 1; 56
38; 49; 2; 1; 60
18; 24; 1; 2; 62
1; 19; 2; 1; 62
3; 20; 2; 1; 63
35; 7; 1; 2; 66
29; 27; 2; 1; 71
38; 10; 1; 2; 71
40; 20; 2; 1; 74
30; 42; 2; 1; 81
32; 33; 2; 1; 83
1; 5; 2; 1; 84
22; 25; 1; 2; 87
1; 4; 1; 2; 87
32; 10; 2; 1; 90
30; 27; 2; 1; 91
41; 49; 1; 2; 92
6; 37; 2; 1; 95
43; 7; 2; 1; 95
38; 43; 1; 2; 98
7; 36; 2; 1; 100
12
0; 1; 14; 79
4; 1; 28; 274
2; 1; 27; 304
7; 1; 47; 465
6; 1; 32; 589
9; 1; 2; 720
1; 1; 15; 734
5; 1; 49; 778
10; 1; 42; 839
11; 1; 32; 964
3; 1; 24; 1151
8; 1; 6; 1409
