**** 20 ****
51
50; 48; 1; 2; 4
38; 55; 1; 2; 5
43; 17; 2; 1; 8
47; 9; 1; 2; 10
28; 19; 2; 1; 12
34; 53; 2; 1; 20
14; 13; 1; 2; 23
8; 50; 1; 2; 27
44; 15; 1; 2; 33
10; 49; 2; 1; 34
41; 26; 1; 2; 36
39; 16; 2; 1; 42
8; 35; 2; 1; 42
10; 42; 2; 1; 42
42; 11; 1; 2; 43
47; 18; 2; 1; 48
20; 11; 1; 2; 51
29; 43; 1; 2; 53
48; 49; 1; 2; 56
50; 26; 1; 2; 57
41; 43; 1; 2; 60
55; 55; 1; 2; 62
28; 6; 1; 2; 63
29; 6; 2; 1; 68
50; 45; 2; 1; 69
34; 14; 1; 2; 71
22; 27; 1; 2; 71
49; 16; 1; 2; 72
56; 18; 1; 2; 72
12; 42; 1; 2; 74
53; 20; 1; 2; 75
51; 15; 1; 2; 76
27; 24; 1; 2; 76
25; 11; 1; 2; 77
53; 51; 2; 1; 84
15; 47; 1; 2; 84
21; 10; 2; 1; 90
11; 23; 2; 1; 92
35; 40; 1; 2; 92
30; 48; 2; 1; 93
42; 27; 2; 1; 97
28; 19; 2; 1; 102
9; 47; 1; 2; 102
43; 13; 2; 1; 103
49; 17; 1; 2; 104
11; 37; 2; 1; 104
33; 53; 1; 2; 108
33; 23; 1; 2; 110
22; 17; 1; 2; 113
25; 49; 2; 1; 116
30; 20; 1; 2; 118
13
0; 1; 19; 175
3; 1; 7; 216
4; 1; 35; 326
5; 1; 30; 423
10; 1; 41; 484
7; 1; 43; 783
11; 1; 39; 932
8; 1; 13; 982
1; 1; 22; 1127
12; 1; 11; 1157
9; 1; 26; 1356
6; 1; 16; 1422
2; 1; 29; 1568
