**** 200 ****
68
190; 178; 2; 1; 1
125; 124; 2; 1; 5
127; 178; 2; 1; 6
150; 138; 1; 2; 7
104; 193; 2; 1; 10
130; 173; 2; 1; 11
103; 152; 1; 2; 14
122; 105; 2; 1; 17
106; 116; 1; 2; 39
191; 104; 1; 2; 40
93; 172; 2; 1; 42
134; 146; 2; 1; 42
113; 130; 1; 2; 46
93; 128; 2; 1; 53
131; 146; 1; 2; 53
136; 109; 2; 1; 57
119; 96; 1; 2; 60
187; 94; 1; 2; 61
117; 109; 2; 1; 75
182; 152; 2; 1; 77
146; 141; 1; 2; 80
155; 143; 2; 1; 86
162; 169; 2; 1; 87
110; 137; 2; 1; 88
192; 134; 2; 1; 88
176; 130; 1; 2; 89
191; 185; 2; 1; 89
123; 174; 2; 1; 90
174; 97; 2; 1; 95
178; 113; 1; 2; 101
162; 94; 1; 2; 102
169; 191; 1; 2; 104
120; 115; 2; 1; 108
150; 92; 2; 1; 110
165; 146; 1; 2; 116
115; 137; 2; 1; 128
155; 139; 1; 2; 136
120; 140; 2; 1; 144
151; 100; 2; 1; 150
187; 147; 1; 2; 151
187; 115; 1; 2; 152
128; 134; 2; 1; 162
136; 107; 1; 2; 165
182; 94; 1; 2; 167
173; 171; 2; 1; 175
188; 99; 1; 2; 176
166; 143; 1; 2; 180
158; 119; 2; 1; 182
147; 96; 1; 2; 184
193; 164; 2; 1; 187
118; 177; 2; 1; 210
181; 130; 2; 1; 212
122; 94; 1; 2; 214
188; 133; 2; 1; 220
155; 123; 1; 2; 226
161; 183; 1; 2; 236
114; 123; 1; 2; 242
142; 185; 1; 2; 243
132; 159; 1; 2; 249
182; 96; 2; 1; 253
130; 123; 1; 2; 255
165; 101; 2; 1; 256
101; 151; 1; 2; 259
123; 142; 2; 1; 263
167; 144; 1; 2; 270
143; 122; 2; 1; 277
155; 112; 1; 2; 278
123; 147; 1; 2; 282
16
15; 1; 1; 1476
1; 1; 38; 2106
4; 1; 14; 2250
0; 1; 8; 3253
6; 1; 24; 4006
2; 1; 15; 4428
8; 1; 14; 4745
3; 1; 33; 5526
12; 1; 34; 5886
10; 1; 30; 6204
5; 1; 22; 6655
11; 1; 26; 7048
13; 1; 30; 8095
14; 1; 13; 8322
7; 1; 4; 8655
9; 1; 6; 9449
