**** 201 ****
68
184; 95; 2; 1; 0
168; 160; 2; 1; 0
91; 107; 1; 2; 2
106; 182; 2; 1; 5
175; 119; 2; 1; 9
96; 131; 2; 1; 12
110; 106; 1; 2; 12
192; 147; 1; 2; 15
111; 160; 2; 1; 16
162; 174; 1; 2; 20
193; 94; 1; 2; 22
127; 130; 2; 1; 24
163; 100; 1; 2; 25
160; 106; 1; 2; 29
151; 132; 2; 1; 35
158; 102; 2; 1; 39
104; 112; 2; 1; 40
123; 147; 2; 1; 43
121; 137; 1; 2; 44
113; 192; 2; 1; 46
158; 121; 1; 2; 49
91; 174; 2; 1; 56
172; 174; 2; 1; 58
160; 145; 1; 2; 61
183; 128; 1; 2; 75
166; 166; 1; 2; 80
179; 183; 1; 2; 89
100; 124; 2; 1; 96
157; 179; 1; 2; 106
134; 175; 2; 1; 111
153; 97; 2; 1; 134
176; 93; 2; 1; 144
98; 124; 1; 2; 145
102; 137; 1; 2; 154
186; 180; 1; 2; 159
118; 167; 2; 1; 161
156; 117; 2; 1; 164
136; 119; 1; 2; 166
103; 161; 1; 2; 175
175; 142; 1; 2; 178
168; 142; 1; 2; 179
191; 99; 1; 2; 183
139; 153; 1; 2; 191
101; 163; 1; 2; 192
167; 166; 2; 1; 194
189; 93; 1; 2; 196
133; 192; 2; 1; 200
92; 140; 1; 2; 207
118; 179; 2; 1; 207
159; 165; 2; 1; 213
131; 176; 2; 1; 213
175; 147; 1; 2; 214
128; 177; 2; 1; 216
118; 132; 2; 1; 241
179; 124; 2; 1; 244
91; 173; 1; 2; 245
184; 149; 2; 1; 247
119; 134; 1; 2; 250
95; 121; 2; 1; 252
99; 135; 2; 1; 260
150; 175; 1; 2; 264
116; 171; 2; 1; 267
92; 148; 2; 1; 272
178; 186; 1; 2; 279
114; 148; 1; 2; 283
152; 93; 2; 1; 295
144; 154; 1; 2; 297
174; 115; 2; 1; 297
16
4; 1; 1; 221
11; 1; 20; 988
5; 1; 35; 1571
10; 1; 7; 1654
1; 1; 13; 2525
12; 1; 46; 2852
0; 1; 3; 3800
15; 1; 7; 4013
14; 1; 3; 5179
6; 1; 9; 6104
13; 1; 35; 6403
8; 1; 39; 7150
2; 1; 19; 8711
3; 1; 3; 9211
7; 1; 47; 9252
9; 1; 5; 9553
