**** 202 ****
68
158; 192; 1; 2; 2
141; 179; 2; 1; 7
97; 160; 1; 2; 7
181; 115; 1; 2; 15
143; 187; 1; 2; 17
128; 156; 2; 1; 17
104; 174; 1; 2; 24
109; 176; 2; 1; 26
145; 134; 1; 2; 30
193; 113; 1; 2; 52
156; 165; 2; 1; 53
117; 168; 2; 1; 56
170; 122; 1; 2; 67
187; 149; 1; 2; 73
143; 157; 1; 2; 76
139; 154; 2; 1; 79
139; 154; 2; 1; 87
186; 183; 1; 2; 91
184; 124; 2; 1; 92
122; 105; 2; 1; 93
178; 186; 2; 1; 100
138; 173; 2; 1; 101
94; 180; 2; 1; 120
134; 94; 2; 1; 121
160; 91; 1; 2; 123
112; 142; 2; 1; 130
157; 149; 1; 2; 134
110; 140; 1; 2; 144
168; 94; 1; 2; 147
129; 185; 1; 2; 150
135; 176; 1; 2; 154
104; 149; 2; 1; 162
130; 112; 2; 1; 168
123; 132; 1; 2; 195
133; 166; 1; 2; 197
168; 172; 2; 1; 200
145; 114; 2; 1; 206
158; 183; 1; 2; 209
98; 117; 2; 1; 211
152; 98; 1; 2; 212
180; 186; 1; 2; 214
109; 160; 2; 1; 218
92; 164; 2; 1; 220
120; 160; 1; 2; 220
131; 155; 1; 2; 221
104; 129; 1; 2; 223
132; 153; 2; 1; 225
95; 167; 1; 2; 229
113; 127; 2; 1; 232
193; 176; 1; 2; 239
191; 101; 2; 1; 244
165; 181; 2; 1; 255
149; 146; 2; 1; 261
98; 120; 2; 1; 266
186; 91; 1; 2; 269
149; 106; 1; 2; 271
98; 106; 2; 1; 271
131; 164; 1; 2; 276
179; 161; 1; 2; 277
123; 108; 2; 1; 280
136; 185; 2; 1; 281
118; 185; 2; 1; 283
157; 125; 1; 2; 283
184; 138; 1; 2; 287
129; 111; 1; 2; 292
107; 131; 1; 2; 293
145; 105; 2; 1; 298
183; 155; 2; 1; 298
16
1; 1; 10; 354
12; 1; 12; 843
4; 1; 15; 1479
15; 1; 35; 2750
11; 1; 9; 3021
14; 1; 48; 3051
7; 1; 1; 3814
2; 1; 49; 4092
9; 1; 28; 4487
6; 1; 36; 4689
0; 1; 4; 6159
5; 1; 28; 6183
3; 1; 41; 6854
8; 1; 12; 7502
10; 1; 26; 8559
13; 1; 14; 9540
