**** 203 ****
68
131; 116; 2; 1; 1
111; 102; 1; 2; 5
153; 155; 1; 2; 8
119; 151; 1; 2; 13
137; 129; 2; 1; 21
160; 187; 2; 1; 27
104; 115; 1; 2; 28
188; 173; 1; 2; 41
181; 94; 2; 1; 41
103; 132; 1; 2; 45
186; 171; 1; 2; 47
184; 112; 1; 2; 50
160; 94; 2; 1; 64
122; 110; 2; 1; 66
191; 122; 2; 1; 72
145; 129; 1; 2; 72
164; 149; 2; 1; 75
151; 148; 2; 1; 78
179; 109; 1; 2; 81
91; 144; 1; 2; 84
117; 98; 1; 2; 85
193; 116; 2; 1; 89
148; 165; 2; 1; 90
139; 126; 1; 2; 93
154; 131; 1; 2; 100
120; 159; 1; 2; 104
142; 184; 2; 1; 105
94; 169; 2; 1; 118
165; 112; 2; 1; 122
159; 143; 1; 2; 126
168; 179; 1; 2; 127
122; 159; 2; 1; 140
120; 134; 1; 2; 145
183; 99; 1; 2; 147
129; 167; 1; 2; 147
191; 100; 2; 1; 147
108; 193; 1; 2; 149
106; 191; 2; 1; 149
158; 106; 2; 1; 151
145; 102; 2; 1; 158
136; 108; 2; 1; 160
108; 173; 1; 2; 161
161; 167; 2; 1; 162
167; 167; 2; 1; 169
104; 182; 1; 2; 176
162; 173; 2; 1; 178
112; 109; 2; 1; 183
139; 135; 2; 1; 206
166; 128; 1; 2; 207
170; 124; 1; 2; 207
141; 178; 1; 2; 207
164; 122; 2; 1; 210
187; 172; 2; 1; 212
157; 130; 2; 1; 224
144; 188; 1; 2; 235
98; 118; 1; 2; 236
165; 172; 1; 2; 240
149; 181; 2; 1; 243
146; 162; 2; 1; 245
140; 101; 1; 2; 245
137; 112; 1; 2; 259
151; 150; 1; 2; 273
108; 129; 1; 2; 291
114; 147; 1; 2; 291
147; 131; 2; 1; 293
184; 104; 1; 2; 295
105; 182; 1; 2; 296
99; 117; 2; 1; 297
16
13; 1; 1; 542
6; 1; 18; 622
2; 1; 14; 876
12; 1; 46; 1202
3; 1; 45; 1379
15; 1; 1; 1451
8; 1; 35; 1926
9; 1; 23; 1971
5; 1; 29; 2277
11; 1; 17; 2369
1; 1; 24; 3121
10; 1; 38; 4523
7; 1; 9; 4698
4; 1; 1; 5820
0; 1; 5; 8295
14; 1; 41; 8943
