**** 204 ****
68
155; 182; 1; 2; 4
101; 109; 2; 1; 6
147; 191; 1; 2; 10
172; 191; 2; 1; 11
178; 118; 1; 2; 11
141; 184; 2; 1; 17
108; 171; 1; 2; 18
125; 191; 2; 1; 29
106; 142; 1; 2; 33
183; 165; 2; 1; 36
167; 129; 2; 1; 39
124; 102; 1; 2; 44
159; 95; 1; 2; 45
95; 160; 1; 2; 51
113; 178; 1; 2; 55
129; 92; 1; 2; 58
174; 173; 2; 1; 70
100; 178; 2; 1; 73
157; 193; 1; 2; 73
150; 91; 2; 1; 73
168; 176; 2; 1; 76
188; 177; 1; 2; 86
152; 104; 1; 2; 96
166; 191; 2; 1; 107
178; 106; 1; 2; 107
164; 102; 1; 2; 108
106; 104; 1; 2; 109
101; 188; 2; 1; 110
134; 168; 1; 2; 116
158; 155; 2; 1; 117
192; 142; 1; 2; 120
181; 143; 2; 1; 120
150; 174; 2; 1; 131
146; 155; 2; 1; 135
191; 156; 1; 2; 136
99; 193; 1; 2; 142
136; 165; 2; 1; 146
124; 94; 2; 1; 147
190; 106; 2; 1; 147
134; 116; 2; 1; 154
154; 92; 2; 1; 157
114; 100; 1; 2; 163
146; 129; 1; 2; 170
143; 158; 1; 2; 179
136; 147; 1; 2; 192
92; 137; 1; 2; 203
161; 157; 1; 2; 203
132; 182; 1; 2; 208
190; 111; 1; 2; 214
108; 112; 1; 2; 225
127; 123; 1; 2; 228
170; 137; 1; 2; 237
165; 118; 1; 2; 238
123; 106; 1; 2; 244
139; 95; 1; 2; 249
188; 155; 1; 2; 252
180; 146; 1; 2; 255
185; 102; 1; 2; 257
151; 179; 2; 1; 258
155; 121; 1; 2; 266
96; 178; 2; 1; 266
139; 123; 2; 1; 269
188; 142; 1; 2; 269
108; 175; 1; 2; 279
157; 153; 1; 2; 279
114; 156; 2; 1; 280
147; 160; 2; 1; 287
97; 139; 2; 1; 290
16
3; 1; 40; 1829
9; 1; 48; 1886
14; 1; 16; 2382
5; 1; 18; 2592
1; 1; 43; 3183
12; 1; 34; 4394
7; 1; 41; 4491
2; 1; 16; 4675
8; 1; 22; 5545
10; 1; 35; 5609
6; 1; 34; 5730
15; 1; 32; 6940
11; 1; 21; 7497
13; 1; 4; 8613
0; 1; 9; 9129
4; 1; 26; 9177
