**** 205 ****
68
99; 114; 2; 1; 0
92; 146; 2; 1; 3
188; 157; 2; 1; 5
156; 122; 1; 2; 15
181; 103; 1; 2; 19
159; 91; 2; 1; 19
137; 146; 1; 2; 21
153; 154; 1; 2; 25
168; 157; 2; 1; 36
142; 184; 2; 1; 40
130; 120; 1; 2; 56
100; 183; 1; 2; 58
169; 142; 2; 1; 59
183; 125; 2; 1; 60
91; 128; 1; 2; 65
152; 124; 2; 1; 68
176; 159; 1; 2; 69
161; 130; 1; 2; 72
120; 140; 2; 1; 82
139; 134; 2; 1; 82
104; 175; 2; 1; 85
173; 96; 1; 2; 89
189; 149; 1; 2; 91
189; 167; 2; 1; 92
146; 190; 2; 1; 96
158; 191; 1; 2; 100
152; 105; 2; 1; 104
145; 119; 2; 1; 112
163; 189; 2; 1; 112
127; 188; 1; 2; 116
152; 115; 2; 1; 120
176; 99; 1; 2; 122
124; 128; 1; 2; 138
143; 137; 1; 2; 142
165; 179; 1; 2; 149
118; 179; 2; 1; 154
129; 119; 2; 1; 157
169; 191; 1; 2; 157
123; 166; 1; 2; 164
146; 108; 2; 1; 165
121; 116; 2; 1; 167
143; 186; 2; 1; 168
155; 108; 2; 1; 177
136; 149; 2; 1; 178
108; 154; 2; 1; 178
187; 181; 2; 1; 180
146; 177; 2; 1; 188
184; 189; 2; 1; 197
98; 149; 2; 1; 197
141; 156; 2; 1; 199
150; 161; 2; 1; 199
161; 131; 1; 2; 203
135; 189; 2; 1; 214
115; 186; 2; 1; 230
138; 129; 2; 1; 235
161; 171; 2; 1; 241
186; 91; 1; 2; 250
140; 162; 1; 2; 257
143; 180; 2; 1; 263
96; 150; 1; 2; 269
147; 106; 2; 1; 274
178; 126; 1; 2; 280
99; 188; 1; 2; 282
101; 116; 1; 2; 286
112; 120; 1; 2; 295
103; 186; 2; 1; 296
180; 153; 1; 2; 297
123; 169; 1; 2; 301
16
1; 1; 37; 29
5; 1; 10; 82
13; 1; 21; 1582
8; 1; 38; 1671
15; 1; 19; 1878
10; 1; 47; 3173
4; 1; 8; 3889
7; 1; 31; 3990
3; 1; 40; 4151
14; 1; 42; 4292
0; 1; 34; 5422
9; 1; 38; 7540
12; 1; 45; 7708
6; 1; 39; 8490
11; 1; 1; 8531
2; 1; 40; 9445
