**** 206 ****
68
166; 98; 1; 2; 8
172; 163; 1; 2; 12
138; 96; 1; 2; 13
117; 129; 1; 2; 16
125; 152; 2; 1; 28
91; 155; 2; 1; 28
154; 97; 2; 1; 28
94; 158; 2; 1; 43
97; 103; 1; 2; 52
145; 172; 2; 1; 57
177; 139; 1; 2; 92
117; 145; 2; 1; 93
103; 180; 2; 1; 97
187; 179; 1; 2; 102
128; 112; 2; 1; 108
164; 188; 2; 1; 110
105; 131; 2; 1; 110
165; 106; 1; 2; 112
179; 95; 2; 1; 114
126; 141; 1; 2; 118
171; 132; 1; 2; 119
152; 162; 2; 1; 119
94; 113; 2; 1; 122
169; 189; 1; 2; 124
186; 158; 1; 2; 130
151; 161; 1; 2; 133
154; 97; 2; 1; 138
167; 173; 2; 1; 139
145; 145; 1; 2; 152
181; 189; 2; 1; 159
137; 92; 1; 2; 159
110; 117; 1; 2; 161
107; 171; 2; 1; 163
187; 123; 1; 2; 168
148; 95; 2; 1; 169
163; 186; 2; 1; 172
124; 136; 2; 1; 172
95; 184; 2; 1; 176
107; 144; 1; 2; 179
146; 176; 1; 2; 182
150; 175; 1; 2; 193
120; 161; 2; 1; 199
186; 168; 2; 1; 201
91; 109; 2; 1; 204
168; 148; 2; 1; 205
108; 119; 2; 1; 206
168; 113; 2; 1; 208
161; 92; 1; 2; 209
170; 107; 2; 1; 213
193; 134; 1; 2; 216
188; 117; 2; 1; 216
173; 127; 2; 1; 225
127; 100; 2; 1; 225
177; 114; 2; 1; 228
99; 191; 1; 2; 232
118; 151; 1; 2; 235
180; 144; 2; 1; 237
152; 94; 1; 2; 245
140; 123; 2; 1; 254
161; 131; 1; 2; 254
103; 188; 2; 1; 256
124; 147; 1; 2; 257
129; 157; 1; 2; 262
184; 176; 2; 1; 269
137; 188; 2; 1; 274
97; 190; 2; 1; 280
121; 176; 2; 1; 281
169; 102; 1; 2; 297
16
12; 1; 49; 768
14; 1; 32; 900
2; 1; 17; 3231
6; 1; 29; 4593
13; 1; 43; 5324
9; 1; 28; 5389
4; 1; 16; 5664
10; 1; 30; 5807
1; 1; 25; 7233
7; 1; 24; 7291
15; 1; 12; 7323
5; 1; 12; 7582
0; 1; 46; 7796
3; 1; 45; 7959
11; 1; 13; 9189
8; 1; 6; 9208
