**** 207 ****
68
187; 109; 1; 2; 0
165; 128; 1; 2; 9
186; 169; 1; 2; 13
133; 153; 1; 2; 18
112; 168; 1; 2; 19
108; 108; 1; 2; 34
167; 110; 1; 2; 35
123; 122; 2; 1; 37
162; 157; 2; 1; 38
116; 142; 1; 2; 39
157; 177; 1; 2; 41
164; 165; 1; 2; 42
131; 160; 2; 1; 46
99; 152; 1; 2; 51
99; 108; 1; 2; 51
123; 118; 2; 1; 56
167; 172; 2; 1; 58
94; 98; 1; 2; 59
105; 171; 2; 1; 63
135; 127; 1; 2; 66
99; 112; 1; 2; 69
178; 102; 2; 1; 71
94; 110; 1; 2; 74
182; 97; 1; 2; 75
110; 175; 1; 2; 82
190; 130; 1; 2; 83
117; 115; 2; 1; 89
151; 191; 2; 1; 101
135; 128; 1; 2; 106
122; 126; 1; 2; 122
152; 104; 1; 2; 130
122; 173; 2; 1; 130
170; 166; 1; 2; 144
95; 157; 1; 2; 145
147; 102; 2; 1; 148
138; 99; 2; 1; 149
151; 100; 2; 1; 149
182; 127; 2; 1; 158
112; 91; 2; 1; 162
171; 157; 1; 2; 174
172; 97; 2; 1; 177
165; 112; 1; 2; 184
102; 121; 2; 1; 195
103; 123; 1; 2; 205
121; 193; 1; 2; 218
187; 121; 2; 1; 219
115; 99; 1; 2; 227
151; 174; 2; 1; 229
171; 158; 1; 2; 231
182; 146; 2; 1; 235
179; 137; 2; 1; 238
138; 161; 2; 1; 247
164; 97; 1; 2; 252
101; 112; 1; 2; 259
105; 182; 1; 2; 264
180; 129; 2; 1; 267
94; 146; 1; 2; 269
99; 143; 2; 1; 269
137; 189; 2; 1; 269
187; 161; 1; 2; 279
179; 123; 2; 1; 279
156; 132; 2; 1; 279
184; 144; 2; 1; 280
111; 152; 2; 1; 283
190; 176; 1; 2; 298
134; 92; 1; 2; 298
135; 128; 1; 2; 303
192; 109; 2; 1; 303
16
4; 1; 48; 81
8; 1; 4; 340
9; 1; 18; 772
6; 1; 26; 1617
2; 1; 49; 1906
13; 1; 24; 2216
0; 1; 40; 2454
1; 1; 11; 2495
10; 1; 4; 3299
5; 1; 38; 3540
7; 1; 37; 3613
12; 1; 5; 5448
3; 1; 22; 6675
14; 1; 7; 9685
15; 1; 17; 9784
11; 1; 35; 9881
