**** 208 ****
68
112; 123; 1; 2; 1
168; 175; 1; 2; 2
154; 162; 1; 2; 3
155; 152; 2; 1; 14
120; 125; 2; 1; 20
117; 177; 1; 2; 24
121; 171; 1; 2; 25
120; 108; 2; 1; 45
154; 167; 1; 2; 48
157; 121; 2; 1; 54
147; 139; 1; 2; 60
157; 167; 1; 2; 66
172; 95; 2; 1; 72
190; 140; 2; 1; 72
161; 120; 2; 1; 75
156; 185; 1; 2; 80
95; 150; 1; 2; 86
126; 164; 1; 2; 87
156; 96; 2; 1; 88
115; 134; 2; 1; 94
191; 105; 1; 2; 99
143; 168; 2; 1; 100
172; 135; 2; 1; 101
157; 178; 2; 1; 106
188; 99; 2; 1; 110
127; 129; 2; 1; 113
115; 184; 1; 2; 115
109; 112; 2; 1; 117
169; 95; 1; 2; 121
156; 95; 2; 1; 128
127; 166; 2; 1; 129
166; 157; 2; 1; 132
155; 161; 1; 2; 138
118; 146; 2; 1; 139
173; 109; 1; 2; 140
108; 156; 1; 2; 149
182; 188; 1; 2; 154
132; 104; 2; 1; 158
113; 115; 1; 2; 160
125; 168; 2; 1; 160
142; 142; 2; 1; 161
145; 139; 2; 1; 163
126; 179; 2; 1; 165
130; 191; 2; 1; 169
125; 184; 2; 1; 169
176; 175; 1; 2; 175
163; 167; 1; 2; 184
186; 171; 1; 2; 188
157; 108; 1; 2; 199
96; 171; 1; 2; 200
169; 149; 1; 2; 210
108; 159; 1; 2; 210
177; 181; 2; 1; 217
147; 102; 2; 1; 219
146; 148; 2; 1; 219
133; 122; 2; 1; 229
151; 188; 2; 1; 233
115; 142; 1; 2; 235
147; 157; 1; 2; 240
107; 121; 1; 2; 240
140; 99; 1; 2; 248
109; 143; 1; 2; 251
91; 128; 2; 1; 253
169; 154; 1; 2; 257
111; 102; 2; 1; 264
94; 146; 2; 1; 269
132; 118; 1; 2; 289
175; 165; 2; 1; 297
16
13; 1; 18; 139
14; 1; 10; 568
1; 1; 12; 1619
15; 1; 26; 2102
7; 1; 11; 2394
10; 1; 19; 3033
9; 1; 37; 3060
8; 1; 23; 4066
2; 1; 44; 4287
5; 1; 46; 4815
12; 1; 24; 5032
3; 1; 45; 5507
11; 1; 48; 6873
0; 1; 40; 7427
6; 1; 29; 7570
4; 1; 32; 8860
