**** 209 ****
69
192; 113; 2; 1; 7
177; 107; 1; 2; 12
175; 148; 2; 1; 26
98; 191; 2; 1; 29
147; 167; 1; 2; 39
135; 115; 2; 1; 44
199; 197; 2; 1; 45
101; 163; 1; 2; 46
186; 191; 2; 1; 49
122; 174; 1; 2; 51
158; 138; 1; 2; 54
198; 128; 1; 2; 61
185; 128; 2; 1; 67
154; 184; 2; 1; 69
132; 128; 1; 2; 70
124; 192; 2; 1; 75
167; 179; 2; 1; 84
123; 149; 1; 2; 89
114; 119; 2; 1; 97
167; 119; 1; 2; 104
152; 162; 1; 2; 110
163; 118; 1; 2; 113
137; 186; 1; 2; 116
189; 145; 2; 1; 116
113; 180; 2; 1; 116
111; 174; 2; 1; 123
178; 155; 2; 1; 123
187; 108; 1; 2; 123
195; 162; 1; 2; 125
116; 172; 1; 2; 128
186; 157; 1; 2; 145
183; 128; 1; 2; 154
120; 143; 1; 2; 161
139; 184; 2; 1; 170
151; 114; 2; 1; 183
130; 166; 2; 1; 185
100; 190; 1; 2; 185
183; 199; 1; 2; 189
176; 173; 2; 1; 194
143; 198; 1; 2; 199
196; 182; 2; 1; 201
153; 193; 2; 1; 204
132; 103; 1; 2; 206
144; 98; 2; 1; 212
132; 119; 2; 1; 213
185; 135; 2; 1; 213
131; 135; 1; 2; 220
96; 154; 2; 1; 235
112; 185; 1; 2; 236
163; 153; 1; 2; 245
191; 163; 2; 1; 246
160; 97; 2; 1; 252
108; 159; 1; 2; 253
134; 148; 2; 1; 260
138; 186; 2; 1; 260
192; 161; 2; 1; 262
189; 181; 1; 2; 262
121; 141; 2; 1; 264
146; 166; 2; 1; 264
167; 152; 2; 1; 266
200; 149; 2; 1; 266
192; 166; 1; 2; 268
150; 168; 1; 2; 273
149; 173; 2; 1; 282
152; 160; 2; 1; 284
180; 126; 1; 2; 284
147; 163; 2; 1; 285
154; 106; 2; 1; 292
142; 101; 1; 2; 305
16
7; 1; 14; 1088
2; 1; 27; 1137
10; 1; 30; 2717
14; 1; 13; 2965
0; 1; 41; 3162
4; 1; 9; 3578
3; 1; 11; 3797
15; 1; 16; 3863
8; 1; 42; 4286
11; 1; 43; 4872
9; 1; 19; 5256
1; 1; 19; 6990
13; 1; 20; 7228
5; 1; 11; 7937
6; 1; 31; 10199
12; 1; 2; 10724
