**** 21 ****
51
49; 51; 2; 1; 1
14; 17; 1; 2; 3
53; 50; 1; 2; 3
56; 8; 2; 1; 3
10; 12; 2; 1; 7
35; 9; 2; 1; 8
28; 21; 2; 1; 9
12; 6; 1; 2; 9
38; 33; 2; 1; 10
12; 37; 2; 1; 12
41; 52; 1; 2; 22
6; 33; 2; 1; 23
42; 15; 2; 1; 23
27; 28; 2; 1; 23
8; 35; 1; 2; 28
46; 39; 1; 2; 29
36; 56; 2; 1; 32
26; 39; 2; 1; 32
18; 49; 1; 2; 36
43; 39; 2; 1; 36
30; 25; 2; 1; 39
38; 46; 2; 1; 40
38; 55; 1; 2; 41
25; 34; 1; 2; 44
27; 50; 2; 1; 47
7; 20; 2; 1; 48
44; 37; 2; 1; 48
6; 52; 2; 1; 50
57; 55; 2; 1; 59
55; 46; 2; 1; 63
38; 9; 2; 1; 66
46; 46; 2; 1; 69
8; 26; 1; 2; 70
36; 25; 1; 2; 70
23; 54; 1; 2; 72
40; 7; 1; 2; 73
34; 8; 1; 2; 79
29; 42; 1; 2; 84
43; 40; 1; 2; 84
19; 23; 2; 1; 88
49; 42; 2; 1; 90
30; 26; 1; 2; 90
18; 8; 1; 2; 93
11; 15; 2; 1; 97
39; 49; 2; 1; 97
8; 39; 1; 2; 100
37; 13; 1; 2; 101
32; 26; 2; 1; 103
57; 47; 2; 1; 106
51; 8; 1; 2; 107
36; 34; 2; 1; 118
13
0; 1; 6; 51
9; 1; 45; 109
8; 1; 41; 157
2; 1; 5; 280
4; 1; 34; 431
7; 1; 26; 502
12; 1; 12; 685
6; 1; 32; 936
11; 1; 21; 1085
10; 1; 26; 1141
5; 1; 1; 1269
3; 1; 5; 1510
1; 1; 21; 1577
