**** 210 ****
69
146; 168; 2; 1; 7
179; 120; 1; 2; 8
100; 149; 2; 1; 10
182; 144; 2; 1; 11
156; 186; 1; 2; 18
107; 142; 2; 1; 19
192; 169; 2; 1; 24
113; 188; 1; 2; 26
143; 136; 1; 2; 31
129; 139; 1; 2; 32
133; 173; 2; 1; 36
107; 173; 2; 1; 38
121; 115; 2; 1; 46
101; 131; 1; 2; 50
136; 148; 1; 2; 51
125; 137; 1; 2; 53
98; 192; 2; 1; 63
107; 102; 1; 2; 83
126; 130; 1; 2; 85
139; 161; 2; 1; 89
192; 187; 2; 1; 99
104; 197; 2; 1; 105
116; 179; 2; 1; 109
192; 166; 1; 2; 111
136; 109; 2; 1; 135
163; 183; 2; 1; 137
180; 179; 1; 2; 137
170; 151; 1; 2; 141
166; 105; 2; 1; 141
141; 198; 2; 1; 141
199; 158; 1; 2; 143
122; 173; 2; 1; 146
160; 153; 2; 1; 153
104; 175; 1; 2; 155
108; 105; 1; 2; 155
114; 185; 1; 2; 156
180; 162; 1; 2; 158
172; 119; 1; 2; 161
175; 117; 1; 2; 167
114; 112; 1; 2; 177
102; 130; 1; 2; 183
115; 110; 2; 1; 193
149; 181; 2; 1; 196
154; 171; 2; 1; 199
138; 129; 1; 2; 201
152; 109; 1; 2; 202
124; 184; 2; 1; 203
111; 103; 2; 1; 205
124; 187; 1; 2; 211
131; 164; 2; 1; 214
174; 96; 1; 2; 223
118; 127; 1; 2; 224
116; 152; 2; 1; 230
162; 165; 2; 1; 234
166; 182; 1; 2; 236
184; 134; 2; 1; 245
142; 151; 1; 2; 256
145; 134; 2; 1; 256
101; 145; 2; 1; 258
97; 171; 2; 1; 261
165; 177; 1; 2; 267
136; 152; 1; 2; 269
121; 127; 2; 1; 270
171; 134; 2; 1; 273
180; 176; 1; 2; 277
123; 116; 1; 2; 295
158; 177; 1; 2; 297
118; 133; 1; 2; 306
186; 143; 2; 1; 307
16
9; 1; 27; 77
13; 1; 17; 279
7; 1; 6; 789
11; 1; 27; 1632
6; 1; 28; 2349
3; 1; 48; 2677
10; 1; 3; 2727
14; 1; 22; 2925
8; 1; 5; 5150
2; 1; 27; 5796
12; 1; 35; 6994
5; 1; 1; 7651
1; 1; 44; 8663
4; 1; 5; 8768
0; 1; 31; 9201
15; 1; 15; 9514
