**** 211 ****
69
126; 129; 2; 1; 0
152; 177; 1; 2; 7
185; 197; 2; 1; 9
195; 151; 1; 2; 14
142; 177; 2; 1; 17
105; 170; 2; 1; 18
147; 168; 1; 2; 31
124; 155; 1; 2; 31
106; 186; 1; 2; 38
111; 143; 1; 2; 38
195; 137; 2; 1; 46
122; 107; 1; 2; 48
119; 154; 2; 1; 50
154; 134; 1; 2; 53
192; 108; 1; 2; 56
136; 159; 2; 1; 58
192; 166; 1; 2; 60
163; 167; 1; 2; 62
127; 160; 2; 1; 63
147; 160; 1; 2; 64
200; 118; 2; 1; 67
138; 126; 2; 1; 68
100; 126; 2; 1; 75
176; 173; 2; 1; 81
140; 164; 2; 1; 85
201; 99; 2; 1; 85
106; 158; 2; 1; 85
182; 126; 2; 1; 87
191; 104; 2; 1; 89
116; 143; 2; 1; 98
130; 117; 1; 2; 108
168; 191; 2; 1; 112
195; 187; 1; 2; 115
104; 114; 1; 2; 117
109; 181; 1; 2; 120
109; 168; 1; 2; 121
137; 136; 2; 1; 122
196; 116; 2; 1; 134
99; 185; 2; 1; 137
134; 124; 1; 2; 139
115; 164; 2; 1; 158
117; 133; 1; 2; 176
139; 161; 1; 2; 178
168; 165; 1; 2; 193
128; 183; 2; 1; 196
123; 126; 2; 1; 203
97; 148; 1; 2; 221
129; 121; 2; 1; 229
139; 188; 2; 1; 233
128; 97; 2; 1; 243
120; 146; 2; 1; 245
181; 133; 2; 1; 249
113; 102; 1; 2; 251
185; 140; 2; 1; 256
137; 141; 1; 2; 256
148; 186; 2; 1; 264
164; 154; 2; 1; 268
143; 184; 1; 2; 270
137; 136; 1; 2; 273
101; 189; 2; 1; 275
132; 125; 1; 2; 278
108; 97; 1; 2; 288
116; 132; 2; 1; 290
193; 140; 1; 2; 293
199; 190; 1; 2; 296
161; 97; 1; 2; 298
159; 168; 2; 1; 302
165; 137; 1; 2; 306
138; 177; 2; 1; 306
16
12; 1; 17; 572
3; 1; 30; 2045
8; 1; 8; 3020
0; 1; 34; 3276
9; 1; 19; 3364
1; 1; 7; 3596
10; 1; 23; 4067
15; 1; 35; 4377
6; 1; 36; 5854
2; 1; 48; 6261
11; 1; 30; 7410
13; 1; 19; 7565
7; 1; 4; 8346
14; 1; 3; 8737
4; 1; 27; 8785
5; 1; 32; 8821
