**** 212 ****
69
130; 180; 1; 2; 0
136; 117; 1; 2; 1
200; 108; 1; 2; 3
158; 96; 1; 2; 20
175; 181; 2; 1; 21
135; 123; 1; 2; 23
139; 176; 1; 2; 26
121; 156; 1; 2; 27
146; 179; 2; 1; 27
141; 141; 1; 2; 31
175; 125; 2; 1; 33
126; 121; 2; 1; 45
114; 131; 2; 1; 49
192; 198; 2; 1; 49
136; 144; 2; 1; 50
170; 148; 2; 1; 60
120; 132; 2; 1; 60
172; 191; 2; 1; 67
169; 112; 2; 1; 74
189; 167; 1; 2; 74
101; 126; 2; 1; 79
165; 195; 2; 1; 97
201; 168; 1; 2; 99
120; 181; 1; 2; 101
155; 119; 2; 1; 104
189; 143; 1; 2; 112
194; 188; 2; 1; 113
196; 180; 1; 2; 114
149; 145; 1; 2; 115
149; 186; 2; 1; 127
161; 199; 2; 1; 132
107; 185; 2; 1; 132
111; 141; 2; 1; 148
110; 126; 2; 1; 151
161; 155; 2; 1; 156
168; 128; 2; 1; 158
157; 179; 2; 1; 163
196; 190; 2; 1; 164
168; 147; 1; 2; 172
164; 183; 2; 1; 187
201; 104; 1; 2; 193
124; 173; 2; 1; 195
136; 186; 1; 2; 202
198; 139; 1; 2; 203
135; 119; 2; 1; 210
134; 154; 2; 1; 221
163; 109; 2; 1; 221
132; 131; 1; 2; 222
158; 110; 1; 2; 227
118; 192; 2; 1; 228
114; 181; 1; 2; 234
133; 132; 1; 2; 235
191; 133; 1; 2; 239
189; 121; 1; 2; 245
116; 165; 1; 2; 264
129; 145; 2; 1; 268
127; 177; 1; 2; 269
194; 194; 1; 2; 273
110; 114; 2; 1; 276
136; 171; 1; 2; 276
163; 130; 2; 1; 283
194; 104; 2; 1; 284
168; 97; 1; 2; 285
138; 109; 1; 2; 285
199; 120; 2; 1; 289
193; 191; 2; 1; 297
190; 171; 1; 2; 302
166; 97; 2; 1; 307
136; 118; 1; 2; 310
16
3; 1; 14; 1
5; 1; 18; 313
14; 1; 35; 337
1; 1; 47; 1466
10; 1; 30; 2776
9; 1; 16; 3228
8; 1; 30; 3588
7; 1; 9; 4450
0; 1; 29; 5307
13; 1; 41; 5611
11; 1; 19; 6215
4; 1; 9; 6730
6; 1; 20; 7607
12; 1; 35; 8230
15; 1; 33; 8845
2; 1; 39; 10272
