**** 213 ****
69
147; 188; 1; 2; 0
197; 115; 1; 2; 6
198; 123; 1; 2; 15
107; 198; 2; 1; 18
180; 157; 1; 2; 20
160; 102; 2; 1; 24
139; 151; 2; 1; 32
160; 132; 1; 2; 35
126; 131; 2; 1; 55
100; 161; 2; 1; 62
154; 141; 1; 2; 64
166; 190; 1; 2; 66
101; 118; 1; 2; 67
135; 145; 1; 2; 70
138; 137; 2; 1; 76
99; 97; 1; 2; 80
168; 134; 2; 1; 81
161; 117; 2; 1; 81
195; 158; 1; 2; 84
133; 189; 2; 1; 92
172; 99; 1; 2; 100
134; 183; 1; 2; 103
98; 181; 2; 1; 108
166; 166; 2; 1; 111
146; 104; 1; 2; 111
190; 118; 2; 1; 124
162; 189; 1; 2; 132
180; 127; 2; 1; 135
179; 102; 2; 1; 137
162; 165; 2; 1; 145
113; 144; 1; 2; 146
169; 147; 1; 2; 146
109; 151; 2; 1; 149
125; 187; 1; 2; 150
106; 184; 2; 1; 153
160; 126; 1; 2; 154
156; 170; 2; 1; 161
108; 132; 2; 1; 162
197; 169; 1; 2; 168
151; 160; 1; 2; 169
157; 132; 2; 1; 170
162; 151; 1; 2; 171
146; 182; 1; 2; 179
148; 164; 1; 2; 180
179; 106; 1; 2; 181
136; 143; 1; 2; 183
171; 158; 1; 2; 188
137; 131; 2; 1; 188
155; 137; 2; 1; 230
189; 182; 1; 2; 232
97; 167; 1; 2; 236
112; 151; 1; 2; 246
172; 117; 2; 1; 247
97; 174; 1; 2; 248
103; 106; 1; 2; 253
122; 108; 1; 2; 259
192; 164; 1; 2; 265
115; 145; 1; 2; 270
122; 109; 1; 2; 271
112; 97; 1; 2; 291
133; 128; 1; 2; 292
106; 130; 1; 2; 292
132; 148; 1; 2; 296
191; 170; 1; 2; 297
168; 121; 1; 2; 299
107; 154; 1; 2; 301
177; 134; 1; 2; 305
133; 107; 2; 1; 307
182; 177; 1; 2; 310
16
4; 1; 10; 367
14; 1; 3; 1674
3; 1; 9; 2073
0; 1; 16; 2109
13; 1; 23; 2146
1; 1; 12; 2816
10; 1; 36; 3127
6; 1; 46; 5108
7; 1; 3; 7256
15; 1; 27; 7274
9; 1; 19; 7336
12; 1; 21; 7754
2; 1; 38; 8027
11; 1; 29; 8800
8; 1; 6; 8928
5; 1; 35; 9167
