**** 214 ****
69
193; 181; 1; 2; 1
119; 187; 2; 1; 3
125; 141; 1; 2; 5
146; 127; 1; 2; 8
98; 118; 2; 1; 12
98; 155; 1; 2; 17
159; 106; 2; 1; 32
190; 124; 2; 1; 32
133; 163; 1; 2; 32
172; 194; 2; 1; 33
131; 194; 1; 2; 42
168; 128; 2; 1; 42
188; 199; 2; 1; 44
173; 142; 2; 1; 44
193; 165; 1; 2; 44
143; 148; 2; 1; 49
98; 163; 2; 1; 63
125; 137; 2; 1; 70
106; 185; 2; 1; 78
150; 147; 2; 1; 78
196; 194; 2; 1; 78
191; 139; 1; 2; 80
125; 121; 1; 2; 98
153; 163; 2; 1; 99
138; 174; 1; 2; 103
142; 183; 2; 1; 112
118; 155; 1; 2; 117
139; 122; 2; 1; 118
144; 158; 1; 2; 120
158; 167; 1; 2; 134
195; 198; 1; 2; 135
122; 179; 2; 1; 139
196; 147; 1; 2; 141
182; 178; 2; 1; 156
148; 139; 1; 2; 160
200; 137; 2; 1; 163
118; 98; 1; 2; 172
196; 116; 2; 1; 188
112; 113; 2; 1; 189
135; 166; 2; 1; 195
111; 171; 1; 2; 196
200; 109; 2; 1; 202
160; 198; 2; 1; 209
115; 182; 1; 2; 219
136; 134; 2; 1; 219
148; 125; 2; 1; 223
181; 117; 1; 2; 228
168; 168; 2; 1; 229
154; 161; 2; 1; 232
150; 167; 2; 1; 232
107; 188; 2; 1; 235
200; 153; 2; 1; 236
139; 135; 2; 1; 241
102; 159; 2; 1; 242
122; 148; 1; 2; 249
131; 132; 2; 1; 258
109; 163; 2; 1; 258
192; 132; 2; 1; 261
114; 170; 2; 1; 261
102; 138; 2; 1; 266
183; 117; 1; 2; 267
187; 191; 2; 1; 272
161; 183; 2; 1; 272
138; 156; 2; 1; 273
129; 158; 1; 2; 278
170; 151; 1; 2; 284
110; 182; 2; 1; 292
172; 113; 1; 2; 293
144; 102; 1; 2; 301
16
11; 1; 34; 452
2; 1; 14; 938
5; 1; 26; 1154
1; 1; 39; 2095
15; 1; 5; 2154
3; 1; 39; 3372
4; 1; 28; 3822
6; 1; 44; 4178
9; 1; 31; 5377
8; 1; 13; 6267
0; 1; 9; 6706
13; 1; 14; 6720
12; 1; 5; 7537
14; 1; 28; 8025
7; 1; 2; 8682
10; 1; 1; 10176
