**** 215 ****
69
186; 193; 1; 2; 0
180; 167; 2; 1; 9
161; 142; 1; 2; 10
144; 165; 2; 1; 16
136; 134; 2; 1; 20
158; 184; 1; 2; 22
176; 190; 1; 2; 28
104; 144; 1; 2; 29
113; 103; 2; 1; 30
146; 127; 1; 2; 41
130; 134; 1; 2; 42
195; 137; 1; 2; 44
180; 152; 2; 1; 47
197; 129; 2; 1; 60
139; 156; 1; 2; 62
188; 118; 1; 2; 67
147; 158; 2; 1; 85
201; 189; 1; 2; 88
121; 126; 2; 1; 90
201; 131; 2; 1; 92
144; 182; 1; 2; 93
101; 160; 1; 2; 98
183; 200; 2; 1; 103
97; 150; 1; 2; 104
110; 123; 1; 2; 104
196; 155; 2; 1; 110
191; 186; 1; 2; 118
187; 160; 2; 1; 125
110; 130; 1; 2; 128
201; 176; 1; 2; 133
131; 123; 1; 2; 137
129; 193; 2; 1; 143
148; 169; 2; 1; 145
176; 133; 2; 1; 146
131; 201; 2; 1; 155
102; 107; 2; 1; 171
119; 182; 1; 2; 179
107; 113; 1; 2; 182
154; 111; 2; 1; 202
165; 113; 2; 1; 205
200; 157; 2; 1; 213
100; 201; 2; 1; 218
118; 98; 1; 2; 219
193; 157; 1; 2; 219
137; 105; 2; 1; 219
188; 125; 1; 2; 222
153; 163; 1; 2; 222
199; 123; 1; 2; 235
201; 201; 2; 1; 236
129; 110; 2; 1; 246
136; 133; 1; 2; 250
99; 171; 2; 1; 251
165; 182; 2; 1; 257
100; 134; 1; 2; 261
151; 98; 2; 1; 270
135; 179; 2; 1; 273
112; 102; 1; 2; 274
164; 112; 1; 2; 276
152; 127; 2; 1; 279
163; 125; 1; 2; 283
172; 143; 1; 2; 287
167; 127; 1; 2; 288
174; 109; 1; 2; 289
140; 141; 1; 2; 289
176; 97; 1; 2; 289
196; 159; 1; 2; 291
122; 190; 2; 1; 292
159; 119; 1; 2; 303
141; 193; 1; 2; 304
16
7; 1; 37; 690
15; 1; 27; 782
4; 1; 15; 1572
13; 1; 31; 1852
3; 1; 33; 3163
12; 1; 48; 3544
5; 1; 12; 3827
1; 1; 21; 4956
10; 1; 32; 5214
8; 1; 48; 5821
9; 1; 6; 7010
6; 1; 32; 7502
0; 1; 30; 7535
14; 1; 49; 7633
11; 1; 27; 9317
2; 1; 5; 10577
