**** 216 ****
69
199; 122; 1; 2; 0
147; 173; 2; 1; 12
144; 173; 2; 1; 19
134; 183; 1; 2; 25
195; 178; 1; 2; 32
159; 145; 1; 2; 33
143; 98; 2; 1; 39
106; 101; 1; 2; 41
198; 194; 2; 1; 42
187; 162; 2; 1; 43
178; 185; 1; 2; 50
146; 157; 2; 1; 61
129; 150; 2; 1; 65
166; 134; 1; 2; 67
130; 196; 2; 1; 67
167; 108; 1; 2; 78
172; 171; 2; 1; 79
138; 151; 1; 2; 80
154; 110; 2; 1; 91
107; 104; 2; 1; 92
187; 119; 2; 1; 92
114; 143; 1; 2; 93
144; 177; 2; 1; 93
124; 193; 2; 1; 94
109; 125; 1; 2; 96
196; 101; 2; 1; 103
176; 188; 2; 1; 104
172; 161; 2; 1; 105
168; 175; 2; 1; 141
185; 157; 1; 2; 142
168; 185; 1; 2; 149
198; 162; 1; 2; 156
182; 194; 2; 1; 157
103; 154; 2; 1; 161
116; 166; 1; 2; 161
132; 130; 2; 1; 171
185; 177; 1; 2; 174
108; 102; 2; 1; 175
152; 165; 2; 1; 189
101; 136; 2; 1; 204
117; 193; 1; 2; 206
136; 190; 2; 1; 214
125; 99; 2; 1; 215
144; 106; 1; 2; 216
160; 184; 1; 2; 216
200; 155; 2; 1; 222
107; 114; 2; 1; 226
131; 131; 2; 1; 235
168; 156; 1; 2; 238
155; 110; 2; 1; 242
135; 181; 2; 1; 244
114; 107; 1; 2; 245
137; 151; 2; 1; 251
201; 188; 2; 1; 254
195; 189; 2; 1; 255
141; 199; 1; 2; 261
139; 107; 1; 2; 261
97; 180; 1; 2; 264
186; 164; 2; 1; 271
102; 134; 2; 1; 275
106; 123; 1; 2; 276
113; 132; 2; 1; 277
113; 107; 2; 1; 283
100; 141; 2; 1; 292
164; 193; 2; 1; 301
168; 115; 1; 2; 305
123; 136; 2; 1; 307
190; 164; 2; 1; 308
174; 183; 1; 2; 312
16
15; 1; 2; 880
6; 1; 48; 1755
7; 1; 14; 1810
9; 1; 20; 1838
4; 1; 26; 2184
11; 1; 46; 3237
2; 1; 48; 6168
5; 1; 46; 6322
0; 1; 31; 6633
14; 1; 14; 6846
12; 1; 17; 6930
10; 1; 10; 7332
3; 1; 11; 7464
1; 1; 19; 7669
8; 1; 29; 7733
13; 1; 8; 8689
