**** 217 ****
69
114; 110; 1; 2; 2
124; 113; 1; 2; 22
197; 135; 2; 1; 33
152; 120; 2; 1; 33
136; 104; 2; 1; 37
171; 161; 1; 2; 39
180; 152; 2; 1; 43
197; 126; 1; 2; 46
155; 165; 1; 2; 49
146; 141; 1; 2; 52
101; 99; 1; 2; 53
100; 96; 2; 1; 65
131; 196; 2; 1; 66
197; 97; 1; 2; 67
112; 130; 1; 2; 81
122; 110; 1; 2; 89
145; 122; 2; 1; 96
155; 181; 2; 1; 96
191; 124; 1; 2; 100
141; 159; 1; 2; 101
154; 190; 2; 1; 106
182; 159; 1; 2; 109
191; 175; 2; 1; 110
174; 151; 2; 1; 114
174; 119; 1; 2; 120
177; 173; 2; 1; 120
131; 198; 2; 1; 122
178; 112; 1; 2; 123
105; 184; 2; 1; 126
150; 100; 2; 1; 130
185; 197; 2; 1; 146
162; 168; 2; 1; 149
140; 158; 2; 1; 150
146; 153; 1; 2; 152
181; 186; 2; 1; 159
104; 116; 2; 1; 163
156; 178; 2; 1; 171
117; 103; 1; 2; 173
111; 151; 1; 2; 174
104; 101; 2; 1; 178
163; 133; 2; 1; 179
180; 166; 1; 2; 180
152; 177; 1; 2; 182
154; 193; 2; 1; 182
110; 155; 1; 2; 186
193; 167; 2; 1; 189
191; 129; 2; 1; 193
130; 101; 1; 2; 196
179; 201; 2; 1; 204
178; 163; 2; 1; 204
194; 190; 2; 1; 206
128; 200; 2; 1; 210
155; 154; 1; 2; 220
113; 139; 1; 2; 233
201; 106; 1; 2; 246
121; 172; 1; 2; 259
154; 199; 1; 2; 262
149; 141; 1; 2; 264
191; 142; 1; 2; 270
98; 103; 1; 2; 275
156; 146; 2; 1; 276
189; 108; 1; 2; 280
137; 138; 1; 2; 280
170; 135; 2; 1; 284
175; 161; 2; 1; 300
101; 141; 1; 2; 301
190; 122; 2; 1; 310
172; 117; 2; 1; 312
153; 200; 1; 2; 313
16
13; 1; 2; 279
2; 1; 34; 526
12; 1; 2; 1198
11; 1; 47; 1247
0; 1; 34; 1808
5; 1; 36; 2639
3; 1; 6; 3214
9; 1; 6; 3253
6; 1; 11; 4351
4; 1; 32; 5104
7; 1; 37; 5365
15; 1; 24; 5835
8; 1; 2; 6980
1; 1; 43; 7209
10; 1; 29; 9372
14; 1; 27; 10093
