**** 218 ****
69
117; 169; 1; 2; 2
200; 171; 1; 2; 13
199; 179; 1; 2; 13
169; 138; 2; 1; 16
198; 132; 1; 2; 17
157; 200; 1; 2; 20
123; 151; 2; 1; 21
162; 147; 2; 1; 25
136; 131; 1; 2; 25
183; 110; 1; 2; 25
135; 157; 1; 2; 28
157; 200; 1; 2; 29
157; 147; 1; 2; 39
145; 111; 2; 1; 44
123; 180; 2; 1; 46
125; 153; 2; 1; 56
158; 178; 1; 2; 61
156; 147; 1; 2; 63
156; 190; 2; 1; 63
178; 194; 1; 2; 67
137; 173; 1; 2; 72
193; 190; 1; 2; 74
184; 188; 1; 2; 79
107; 115; 2; 1; 79
127; 133; 1; 2; 80
119; 152; 2; 1; 84
113; 192; 2; 1; 87
113; 102; 1; 2; 89
196; 136; 1; 2; 94
128; 113; 1; 2; 95
145; 190; 2; 1; 98
165; 136; 2; 1; 98
178; 132; 1; 2; 104
178; 160; 1; 2; 107
156; 105; 2; 1; 110
110; 177; 1; 2; 110
99; 118; 1; 2; 111
148; 196; 1; 2; 114
161; 102; 1; 2; 118
146; 160; 1; 2; 124
99; 112; 1; 2; 131
175; 96; 1; 2; 135
158; 195; 1; 2; 136
153; 190; 1; 2; 144
145; 201; 1; 2; 150
184; 183; 1; 2; 154
140; 196; 1; 2; 163
170; 134; 1; 2; 167
146; 199; 1; 2; 175
116; 148; 2; 1; 183
115; 186; 1; 2; 184
125; 172; 2; 1; 189
175; 155; 1; 2; 193
168; 130; 2; 1; 208
110; 123; 1; 2; 210
119; 188; 2; 1; 234
137; 176; 1; 2; 245
105; 197; 2; 1; 254
132; 197; 1; 2; 257
102; 138; 1; 2; 266
176; 190; 1; 2; 269
200; 105; 1; 2; 278
193; 163; 1; 2; 280
195; 134; 1; 2; 285
140; 118; 1; 2; 304
166; 106; 1; 2; 304
171; 114; 1; 2; 306
191; 125; 2; 1; 316
111; 118; 1; 2; 316
16
4; 1; 27; 599
5; 1; 40; 863
3; 1; 31; 1535
13; 1; 25; 2257
9; 1; 49; 2491
8; 1; 3; 3767
11; 1; 37; 3970
10; 1; 21; 4121
7; 1; 23; 4667
1; 1; 4; 5275
2; 1; 38; 6703
14; 1; 6; 7655
12; 1; 31; 7887
0; 1; 11; 9297
6; 1; 9; 9857
15; 1; 42; 10419
