**** 219 ****
69
190; 179; 1; 2; 11
117; 139; 1; 2; 15
169; 156; 1; 2; 19
185; 136; 2; 1; 31
139; 157; 2; 1; 33
124; 143; 2; 1; 33
100; 167; 1; 2; 40
157; 123; 1; 2; 40
189; 132; 1; 2; 41
188; 116; 2; 1; 45
113; 173; 1; 2; 49
178; 158; 2; 1; 58
98; 123; 1; 2; 60
100; 186; 2; 1; 63
125; 96; 2; 1; 64
133; 177; 1; 2; 68
127; 138; 1; 2; 71
161; 109; 2; 1; 72
116; 115; 2; 1; 73
181; 97; 2; 1; 75
175; 137; 1; 2; 77
180; 98; 1; 2; 81
101; 105; 2; 1; 85
194; 190; 2; 1; 91
126; 183; 1; 2; 94
104; 159; 2; 1; 100
145; 139; 2; 1; 104
110; 139; 2; 1; 107
149; 138; 1; 2; 113
201; 172; 1; 2; 122
193; 109; 2; 1; 123
139; 179; 2; 1; 128
138; 179; 2; 1; 130
107; 100; 2; 1; 136
117; 194; 2; 1; 138
168; 186; 1; 2; 143
168; 111; 1; 2; 151
98; 187; 1; 2; 156
119; 186; 2; 1; 158
160; 124; 2; 1; 175
149; 181; 1; 2; 177
165; 169; 1; 2; 177
177; 170; 1; 2; 195
192; 195; 2; 1; 196
170; 102; 1; 2; 196
99; 137; 1; 2; 199
188; 174; 1; 2; 200
158; 106; 1; 2; 207
195; 123; 1; 2; 212
159; 158; 1; 2; 214
201; 136; 2; 1; 217
194; 125; 2; 1; 230
187; 160; 1; 2; 231
130; 180; 2; 1; 235
137; 151; 1; 2; 243
174; 179; 2; 1; 245
174; 184; 2; 1; 249
168; 166; 1; 2; 255
97; 127; 1; 2; 259
103; 130; 2; 1; 276
163; 199; 1; 2; 277
134; 132; 1; 2; 279
195; 106; 1; 2; 280
124; 122; 1; 2; 286
137; 115; 2; 1; 292
164; 101; 2; 1; 302
102; 141; 1; 2; 302
108; 190; 2; 1; 305
157; 186; 1; 2; 317
16
5; 1; 5; 466
14; 1; 21; 1240
6; 1; 19; 1654
0; 1; 14; 1922
10; 1; 33; 1976
7; 1; 38; 2372
13; 1; 31; 3180
12; 1; 43; 3359
9; 1; 33; 5520
2; 1; 24; 7454
11; 1; 9; 8079
4; 1; 6; 8134
1; 1; 5; 8328
8; 1; 36; 8343
3; 1; 20; 8393
15; 1; 45; 8676
