**** 22 ****
52
13; 47; 2; 1; 4
63; 64; 2; 1; 4
33; 49; 2; 1; 7
12; 45; 2; 1; 11
65; 22; 2; 1; 14
30; 31; 1; 2; 14
47; 62; 2; 1; 15
17; 47; 1; 2; 15
38; 55; 2; 1; 19
43; 25; 2; 1; 21
40; 58; 2; 1; 22
43; 36; 2; 1; 25
17; 50; 1; 2; 27
14; 32; 2; 1; 31
18; 26; 1; 2; 32
53; 26; 1; 2; 34
17; 59; 2; 1; 35
56; 56; 2; 1; 36
14; 59; 1; 2; 36
26; 39; 1; 2; 43
48; 46; 1; 2; 45
17; 15; 2; 1; 49
17; 30; 2; 1; 52
34; 14; 1; 2; 56
29; 48; 1; 2; 61
33; 40; 1; 2; 61
18; 33; 1; 2; 68
29; 20; 1; 2; 70
11; 33; 1; 2; 71
58; 42; 1; 2; 72
47; 26; 1; 2; 77
14; 47; 1; 2; 80
12; 21; 1; 2; 87
32; 60; 1; 2; 90
23; 42; 1; 2; 92
14; 30; 1; 2; 92
37; 42; 1; 2; 92
31; 40; 1; 2; 93
48; 41; 2; 1; 97
52; 42; 1; 2; 98
54; 30; 2; 1; 98
63; 17; 1; 2; 99
52; 49; 2; 1; 100
13; 37; 1; 2; 103
59; 60; 2; 1; 105
13; 36; 2; 1; 107
19; 38; 1; 2; 112
40; 32; 2; 1; 112
52; 49; 2; 1; 112
23; 20; 1; 2; 114
23; 14; 1; 2; 116
29; 37; 2; 1; 120
13
12; 1; 41; 337
10; 1; 41; 483
5; 1; 45; 813
6; 1; 45; 1082
11; 1; 7; 1227
3; 1; 26; 1244
0; 1; 7; 1274
8; 1; 13; 1376
7; 1; 22; 1425
1; 1; 4; 1528
2; 1; 10; 1612
4; 1; 31; 1652
9; 1; 29; 1747
