**** 220 ****
70
153; 175; 2; 1; 2
132; 192; 2; 1; 9
185; 188; 2; 1; 10
134; 101; 2; 1; 11
131; 190; 2; 1; 31
152; 167; 2; 1; 35
122; 171; 1; 2; 35
119; 137; 2; 1; 40
193; 126; 2; 1; 41
147; 154; 2; 1; 47
153; 199; 2; 1; 53
144; 129; 2; 1; 62
186; 203; 1; 2; 69
160; 119; 1; 2; 75
145; 186; 1; 2; 79
108; 174; 2; 1; 80
130; 174; 2; 1; 81
112; 161; 1; 2; 83
152; 130; 1; 2; 88
108; 188; 2; 1; 99
133; 135; 1; 2; 101
162; 107; 2; 1; 112
206; 112; 1; 2; 117
133; 198; 2; 1; 123
126; 179; 1; 2; 123
202; 123; 2; 1; 124
127; 149; 1; 2; 127
173; 122; 1; 2; 130
119; 188; 1; 2; 135
136; 104; 2; 1; 137
143; 122; 1; 2; 138
124; 146; 2; 1; 139
141; 124; 1; 2; 141
184; 109; 2; 1; 141
144; 167; 2; 1; 151
117; 209; 2; 1; 153
207; 107; 2; 1; 162
142; 160; 2; 1; 178
148; 171; 1; 2; 181
149; 120; 2; 1; 183
101; 197; 2; 1; 186
129; 131; 2; 1; 193
147; 106; 1; 2; 194
161; 205; 2; 1; 196
120; 182; 2; 1; 223
196; 196; 1; 2; 226
134; 195; 1; 2; 231
117; 203; 1; 2; 233
101; 187; 2; 1; 239
208; 130; 2; 1; 242
181; 109; 2; 1; 243
200; 135; 2; 1; 251
108; 109; 1; 2; 252
102; 130; 1; 2; 253
126; 113; 2; 1; 254
140; 135; 1; 2; 254
116; 206; 2; 1; 255
156; 183; 1; 2; 262
108; 136; 1; 2; 265
172; 198; 1; 2; 269
177; 184; 2; 1; 272
183; 137; 2; 1; 284
207; 154; 1; 2; 286
189; 147; 2; 1; 291
192; 142; 2; 1; 303
114; 182; 1; 2; 306
149; 121; 1; 2; 311
153; 179; 1; 2; 315
135; 163; 1; 2; 316
171; 141; 2; 1; 317
16
14; 1; 18; 2284
11; 1; 28; 3870
7; 1; 9; 4352
4; 1; 25; 4629
8; 1; 37; 4968
6; 1; 25; 5242
0; 1; 8; 5853
1; 1; 21; 6095
5; 1; 6; 6265
9; 1; 29; 6618
3; 1; 38; 6925
15; 1; 4; 8442
12; 1; 28; 8825
13; 1; 5; 8893
10; 1; 2; 9772
2; 1; 17; 10062
