**** 221 ****
70
205; 120; 2; 1; 6
176; 180; 2; 1; 8
180; 206; 1; 2; 11
194; 113; 1; 2; 12
201; 203; 2; 1; 15
200; 142; 1; 2; 18
192; 125; 2; 1; 18
170; 189; 2; 1; 27
172; 112; 1; 2; 27
142; 198; 1; 2; 43
172; 104; 2; 1; 52
152; 176; 1; 2; 53
203; 113; 1; 2; 54
118; 147; 1; 2; 56
141; 196; 1; 2; 57
154; 157; 2; 1; 59
128; 156; 1; 2; 62
128; 176; 1; 2; 66
189; 153; 1; 2; 69
137; 123; 2; 1; 77
172; 158; 2; 1; 80
197; 122; 2; 1; 83
132; 143; 2; 1; 93
189; 169; 1; 2; 100
200; 182; 1; 2; 116
127; 209; 2; 1; 116
205; 198; 1; 2; 127
154; 207; 1; 2; 129
102; 104; 1; 2; 132
148; 185; 2; 1; 152
173; 164; 2; 1; 153
105; 110; 1; 2; 154
122; 111; 2; 1; 158
121; 152; 1; 2; 160
165; 137; 2; 1; 163
114; 164; 1; 2; 163
154; 203; 2; 1; 167
129; 136; 2; 1; 171
164; 114; 2; 1; 171
162; 205; 2; 1; 195
128; 193; 1; 2; 197
155; 172; 2; 1; 200
139; 134; 2; 1; 210
201; 185; 1; 2; 214
133; 195; 2; 1; 215
200; 173; 2; 1; 222
183; 142; 1; 2; 227
116; 189; 2; 1; 227
112; 205; 2; 1; 233
150; 105; 2; 1; 235
171; 138; 1; 2; 237
156; 128; 2; 1; 243
208; 150; 1; 2; 245
183; 157; 1; 2; 249
176; 159; 1; 2; 251
172; 107; 1; 2; 254
169; 124; 1; 2; 260
193; 159; 1; 2; 261
148; 184; 2; 1; 263
206; 118; 1; 2; 264
188; 102; 1; 2; 267
200; 128; 1; 2; 273
206; 125; 2; 1; 276
121; 180; 1; 2; 286
204; 190; 1; 2; 298
191; 118; 1; 2; 301
207; 124; 1; 2; 302
104; 130; 2; 1; 302
205; 131; 2; 1; 305
160; 126; 2; 1; 312
16
6; 1; 7; 1300
7; 1; 41; 1935
9; 1; 4; 2761
3; 1; 13; 3354
15; 1; 21; 3478
0; 1; 13; 4345
12; 1; 2; 4987
5; 1; 45; 5068
1; 1; 12; 5495
2; 1; 18; 6400
4; 1; 26; 6974
8; 1; 47; 7003
10; 1; 10; 7445
13; 1; 14; 7838
11; 1; 15; 10396
14; 1; 7; 10633
