**** 222 ****
70
137; 148; 1; 2; 1
107; 208; 1; 2; 13
135; 197; 1; 2; 13
163; 139; 2; 1; 21
118; 147; 1; 2; 24
177; 122; 2; 1; 33
161; 181; 1; 2; 42
160; 147; 1; 2; 56
105; 127; 2; 1; 60
157; 186; 2; 1; 61
168; 161; 1; 2; 61
149; 198; 2; 1; 69
116; 193; 1; 2; 69
193; 147; 2; 1; 73
179; 208; 2; 1; 75
160; 157; 2; 1; 75
144; 173; 1; 2; 84
123; 122; 2; 1; 88
168; 126; 1; 2; 90
143; 168; 1; 2; 100
173; 199; 2; 1; 101
131; 170; 2; 1; 117
152; 116; 1; 2; 118
196; 108; 1; 2; 123
151; 184; 2; 1; 130
114; 144; 1; 2; 134
187; 156; 1; 2; 135
175; 155; 2; 1; 144
138; 150; 2; 1; 149
170; 204; 1; 2; 149
189; 135; 2; 1; 149
145; 116; 1; 2; 152
103; 175; 2; 1; 153
128; 197; 1; 2; 153
173; 183; 2; 1; 161
184; 180; 2; 1; 168
143; 118; 2; 1; 179
158; 191; 2; 1; 189
152; 125; 2; 1; 190
168; 128; 1; 2; 198
187; 207; 2; 1; 199
205; 162; 1; 2; 201
142; 102; 2; 1; 218
104; 124; 2; 1; 220
179; 133; 2; 1; 223
166; 117; 2; 1; 226
128; 165; 1; 2; 229
179; 206; 2; 1; 230
162; 183; 1; 2; 230
195; 101; 1; 2; 235
110; 151; 2; 1; 249
161; 204; 1; 2; 249
206; 208; 1; 2; 262
177; 188; 2; 1; 264
202; 130; 1; 2; 271
183; 139; 2; 1; 272
120; 112; 2; 1; 273
130; 153; 2; 1; 274
208; 140; 1; 2; 280
164; 143; 2; 1; 280
174; 179; 1; 2; 283
202; 131; 1; 2; 288
180; 180; 1; 2; 290
107; 190; 1; 2; 293
106; 147; 2; 1; 297
162; 121; 1; 2; 300
157; 153; 1; 2; 301
155; 132; 1; 2; 306
159; 150; 2; 1; 309
179; 128; 1; 2; 310
16
7; 1; 4; 741
11; 1; 24; 779
2; 1; 12; 1037
3; 1; 3; 1386
8; 1; 28; 2469
12; 1; 5; 2501
13; 1; 31; 3510
15; 1; 3; 4181
6; 1; 11; 4908
1; 1; 27; 6726
5; 1; 8; 7965
9; 1; 13; 9736
0; 1; 22; 9766
4; 1; 17; 10513
10; 1; 48; 11057
14; 1; 42; 11269
