**** 223 ****
70
147; 109; 2; 1; 1
151; 145; 1; 2; 5
108; 189; 1; 2; 9
188; 190; 1; 2; 11
201; 206; 2; 1; 13
160; 125; 2; 1; 35
207; 118; 1; 2; 41
113; 142; 1; 2; 46
102; 149; 2; 1; 47
117; 147; 1; 2; 47
136; 202; 2; 1; 53
182; 195; 1; 2; 57
124; 141; 1; 2; 67
191; 193; 2; 1; 74
194; 102; 1; 2; 81
145; 179; 2; 1; 82
106; 154; 1; 2; 84
208; 154; 1; 2; 92
122; 113; 1; 2; 93
171; 170; 1; 2; 96
154; 117; 1; 2; 99
135; 141; 2; 1; 103
104; 203; 1; 2; 109
203; 198; 1; 2; 110
109; 194; 1; 2; 128
115; 114; 1; 2; 129
160; 117; 1; 2; 130
201; 141; 2; 1; 130
143; 172; 2; 1; 142
146; 205; 2; 1; 146
163; 140; 1; 2; 160
118; 206; 2; 1; 164
187; 145; 1; 2; 166
166; 177; 1; 2; 167
166; 143; 2; 1; 169
133; 153; 2; 1; 169
206; 171; 2; 1; 171
141; 186; 1; 2; 172
125; 173; 1; 2; 193
109; 155; 2; 1; 199
169; 179; 1; 2; 199
202; 183; 2; 1; 200
152; 111; 1; 2; 204
162; 145; 2; 1; 207
193; 115; 1; 2; 215
137; 205; 2; 1; 219
143; 168; 1; 2; 219
180; 165; 1; 2; 222
112; 120; 1; 2; 229
176; 207; 2; 1; 230
155; 132; 1; 2; 236
193; 139; 1; 2; 236
175; 147; 2; 1; 242
118; 177; 1; 2; 244
188; 142; 1; 2; 246
181; 103; 2; 1; 247
159; 141; 1; 2; 257
154; 162; 1; 2; 260
157; 101; 1; 2; 275
175; 187; 2; 1; 277
151; 166; 1; 2; 277
185; 194; 2; 1; 282
143; 159; 1; 2; 285
133; 113; 2; 1; 289
173; 180; 2; 1; 292
135; 165; 2; 1; 294
131; 154; 2; 1; 295
192; 147; 1; 2; 301
149; 195; 1; 2; 301
103; 118; 2; 1; 319
16
14; 1; 42; 69
15; 1; 13; 799
0; 1; 6; 1262
3; 1; 17; 2289
12; 1; 32; 3375
9; 1; 36; 3626
1; 1; 48; 3801
13; 1; 11; 4053
4; 1; 7; 4351
10; 1; 46; 5150
2; 1; 9; 6692
8; 1; 21; 6809
7; 1; 42; 7881
11; 1; 14; 9375
6; 1; 41; 9571
5; 1; 38; 9702
