**** 224 ****
70
190; 114; 1; 2; 3
151; 117; 1; 2; 8
104; 114; 1; 2; 26
137; 203; 2; 1; 39
182; 156; 2; 1; 40
106; 155; 1; 2; 43
208; 125; 1; 2; 51
108; 147; 1; 2; 53
124; 118; 2; 1; 56
128; 113; 1; 2; 56
207; 147; 2; 1; 64
188; 202; 1; 2; 64
177; 165; 2; 1; 71
209; 113; 2; 1; 76
148; 151; 1; 2; 78
106; 115; 2; 1; 80
161; 142; 2; 1; 86
103; 208; 2; 1; 92
171; 200; 1; 2; 95
156; 151; 2; 1; 96
187; 106; 1; 2; 99
186; 161; 2; 1; 108
107; 189; 1; 2; 111
200; 203; 1; 2; 116
150; 107; 2; 1; 119
151; 185; 2; 1; 121
205; 175; 1; 2; 122
102; 115; 2; 1; 124
162; 190; 1; 2; 138
145; 200; 2; 1; 145
205; 101; 2; 1; 145
144; 166; 1; 2; 154
117; 124; 2; 1; 154
110; 105; 1; 2; 157
177; 198; 1; 2; 158
147; 140; 2; 1; 162
134; 126; 2; 1; 163
103; 196; 1; 2; 164
135; 205; 2; 1; 183
124; 169; 1; 2; 189
195; 135; 2; 1; 197
192; 187; 1; 2; 201
103; 179; 2; 1; 204
181; 125; 2; 1; 204
132; 120; 2; 1; 204
188; 177; 1; 2; 209
178; 112; 1; 2; 214
193; 109; 1; 2; 218
128; 132; 1; 2; 221
102; 187; 1; 2; 222
150; 127; 2; 1; 224
164; 133; 2; 1; 238
122; 136; 2; 1; 243
146; 171; 2; 1; 256
173; 164; 1; 2; 256
137; 170; 2; 1; 260
145; 186; 1; 2; 263
114; 126; 1; 2; 264
192; 206; 2; 1; 267
132; 171; 1; 2; 269
117; 122; 1; 2; 270
193; 155; 1; 2; 271
113; 158; 2; 1; 283
193; 154; 2; 1; 301
119; 188; 2; 1; 305
180; 116; 1; 2; 312
177; 130; 2; 1; 313
158; 173; 2; 1; 318
115; 163; 1; 2; 319
151; 138; 2; 1; 319
16
13; 1; 37; 939
1; 1; 10; 1487
8; 1; 6; 1606
12; 1; 9; 2082
5; 1; 42; 2624
0; 1; 29; 3827
14; 1; 39; 3982
9; 1; 24; 5443
7; 1; 2; 6064
2; 1; 30; 6115
4; 1; 41; 6426
6; 1; 36; 7197
15; 1; 6; 7292
10; 1; 23; 9280
11; 1; 12; 9561
3; 1; 16; 9910
