**** 225 ****
70
208; 125; 2; 1; 5
110; 204; 1; 2; 15
138; 177; 1; 2; 28
153; 158; 1; 2; 29
191; 168; 2; 1; 32
147; 167; 1; 2; 35
104; 205; 1; 2; 38
116; 204; 2; 1; 50
166; 108; 2; 1; 55
204; 119; 2; 1; 59
191; 106; 1; 2; 61
110; 111; 1; 2; 66
150; 141; 2; 1; 70
172; 144; 1; 2; 74
189; 182; 2; 1; 74
173; 175; 2; 1; 77
124; 122; 2; 1; 86
140; 166; 1; 2; 94
113; 186; 2; 1; 100
113; 191; 1; 2; 100
126; 192; 1; 2; 102
196; 143; 2; 1; 105
206; 158; 2; 1; 111
116; 180; 2; 1; 113
140; 154; 2; 1; 116
138; 150; 1; 2; 117
201; 157; 1; 2; 124
200; 204; 1; 2; 126
167; 158; 1; 2; 140
111; 208; 1; 2; 143
152; 165; 1; 2; 154
170; 203; 2; 1; 155
151; 115; 2; 1; 156
140; 203; 1; 2; 160
194; 173; 2; 1; 160
104; 159; 1; 2; 161
160; 177; 1; 2; 162
161; 168; 1; 2; 167
148; 106; 2; 1; 171
160; 117; 2; 1; 174
174; 158; 2; 1; 181
173; 195; 2; 1; 183
205; 144; 1; 2; 183
158; 147; 1; 2; 183
201; 156; 1; 2; 189
176; 167; 2; 1; 189
160; 197; 2; 1; 191
109; 134; 1; 2; 200
134; 178; 2; 1; 216
112; 148; 1; 2; 228
110; 162; 1; 2; 229
139; 108; 1; 2; 230
165; 133; 1; 2; 230
194; 102; 1; 2; 232
139; 161; 1; 2; 233
139; 172; 1; 2; 240
146; 122; 1; 2; 246
152; 204; 2; 1; 256
191; 153; 2; 1; 257
148; 117; 2; 1; 269
104; 112; 2; 1; 299
184; 154; 1; 2; 300
105; 138; 2; 1; 307
113; 184; 1; 2; 314
167; 106; 1; 2; 316
147; 158; 1; 2; 320
113; 172; 2; 1; 322
124; 170; 1; 2; 322
148; 141; 1; 2; 323
121; 146; 2; 1; 323
16
14; 1; 38; 451
6; 1; 5; 1279
11; 1; 27; 1686
3; 1; 23; 3192
8; 1; 19; 3887
4; 1; 48; 4086
7; 1; 9; 4138
12; 1; 40; 4177
0; 1; 28; 5376
1; 1; 13; 5497
13; 1; 39; 6001
10; 1; 29; 6495
15; 1; 44; 7817
9; 1; 44; 8449
5; 1; 29; 9385
2; 1; 8; 10612
