**** 226 ****
70
143; 156; 1; 2; 1
177; 162; 2; 1; 10
187; 190; 2; 1; 18
109; 140; 1; 2; 19
153; 194; 1; 2; 21
160; 137; 1; 2; 26
143; 165; 2; 1; 35
178; 102; 1; 2; 43
105; 105; 2; 1; 48
128; 129; 2; 1; 54
146; 134; 2; 1; 61
147; 117; 1; 2; 80
192; 129; 1; 2; 85
116; 153; 1; 2; 86
177; 169; 2; 1; 91
202; 178; 2; 1; 92
195; 155; 1; 2; 94
190; 204; 2; 1; 101
138; 139; 2; 1; 107
103; 156; 2; 1; 111
138; 168; 2; 1; 115
165; 105; 2; 1; 125
133; 152; 1; 2; 125
204; 165; 2; 1; 133
187; 151; 2; 1; 139
207; 174; 2; 1; 140
196; 193; 2; 1; 155
177; 187; 1; 2; 159
125; 103; 2; 1; 161
199; 165; 2; 1; 165
101; 110; 1; 2; 167
191; 205; 2; 1; 167
142; 193; 1; 2; 168
117; 106; 1; 2; 171
145; 130; 2; 1; 175
142; 107; 1; 2; 182
185; 141; 1; 2; 182
121; 126; 2; 1; 187
109; 105; 2; 1; 191
113; 123; 1; 2; 198
107; 134; 2; 1; 198
170; 198; 1; 2; 201
184; 172; 1; 2; 208
184; 112; 2; 1; 209
192; 175; 2; 1; 215
109; 184; 2; 1; 217
142; 140; 1; 2; 222
170; 196; 1; 2; 223
162; 202; 1; 2; 224
137; 127; 1; 2; 230
112; 142; 1; 2; 233
153; 147; 1; 2; 237
104; 202; 1; 2; 241
126; 203; 1; 2; 242
198; 166; 2; 1; 242
137; 123; 1; 2; 242
102; 154; 2; 1; 247
121; 120; 1; 2; 255
159; 168; 2; 1; 256
177; 142; 2; 1; 261
155; 143; 2; 1; 263
171; 135; 1; 2; 281
149; 113; 1; 2; 281
193; 104; 2; 1; 287
106; 183; 1; 2; 291
120; 124; 2; 1; 296
112; 152; 2; 1; 298
117; 177; 1; 2; 309
154; 166; 2; 1; 318
177; 102; 2; 1; 322
16
5; 1; 44; 215
2; 1; 14; 319
7; 1; 38; 783
4; 1; 39; 2446
6; 1; 1; 2546
11; 1; 49; 3149
15; 1; 45; 3757
12; 1; 33; 4022
1; 1; 20; 4189
8; 1; 48; 4746
14; 1; 33; 5349
9; 1; 44; 5895
0; 1; 30; 7047
13; 1; 14; 7730
10; 1; 10; 9546
3; 1; 30; 10169
