**** 227 ****
70
122; 109; 1; 2; 10
202; 106; 1; 2; 11
207; 143; 2; 1; 15
157; 162; 2; 1; 19
165; 138; 2; 1; 25
138; 139; 1; 2; 30
187; 171; 2; 1; 34
172; 156; 1; 2; 39
184; 116; 1; 2; 41
154; 205; 2; 1; 42
156; 202; 2; 1; 46
152; 192; 2; 1; 55
139; 201; 2; 1; 59
199; 115; 1; 2; 60
160; 174; 1; 2; 83
179; 136; 2; 1; 83
129; 142; 1; 2; 93
147; 184; 1; 2; 100
118; 203; 2; 1; 102
164; 190; 1; 2; 106
101; 207; 1; 2; 108
114; 197; 1; 2; 110
137; 144; 1; 2; 114
182; 208; 1; 2; 127
151; 125; 1; 2; 129
101; 132; 2; 1; 136
197; 153; 1; 2; 153
156; 137; 1; 2; 154
125; 132; 2; 1; 157
161; 149; 1; 2; 169
138; 168; 1; 2; 170
189; 158; 2; 1; 171
122; 156; 2; 1; 191
134; 145; 2; 1; 193
167; 138; 1; 2; 194
107; 139; 1; 2; 195
101; 104; 2; 1; 198
127; 168; 2; 1; 200
151; 174; 2; 1; 202
143; 195; 2; 1; 205
207; 136; 2; 1; 212
167; 113; 1; 2; 215
171; 177; 1; 2; 219
149; 174; 1; 2; 220
200; 141; 1; 2; 222
176; 154; 1; 2; 224
130; 170; 1; 2; 225
130; 141; 2; 1; 245
160; 198; 2; 1; 250
193; 138; 1; 2; 251
170; 133; 1; 2; 254
108; 152; 2; 1; 256
189; 198; 2; 1; 262
202; 111; 1; 2; 264
167; 204; 2; 1; 275
178; 208; 2; 1; 278
175; 135; 2; 1; 278
146; 194; 1; 2; 278
146; 168; 1; 2; 279
188; 121; 2; 1; 282
182; 123; 1; 2; 290
205; 201; 2; 1; 291
173; 109; 1; 2; 292
136; 135; 2; 1; 300
118; 206; 1; 2; 306
206; 205; 2; 1; 314
117; 116; 2; 1; 314
158; 149; 2; 1; 320
198; 202; 1; 2; 322
177; 103; 2; 1; 323
16
14; 1; 24; 259
6; 1; 3; 851
10; 1; 4; 1954
13; 1; 19; 2132
0; 1; 42; 3396
11; 1; 47; 3598
1; 1; 31; 3942
2; 1; 46; 4488
12; 1; 45; 4896
5; 1; 19; 4962
9; 1; 29; 7218
8; 1; 30; 7822
7; 1; 16; 8582
15; 1; 6; 9899
4; 1; 12; 10218
3; 1; 31; 11124
