**** 228 ****
70
183; 176; 1; 2; 9
140; 171; 2; 1; 17
175; 117; 1; 2; 21
147; 118; 1; 2; 22
163; 162; 1; 2; 27
192; 205; 2; 1; 31
126; 177; 2; 1; 31
174; 184; 1; 2; 33
140; 178; 2; 1; 41
197; 169; 1; 2; 41
151; 104; 1; 2; 48
127; 184; 2; 1; 50
165; 146; 2; 1; 56
171; 116; 1; 2; 60
195; 162; 2; 1; 68
197; 153; 1; 2; 75
154; 195; 1; 2; 75
150; 207; 1; 2; 84
158; 158; 2; 1; 86
174; 170; 2; 1; 86
124; 190; 1; 2; 99
143; 136; 1; 2; 100
204; 113; 1; 2; 101
194; 204; 1; 2; 102
166; 186; 1; 2; 104
199; 167; 1; 2; 106
206; 184; 2; 1; 111
201; 171; 2; 1; 120
135; 166; 2; 1; 129
116; 207; 2; 1; 132
162; 160; 1; 2; 141
201; 163; 1; 2; 142
206; 182; 1; 2; 142
174; 190; 1; 2; 146
163; 187; 1; 2; 149
162; 206; 2; 1; 158
138; 174; 1; 2; 162
192; 133; 2; 1; 168
152; 197; 1; 2; 170
196; 183; 2; 1; 172
147; 114; 1; 2; 175
136; 169; 2; 1; 184
109; 187; 1; 2; 188
151; 105; 2; 1; 190
156; 141; 1; 2; 190
149; 111; 2; 1; 194
174; 155; 2; 1; 207
123; 188; 2; 1; 214
166; 101; 2; 1; 222
195; 180; 2; 1; 229
192; 143; 2; 1; 229
131; 106; 2; 1; 231
150; 152; 2; 1; 234
162; 162; 2; 1; 241
199; 159; 2; 1; 244
203; 135; 1; 2; 245
197; 107; 1; 2; 249
126; 197; 2; 1; 253
162; 201; 2; 1; 260
118; 132; 1; 2; 261
182; 177; 1; 2; 263
123; 189; 1; 2; 275
179; 157; 1; 2; 276
188; 136; 2; 1; 278
147; 179; 2; 1; 280
165; 122; 2; 1; 284
165; 209; 2; 1; 290
121; 111; 2; 1; 298
196; 167; 1; 2; 301
178; 192; 2; 1; 312
16
11; 1; 21; 1700
3; 1; 43; 2014
13; 1; 21; 2536
14; 1; 43; 4112
10; 1; 13; 5627
1; 1; 8; 5854
7; 1; 4; 7807
9; 1; 45; 7817
5; 1; 3; 8016
0; 1; 38; 9535
8; 1; 30; 9615
15; 1; 43; 9653
12; 1; 47; 10003
6; 1; 8; 10480
4; 1; 21; 11145
2; 1; 1; 11329
