**** 229 ****
70
115; 168; 2; 1; 5
152; 176; 1; 2; 6
165; 181; 1; 2; 9
177; 194; 1; 2; 17
104; 113; 2; 1; 18
113; 178; 1; 2; 25
138; 209; 1; 2; 35
147; 147; 2; 1; 37
142; 136; 1; 2; 37
143; 167; 1; 2; 43
206; 157; 1; 2; 51
141; 133; 2; 1; 61
183; 139; 2; 1; 61
193; 115; 2; 1; 63
209; 207; 2; 1; 63
142; 154; 1; 2; 69
203; 112; 2; 1; 71
187; 125; 2; 1; 76
108; 131; 1; 2; 78
129; 166; 1; 2; 82
135; 203; 2; 1; 83
158; 119; 2; 1; 84
158; 204; 1; 2; 85
119; 186; 1; 2; 85
120; 108; 2; 1; 89
122; 153; 1; 2; 90
182; 194; 1; 2; 93
131; 159; 2; 1; 110
150; 124; 1; 2; 117
203; 149; 1; 2; 124
194; 148; 2; 1; 126
196; 165; 1; 2; 133
135; 156; 2; 1; 141
145; 162; 1; 2; 145
113; 117; 1; 2; 146
137; 178; 2; 1; 153
169; 118; 1; 2; 154
177; 178; 1; 2; 163
142; 153; 1; 2; 167
175; 207; 1; 2; 183
180; 174; 2; 1; 186
129; 188; 1; 2; 194
200; 170; 2; 1; 202
145; 104; 1; 2; 204
115; 122; 1; 2; 204
150; 185; 1; 2; 211
170; 152; 1; 2; 211
188; 183; 1; 2; 217
171; 181; 2; 1; 232
180; 205; 2; 1; 233
152; 190; 2; 1; 245
133; 113; 2; 1; 245
186; 110; 1; 2; 255
200; 199; 1; 2; 260
208; 154; 1; 2; 262
147; 131; 2; 1; 262
116; 186; 2; 1; 266
134; 209; 2; 1; 268
169; 186; 1; 2; 281
206; 129; 1; 2; 285
134; 127; 2; 1; 285
201; 175; 2; 1; 294
146; 209; 1; 2; 301
119; 166; 2; 1; 307
157; 197; 2; 1; 310
140; 208; 2; 1; 311
171; 187; 2; 1; 318
158; 181; 2; 1; 322
142; 154; 2; 1; 324
195; 140; 1; 2; 324
16
13; 1; 49; 434
6; 1; 29; 2044
7; 1; 48; 2292
1; 1; 19; 2791
2; 1; 23; 2827
3; 1; 12; 3470
5; 1; 36; 3512
4; 1; 37; 5834
8; 1; 28; 6381
0; 1; 38; 7399
11; 1; 4; 8990
12; 1; 13; 9781
10; 1; 16; 9825
15; 1; 14; 9949
9; 1; 32; 10075
14; 1; 1; 10125
