**** 23 ****
52
37; 41; 2; 1; 5
37; 28; 2; 1; 13
20; 51; 2; 1; 15
23; 55; 1; 2; 15
64; 11; 2; 1; 23
42; 13; 2; 1; 24
33; 56; 1; 2; 26
22; 53; 1; 2; 27
32; 14; 2; 1; 27
28; 43; 2; 1; 27
32; 65; 1; 2; 27
29; 43; 2; 1; 33
23; 33; 1; 2; 36
60; 11; 2; 1; 36
46; 36; 1; 2; 40
40; 54; 2; 1; 40
62; 12; 1; 2; 41
29; 31; 2; 1; 41
33; 22; 1; 2; 42
36; 47; 2; 1; 42
49; 32; 2; 1; 42
42; 27; 1; 2; 44
47; 62; 2; 1; 44
53; 24; 2; 1; 46
17; 16; 2; 1; 48
38; 51; 1; 2; 48
43; 18; 1; 2; 50
13; 64; 2; 1; 51
37; 23; 2; 1; 52
55; 42; 2; 1; 56
15; 29; 2; 1; 56
60; 64; 2; 1; 62
48; 29; 1; 2; 63
33; 41; 1; 2; 66
27; 64; 2; 1; 67
33; 44; 2; 1; 74
48; 18; 2; 1; 79
13; 43; 1; 2; 80
36; 24; 1; 2; 83
16; 47; 2; 1; 89
59; 42; 1; 2; 90
51; 26; 2; 1; 91
48; 26; 1; 2; 91
30; 21; 2; 1; 92
21; 38; 2; 1; 97
21; 40; 2; 1; 99
21; 17; 1; 2; 101
20; 40; 2; 1; 102
14; 19; 2; 1; 106
39; 24; 2; 1; 113
12; 41; 1; 2; 116
44; 40; 1; 2; 119
13
10; 1; 41; 170
8; 1; 14; 237
11; 1; 16; 259
1; 1; 35; 626
2; 1; 38; 1003
3; 1; 20; 1056
9; 1; 14; 1182
4; 1; 31; 1468
0; 1; 28; 1544
7; 1; 38; 1588
5; 1; 36; 1662
12; 1; 47; 1729
6; 1; 1; 1795
