**** 230 ****
70
168; 157; 1; 2; 0
209; 145; 1; 2; 1
106; 146; 1; 2; 5
129; 205; 2; 1; 9
200; 127; 2; 1; 11
174; 157; 2; 1; 18
159; 170; 1; 2; 27
143; 108; 1; 2; 35
207; 122; 1; 2; 36
205; 135; 1; 2; 44
111; 138; 1; 2; 45
126; 156; 2; 1; 46
150; 154; 1; 2; 59
196; 102; 2; 1; 60
128; 152; 2; 1; 63
138; 133; 2; 1; 63
105; 127; 1; 2; 63
124; 103; 1; 2; 81
199; 172; 1; 2; 81
182; 167; 1; 2; 90
194; 208; 2; 1; 94
128; 133; 1; 2; 94
185; 112; 2; 1; 108
103; 151; 2; 1; 109
140; 208; 1; 2; 113
178; 151; 2; 1; 115
178; 129; 2; 1; 115
195; 101; 1; 2; 118
126; 105; 2; 1; 121
101; 178; 1; 2; 124
142; 114; 1; 2; 124
113; 176; 2; 1; 126
167; 150; 1; 2; 134
114; 193; 1; 2; 159
140; 171; 2; 1; 161
141; 157; 2; 1; 166
160; 124; 2; 1; 171
188; 123; 1; 2; 175
128; 108; 1; 2; 177
103; 208; 1; 2; 179
205; 189; 2; 1; 189
170; 110; 2; 1; 192
166; 103; 2; 1; 194
196; 111; 2; 1; 199
135; 173; 2; 1; 213
104; 209; 1; 2; 222
117; 198; 2; 1; 224
165; 181; 2; 1; 241
170; 123; 1; 2; 245
188; 114; 2; 1; 250
146; 177; 2; 1; 256
197; 119; 1; 2; 266
160; 181; 1; 2; 270
105; 138; 1; 2; 276
182; 110; 1; 2; 278
113; 170; 1; 2; 283
104; 125; 1; 2; 284
103; 111; 1; 2; 288
175; 132; 1; 2; 289
146; 193; 2; 1; 290
157; 102; 2; 1; 292
168; 149; 2; 1; 296
192; 103; 2; 1; 302
126; 119; 1; 2; 304
117; 209; 2; 1; 309
183; 185; 1; 2; 313
133; 195; 2; 1; 316
195; 160; 1; 2; 319
173; 118; 1; 2; 322
203; 205; 2; 1; 324
16
14; 1; 2; 712
1; 1; 8; 1137
6; 1; 45; 2138
15; 1; 4; 3716
2; 1; 6; 3941
0; 1; 38; 4161
10; 1; 48; 5391
13; 1; 45; 6017
3; 1; 27; 6542
12; 1; 5; 6637
4; 1; 14; 6664
5; 1; 30; 6770
11; 1; 31; 6989
9; 1; 27; 9043
8; 1; 46; 9427
7; 1; 17; 10517
