**** 231 ****
71
179; 211; 1; 2; 2
194; 108; 2; 1; 8
189; 120; 1; 2; 8
145; 214; 1; 2; 13
163; 195; 1; 2; 25
115; 196; 2; 1; 26
147; 183; 2; 1; 36
167; 155; 1; 2; 38
212; 203; 2; 1; 40
190; 154; 1; 2; 60
177; 136; 2; 1; 62
203; 111; 2; 1; 68
201; 165; 2; 1; 68
153; 201; 2; 1; 69
118; 118; 1; 2; 70
192; 121; 1; 2; 74
133; 194; 1; 2; 80
169; 127; 1; 2; 89
136; 167; 2; 1; 89
166; 152; 2; 1; 103
108; 188; 2; 1; 107
180; 110; 1; 2; 114
171; 134; 2; 1; 123
153; 123; 2; 1; 129
130; 106; 1; 2; 133
119; 172; 2; 1; 134
149; 164; 2; 1; 136
123; 183; 2; 1; 138
124; 217; 1; 2; 141
152; 149; 1; 2; 151
138; 134; 2; 1; 157
108; 190; 2; 1; 162
153; 179; 2; 1; 163
197; 213; 2; 1; 174
168; 205; 2; 1; 177
177; 202; 1; 2; 177
137; 174; 1; 2; 183
197; 194; 1; 2; 185
207; 119; 1; 2; 186
135; 138; 2; 1; 192
164; 182; 1; 2; 197
159; 170; 2; 1; 198
139; 205; 2; 1; 222
207; 169; 1; 2; 226
111; 203; 1; 2; 234
148; 191; 1; 2; 238
183; 160; 1; 2; 238
160; 201; 1; 2; 248
125; 213; 1; 2; 249
171; 212; 1; 2; 249
131; 204; 1; 2; 251
128; 187; 1; 2; 251
126; 157; 2; 1; 254
187; 195; 1; 2; 261
193; 187; 1; 2; 263
128; 142; 1; 2; 264
213; 130; 2; 1; 264
213; 179; 1; 2; 264
164; 126; 1; 2; 276
155; 106; 2; 1; 279
121; 217; 1; 2; 294
129; 121; 1; 2; 296
165; 124; 2; 1; 306
183; 172; 2; 1; 307
152; 181; 1; 2; 315
145; 149; 2; 1; 316
138; 181; 1; 2; 316
127; 163; 1; 2; 316
176; 136; 1; 2; 322
217; 187; 2; 1; 327
106; 149; 2; 1; 329
17
6; 1; 2; 422
0; 1; 30; 2411
7; 1; 13; 2695
4; 1; 34; 3450
9; 1; 4; 5485
10; 1; 34; 5497
15; 1; 15; 5803
11; 1; 10; 5863
5; 1; 4; 6088
3; 1; 44; 6299
8; 1; 12; 7373
14; 1; 8; 8146
1; 1; 9; 8446
12; 1; 41; 10052
2; 1; 32; 10496
13; 1; 32; 11064
16; 1; 13; 11193
