**** 232 ****
71
121; 189; 1; 2; 13
198; 214; 2; 1; 21
124; 138; 1; 2; 26
155; 127; 1; 2; 27
109; 186; 2; 1; 27
106; 167; 1; 2; 32
170; 145; 2; 1; 37
195; 215; 1; 2; 39
212; 139; 1; 2; 39
190; 160; 1; 2; 41
136; 179; 1; 2; 51
201; 186; 2; 1; 68
170; 207; 2; 1; 71
201; 192; 2; 1; 73
117; 143; 1; 2; 80
108; 116; 1; 2; 85
116; 126; 2; 1; 89
181; 149; 2; 1; 98
134; 155; 2; 1; 99
163; 172; 2; 1; 103
204; 113; 1; 2; 103
137; 191; 1; 2; 106
118; 144; 1; 2; 107
118; 142; 2; 1; 112
210; 210; 1; 2; 114
212; 106; 2; 1; 115
189; 135; 1; 2; 124
116; 201; 2; 1; 127
165; 197; 2; 1; 134
212; 188; 2; 1; 135
217; 119; 1; 2; 137
113; 106; 2; 1; 139
159; 140; 2; 1; 141
153; 187; 1; 2; 144
184; 212; 2; 1; 145
107; 129; 1; 2; 161
116; 186; 1; 2; 162
173; 180; 2; 1; 164
136; 148; 2; 1; 165
108; 199; 2; 1; 172
106; 217; 2; 1; 183
130; 110; 2; 1; 189
106; 165; 1; 2; 190
211; 198; 2; 1; 192
194; 108; 2; 1; 202
179; 214; 1; 2; 204
196; 176; 1; 2; 204
135; 138; 2; 1; 209
216; 181; 1; 2; 218
201; 124; 2; 1; 225
188; 130; 2; 1; 229
151; 154; 2; 1; 235
192; 177; 2; 1; 237
194; 190; 1; 2; 239
136; 121; 2; 1; 240
190; 189; 1; 2; 248
108; 190; 1; 2; 250
167; 152; 2; 1; 253
137; 199; 1; 2; 257
137; 140; 2; 1; 257
128; 187; 2; 1; 267
161; 199; 1; 2; 272
172; 186; 1; 2; 275
163; 204; 1; 2; 277
206; 135; 2; 1; 282
135; 185; 2; 1; 292
184; 111; 2; 1; 294
126; 186; 2; 1; 295
108; 145; 1; 2; 296
153; 206; 1; 2; 314
188; 191; 1; 2; 317
17
6; 1; 20; 513
2; 1; 41; 979
16; 1; 1; 1220
9; 1; 24; 1448
1; 1; 2; 2090
12; 1; 44; 2980
15; 1; 16; 3554
14; 1; 4; 3665
3; 1; 1; 3698
4; 1; 39; 4362
11; 1; 3; 4404
8; 1; 39; 6636
7; 1; 31; 6926
0; 1; 25; 8439
13; 1; 36; 8930
5; 1; 14; 9862
10; 1; 16; 10140
