**** 233 ****
71
204; 150; 2; 1; 2
163; 145; 2; 1; 4
131; 136; 2; 1; 12
121; 165; 2; 1; 16
195; 161; 1; 2; 16
204; 196; 1; 2; 17
137; 171; 1; 2; 18
182; 193; 1; 2; 22
169; 157; 1; 2; 23
185; 131; 1; 2; 30
174; 138; 2; 1; 38
130; 138; 2; 1; 42
115; 198; 1; 2; 50
198; 139; 1; 2; 55
187; 124; 2; 1; 59
200; 143; 2; 1; 63
141; 139; 2; 1; 69
108; 189; 1; 2; 74
142; 203; 2; 1; 82
208; 213; 1; 2; 85
147; 143; 1; 2; 89
121; 160; 2; 1; 99
179; 173; 1; 2; 100
169; 106; 1; 2; 104
212; 139; 2; 1; 105
129; 148; 1; 2; 110
172; 138; 2; 1; 112
184; 160; 2; 1; 112
187; 183; 1; 2; 132
208; 121; 2; 1; 136
115; 132; 1; 2; 137
113; 130; 1; 2; 139
214; 202; 2; 1; 156
187; 129; 1; 2; 168
149; 200; 2; 1; 174
158; 210; 1; 2; 180
206; 112; 2; 1; 181
172; 133; 1; 2; 191
145; 168; 2; 1; 191
182; 210; 1; 2; 193
217; 205; 2; 1; 195
146; 174; 2; 1; 198
150; 127; 1; 2; 204
212; 178; 1; 2; 208
107; 112; 1; 2; 214
178; 187; 1; 2; 216
167; 191; 2; 1; 218
118; 136; 1; 2; 230
202; 122; 2; 1; 239
163; 174; 2; 1; 239
158; 154; 2; 1; 241
181; 127; 2; 1; 244
206; 114; 1; 2; 246
188; 203; 1; 2; 255
197; 202; 1; 2; 259
123; 210; 2; 1; 262
126; 181; 2; 1; 266
123; 192; 2; 1; 267
178; 192; 1; 2; 273
196; 198; 2; 1; 293
120; 164; 1; 2; 298
108; 170; 1; 2; 302
216; 215; 2; 1; 303
187; 206; 1; 2; 307
159; 198; 2; 1; 307
208; 183; 1; 2; 308
168; 125; 1; 2; 315
118; 139; 1; 2; 315
164; 135; 2; 1; 320
122; 126; 2; 1; 324
161; 161; 1; 2; 329
17
2; 1; 18; 418
9; 1; 22; 700
16; 1; 30; 817
6; 1; 49; 1680
11; 1; 28; 2335
10; 1; 40; 2833
5; 1; 33; 3014
13; 1; 15; 3161
1; 1; 47; 3319
15; 1; 16; 3537
12; 1; 42; 3947
4; 1; 21; 5329
7; 1; 43; 6519
0; 1; 36; 7644
3; 1; 22; 7711
8; 1; 24; 8189
14; 1; 26; 8365
