**** 234 ****
71
215; 173; 2; 1; 4
108; 150; 1; 2; 9
186; 146; 1; 2; 10
204; 108; 1; 2; 14
195; 193; 2; 1; 29
192; 141; 2; 1; 32
164; 205; 2; 1; 37
173; 182; 2; 1; 38
176; 108; 2; 1; 40
125; 158; 1; 2; 41
116; 172; 1; 2; 49
163; 117; 1; 2; 50
168; 138; 1; 2; 53
139; 143; 2; 1; 61
130; 124; 1; 2; 74
189; 175; 2; 1; 75
189; 109; 2; 1; 77
106; 167; 1; 2; 85
189; 108; 2; 1; 86
195; 118; 1; 2; 94
197; 157; 2; 1; 95
108; 206; 1; 2; 100
174; 136; 1; 2; 107
210; 215; 2; 1; 115
182; 161; 2; 1; 119
138; 137; 2; 1; 121
194; 208; 2; 1; 129
192; 188; 1; 2; 132
148; 202; 1; 2; 132
174; 204; 2; 1; 133
139; 129; 1; 2; 136
179; 209; 1; 2; 137
211; 131; 1; 2; 137
169; 117; 2; 1; 155
216; 141; 2; 1; 168
189; 108; 1; 2; 172
200; 182; 2; 1; 178
154; 210; 1; 2; 182
215; 161; 2; 1; 186
210; 121; 1; 2; 190
210; 176; 2; 1; 195
193; 141; 2; 1; 197
119; 154; 2; 1; 221
114; 150; 1; 2; 226
147; 205; 1; 2; 233
169; 171; 1; 2; 236
158; 181; 1; 2; 237
120; 146; 2; 1; 241
166; 108; 1; 2; 250
140; 143; 2; 1; 250
148; 113; 1; 2; 252
159; 194; 1; 2; 253
186; 148; 2; 1; 255
106; 209; 1; 2; 266
127; 136; 1; 2; 269
177; 111; 2; 1; 269
122; 200; 2; 1; 271
204; 158; 1; 2; 272
189; 158; 1; 2; 272
181; 204; 2; 1; 272
197; 184; 1; 2; 279
124; 173; 1; 2; 287
204; 213; 1; 2; 296
163; 157; 1; 2; 301
141; 131; 1; 2; 312
168; 209; 2; 1; 313
109; 200; 1; 2; 318
191; 107; 2; 1; 329
126; 122; 1; 2; 329
150; 173; 2; 1; 330
171; 112; 2; 1; 332
17
7; 1; 5; 1720
1; 1; 4; 1836
8; 1; 24; 2963
15; 1; 19; 4827
10; 1; 25; 5929
16; 1; 44; 6908
0; 1; 32; 6967
9; 1; 48; 7114
4; 1; 45; 7871
5; 1; 17; 8264
13; 1; 23; 8324
12; 1; 36; 8651
3; 1; 22; 8799
2; 1; 37; 10562
14; 1; 8; 10941
11; 1; 20; 11082
6; 1; 41; 11810
