**** 235 ****
71
209; 169; 1; 2; 0
132; 131; 2; 1; 1
176; 156; 2; 1; 5
192; 120; 2; 1; 7
114; 107; 2; 1; 7
123; 168; 1; 2; 10
154; 124; 1; 2; 10
154; 138; 1; 2; 11
168; 168; 1; 2; 15
185; 199; 1; 2; 25
127; 164; 2; 1; 29
162; 182; 1; 2; 33
137; 214; 2; 1; 35
217; 213; 2; 1; 47
216; 196; 2; 1; 50
199; 175; 1; 2; 51
214; 126; 2; 1; 53
182; 108; 1; 2; 54
161; 106; 1; 2; 56
195; 111; 2; 1; 58
152; 153; 2; 1; 59
177; 142; 2; 1; 65
131; 170; 2; 1; 80
134; 143; 1; 2; 95
141; 188; 1; 2; 98
176; 200; 2; 1; 103
188; 208; 2; 1; 104
117; 128; 2; 1; 114
133; 109; 2; 1; 116
147; 143; 1; 2; 120
176; 164; 2; 1; 129
196; 157; 2; 1; 134
196; 106; 1; 2; 140
173; 130; 1; 2; 141
132; 137; 1; 2; 146
121; 114; 2; 1; 149
150; 196; 2; 1; 150
122; 109; 2; 1; 154
128; 173; 2; 1; 155
214; 161; 1; 2; 156
156; 174; 2; 1; 163
214; 114; 2; 1; 176
214; 205; 1; 2; 177
107; 198; 2; 1; 182
115; 164; 2; 1; 187
183; 114; 1; 2; 189
183; 214; 1; 2; 189
181; 122; 2; 1; 197
112; 140; 2; 1; 198
168; 115; 1; 2; 205
208; 161; 1; 2; 211
111; 158; 1; 2; 212
111; 199; 2; 1; 212
126; 160; 1; 2; 215
191; 182; 2; 1; 229
138; 167; 2; 1; 234
122; 145; 1; 2; 242
193; 158; 1; 2; 246
164; 144; 2; 1; 251
143; 147; 1; 2; 254
207; 131; 2; 1; 261
136; 109; 1; 2; 281
159; 130; 2; 1; 296
139; 200; 1; 2; 297
124; 203; 1; 2; 313
173; 142; 1; 2; 320
179; 162; 1; 2; 321
140; 155; 1; 2; 324
162; 186; 2; 1; 331
144; 171; 1; 2; 333
143; 168; 1; 2; 333
17
10; 1; 17; 857
2; 1; 29; 2235
4; 1; 37; 2584
3; 1; 3; 3512
7; 1; 11; 4189
6; 1; 8; 6364
9; 1; 4; 6898
15; 1; 29; 7321
11; 1; 49; 7622
1; 1; 42; 8757
16; 1; 2; 9089
5; 1; 24; 9138
8; 1; 28; 9407
14; 1; 20; 9768
13; 1; 19; 10134
12; 1; 48; 10316
0; 1; 28; 10400
