**** 236 ****
71
152; 140; 1; 2; 3
132; 163; 2; 1; 5
125; 165; 1; 2; 10
163; 173; 2; 1; 22
161; 153; 2; 1; 23
138; 152; 2; 1; 24
110; 170; 1; 2; 24
140; 109; 1; 2; 25
193; 112; 2; 1; 34
132; 174; 1; 2; 50
155; 150; 2; 1; 58
148; 207; 1; 2; 61
197; 143; 1; 2; 71
149; 136; 1; 2; 79
165; 215; 2; 1; 80
171; 138; 1; 2; 82
197; 125; 1; 2; 84
150; 193; 2; 1; 89
193; 183; 2; 1; 102
164; 156; 2; 1; 105
168; 157; 1; 2; 111
141; 113; 1; 2; 111
131; 151; 2; 1; 119
123; 216; 1; 2; 125
173; 160; 1; 2; 135
125; 206; 2; 1; 136
117; 160; 1; 2; 139
157; 200; 1; 2; 140
185; 154; 2; 1; 141
164; 109; 2; 1; 145
149; 138; 1; 2; 156
121; 115; 2; 1; 159
118; 182; 1; 2; 168
183; 115; 2; 1; 171
199; 145; 1; 2; 172
213; 153; 1; 2; 173
177; 166; 2; 1; 182
151; 193; 1; 2; 183
189; 157; 2; 1; 187
168; 213; 1; 2; 190
191; 202; 1; 2; 193
205; 123; 1; 2; 194
127; 168; 2; 1; 196
152; 124; 1; 2; 196
123; 172; 1; 2; 202
173; 135; 2; 1; 203
163; 189; 1; 2; 205
109; 140; 1; 2; 216
114; 112; 2; 1; 216
122; 196; 2; 1; 226
109; 116; 2; 1; 229
111; 150; 1; 2; 230
157; 172; 1; 2; 230
113; 150; 2; 1; 232
209; 152; 2; 1; 234
162; 150; 1; 2; 247
159; 112; 1; 2; 255
175; 108; 1; 2; 256
215; 182; 2; 1; 277
128; 136; 2; 1; 285
125; 188; 1; 2; 288
175; 119; 2; 1; 295
133; 128; 1; 2; 304
199; 142; 2; 1; 305
119; 180; 2; 1; 306
193; 183; 2; 1; 307
154; 176; 1; 2; 310
180; 174; 2; 1; 311
210; 195; 1; 2; 315
185; 123; 2; 1; 316
172; 112; 1; 2; 318
17
11; 1; 7; 120
3; 1; 11; 375
1; 1; 22; 459
2; 1; 38; 904
0; 1; 44; 1471
12; 1; 49; 1544
13; 1; 19; 1981
4; 1; 31; 3966
16; 1; 37; 4206
8; 1; 17; 4842
15; 1; 21; 5600
7; 1; 4; 6051
14; 1; 31; 6418
5; 1; 6; 7043
6; 1; 8; 7723
10; 1; 45; 8570
9; 1; 28; 11082
