**** 237 ****
71
209; 212; 1; 2; 0
203; 207; 2; 1; 6
164; 183; 1; 2; 21
138; 137; 1; 2; 38
172; 116; 1; 2; 39
113; 204; 1; 2; 44
205; 189; 2; 1; 45
127; 173; 2; 1; 53
149; 133; 2; 1; 57
168; 125; 2; 1; 57
184; 135; 2; 1; 58
200; 193; 2; 1; 61
113; 129; 1; 2; 65
155; 217; 2; 1; 67
136; 112; 1; 2; 68
210; 143; 2; 1; 68
121; 206; 2; 1; 75
137; 108; 1; 2; 78
172; 133; 2; 1; 78
116; 195; 2; 1; 86
139; 134; 2; 1; 86
150; 194; 1; 2; 90
161; 190; 1; 2; 90
140; 205; 1; 2; 109
115; 152; 1; 2; 117
166; 209; 1; 2; 120
194; 166; 1; 2; 124
148; 211; 1; 2; 124
207; 139; 1; 2; 132
204; 164; 2; 1; 148
192; 167; 1; 2; 158
133; 146; 2; 1; 172
131; 196; 1; 2; 182
109; 165; 1; 2; 182
208; 182; 1; 2; 187
176; 187; 2; 1; 195
114; 109; 1; 2; 196
143; 206; 1; 2; 216
106; 132; 2; 1; 216
158; 147; 1; 2; 219
166; 152; 2; 1; 225
180; 137; 2; 1; 226
197; 179; 2; 1; 227
216; 147; 2; 1; 229
196; 159; 1; 2; 230
158; 212; 2; 1; 236
115; 168; 1; 2; 250
141; 211; 1; 2; 252
130; 117; 1; 2; 257
204; 193; 1; 2; 264
108; 110; 1; 2; 265
141; 157; 2; 1; 267
115; 176; 1; 2; 268
212; 106; 2; 1; 271
189; 202; 2; 1; 275
115; 168; 2; 1; 279
167; 125; 2; 1; 291
129; 174; 2; 1; 292
123; 152; 2; 1; 294
170; 134; 2; 1; 298
197; 146; 1; 2; 301
181; 136; 2; 1; 306
170; 106; 1; 2; 307
110; 171; 1; 2; 312
115; 131; 1; 2; 323
192; 160; 1; 2; 323
204; 198; 2; 1; 323
155; 205; 1; 2; 324
132; 161; 2; 1; 328
167; 123; 2; 1; 330
216; 142; 1; 2; 335
17
5; 1; 9; 58
2; 1; 18; 2063
14; 1; 43; 2427
9; 1; 2; 3680
1; 1; 34; 4632
6; 1; 20; 6922
8; 1; 6; 7133
0; 1; 32; 7256
7; 1; 24; 7289
3; 1; 18; 7366
13; 1; 32; 7405
16; 1; 17; 7440
15; 1; 43; 7463
12; 1; 21; 8276
10; 1; 28; 8494
4; 1; 32; 10377
11; 1; 17; 11351
