**** 238 ****
71
198; 176; 1; 2; 0
124; 169; 2; 1; 4
170; 213; 1; 2; 5
161; 139; 2; 1; 19
128; 210; 1; 2; 19
165; 140; 1; 2; 20
176; 110; 1; 2; 23
198; 133; 2; 1; 33
138; 151; 1; 2; 38
167; 130; 1; 2; 47
157; 112; 1; 2; 53
210; 152; 2; 1; 54
143; 148; 1; 2; 54
188; 216; 2; 1; 57
178; 118; 2; 1; 61
194; 129; 1; 2; 62
201; 211; 1; 2; 68
183; 185; 1; 2; 76
141; 162; 2; 1; 79
166; 126; 1; 2; 81
145; 191; 1; 2; 86
132; 117; 2; 1; 89
214; 175; 2; 1; 90
193; 216; 2; 1; 101
181; 116; 2; 1; 106
197; 133; 2; 1; 111
212; 146; 2; 1; 111
132; 162; 1; 2; 125
110; 125; 2; 1; 130
169; 134; 1; 2; 136
168; 208; 2; 1; 138
200; 113; 2; 1; 147
214; 180; 2; 1; 154
113; 163; 1; 2; 166
149; 198; 2; 1; 169
134; 165; 2; 1; 171
197; 165; 2; 1; 179
167; 175; 2; 1; 189
208; 199; 1; 2; 192
194; 162; 1; 2; 194
193; 195; 2; 1; 199
199; 113; 1; 2; 206
171; 144; 1; 2; 210
206; 114; 1; 2; 216
111; 158; 1; 2; 219
198; 155; 1; 2; 223
120; 216; 1; 2; 231
127; 133; 2; 1; 236
113; 184; 2; 1; 240
196; 160; 1; 2; 241
153; 167; 1; 2; 242
130; 115; 1; 2; 242
135; 211; 2; 1; 255
183; 186; 2; 1; 256
111; 120; 1; 2; 260
126; 166; 2; 1; 261
125; 201; 1; 2; 263
151; 174; 2; 1; 270
172; 111; 2; 1; 271
155; 134; 1; 2; 272
129; 121; 2; 1; 275
133; 139; 2; 1; 287
121; 138; 2; 1; 289
116; 156; 2; 1; 291
198; 127; 1; 2; 291
173; 145; 2; 1; 306
177; 204; 1; 2; 311
212; 190; 1; 2; 318
185; 208; 2; 1; 320
125; 130; 2; 1; 325
150; 131; 1; 2; 329
17
11; 1; 31; 67
12; 1; 44; 163
2; 1; 29; 322
3; 1; 12; 1388
4; 1; 9; 1506
9; 1; 38; 1636
14; 1; 12; 2627
10; 1; 15; 2863
1; 1; 47; 3362
13; 1; 5; 3861
16; 1; 1; 7585
0; 1; 34; 9256
15; 1; 30; 9443
8; 1; 2; 10278
5; 1; 38; 10446
6; 1; 33; 10649
7; 1; 14; 10952
