**** 239 ****
71
141; 179; 2; 1; 0
135; 129; 2; 1; 0
205; 141; 1; 2; 2
204; 169; 1; 2; 5
147; 174; 1; 2; 6
186; 154; 2; 1; 11
206; 201; 1; 2; 15
140; 123; 2; 1; 16
189; 137; 2; 1; 22
213; 164; 2; 1; 30
114; 158; 1; 2; 32
159; 213; 1; 2; 39
191; 107; 2; 1; 40
200; 126; 1; 2; 45
168; 145; 2; 1; 51
206; 158; 2; 1; 66
164; 119; 2; 1; 66
163; 166; 2; 1; 70
108; 118; 1; 2; 76
109; 213; 1; 2; 77
130; 120; 2; 1; 83
179; 106; 2; 1; 89
112; 188; 1; 2; 96
181; 193; 2; 1; 107
113; 136; 2; 1; 111
203; 198; 1; 2; 112
137; 166; 1; 2; 116
148; 131; 2; 1; 121
210; 121; 1; 2; 126
213; 162; 1; 2; 137
179; 137; 1; 2; 144
160; 161; 2; 1; 145
199; 157; 1; 2; 158
111; 112; 1; 2; 164
217; 141; 1; 2; 171
146; 207; 2; 1; 171
118; 108; 1; 2; 185
196; 137; 1; 2; 187
157; 119; 1; 2; 189
107; 188; 2; 1; 195
175; 156; 2; 1; 198
128; 191; 1; 2; 202
145; 111; 1; 2; 208
146; 127; 2; 1; 212
161; 146; 1; 2; 214
138; 150; 2; 1; 220
138; 171; 1; 2; 232
151; 135; 1; 2; 234
193; 198; 2; 1; 255
159; 193; 1; 2; 255
127; 188; 1; 2; 256
132; 110; 1; 2; 262
172; 126; 1; 2; 266
112; 185; 1; 2; 266
190; 142; 1; 2; 268
141; 174; 1; 2; 271
170; 119; 1; 2; 280
206; 207; 2; 1; 292
133; 128; 2; 1; 297
121; 209; 1; 2; 298
165; 212; 2; 1; 299
166; 164; 1; 2; 313
212; 167; 1; 2; 317
216; 154; 2; 1; 318
206; 188; 1; 2; 319
123; 185; 2; 1; 319
189; 119; 2; 1; 319
168; 183; 2; 1; 321
183; 213; 2; 1; 322
140; 199; 1; 2; 334
173; 138; 1; 2; 336
17
6; 1; 49; 276
12; 1; 20; 1248
0; 1; 33; 1959
15; 1; 28; 2221
7; 1; 9; 2745
10; 1; 24; 3650
3; 1; 16; 3706
11; 1; 2; 4667
4; 1; 43; 6040
13; 1; 32; 6529
5; 1; 43; 8218
9; 1; 35; 8383
2; 1; 26; 9559
1; 1; 8; 9926
16; 1; 16; 10204
14; 1; 3; 10322
8; 1; 14; 11356
