**** 24 ****
52
50; 36; 1; 2; 0
14; 49; 1; 2; 2
58; 14; 2; 1; 5
18; 40; 2; 1; 11
57; 16; 2; 1; 17
51; 15; 2; 1; 20
24; 34; 1; 2; 20
14; 63; 1; 2; 20
24; 22; 1; 2; 24
31; 16; 1; 2; 32
18; 12; 2; 1; 33
62; 27; 1; 2; 36
41; 23; 1; 2; 36
18; 28; 1; 2; 39
11; 11; 1; 2; 40
25; 32; 1; 2; 42
23; 20; 2; 1; 46
31; 24; 1; 2; 48
41; 14; 1; 2; 51
22; 11; 1; 2; 52
60; 32; 1; 2; 54
33; 57; 1; 2; 56
28; 62; 1; 2; 59
11; 12; 1; 2; 62
64; 15; 1; 2; 69
12; 62; 2; 1; 71
20; 27; 2; 1; 71
63; 55; 2; 1; 72
16; 31; 1; 2; 73
16; 17; 1; 2; 75
54; 47; 1; 2; 78
20; 40; 2; 1; 79
32; 57; 2; 1; 80
14; 43; 2; 1; 82
55; 51; 2; 1; 85
44; 35; 2; 1; 86
38; 27; 1; 2; 93
52; 43; 1; 2; 95
17; 58; 2; 1; 98
47; 30; 1; 2; 102
63; 38; 2; 1; 102
36; 41; 1; 2; 104
36; 29; 2; 1; 105
53; 61; 1; 2; 107
27; 37; 1; 2; 109
39; 27; 1; 2; 110
36; 19; 2; 1; 111
23; 57; 2; 1; 111
56; 49; 2; 1; 116
40; 43; 1; 2; 116
44; 32; 2; 1; 116
64; 21; 2; 1; 121
13
6; 1; 18; 76
5; 1; 12; 176
0; 1; 42; 367
3; 1; 22; 421
2; 1; 9; 557
8; 1; 22; 585
10; 1; 49; 627
12; 1; 40; 878
9; 1; 30; 971
11; 1; 35; 1096
4; 1; 29; 1484
7; 1; 41; 1587
1; 1; 17; 1797
