**** 240 ****
71
164; 202; 1; 2; 4
175; 123; 1; 2; 26
179; 169; 2; 1; 30
215; 178; 1; 2; 39
156; 159; 2; 1; 40
212; 190; 1; 2; 40
181; 182; 1; 2; 52
113; 146; 2; 1; 60
151; 137; 1; 2; 68
135; 127; 2; 1; 73
204; 192; 1; 2; 78
112; 146; 2; 1; 89
196; 110; 2; 1; 94
134; 118; 2; 1; 99
149; 205; 2; 1; 99
115; 141; 2; 1; 102
140; 176; 2; 1; 106
206; 200; 2; 1; 108
108; 146; 1; 2; 113
200; 141; 1; 2; 120
150; 117; 2; 1; 126
195; 206; 2; 1; 128
108; 216; 1; 2; 131
111; 185; 2; 1; 148
185; 140; 1; 2; 148
201; 197; 2; 1; 150
131; 121; 1; 2; 151
109; 143; 1; 2; 153
211; 198; 2; 1; 155
146; 183; 2; 1; 158
198; 157; 2; 1; 160
122; 141; 1; 2; 162
142; 180; 1; 2; 168
138; 187; 1; 2; 168
186; 128; 1; 2; 171
116; 172; 1; 2; 175
171; 201; 1; 2; 182
112; 184; 2; 1; 197
150; 107; 1; 2; 198
157; 146; 1; 2; 203
151; 157; 1; 2; 203
142; 135; 2; 1; 204
173; 162; 2; 1; 206
114; 138; 1; 2; 215
163; 154; 2; 1; 225
124; 139; 2; 1; 234
138; 124; 2; 1; 235
149; 111; 2; 1; 250
162; 145; 2; 1; 254
193; 122; 2; 1; 256
213; 127; 2; 1; 260
166; 110; 1; 2; 263
108; 120; 2; 1; 264
149; 177; 2; 1; 264
111; 133; 1; 2; 271
175; 116; 1; 2; 273
126; 191; 1; 2; 275
215; 176; 2; 1; 289
187; 121; 2; 1; 291
183; 202; 1; 2; 294
180; 157; 2; 1; 296
171; 166; 1; 2; 297
206; 154; 1; 2; 299
114; 160; 2; 1; 300
214; 125; 1; 2; 301
142; 165; 2; 1; 317
155; 122; 2; 1; 322
145; 106; 2; 1; 325
170; 146; 2; 1; 325
194; 171; 2; 1; 329
120; 126; 2; 1; 334
17
6; 1; 29; 2060
11; 1; 35; 2784
0; 1; 17; 3470
15; 1; 1; 4403
8; 1; 5; 5757
2; 1; 17; 6588
1; 1; 34; 6930
9; 1; 5; 7289
12; 1; 17; 7796
14; 1; 2; 7816
13; 1; 26; 8112
5; 1; 23; 8435
7; 1; 48; 8527
10; 1; 41; 8866
3; 1; 43; 9852
16; 1; 47; 10612
4; 1; 48; 11353
