**** 241 ****
71
128; 206; 1; 2; 0
152; 124; 1; 2; 19
132; 174; 2; 1; 24
172; 155; 1; 2; 33
178; 192; 2; 1; 39
199; 138; 1; 2; 43
163; 191; 2; 1; 44
150; 155; 1; 2; 52
162; 177; 1; 2; 57
204; 108; 1; 2; 61
165; 107; 1; 2; 62
163; 205; 2; 1; 65
200; 185; 1; 2; 70
128; 212; 2; 1; 72
169; 144; 1; 2; 82
134; 138; 1; 2; 87
203; 159; 2; 1; 88
144; 170; 2; 1; 90
115; 155; 2; 1; 91
156; 175; 1; 2; 93
160; 111; 1; 2; 96
199; 140; 2; 1; 102
180; 188; 1; 2; 104
141; 173; 1; 2; 124
125; 161; 1; 2; 125
122; 211; 2; 1; 130
151; 156; 2; 1; 132
202; 182; 2; 1; 136
149; 211; 1; 2; 136
157; 209; 2; 1; 143
109; 217; 1; 2; 144
150; 107; 2; 1; 150
128; 199; 1; 2; 151
113; 141; 2; 1; 159
217; 157; 1; 2; 172
174; 106; 2; 1; 177
138; 155; 2; 1; 179
143; 134; 2; 1; 179
181; 203; 2; 1; 183
201; 205; 1; 2; 184
111; 146; 2; 1; 187
205; 200; 1; 2; 204
116; 152; 1; 2; 205
154; 170; 2; 1; 206
168; 134; 1; 2; 207
118; 114; 2; 1; 223
123; 140; 2; 1; 227
177; 134; 1; 2; 227
177; 186; 2; 1; 234
139; 179; 1; 2; 234
153; 114; 2; 1; 240
156; 116; 2; 1; 242
210; 141; 1; 2; 243
131; 201; 2; 1; 245
151; 208; 1; 2; 247
203; 189; 2; 1; 248
120; 164; 2; 1; 261
112; 192; 1; 2; 268
198; 123; 2; 1; 270
214; 147; 2; 1; 273
111; 174; 1; 2; 275
212; 198; 1; 2; 276
159; 211; 1; 2; 278
197; 165; 1; 2; 284
122; 195; 2; 1; 287
168; 142; 1; 2; 292
134; 217; 2; 1; 293
150; 206; 1; 2; 295
164; 140; 2; 1; 307
207; 204; 2; 1; 308
145; 206; 2; 1; 309
17
12; 1; 43; 1699
13; 1; 34; 1811
2; 1; 26; 1938
0; 1; 27; 2316
8; 1; 46; 2685
11; 1; 44; 3578
10; 1; 48; 4809
14; 1; 19; 5270
4; 1; 16; 5504
15; 1; 13; 5655
3; 1; 36; 5961
7; 1; 2; 7370
9; 1; 42; 7638
16; 1; 30; 9729
5; 1; 46; 10532
1; 1; 18; 10788
6; 1; 25; 11047
