**** 242 ****
72
184; 223; 2; 1; 1
224; 187; 1; 2; 6
178; 138; 2; 1; 7
126; 199; 1; 2; 9
159; 169; 2; 1; 12
195; 209; 1; 2; 17
209; 172; 1; 2; 22
157; 190; 2; 1; 32
178; 221; 2; 1; 39
169; 160; 2; 1; 40
167; 208; 1; 2; 41
119; 173; 2; 1; 46
172; 220; 1; 2; 52
184; 220; 2; 1; 53
120; 180; 1; 2; 55
131; 180; 1; 2; 59
187; 114; 1; 2; 60
194; 212; 1; 2; 60
193; 161; 1; 2; 66
213; 144; 2; 1; 69
115; 161; 2; 1; 70
200; 128; 2; 1; 83
111; 156; 1; 2; 91
148; 205; 2; 1; 97
155; 161; 2; 1; 98
114; 176; 2; 1; 101
164; 164; 2; 1; 102
202; 168; 2; 1; 103
197; 213; 2; 1; 104
141; 146; 1; 2; 106
201; 183; 2; 1; 111
192; 159; 2; 1; 121
203; 139; 2; 1; 123
197; 206; 1; 2; 126
115; 156; 1; 2; 127
211; 206; 2; 1; 135
145; 135; 2; 1; 137
168; 166; 1; 2; 148
150; 210; 1; 2; 148
118; 140; 1; 2; 154
178; 224; 1; 2; 154
173; 193; 2; 1; 158
143; 130; 2; 1; 166
217; 140; 1; 2; 172
165; 163; 2; 1; 175
112; 197; 1; 2; 181
220; 154; 1; 2; 182
124; 121; 2; 1; 192
172; 212; 1; 2; 210
198; 200; 2; 1; 211
164; 141; 2; 1; 218
175; 163; 2; 1; 220
147; 175; 1; 2; 237
218; 182; 1; 2; 244
131; 148; 1; 2; 253
217; 151; 2; 1; 261
114; 199; 2; 1; 262
164; 160; 2; 1; 282
135; 167; 1; 2; 295
128; 217; 1; 2; 295
223; 188; 2; 1; 296
161; 167; 2; 1; 308
178; 152; 1; 2; 312
225; 169; 1; 2; 316
127; 221; 2; 1; 320
205; 217; 2; 1; 322
131; 197; 2; 1; 325
128; 187; 1; 2; 328
137; 198; 1; 2; 328
185; 169; 2; 1; 329
200; 202; 1; 2; 331
225; 158; 1; 2; 332
17
16; 1; 43; 1694
5; 1; 10; 1836
10; 1; 15; 2415
12; 1; 22; 2464
6; 1; 28; 2875
15; 1; 25; 4320
7; 1; 5; 4458
4; 1; 48; 4682
9; 1; 5; 5059
13; 1; 29; 5990
2; 1; 6; 7627
11; 1; 48; 8322
1; 1; 42; 8989
0; 1; 38; 9578
3; 1; 40; 10100
8; 1; 30; 11013
14; 1; 9; 12229
