**** 243 ****
72
169; 210; 1; 2; 2
143; 151; 1; 2; 4
190; 199; 1; 2; 4
203; 177; 1; 2; 29
125; 135; 2; 1; 31
179; 111; 1; 2; 32
187; 180; 1; 2; 39
150; 144; 1; 2; 43
198; 222; 1; 2; 45
202; 128; 2; 1; 49
123; 216; 2; 1; 51
222; 203; 2; 1; 53
141; 169; 1; 2; 54
176; 191; 1; 2; 56
143; 178; 2; 1; 60
198; 116; 1; 2; 75
206; 171; 2; 1; 75
191; 182; 2; 1; 76
173; 145; 2; 1; 77
162; 195; 1; 2; 80
169; 194; 2; 1; 88
162; 221; 1; 2; 88
207; 187; 2; 1; 92
207; 136; 2; 1; 94
125; 205; 2; 1; 101
120; 154; 1; 2; 109
114; 198; 1; 2; 111
134; 185; 2; 1; 123
199; 215; 1; 2; 123
152; 138; 2; 1; 134
140; 143; 1; 2; 140
123; 199; 1; 2; 148
167; 191; 2; 1; 149
162; 148; 2; 1; 154
190; 154; 2; 1; 155
117; 192; 1; 2; 164
215; 222; 2; 1; 165
198; 158; 1; 2; 167
171; 137; 2; 1; 169
129; 136; 1; 2; 176
159; 123; 1; 2; 181
165; 179; 1; 2; 186
206; 144; 1; 2; 189
156; 187; 1; 2; 197
205; 173; 2; 1; 204
176; 164; 1; 2; 222
127; 170; 2; 1; 222
128; 141; 2; 1; 226
205; 185; 1; 2; 231
202; 123; 1; 2; 235
159; 222; 2; 1; 244
135; 179; 2; 1; 253
190; 145; 1; 2; 254
176; 219; 1; 2; 258
160; 209; 2; 1; 261
206; 126; 2; 1; 267
115; 213; 2; 1; 270
130; 204; 2; 1; 273
124; 213; 1; 2; 276
147; 220; 2; 1; 282
134; 134; 2; 1; 285
190; 207; 1; 2; 290
123; 180; 2; 1; 291
140; 111; 1; 2; 293
193; 157; 2; 1; 299
197; 197; 1; 2; 320
154; 142; 1; 2; 321
177; 148; 2; 1; 325
172; 167; 1; 2; 329
179; 156; 1; 2; 330
182; 150; 2; 1; 335
128; 124; 2; 1; 337
17
6; 1; 20; 117
13; 1; 37; 278
3; 1; 1; 596
7; 1; 43; 756
16; 1; 6; 2088
0; 1; 11; 2218
15; 1; 14; 3108
10; 1; 39; 3237
12; 1; 11; 3710
14; 1; 13; 3812
5; 1; 16; 5536
4; 1; 15; 5851
9; 1; 32; 6691
11; 1; 46; 6744
8; 1; 41; 6837
2; 1; 7; 7298
1; 1; 47; 10710
