**** 244 ****
72
191; 173; 2; 1; 1
167; 224; 2; 1; 5
204; 142; 2; 1; 11
174; 195; 1; 2; 14
158; 216; 1; 2; 17
128; 139; 1; 2; 25
224; 133; 1; 2; 33
211; 165; 1; 2; 33
136; 147; 2; 1; 40
119; 172; 2; 1; 42
118; 136; 2; 1; 45
148; 111; 2; 1; 47
119; 117; 2; 1; 58
180; 196; 2; 1; 61
224; 126; 2; 1; 63
209; 223; 1; 2; 63
212; 143; 2; 1; 66
149; 200; 1; 2; 69
220; 156; 2; 1; 69
192; 140; 1; 2; 76
193; 197; 1; 2; 76
200; 135; 2; 1; 79
180; 189; 1; 2; 82
145; 160; 1; 2; 82
150; 149; 1; 2; 83
199; 169; 1; 2; 84
125; 150; 2; 1; 87
178; 168; 2; 1; 90
172; 209; 2; 1; 91
114; 139; 2; 1; 101
131; 199; 1; 2; 115
199; 111; 2; 1; 122
161; 134; 2; 1; 125
220; 185; 2; 1; 126
120; 127; 1; 2; 139
173; 130; 2; 1; 148
120; 147; 2; 1; 149
148; 197; 2; 1; 151
219; 140; 2; 1; 156
165; 139; 2; 1; 158
223; 178; 1; 2; 160
122; 117; 1; 2; 167
217; 148; 1; 2; 171
117; 214; 1; 2; 172
173; 118; 2; 1; 189
111; 150; 2; 1; 190
156; 142; 1; 2; 197
143; 175; 1; 2; 211
185; 159; 2; 1; 221
169; 182; 1; 2; 230
114; 220; 2; 1; 230
186; 177; 2; 1; 231
192; 221; 2; 1; 237
149; 201; 1; 2; 238
216; 174; 1; 2; 243
128; 117; 1; 2; 243
172; 127; 1; 2; 251
195; 208; 2; 1; 258
221; 123; 2; 1; 276
175; 153; 2; 1; 276
128; 158; 1; 2; 278
192; 173; 1; 2; 279
204; 208; 2; 1; 281
225; 137; 1; 2; 289
144; 122; 1; 2; 292
185; 205; 2; 1; 298
186; 128; 1; 2; 307
151; 159; 2; 1; 307
147; 201; 1; 2; 310
178; 173; 1; 2; 325
119; 163; 1; 2; 334
211; 174; 1; 2; 335
17
14; 1; 18; 759
8; 1; 35; 1008
6; 1; 30; 2109
16; 1; 12; 2582
1; 1; 46; 4092
9; 1; 41; 4225
0; 1; 24; 5211
2; 1; 11; 5427
10; 1; 6; 7468
5; 1; 21; 7872
11; 1; 16; 8042
7; 1; 10; 8433
4; 1; 23; 8824
13; 1; 47; 8929
12; 1; 33; 10240
15; 1; 44; 10497
3; 1; 30; 12274
