**** 245 ****
72
118; 188; 2; 1; 11
167; 123; 1; 2; 14
210; 177; 2; 1; 22
124; 125; 1; 2; 40
190; 185; 1; 2; 41
223; 211; 2; 1; 55
166; 208; 2; 1; 64
195; 140; 2; 1; 67
192; 168; 1; 2; 68
200; 139; 2; 1; 79
159; 137; 2; 1; 83
161; 167; 2; 1; 92
206; 163; 1; 2; 92
179; 193; 1; 2; 95
221; 180; 1; 2; 108
222; 159; 1; 2; 109
171; 134; 2; 1; 115
212; 215; 1; 2; 123
145; 158; 1; 2; 125
221; 206; 2; 1; 129
201; 144; 2; 1; 132
127; 200; 2; 1; 134
208; 118; 2; 1; 135
211; 176; 1; 2; 137
168; 113; 2; 1; 138
134; 174; 2; 1; 140
218; 214; 2; 1; 140
192; 219; 1; 2; 146
127; 206; 1; 2; 161
207; 181; 2; 1; 163
203; 149; 1; 2; 169
117; 126; 2; 1; 175
129; 180; 2; 1; 176
207; 204; 2; 1; 178
212; 223; 1; 2; 194
164; 203; 1; 2; 195
213; 191; 2; 1; 196
154; 222; 2; 1; 200
161; 164; 1; 2; 204
182; 133; 2; 1; 206
116; 179; 2; 1; 208
190; 159; 1; 2; 213
174; 120; 2; 1; 219
148; 139; 2; 1; 220
127; 125; 2; 1; 229
172; 132; 2; 1; 233
170; 166; 2; 1; 235
116; 154; 1; 2; 236
186; 166; 1; 2; 237
113; 147; 1; 2; 245
143; 196; 1; 2; 251
140; 196; 2; 1; 252
195; 183; 2; 1; 252
144; 198; 1; 2; 253
211; 191; 1; 2; 260
149; 176; 1; 2; 275
201; 143; 1; 2; 278
177; 123; 1; 2; 283
192; 181; 1; 2; 290
153; 173; 2; 1; 292
126; 149; 2; 1; 293
163; 196; 1; 2; 294
156; 114; 1; 2; 297
114; 141; 1; 2; 301
181; 206; 2; 1; 305
187; 116; 1; 2; 306
151; 111; 1; 2; 308
132; 211; 1; 2; 316
144; 176; 1; 2; 322
177; 202; 2; 1; 324
154; 168; 1; 2; 329
214; 223; 1; 2; 332
17
10; 1; 16; 93
6; 1; 22; 1712
5; 1; 42; 3293
14; 1; 33; 3678
3; 1; 1; 4185
1; 1; 19; 4606
7; 1; 8; 4853
4; 1; 44; 5374
15; 1; 25; 5475
16; 1; 49; 6020
2; 1; 13; 7442
0; 1; 37; 7754
9; 1; 13; 7800
11; 1; 43; 8223
8; 1; 12; 10038
12; 1; 47; 10619
13; 1; 46; 12036
