**** 246 ****
72
182; 144; 2; 1; 0
182; 151; 1; 2; 3
138; 198; 1; 2; 5
132; 156; 1; 2; 15
180; 208; 2; 1; 35
146; 141; 2; 1; 45
195; 146; 2; 1; 47
114; 115; 1; 2; 49
215; 170; 2; 1; 52
221; 124; 1; 2; 53
191; 113; 1; 2; 54
135; 171; 1; 2; 59
155; 216; 2; 1; 60
194; 215; 1; 2; 63
182; 177; 2; 1; 68
128; 216; 1; 2; 73
140; 155; 2; 1; 75
186; 138; 1; 2; 77
142; 136; 2; 1; 79
202; 211; 2; 1; 84
222; 163; 2; 1; 85
157; 135; 2; 1; 89
138; 169; 2; 1; 89
113; 153; 2; 1; 91
134; 198; 2; 1; 95
144; 128; 2; 1; 103
197; 175; 2; 1; 112
121; 136; 2; 1; 119
146; 225; 1; 2; 122
153; 161; 1; 2; 122
203; 186; 2; 1; 122
126; 198; 2; 1; 124
163; 184; 1; 2; 128
182; 163; 2; 1; 129
136; 204; 2; 1; 133
124; 146; 1; 2; 146
114; 143; 1; 2; 149
129; 129; 2; 1; 151
145; 144; 1; 2; 152
155; 119; 1; 2; 154
158; 160; 1; 2; 157
182; 132; 1; 2; 158
129; 216; 2; 1; 163
153; 205; 2; 1; 177
216; 144; 1; 2; 204
169; 219; 1; 2; 206
185; 151; 1; 2; 214
185; 183; 1; 2; 215
142; 174; 2; 1; 217
133; 177; 1; 2; 227
125; 170; 2; 1; 233
146; 161; 2; 1; 234
184; 146; 2; 1; 237
153; 151; 2; 1; 238
176; 219; 2; 1; 241
120; 184; 1; 2; 241
194; 112; 1; 2; 244
133; 130; 1; 2; 255
207; 177; 2; 1; 259
197; 144; 2; 1; 264
221; 127; 1; 2; 268
188; 163; 2; 1; 272
181; 111; 1; 2; 276
117; 151; 2; 1; 294
187; 161; 2; 1; 295
191; 198; 1; 2; 297
173; 183; 2; 1; 300
207; 116; 1; 2; 312
216; 129; 2; 1; 313
111; 112; 1; 2; 318
126; 163; 2; 1; 326
208; 222; 1; 2; 327
17
7; 1; 43; 419
8; 1; 25; 750
4; 1; 40; 1394
12; 1; 27; 3412
6; 1; 4; 3752
10; 1; 39; 4061
1; 1; 10; 5347
5; 1; 31; 5649
15; 1; 39; 6450
0; 1; 5; 7037
9; 1; 19; 7422
13; 1; 5; 7595
14; 1; 35; 7836
16; 1; 4; 8289
3; 1; 20; 8479
11; 1; 41; 8885
2; 1; 43; 10357
