**** 247 ****
72
115; 220; 1; 2; 2
113; 130; 1; 2; 5
123; 225; 2; 1; 8
190; 137; 1; 2; 14
133; 164; 1; 2; 14
170; 190; 2; 1; 24
113; 216; 1; 2; 27
164; 189; 2; 1; 31
131; 136; 2; 1; 51
220; 114; 1; 2; 60
147; 198; 2; 1; 65
114; 158; 1; 2; 72
127; 119; 1; 2; 77
191; 150; 2; 1; 80
170; 199; 1; 2; 82
123; 218; 2; 1; 84
155; 111; 2; 1; 86
126; 143; 2; 1; 87
156; 115; 1; 2; 90
123; 195; 1; 2; 95
194; 167; 2; 1; 97
162; 123; 1; 2; 112
154; 221; 1; 2; 118
156; 162; 1; 2; 121
111; 192; 1; 2; 134
133; 178; 1; 2; 137
179; 172; 1; 2; 140
159; 201; 2; 1; 144
201; 152; 2; 1; 149
214; 130; 1; 2; 153
210; 151; 1; 2; 157
220; 124; 1; 2; 164
184; 202; 2; 1; 166
200; 195; 2; 1; 167
214; 192; 1; 2; 173
222; 218; 1; 2; 176
118; 212; 1; 2; 181
175; 146; 2; 1; 192
173; 196; 2; 1; 195
183; 177; 1; 2; 197
202; 197; 2; 1; 210
203; 206; 2; 1; 213
128; 172; 2; 1; 214
205; 162; 1; 2; 224
187; 118; 1; 2; 240
159; 114; 2; 1; 243
166; 158; 1; 2; 244
183; 125; 2; 1; 248
180; 129; 2; 1; 252
208; 204; 1; 2; 268
201; 115; 1; 2; 269
162; 193; 2; 1; 274
223; 214; 1; 2; 293
211; 184; 1; 2; 297
206; 203; 2; 1; 298
148; 174; 1; 2; 298
145; 205; 2; 1; 299
199; 194; 2; 1; 302
137; 162; 2; 1; 306
141; 133; 2; 1; 307
198; 122; 1; 2; 308
194; 156; 1; 2; 316
131; 149; 2; 1; 323
166; 144; 1; 2; 325
171; 153; 1; 2; 328
218; 115; 1; 2; 330
211; 153; 1; 2; 333
141; 176; 2; 1; 336
175; 136; 2; 1; 337
161; 218; 2; 1; 341
202; 193; 1; 2; 343
207; 223; 2; 1; 344
17
3; 1; 8; 64
12; 1; 6; 133
0; 1; 45; 575
1; 1; 6; 2099
9; 1; 9; 4339
8; 1; 9; 4690
13; 1; 31; 5266
7; 1; 46; 6260
5; 1; 3; 6560
14; 1; 8; 7744
15; 1; 2; 7762
16; 1; 22; 8002
11; 1; 13; 8135
10; 1; 48; 9720
4; 1; 29; 10179
2; 1; 38; 10214
6; 1; 15; 12047
