**** 248 ****
72
131; 185; 2; 1; 6
177; 182; 1; 2; 10
147; 219; 2; 1; 12
191; 169; 1; 2; 19
165; 150; 2; 1; 20
169; 113; 2; 1; 32
222; 127; 2; 1; 33
174; 125; 2; 1; 39
199; 191; 2; 1; 53
203; 186; 1; 2; 63
165; 190; 2; 1; 66
176; 136; 1; 2; 70
178; 156; 2; 1; 71
222; 194; 1; 2; 72
124; 151; 2; 1; 73
118; 173; 2; 1; 73
217; 120; 2; 1; 75
200; 153; 1; 2; 90
145; 142; 2; 1; 94
155; 210; 1; 2; 99
134; 156; 2; 1; 121
200; 177; 2; 1; 131
121; 138; 1; 2; 132
206; 200; 2; 1; 134
142; 204; 2; 1; 135
159; 147; 1; 2; 140
130; 189; 2; 1; 143
145; 197; 1; 2; 160
219; 202; 2; 1; 163
214; 153; 2; 1; 171
206; 180; 1; 2; 173
166; 123; 2; 1; 174
193; 211; 2; 1; 177
156; 113; 1; 2; 185
206; 174; 2; 1; 191
139; 121; 1; 2; 202
222; 213; 2; 1; 204
215; 218; 2; 1; 204
138; 195; 2; 1; 205
151; 116; 2; 1; 206
155; 145; 2; 1; 212
146; 126; 2; 1; 216
215; 185; 2; 1; 216
202; 171; 2; 1; 218
133; 178; 2; 1; 221
128; 184; 1; 2; 226
136; 174; 1; 2; 230
135; 131; 2; 1; 238
185; 129; 1; 2; 242
160; 139; 2; 1; 243
156; 126; 2; 1; 244
224; 165; 2; 1; 245
139; 168; 2; 1; 249
174; 220; 1; 2; 250
204; 117; 2; 1; 250
127; 171; 2; 1; 251
195; 135; 1; 2; 253
160; 179; 1; 2; 254
200; 119; 2; 1; 254
154; 152; 1; 2; 256
161; 112; 1; 2; 257
205; 153; 2; 1; 263
156; 170; 2; 1; 269
131; 180; 2; 1; 269
151; 212; 1; 2; 275
181; 220; 1; 2; 280
111; 177; 2; 1; 295
129; 128; 1; 2; 298
224; 171; 2; 1; 327
223; 149; 2; 1; 329
117; 158; 2; 1; 332
166; 145; 1; 2; 338
17
2; 1; 5; 351
9; 1; 45; 779
6; 1; 43; 1114
1; 1; 42; 3094
4; 1; 20; 4531
13; 1; 32; 6531
3; 1; 29; 6999
8; 1; 42; 7055
14; 1; 1; 7561
7; 1; 42; 8513
11; 1; 31; 8600
0; 1; 48; 9743
15; 1; 25; 9813
5; 1; 10; 9840
12; 1; 32; 10511
16; 1; 36; 10713
10; 1; 40; 11782
