**** 249 ****
72
212; 112; 1; 2; 2
178; 199; 1; 2; 13
152; 193; 1; 2; 14
142; 177; 1; 2; 14
136; 145; 1; 2; 20
181; 137; 2; 1; 24
187; 157; 1; 2; 27
217; 184; 1; 2; 29
148; 196; 2; 1; 37
135; 136; 1; 2; 48
163; 219; 1; 2; 53
206; 143; 2; 1; 59
123; 218; 1; 2; 61
168; 159; 2; 1; 72
119; 137; 1; 2; 74
199; 126; 2; 1; 81
154; 143; 2; 1; 85
154; 204; 1; 2; 86
126; 166; 2; 1; 88
144; 146; 2; 1; 91
173; 131; 2; 1; 93
121; 220; 2; 1; 93
164; 154; 1; 2; 118
154; 174; 2; 1; 122
174; 114; 1; 2; 129
214; 208; 2; 1; 131
158; 219; 1; 2; 135
134; 121; 2; 1; 142
136; 149; 2; 1; 143
123; 113; 1; 2; 149
215; 146; 1; 2; 149
189; 115; 2; 1; 150
170; 127; 1; 2; 173
127; 222; 2; 1; 176
217; 145; 2; 1; 178
122; 188; 1; 2; 183
155; 167; 2; 1; 187
123; 127; 1; 2; 187
135; 190; 1; 2; 193
160; 225; 1; 2; 201
156; 150; 1; 2; 207
152; 207; 1; 2; 211
181; 126; 2; 1; 211
156; 184; 2; 1; 213
115; 137; 2; 1; 215
161; 163; 1; 2; 216
223; 136; 2; 1; 228
154; 183; 1; 2; 228
113; 147; 1; 2; 230
216; 225; 1; 2; 231
129; 212; 1; 2; 233
196; 129; 2; 1; 239
200; 177; 2; 1; 240
219; 176; 2; 1; 241
221; 150; 2; 1; 250
189; 217; 1; 2; 251
171; 191; 2; 1; 260
173; 198; 2; 1; 263
159; 220; 1; 2; 282
122; 191; 2; 1; 284
140; 211; 2; 1; 286
143; 185; 2; 1; 292
174; 213; 2; 1; 298
213; 129; 1; 2; 307
199; 221; 2; 1; 308
203; 174; 1; 2; 310
149; 215; 2; 1; 312
177; 217; 2; 1; 322
204; 196; 2; 1; 328
154; 164; 2; 1; 335
168; 163; 2; 1; 335
157; 119; 2; 1; 339
17
16; 1; 34; 116
11; 1; 15; 445
10; 1; 11; 974
4; 1; 37; 1633
1; 1; 31; 2146
12; 1; 34; 3618
7; 1; 49; 4581
0; 1; 47; 5002
2; 1; 11; 5107
9; 1; 43; 5147
13; 1; 31; 6339
5; 1; 6; 9293
3; 1; 40; 10154
15; 1; 45; 10196
8; 1; 4; 10846
6; 1; 18; 11862
14; 1; 49; 12027
