**** 25 ****
52
17; 36; 1; 2; 1
21; 58; 2; 1; 2
15; 22; 2; 1; 9
46; 64; 2; 1; 16
43; 14; 1; 2; 19
26; 48; 1; 2; 21
25; 52; 2; 1; 27
23; 29; 2; 1; 32
48; 42; 1; 2; 33
18; 12; 1; 2; 38
12; 52; 2; 1; 40
43; 17; 1; 2; 40
16; 57; 1; 2; 40
64; 59; 2; 1; 50
55; 23; 1; 2; 50
42; 59; 1; 2; 51
13; 22; 1; 2; 52
26; 18; 2; 1; 53
26; 23; 2; 1; 54
44; 13; 1; 2; 57
12; 33; 2; 1; 60
25; 36; 2; 1; 62
20; 11; 2; 1; 63
30; 23; 2; 1; 65
33; 16; 1; 2; 69
24; 62; 2; 1; 72
21; 54; 2; 1; 75
13; 65; 1; 2; 78
23; 33; 1; 2; 80
62; 26; 1; 2; 80
30; 56; 1; 2; 88
17; 61; 2; 1; 88
56; 18; 1; 2; 89
47; 16; 2; 1; 91
37; 17; 2; 1; 92
26; 12; 1; 2; 94
60; 26; 1; 2; 94
11; 60; 1; 2; 96
55; 36; 1; 2; 97
29; 23; 1; 2; 106
54; 18; 2; 1; 106
26; 25; 2; 1; 106
26; 39; 2; 1; 107
51; 49; 2; 1; 107
57; 14; 1; 2; 109
31; 63; 1; 2; 109
17; 64; 2; 1; 110
17; 45; 2; 1; 110
28; 27; 2; 1; 113
46; 61; 1; 2; 113
39; 59; 1; 2; 117
64; 35; 2; 1; 122
13
1; 1; 7; 158
7; 1; 45; 377
11; 1; 18; 619
3; 1; 18; 675
2; 1; 9; 955
9; 1; 45; 1010
0; 1; 34; 1260
4; 1; 14; 1503
6; 1; 4; 1527
12; 1; 18; 1545
5; 1; 12; 1618
8; 1; 10; 1665
10; 1; 24; 1681
