**** 250 ****
72
134; 146; 1; 2; 0
180; 144; 1; 2; 0
185; 219; 2; 1; 19
209; 118; 2; 1; 24
178; 142; 1; 2; 24
129; 159; 1; 2; 25
205; 120; 1; 2; 27
171; 217; 1; 2; 28
155; 126; 1; 2; 30
202; 217; 1; 2; 37
198; 128; 1; 2; 45
160; 135; 1; 2; 46
172; 151; 2; 1; 48
154; 198; 2; 1; 51
177; 218; 1; 2; 52
132; 120; 2; 1; 61
205; 193; 1; 2; 63
181; 176; 2; 1; 65
214; 221; 1; 2; 68
159; 198; 1; 2; 70
149; 119; 1; 2; 81
119; 158; 1; 2; 86
202; 162; 2; 1; 90
131; 215; 2; 1; 93
209; 155; 1; 2; 94
142; 114; 2; 1; 104
162; 155; 2; 1; 107
118; 203; 2; 1; 109
115; 161; 1; 2; 109
199; 196; 1; 2; 126
175; 125; 2; 1; 131
205; 134; 1; 2; 134
113; 186; 1; 2; 142
134; 184; 2; 1; 149
205; 118; 1; 2; 158
148; 111; 2; 1; 173
137; 158; 2; 1; 188
182; 143; 2; 1; 189
195; 141; 1; 2; 193
119; 114; 1; 2; 194
191; 116; 1; 2; 196
212; 184; 2; 1; 197
187; 210; 2; 1; 197
148; 197; 1; 2; 197
189; 169; 1; 2; 207
212; 194; 2; 1; 214
204; 117; 1; 2; 215
205; 161; 2; 1; 215
154; 133; 1; 2; 217
178; 144; 1; 2; 224
190; 118; 2; 1; 228
221; 122; 2; 1; 229
175; 174; 1; 2; 234
129; 161; 2; 1; 235
219; 117; 2; 1; 244
185; 146; 1; 2; 249
117; 164; 2; 1; 251
112; 174; 2; 1; 258
132; 202; 2; 1; 262
147; 191; 2; 1; 265
117; 145; 1; 2; 267
216; 179; 1; 2; 272
112; 221; 2; 1; 273
118; 172; 2; 1; 277
201; 129; 1; 2; 294
156; 148; 2; 1; 321
173; 155; 1; 2; 322
149; 135; 2; 1; 331
150; 197; 2; 1; 336
117; 112; 2; 1; 338
145; 187; 2; 1; 339
178; 133; 2; 1; 348
17
7; 1; 41; 410
0; 1; 3; 973
5; 1; 27; 2518
9; 1; 25; 3172
8; 1; 35; 3201
11; 1; 44; 3620
16; 1; 49; 4099
6; 1; 44; 6201
12; 1; 20; 8041
14; 1; 22; 8726
4; 1; 26; 9440
15; 1; 4; 9581
1; 1; 11; 9900
13; 1; 4; 10282
10; 1; 17; 11197
2; 1; 45; 11568
3; 1; 35; 12043
