**** 251 ****
72
115; 115; 2; 1; 5
208; 152; 2; 1; 8
158; 135; 2; 1; 16
177; 224; 1; 2; 21
172; 180; 1; 2; 22
188; 130; 2; 1; 26
197; 180; 1; 2; 32
182; 157; 2; 1; 48
198; 205; 2; 1; 56
216; 136; 2; 1; 59
180; 128; 1; 2; 59
148; 190; 2; 1; 63
201; 169; 2; 1; 67
136; 159; 1; 2; 67
177; 220; 2; 1; 77
171; 191; 2; 1; 83
141; 214; 2; 1; 85
174; 213; 1; 2; 101
136; 184; 2; 1; 102
147; 127; 1; 2; 103
192; 208; 2; 1; 105
170; 126; 1; 2; 105
122; 185; 2; 1; 110
111; 190; 1; 2; 113
203; 220; 2; 1; 114
172; 198; 2; 1; 118
190; 211; 2; 1; 120
175; 120; 2; 1; 123
178; 225; 1; 2; 123
184; 216; 2; 1; 126
119; 178; 1; 2; 133
147; 136; 2; 1; 161
173; 189; 2; 1; 163
224; 133; 1; 2; 171
141; 161; 2; 1; 178
169; 221; 1; 2; 179
208; 118; 1; 2; 193
163; 220; 1; 2; 195
118; 142; 2; 1; 206
213; 132; 2; 1; 210
199; 132; 1; 2; 218
113; 112; 2; 1; 225
173; 118; 2; 1; 231
188; 188; 1; 2; 235
211; 178; 2; 1; 236
207; 222; 2; 1; 237
171; 153; 1; 2; 238
181; 194; 2; 1; 240
143; 138; 1; 2; 243
151; 165; 2; 1; 244
160; 156; 1; 2; 248
119; 220; 1; 2; 253
124; 155; 1; 2; 258
145; 114; 1; 2; 264
167; 210; 1; 2; 265
158; 162; 2; 1; 269
141; 120; 1; 2; 271
162; 112; 2; 1; 273
198; 190; 1; 2; 273
159; 183; 1; 2; 277
220; 177; 1; 2; 279
156; 137; 1; 2; 284
225; 169; 1; 2; 286
119; 165; 1; 2; 293
204; 153; 2; 1; 294
213; 137; 1; 2; 297
176; 182; 2; 1; 299
115; 223; 2; 1; 304
194; 205; 2; 1; 310
130; 159; 1; 2; 315
204; 169; 1; 2; 323
160; 214; 1; 2; 347
17
6; 1; 30; 374
2; 1; 3; 546
10; 1; 32; 893
0; 1; 6; 1509
12; 1; 31; 2206
14; 1; 29; 3559
5; 1; 15; 4494
3; 1; 16; 7658
8; 1; 44; 7711
7; 1; 8; 9151
1; 1; 29; 9285
15; 1; 36; 10085
13; 1; 28; 10209
9; 1; 27; 10339
16; 1; 39; 11764
11; 1; 1; 12138
4; 1; 7; 12205
