**** 252 ****
72
121; 158; 1; 2; 1
141; 168; 1; 2; 5
199; 164; 2; 1; 5
207; 147; 2; 1; 9
161; 146; 2; 1; 14
183; 165; 1; 2; 14
148; 159; 2; 1; 19
199; 143; 1; 2; 27
142; 145; 1; 2; 41
156; 182; 1; 2; 42
126; 121; 1; 2; 62
131; 200; 1; 2; 64
194; 123; 1; 2; 69
143; 175; 1; 2; 73
111; 137; 1; 2; 74
159; 195; 1; 2; 77
219; 165; 1; 2; 81
219; 154; 2; 1; 86
180; 206; 2; 1; 94
213; 177; 1; 2; 101
207; 179; 1; 2; 112
153; 151; 1; 2; 118
137; 214; 1; 2; 121
163; 198; 1; 2; 122
123; 126; 2; 1; 123
186; 165; 2; 1; 129
193; 212; 2; 1; 141
121; 182; 1; 2; 145
115; 136; 2; 1; 145
157; 171; 1; 2; 148
131; 174; 1; 2; 151
164; 189; 2; 1; 153
126; 199; 1; 2; 155
184; 216; 1; 2; 159
121; 131; 2; 1; 160
204; 220; 1; 2; 164
166; 207; 2; 1; 166
168; 190; 1; 2; 170
223; 136; 2; 1; 173
140; 185; 1; 2; 179
185; 189; 2; 1; 180
134; 117; 1; 2; 188
116; 205; 1; 2; 193
113; 140; 1; 2; 203
167; 149; 2; 1; 205
185; 158; 2; 1; 228
172; 141; 1; 2; 231
184; 153; 2; 1; 234
174; 178; 2; 1; 236
224; 138; 1; 2; 238
199; 172; 2; 1; 244
133; 145; 1; 2; 245
148; 124; 1; 2; 246
161; 124; 1; 2; 252
210; 116; 2; 1; 253
134; 131; 2; 1; 260
181; 170; 1; 2; 271
125; 142; 1; 2; 274
136; 175; 1; 2; 277
116; 165; 2; 1; 277
206; 161; 1; 2; 279
222; 116; 1; 2; 281
176; 224; 1; 2; 288
215; 170; 1; 2; 294
187; 155; 1; 2; 310
116; 148; 2; 1; 315
185; 171; 1; 2; 317
183; 225; 1; 2; 322
161; 132; 1; 2; 323
220; 186; 2; 1; 330
127; 151; 2; 1; 337
131; 218; 2; 1; 348
17
0; 1; 37; 381
6; 1; 40; 950
16; 1; 24; 1613
3; 1; 41; 2329
2; 1; 29; 2413
11; 1; 39; 2905
8; 1; 24; 5064
4; 1; 23; 6052
12; 1; 8; 6206
7; 1; 5; 6490
10; 1; 45; 6720
5; 1; 12; 6993
1; 1; 31; 7184
14; 1; 7; 7244
15; 1; 18; 10328
9; 1; 15; 11026
13; 1; 19; 12187
