**** 253 ****
73
168; 152; 1; 2; 10
196; 180; 1; 2; 10
208; 217; 1; 2; 15
196; 219; 2; 1; 17
166; 119; 2; 1; 17
166; 208; 1; 2; 22
181; 211; 2; 1; 23
232; 216; 1; 2; 26
122; 213; 1; 2; 31
201; 202; 1; 2; 32
229; 126; 1; 2; 34
168; 196; 2; 1; 46
148; 128; 1; 2; 51
232; 187; 2; 1; 56
138; 216; 1; 2; 82
211; 144; 1; 2; 90
120; 122; 1; 2; 91
201; 182; 1; 2; 93
130; 228; 1; 2; 101
220; 182; 2; 1; 106
158; 218; 1; 2; 116
118; 208; 2; 1; 116
162; 158; 1; 2; 121
139; 120; 2; 1; 124
227; 189; 2; 1; 148
126; 166; 2; 1; 149
211; 223; 1; 2; 150
147; 161; 2; 1; 156
176; 220; 1; 2; 157
158; 191; 2; 1; 159
218; 158; 2; 1; 160
139; 198; 1; 2; 167
165; 150; 1; 2; 176
142; 177; 1; 2; 196
212; 193; 1; 2; 196
208; 220; 1; 2; 197
160; 200; 2; 1; 200
153; 202; 2; 1; 216
156; 132; 1; 2; 217
165; 140; 1; 2; 217
123; 163; 2; 1; 220
180; 150; 2; 1; 221
141; 218; 2; 1; 222
222; 183; 1; 2; 222
230; 179; 2; 1; 224
124; 224; 2; 1; 230
124; 196; 1; 2; 230
212; 195; 1; 2; 232
181; 123; 2; 1; 235
203; 194; 2; 1; 253
204; 202; 1; 2; 261
205; 179; 1; 2; 265
216; 230; 2; 1; 272
227; 155; 1; 2; 276
219; 198; 1; 2; 277
167; 176; 1; 2; 289
178; 190; 2; 1; 294
223; 179; 1; 2; 304
140; 140; 2; 1; 306
167; 156; 1; 2; 317
137; 220; 2; 1; 323
169; 196; 2; 1; 324
217; 226; 1; 2; 325
203; 178; 2; 1; 327
151; 164; 2; 1; 328
181; 164; 1; 2; 333
155; 199; 2; 1; 334
174; 191; 1; 2; 334
205; 193; 2; 1; 339
184; 125; 1; 2; 341
184; 122; 2; 1; 341
145; 149; 2; 1; 343
207; 120; 1; 2; 350
17
7; 1; 40; 2071
11; 1; 20; 2437
4; 1; 18; 4118
9; 1; 22; 4190
13; 1; 24; 5862
8; 1; 46; 5978
6; 1; 28; 6894
5; 1; 11; 7022
16; 1; 17; 8437
2; 1; 36; 8647
0; 1; 11; 9429
12; 1; 39; 9992
14; 1; 42; 10606
3; 1; 38; 11176
10; 1; 23; 12479
1; 1; 29; 12924
15; 1; 20; 13091
