**** 254 ****
73
207; 221; 1; 2; 4
162; 136; 2; 1; 6
209; 146; 2; 1; 9
221; 174; 2; 1; 11
137; 173; 2; 1; 14
177; 130; 1; 2; 18
164; 232; 2; 1; 30
143; 157; 1; 2; 30
181; 192; 2; 1; 34
147; 140; 2; 1; 34
180; 202; 2; 1; 47
175; 122; 1; 2; 47
183; 140; 2; 1; 50
129; 223; 2; 1; 53
214; 116; 1; 2; 77
216; 137; 1; 2; 83
145; 133; 1; 2; 88
169; 187; 1; 2; 88
178; 195; 1; 2; 90
134; 165; 2; 1; 91
207; 230; 1; 2; 104
213; 123; 2; 1; 107
206; 147; 1; 2; 112
173; 214; 1; 2; 115
190; 128; 1; 2; 119
190; 150; 1; 2; 128
163; 130; 2; 1; 131
220; 128; 1; 2; 132
119; 169; 1; 2; 136
130; 130; 1; 2; 142
157; 228; 2; 1; 143
154; 170; 1; 2; 150
128; 218; 2; 1; 156
202; 162; 2; 1; 180
176; 138; 1; 2; 185
149; 137; 1; 2; 187
157; 145; 2; 1; 194
137; 220; 1; 2; 197
205; 148; 1; 2; 199
118; 118; 1; 2; 208
136; 121; 2; 1; 210
181; 201; 2; 1; 216
200; 202; 1; 2; 217
134; 167; 1; 2; 217
187; 182; 1; 2; 223
163; 231; 1; 2; 223
185; 146; 1; 2; 224
126; 153; 2; 1; 227
136; 143; 1; 2; 228
117; 138; 2; 1; 229
152; 124; 1; 2; 236
161; 135; 1; 2; 238
143; 127; 1; 2; 244
183; 156; 2; 1; 246
179; 142; 1; 2; 254
222; 186; 1; 2; 256
119; 127; 2; 1; 266
140; 208; 2; 1; 271
216; 145; 1; 2; 271
137; 171; 1; 2; 271
209; 134; 2; 1; 277
144; 190; 2; 1; 284
181; 227; 2; 1; 286
232; 158; 1; 2; 287
205; 164; 1; 2; 292
125; 142; 2; 1; 301
200; 223; 1; 2; 303
179; 152; 1; 2; 317
142; 194; 1; 2; 322
138; 177; 2; 1; 326
214; 229; 1; 2; 335
233; 199; 2; 1; 341
224; 157; 1; 2; 345
17
9; 1; 35; 298
12; 1; 17; 394
8; 1; 32; 1916
11; 1; 12; 2531
16; 1; 5; 2805
13; 1; 15; 3078
2; 1; 1; 5390
4; 1; 32; 5816
1; 1; 2; 7077
7; 1; 19; 7364
14; 1; 5; 8170
3; 1; 4; 8378
15; 1; 36; 9306
0; 1; 34; 9752
5; 1; 3; 10595
6; 1; 40; 11657
10; 1; 20; 11943
