**** 255 ****
73
201; 127; 1; 2; 1
224; 133; 2; 1; 5
155; 124; 2; 1; 11
165; 153; 2; 1; 13
167; 149; 2; 1; 23
185; 128; 2; 1; 28
189; 188; 1; 2; 29
220; 121; 2; 1; 38
128; 169; 1; 2; 56
147; 134; 1; 2; 58
233; 230; 2; 1; 58
194; 204; 1; 2; 59
133; 224; 2; 1; 61
185; 119; 1; 2; 66
149; 179; 1; 2; 70
215; 201; 1; 2; 76
214; 149; 2; 1; 89
138; 178; 2; 1; 90
129; 128; 1; 2; 91
150; 214; 2; 1; 95
205; 219; 2; 1; 96
170; 185; 1; 2; 108
123; 124; 1; 2; 114
157; 129; 1; 2; 119
225; 228; 2; 1; 126
220; 159; 2; 1; 128
181; 135; 2; 1; 131
181; 233; 2; 1; 132
147; 204; 1; 2; 138
170; 128; 1; 2; 138
154; 143; 2; 1; 148
153; 177; 2; 1; 152
130; 231; 2; 1; 154
229; 217; 2; 1; 167
203; 160; 2; 1; 171
124; 151; 1; 2; 176
210; 192; 1; 2; 177
143; 189; 2; 1; 181
125; 149; 1; 2; 181
177; 223; 1; 2; 190
158; 148; 1; 2; 199
194; 186; 2; 1; 200
157; 129; 2; 1; 200
192; 130; 1; 2; 204
154; 206; 1; 2; 213
129; 214; 1; 2; 216
154; 122; 2; 1; 225
166; 137; 2; 1; 232
191; 203; 2; 1; 243
147; 177; 1; 2; 243
170; 191; 2; 1; 252
130; 141; 1; 2; 254
217; 180; 1; 2; 255
168; 125; 1; 2; 256
156; 166; 1; 2; 256
128; 197; 2; 1; 259
162; 175; 1; 2; 262
178; 220; 2; 1; 262
122; 133; 1; 2; 264
154; 228; 1; 2; 302
213; 140; 2; 1; 302
163; 154; 2; 1; 305
222; 140; 1; 2; 310
211; 125; 2; 1; 313
122; 139; 1; 2; 318
188; 140; 1; 2; 318
157; 156; 1; 2; 322
140; 222; 2; 1; 328
188; 160; 1; 2; 329
211; 202; 1; 2; 329
228; 221; 2; 1; 336
121; 146; 2; 1; 340
180; 171; 1; 2; 345
17
7; 1; 3; 1236
0; 1; 41; 2311
11; 1; 7; 2608
4; 1; 34; 2709
5; 1; 12; 3073
10; 1; 20; 3467
3; 1; 12; 3766
8; 1; 13; 3831
13; 1; 20; 4526
6; 1; 12; 6300
14; 1; 29; 7593
15; 1; 18; 7777
16; 1; 39; 8576
9; 1; 16; 9358
12; 1; 21; 9915
1; 1; 42; 11194
2; 1; 30; 12135
