**** 256 ****
73
137; 122; 1; 2; 14
217; 157; 2; 1; 15
228; 184; 1; 2; 31
196; 154; 2; 1; 33
142; 210; 1; 2; 33
118; 231; 2; 1; 34
208; 117; 1; 2; 35
198; 146; 1; 2; 37
151; 205; 2; 1; 38
191; 152; 2; 1; 40
167; 226; 1; 2; 48
188; 188; 1; 2; 49
121; 189; 2; 1; 51
168; 223; 2; 1; 59
206; 139; 2; 1; 65
200; 161; 1; 2; 65
166; 219; 2; 1; 67
175; 137; 2; 1; 71
128; 142; 2; 1; 83
188; 202; 1; 2; 102
185; 230; 1; 2; 103
129; 126; 1; 2; 103
206; 223; 2; 1; 111
192; 194; 1; 2; 119
137; 151; 1; 2; 131
218; 220; 2; 1; 142
180; 152; 1; 2; 156
223; 194; 2; 1; 157
233; 211; 1; 2; 159
209; 178; 1; 2; 163
226; 133; 2; 1; 165
165; 141; 1; 2; 166
203; 200; 1; 2; 184
140; 138; 1; 2; 185
148; 175; 2; 1; 188
200; 133; 1; 2; 192
223; 201; 2; 1; 197
204; 233; 1; 2; 197
128; 203; 1; 2; 199
197; 157; 2; 1; 201
232; 131; 2; 1; 211
219; 221; 2; 1; 212
207; 170; 2; 1; 219
151; 122; 1; 2; 232
218; 223; 2; 1; 233
219; 122; 2; 1; 241
123; 211; 1; 2; 244
212; 231; 1; 2; 246
139; 228; 1; 2; 253
141; 204; 1; 2; 260
231; 202; 2; 1; 261
208; 202; 2; 1; 262
209; 185; 2; 1; 268
229; 124; 2; 1; 273
190; 187; 2; 1; 282
179; 161; 2; 1; 283
197; 145; 2; 1; 286
160; 176; 1; 2; 286
178; 219; 2; 1; 313
224; 181; 1; 2; 322
117; 138; 1; 2; 328
123; 165; 1; 2; 329
121; 204; 2; 1; 331
132; 201; 2; 1; 334
211; 146; 2; 1; 340
145; 166; 2; 1; 340
156; 178; 2; 1; 341
126; 222; 2; 1; 344
163; 225; 1; 2; 344
145; 217; 1; 2; 345
121; 140; 1; 2; 346
143; 224; 2; 1; 346
213; 222; 1; 2; 351
17
0; 1; 49; 369
13; 1; 15; 1502
6; 1; 35; 2752
11; 1; 4; 4346
15; 1; 31; 5989
16; 1; 40; 6052
10; 1; 5; 6543
1; 1; 1; 7442
9; 1; 8; 7687
8; 1; 1; 7985
14; 1; 20; 8045
7; 1; 14; 9684
5; 1; 18; 10004
4; 1; 26; 11488
3; 1; 41; 12349
2; 1; 10; 12538
12; 1; 6; 12580
