**** 257 ****
73
163; 153; 2; 1; 5
207; 139; 2; 1; 20
156; 147; 1; 2; 21
216; 165; 2; 1; 22
205; 185; 2; 1; 24
218; 196; 2; 1; 29
156; 223; 2; 1; 29
226; 170; 2; 1; 30
153; 117; 2; 1; 35
137; 227; 1; 2; 39
219; 208; 2; 1; 41
198; 220; 2; 1; 45
219; 214; 2; 1; 46
210; 165; 2; 1; 49
215; 194; 1; 2; 58
206; 216; 2; 1; 61
149; 184; 1; 2; 64
216; 160; 2; 1; 65
188; 205; 1; 2; 75
139; 134; 2; 1; 85
139; 158; 1; 2; 99
219; 162; 1; 2; 101
118; 229; 1; 2; 102
226; 118; 1; 2; 109
230; 151; 1; 2; 116
170; 138; 1; 2; 132
221; 190; 1; 2; 141
169; 138; 2; 1; 141
177; 149; 2; 1; 142
187; 127; 1; 2; 143
191; 166; 2; 1; 157
195; 227; 2; 1; 163
134; 149; 1; 2; 166
198; 161; 2; 1; 167
142; 180; 2; 1; 168
213; 121; 2; 1; 173
131; 137; 1; 2; 173
195; 137; 1; 2; 183
220; 121; 2; 1; 184
231; 201; 1; 2; 188
227; 204; 1; 2; 198
195; 215; 2; 1; 206
176; 227; 1; 2; 208
170; 213; 2; 1; 208
138; 149; 1; 2; 209
185; 182; 2; 1; 212
120; 232; 1; 2; 216
186; 128; 2; 1; 217
191; 198; 1; 2; 231
155; 201; 2; 1; 232
222; 124; 1; 2; 237
217; 174; 2; 1; 244
231; 119; 2; 1; 255
213; 191; 1; 2; 260
179; 226; 1; 2; 264
155; 231; 1; 2; 266
199; 124; 2; 1; 268
149; 222; 1; 2; 286
169; 167; 1; 2; 289
223; 198; 2; 1; 292
146; 128; 2; 1; 293
196; 193; 1; 2; 297
209; 176; 2; 1; 299
137; 224; 2; 1; 300
142; 177; 2; 1; 306
165; 150; 2; 1; 316
161; 172; 1; 2; 316
209; 201; 1; 2; 321
146; 151; 1; 2; 323
170; 136; 1; 2; 328
180; 188; 2; 1; 328
130; 140; 1; 2; 337
138; 148; 1; 2; 342
17
4; 1; 14; 1252
16; 1; 13; 1341
13; 1; 35; 1952
1; 1; 49; 4100
6; 1; 21; 4156
7; 1; 22; 4539
11; 1; 25; 4565
14; 1; 24; 5967
10; 1; 9; 6165
0; 1; 44; 6797
2; 1; 38; 8638
9; 1; 13; 9695
5; 1; 25; 11999
15; 1; 12; 12451
3; 1; 25; 12557
12; 1; 5; 13158
8; 1; 43; 13269
