**** 258 ****
73
224; 120; 2; 1; 6
180; 167; 1; 2; 6
187; 189; 2; 1; 14
195; 127; 1; 2; 25
137; 173; 1; 2; 35
214; 226; 2; 1; 53
139; 203; 1; 2; 57
225; 190; 1; 2; 57
137; 161; 1; 2; 62
125; 139; 1; 2; 63
218; 211; 2; 1; 67
122; 154; 1; 2; 72
204; 207; 2; 1; 75
201; 203; 2; 1; 77
170; 172; 1; 2; 85
221; 170; 1; 2; 101
150; 194; 2; 1; 120
206; 144; 2; 1; 126
173; 192; 1; 2; 126
165; 118; 2; 1; 127
135; 120; 2; 1; 128
188; 215; 1; 2; 133
198; 139; 2; 1; 137
229; 212; 1; 2; 139
202; 180; 2; 1; 140
124; 129; 2; 1; 142
225; 118; 2; 1; 153
151; 169; 2; 1; 154
133; 117; 2; 1; 154
183; 163; 1; 2; 158
216; 127; 2; 1; 159
189; 200; 2; 1; 160
173; 160; 1; 2; 160
211; 197; 2; 1; 161
140; 175; 2; 1; 169
201; 163; 1; 2; 170
117; 121; 1; 2; 175
224; 142; 1; 2; 175
148; 130; 2; 1; 183
188; 141; 1; 2; 188
170; 206; 1; 2; 194
221; 211; 2; 1; 195
185; 203; 2; 1; 205
189; 161; 1; 2; 208
220; 168; 1; 2; 226
122; 181; 2; 1; 235
199; 229; 2; 1; 245
191; 165; 1; 2; 255
132; 216; 1; 2; 261
123; 176; 2; 1; 264
204; 225; 1; 2; 265
165; 135; 2; 1; 268
217; 172; 2; 1; 271
138; 151; 2; 1; 273
122; 229; 2; 1; 276
202; 207; 1; 2; 276
211; 168; 2; 1; 278
166; 125; 2; 1; 281
128; 173; 2; 1; 282
171; 172; 1; 2; 282
131; 211; 2; 1; 289
177; 197; 2; 1; 290
203; 187; 1; 2; 301
212; 220; 2; 1; 304
118; 177; 1; 2; 308
162; 177; 2; 1; 309
166; 179; 2; 1; 324
191; 195; 2; 1; 331
190; 154; 2; 1; 332
116; 142; 2; 1; 332
214; 156; 2; 1; 344
226; 191; 2; 1; 352
148; 140; 1; 2; 355
17
15; 1; 30; 833
8; 1; 19; 3102
9; 1; 17; 3509
3; 1; 11; 3645
12; 1; 43; 3944
10; 1; 2; 4073
6; 1; 4; 6567
2; 1; 24; 7548
16; 1; 23; 8211
13; 1; 15; 8587
14; 1; 34; 9546
4; 1; 30; 10428
1; 1; 22; 10866
5; 1; 6; 10971
0; 1; 32; 11146
11; 1; 13; 11433
7; 1; 41; 11901
