**** 259 ****
73
181; 131; 1; 2; 2
201; 156; 2; 1; 9
134; 198; 2; 1; 13
145; 126; 1; 2; 15
143; 164; 1; 2; 15
148; 124; 2; 1; 18
160; 207; 1; 2; 21
190; 182; 2; 1; 25
223; 133; 1; 2; 38
221; 180; 1; 2; 43
199; 217; 1; 2; 43
220; 221; 1; 2; 43
116; 207; 1; 2; 55
155; 121; 2; 1; 63
176; 177; 2; 1; 71
188; 198; 2; 1; 76
166; 128; 1; 2; 82
231; 134; 2; 1; 83
221; 117; 2; 1; 85
118; 145; 1; 2; 87
160; 228; 1; 2; 98
177; 212; 2; 1; 105
134; 129; 1; 2; 118
190; 141; 1; 2; 135
177; 198; 1; 2; 138
206; 132; 2; 1; 139
120; 201; 1; 2; 143
129; 198; 2; 1; 147
231; 153; 1; 2; 154
219; 204; 1; 2; 164
226; 117; 2; 1; 165
147; 206; 1; 2; 185
199; 153; 2; 1; 185
160; 197; 1; 2; 186
139; 161; 2; 1; 189
131; 149; 2; 1; 190
122; 122; 1; 2; 192
116; 218; 2; 1; 201
128; 126; 2; 1; 204
221; 214; 2; 1; 204
122; 172; 2; 1; 204
194; 230; 2; 1; 217
223; 226; 1; 2; 218
119; 163; 2; 1; 219
205; 137; 1; 2; 221
146; 217; 1; 2; 228
142; 200; 1; 2; 233
204; 143; 1; 2; 233
183; 131; 2; 1; 237
206; 171; 1; 2; 237
210; 207; 1; 2; 243
171; 229; 2; 1; 247
204; 222; 1; 2; 255
217; 121; 1; 2; 256
211; 154; 2; 1; 256
196; 176; 1; 2; 260
179; 152; 2; 1; 263
232; 132; 2; 1; 266
163; 152; 1; 2; 271
194; 121; 2; 1; 271
168; 170; 2; 1; 279
145; 192; 2; 1; 284
163; 136; 1; 2; 291
126; 142; 2; 1; 293
147; 201; 2; 1; 296
166; 191; 2; 1; 313
203; 228; 2; 1; 316
121; 222; 1; 2; 317
143; 222; 1; 2; 325
140; 119; 1; 2; 333
224; 205; 1; 2; 339
213; 179; 2; 1; 344
152; 186; 1; 2; 344
17
10; 1; 18; 432
4; 1; 5; 521
9; 1; 10; 923
13; 1; 3; 979
12; 1; 16; 1065
11; 1; 24; 3847
15; 1; 30; 3882
8; 1; 49; 5184
5; 1; 20; 5249
1; 1; 10; 6492
7; 1; 20; 6941
3; 1; 1; 7117
14; 1; 46; 7690
2; 1; 6; 8641
16; 1; 47; 9649
0; 1; 43; 9706
6; 1; 18; 11648
