**** 26 ****
52
37; 17; 2; 1; 0
60; 39; 2; 1; 2
30; 19; 1; 2; 2
51; 54; 1; 2; 5
23; 62; 2; 1; 5
50; 16; 1; 2; 7
16; 26; 2; 1; 9
13; 11; 1; 2; 14
15; 62; 2; 1; 24
19; 29; 1; 2; 27
35; 18; 1; 2; 29
64; 22; 2; 1; 31
17; 45; 1; 2; 33
57; 31; 1; 2; 35
45; 57; 1; 2; 37
65; 46; 1; 2; 38
52; 14; 2; 1; 38
29; 36; 1; 2; 40
40; 17; 1; 2; 42
18; 17; 2; 1; 46
19; 56; 2; 1; 47
28; 45; 2; 1; 51
45; 17; 2; 1; 53
54; 45; 2; 1; 57
25; 30; 2; 1; 58
29; 13; 1; 2; 60
63; 40; 2; 1; 61
19; 57; 2; 1; 61
28; 18; 2; 1; 68
15; 11; 2; 1; 69
47; 58; 1; 2; 69
36; 37; 1; 2; 74
27; 50; 1; 2; 81
51; 37; 2; 1; 81
41; 26; 2; 1; 84
47; 17; 1; 2; 86
22; 14; 1; 2; 87
26; 28; 1; 2; 90
50; 33; 1; 2; 93
45; 25; 2; 1; 98
25; 23; 1; 2; 101
38; 32; 1; 2; 102
60; 40; 1; 2; 104
64; 49; 2; 1; 106
56; 47; 1; 2; 110
53; 18; 2; 1; 112
63; 46; 2; 1; 113
36; 36; 1; 2; 115
64; 44; 2; 1; 116
57; 24; 1; 2; 120
23; 31; 1; 2; 120
13; 65; 1; 2; 124
13
10; 1; 33; 76
9; 1; 7; 132
4; 1; 22; 279
7; 1; 32; 457
6; 1; 8; 763
12; 1; 38; 795
5; 1; 37; 1289
1; 1; 32; 1512
11; 1; 7; 1549
3; 1; 47; 1576
0; 1; 12; 1635
2; 1; 44; 1879
8; 1; 16; 1963
