**** 260 ****
73
161; 142; 2; 1; 0
231; 125; 2; 1; 0
219; 126; 1; 2; 9
198; 169; 1; 2; 13
140; 211; 2; 1; 13
131; 216; 2; 1; 21
183; 219; 1; 2; 25
186; 214; 1; 2; 26
135; 216; 1; 2; 47
120; 153; 2; 1; 48
202; 228; 1; 2; 53
134; 195; 1; 2; 54
146; 218; 1; 2; 54
208; 170; 2; 1; 55
197; 171; 1; 2; 64
150; 171; 1; 2; 68
203; 167; 2; 1; 73
219; 179; 2; 1; 76
226; 155; 1; 2; 85
188; 177; 2; 1; 91
196; 144; 1; 2; 99
199; 122; 2; 1; 100
160; 147; 1; 2; 107
216; 231; 2; 1; 111
221; 126; 2; 1; 113
175; 223; 1; 2; 113
189; 121; 2; 1; 117
145; 197; 1; 2; 120
185; 197; 2; 1; 121
194; 186; 1; 2; 121
175; 124; 2; 1; 131
216; 127; 1; 2; 133
191; 203; 2; 1; 146
121; 226; 2; 1; 146
219; 174; 2; 1; 161
192; 175; 2; 1; 165
230; 165; 1; 2; 166
193; 228; 2; 1; 170
197; 189; 1; 2; 176
138; 194; 2; 1; 186
229; 125; 1; 2; 186
128; 208; 2; 1; 192
161; 157; 1; 2; 196
169; 172; 1; 2; 199
118; 192; 1; 2; 217
125; 128; 1; 2; 217
206; 185; 2; 1; 218
149; 152; 2; 1; 220
140; 214; 2; 1; 226
229; 199; 2; 1; 233
206; 158; 1; 2; 255
211; 176; 1; 2; 257
203; 214; 1; 2; 265
135; 144; 2; 1; 266
194; 153; 2; 1; 267
176; 141; 2; 1; 268
154; 141; 2; 1; 270
173; 193; 2; 1; 270
185; 175; 2; 1; 282
160; 135; 2; 1; 282
192; 141; 2; 1; 292
127; 143; 2; 1; 293
175; 164; 1; 2; 298
120; 195; 1; 2; 312
125; 120; 1; 2; 312
198; 194; 2; 1; 315
148; 231; 1; 2; 328
142; 149; 1; 2; 330
168; 224; 2; 1; 338
220; 203; 1; 2; 339
118; 139; 2; 1; 341
135; 226; 2; 1; 346
193; 116; 1; 2; 358
17
16; 1; 45; 706
14; 1; 45; 2353
13; 1; 9; 4387
1; 1; 37; 4995
2; 1; 25; 5363
7; 1; 21; 5410
8; 1; 28; 5989
6; 1; 1; 6465
10; 1; 12; 7133
3; 1; 20; 7216
5; 1; 35; 8155
9; 1; 28; 8200
4; 1; 24; 8255
0; 1; 19; 9063
15; 1; 11; 9744
11; 1; 3; 10415
12; 1; 49; 13069
