**** 261 ****
73
148; 201; 2; 1; 1
144; 199; 1; 2; 5
152; 197; 2; 1; 10
162; 177; 2; 1; 14
170; 153; 1; 2; 16
128; 189; 2; 1; 16
198; 141; 1; 2; 31
181; 231; 1; 2; 43
233; 134; 1; 2; 52
165; 170; 1; 2; 56
232; 152; 1; 2; 62
179; 136; 1; 2; 76
200; 173; 2; 1; 76
216; 211; 1; 2; 80
190; 122; 2; 1; 80
200; 215; 2; 1; 80
207; 220; 2; 1; 83
196; 229; 2; 1; 85
211; 221; 1; 2; 92
127; 233; 2; 1; 92
226; 146; 2; 1; 96
215; 229; 2; 1; 96
146; 135; 1; 2; 97
168; 138; 1; 2; 99
144; 213; 1; 2; 99
159; 126; 2; 1; 102
189; 221; 2; 1; 105
156; 215; 1; 2; 110
222; 125; 2; 1; 112
116; 197; 1; 2; 113
124; 180; 2; 1; 123
119; 132; 1; 2; 128
135; 119; 1; 2; 131
221; 223; 1; 2; 131
226; 136; 1; 2; 133
120; 169; 1; 2; 135
151; 145; 1; 2; 142
133; 171; 1; 2; 146
137; 165; 1; 2; 159
188; 212; 1; 2; 160
217; 183; 1; 2; 160
232; 211; 1; 2; 161
190; 218; 2; 1; 164
228; 122; 2; 1; 169
189; 159; 2; 1; 180
185; 213; 1; 2; 186
203; 130; 2; 1; 187
214; 149; 1; 2; 188
227; 227; 2; 1; 200
157; 123; 1; 2; 200
163; 186; 2; 1; 203
175; 200; 2; 1; 203
118; 183; 1; 2; 205
209; 201; 1; 2; 206
146; 132; 1; 2; 207
129; 196; 2; 1; 214
199; 126; 2; 1; 220
177; 193; 2; 1; 231
146; 152; 2; 1; 253
175; 180; 1; 2; 255
204; 191; 1; 2; 259
209; 122; 1; 2; 259
155; 142; 2; 1; 260
180; 168; 1; 2; 262
185; 121; 2; 1; 263
172; 146; 1; 2; 271
208; 207; 1; 2; 275
145; 183; 1; 2; 305
126; 206; 1; 2; 312
174; 195; 1; 2; 326
223; 170; 1; 2; 337
157; 119; 1; 2; 338
116; 182; 1; 2; 339
17
11; 1; 2; 370
9; 1; 15; 2399
5; 1; 46; 2973
0; 1; 48; 3323
2; 1; 33; 4387
1; 1; 37; 4862
7; 1; 35; 4922
8; 1; 35; 7820
3; 1; 26; 9022
14; 1; 33; 9068
15; 1; 12; 9169
4; 1; 44; 10384
13; 1; 15; 11042
12; 1; 28; 11558
6; 1; 20; 11663
10; 1; 48; 12044
16; 1; 29; 12630
