**** 262 ****
73
160; 151; 1; 2; 9
214; 194; 2; 1; 12
216; 202; 2; 1; 13
160; 129; 1; 2; 15
158; 227; 2; 1; 23
231; 222; 1; 2; 28
184; 121; 2; 1; 28
227; 201; 2; 1; 28
192; 206; 2; 1; 31
210; 215; 2; 1; 31
144; 209; 2; 1; 38
206; 163; 1; 2; 39
139; 124; 2; 1; 42
171; 173; 2; 1; 43
176; 146; 2; 1; 58
142; 141; 1; 2; 60
134; 212; 2; 1; 66
194; 127; 1; 2; 67
164; 119; 2; 1; 69
126; 117; 2; 1; 75
165; 225; 2; 1; 79
116; 202; 2; 1; 86
143; 157; 2; 1; 90
144; 157; 2; 1; 103
171; 192; 1; 2; 104
199; 222; 2; 1; 109
172; 132; 1; 2; 110
170; 174; 2; 1; 130
212; 171; 2; 1; 134
205; 155; 1; 2; 136
212; 197; 1; 2; 141
230; 185; 1; 2; 144
155; 132; 1; 2; 146
128; 144; 2; 1; 146
175; 158; 2; 1; 148
217; 222; 2; 1; 155
154; 216; 2; 1; 155
171; 140; 1; 2; 162
221; 162; 2; 1; 170
131; 128; 1; 2; 171
189; 203; 1; 2; 177
131; 199; 1; 2; 193
188; 205; 2; 1; 195
126; 229; 1; 2; 195
227; 152; 1; 2; 195
210; 145; 1; 2; 207
172; 166; 1; 2; 208
220; 144; 2; 1; 210
189; 212; 2; 1; 211
119; 218; 2; 1; 211
230; 216; 2; 1; 214
149; 189; 2; 1; 224
126; 194; 2; 1; 226
195; 215; 1; 2; 231
166; 217; 1; 2; 231
219; 154; 2; 1; 234
195; 228; 1; 2; 241
181; 207; 2; 1; 242
189; 172; 2; 1; 246
173; 186; 2; 1; 262
145; 139; 2; 1; 271
151; 193; 1; 2; 274
203; 225; 2; 1; 275
184; 138; 2; 1; 287
151; 162; 1; 2; 291
180; 191; 2; 1; 293
166; 196; 1; 2; 306
146; 118; 2; 1; 311
175; 192; 1; 2; 322
122; 178; 2; 1; 334
162; 228; 1; 2; 342
161; 122; 2; 1; 343
152; 215; 2; 1; 343
17
2; 1; 9; 665
1; 1; 17; 1412
13; 1; 10; 1604
6; 1; 40; 1686
11; 1; 18; 2021
9; 1; 33; 2538
16; 1; 46; 3942
0; 1; 19; 4110
3; 1; 32; 4173
8; 1; 28; 4302
10; 1; 30; 7204
7; 1; 4; 8363
5; 1; 13; 8720
12; 1; 47; 8817
14; 1; 4; 8893
15; 1; 22; 9798
4; 1; 25; 12465
