**** 263 ****
73
146; 141; 1; 2; 2
178; 228; 1; 2; 9
230; 212; 1; 2; 20
136; 201; 2; 1; 28
176; 144; 2; 1; 29
168; 149; 2; 1; 43
208; 147; 2; 1; 50
182; 202; 1; 2; 55
163; 232; 1; 2; 59
225; 151; 2; 1; 72
203; 201; 2; 1; 82
126; 135; 1; 2; 86
171; 157; 1; 2; 101
227; 177; 1; 2; 106
216; 156; 1; 2; 110
212; 192; 1; 2; 122
130; 163; 1; 2; 145
203; 140; 1; 2; 152
213; 121; 1; 2; 159
131; 211; 2; 1; 163
203; 214; 2; 1; 174
157; 164; 1; 2; 175
206; 198; 1; 2; 178
152; 188; 2; 1; 179
214; 182; 1; 2; 182
217; 208; 2; 1; 184
219; 209; 1; 2; 190
170; 212; 2; 1; 191
222; 143; 2; 1; 196
188; 163; 2; 1; 197
210; 186; 1; 2; 208
137; 148; 2; 1; 208
219; 116; 2; 1; 209
171; 148; 1; 2; 210
227; 118; 2; 1; 210
229; 175; 1; 2; 220
137; 173; 2; 1; 220
185; 184; 2; 1; 223
128; 205; 1; 2; 226
171; 196; 1; 2; 240
218; 202; 1; 2; 241
119; 162; 2; 1; 253
185; 155; 2; 1; 256
213; 220; 2; 1; 258
203; 217; 1; 2; 262
158; 124; 1; 2; 266
163; 192; 1; 2; 274
187; 210; 1; 2; 275
185; 216; 1; 2; 278
196; 224; 2; 1; 279
208; 140; 1; 2; 280
150; 169; 2; 1; 288
185; 168; 1; 2; 292
126; 140; 1; 2; 293
181; 208; 1; 2; 294
144; 182; 1; 2; 297
182; 146; 1; 2; 301
143; 161; 1; 2; 306
230; 209; 1; 2; 306
134; 120; 2; 1; 317
134; 216; 1; 2; 320
136; 120; 1; 2; 322
199; 116; 1; 2; 322
183; 185; 2; 1; 330
116; 212; 1; 2; 334
228; 225; 1; 2; 336
227; 154; 2; 1; 340
118; 194; 2; 1; 342
126; 206; 2; 1; 346
175; 140; 1; 2; 346
216; 160; 1; 2; 348
129; 131; 2; 1; 349
169; 172; 2; 1; 361
17
11; 1; 22; 87
6; 1; 36; 373
14; 1; 16; 970
10; 1; 6; 1824
16; 1; 41; 2643
9; 1; 32; 2906
15; 1; 5; 4072
3; 1; 14; 4175
13; 1; 32; 4235
1; 1; 36; 4453
5; 1; 43; 4677
8; 1; 46; 7124
7; 1; 22; 7439
0; 1; 21; 8220
12; 1; 19; 8849
4; 1; 15; 10286
2; 1; 15; 11019
