**** 264 ****
74
128; 152; 1; 2; 1
232; 169; 2; 1; 9
204; 207; 1; 2; 9
157; 235; 2; 1; 15
209; 122; 2; 1; 20
153; 137; 2; 1; 21
201; 127; 1; 2; 32
143; 216; 1; 2; 40
212; 233; 2; 1; 53
133; 219; 1; 2; 66
160; 187; 1; 2; 66
192; 173; 1; 2; 69
176; 224; 1; 2; 72
121; 207; 2; 1; 75
191; 162; 2; 1; 79
124; 239; 1; 2; 88
205; 140; 1; 2; 88
159; 190; 2; 1; 91
167; 221; 1; 2; 95
218; 206; 1; 2; 109
153; 124; 1; 2; 110
140; 133; 2; 1; 111
163; 165; 1; 2; 112
221; 142; 1; 2; 116
136; 147; 1; 2; 116
125; 129; 2; 1; 130
125; 138; 1; 2; 134
140; 142; 2; 1; 142
167; 130; 2; 1; 144
177; 194; 1; 2; 145
205; 157; 2; 1; 147
220; 206; 2; 1; 163
154; 149; 1; 2; 168
175; 224; 2; 1; 181
146; 227; 2; 1; 185
203; 131; 1; 2; 191
187; 177; 1; 2; 199
181; 212; 1; 2; 199
178; 169; 2; 1; 200
133; 182; 2; 1; 201
195; 215; 2; 1; 202
202; 195; 2; 1; 203
129; 165; 2; 1; 211
134; 143; 2; 1; 212
220; 145; 1; 2; 221
212; 216; 1; 2; 243
135; 121; 2; 1; 251
219; 152; 1; 2; 254
222; 220; 2; 1; 257
212; 121; 1; 2; 257
172; 222; 1; 2; 260
163; 137; 1; 2; 264
142; 234; 2; 1; 271
238; 211; 2; 1; 274
199; 202; 2; 1; 275
124; 241; 2; 1; 286
235; 220; 1; 2; 289
145; 230; 2; 1; 290
154; 152; 2; 1; 294
184; 221; 2; 1; 298
150; 213; 2; 1; 303
216; 207; 1; 2; 303
166; 167; 2; 1; 304
225; 122; 1; 2; 307
167; 225; 2; 1; 315
129; 130; 2; 1; 319
239; 143; 1; 2; 323
203; 181; 1; 2; 330
222; 135; 2; 1; 336
176; 148; 1; 2; 336
167; 186; 2; 1; 347
150; 187; 1; 2; 351
178; 195; 2; 1; 354
159; 135; 1; 2; 357
17
8; 1; 43; 255
1; 1; 28; 756
7; 1; 47; 2837
11; 1; 32; 3024
4; 1; 37; 4191
6; 1; 40; 5538
16; 1; 47; 6385
3; 1; 13; 6434
0; 1; 6; 7732
14; 1; 39; 8043
2; 1; 33; 8298
13; 1; 32; 9457
5; 1; 21; 9865
9; 1; 35; 10404
15; 1; 27; 10721
10; 1; 22; 12150
12; 1; 39; 12654
