**** 265 ****
74
124; 234; 1; 2; 0
189; 133; 1; 2; 5
151; 146; 2; 1; 7
138; 185; 1; 2; 23
163; 156; 2; 1; 28
144; 240; 2; 1; 34
234; 239; 1; 2; 37
165; 212; 2; 1; 43
124; 228; 1; 2; 44
202; 177; 2; 1; 56
221; 156; 1; 2; 62
177; 134; 1; 2; 71
161; 200; 1; 2; 73
222; 212; 1; 2; 87
177; 222; 2; 1; 110
202; 195; 2; 1; 114
140; 223; 1; 2; 116
155; 155; 2; 1; 128
198; 199; 2; 1; 129
140; 135; 1; 2; 130
151; 190; 1; 2; 131
216; 152; 2; 1; 136
197; 206; 1; 2; 141
159; 185; 1; 2; 145
211; 125; 2; 1; 152
160; 133; 1; 2; 155
221; 128; 1; 2; 157
240; 124; 2; 1; 159
174; 124; 2; 1; 165
216; 152; 1; 2; 171
237; 219; 1; 2; 181
184; 217; 1; 2; 182
155; 140; 1; 2; 185
148; 172; 1; 2; 188
181; 214; 2; 1; 189
141; 213; 1; 2; 192
203; 217; 1; 2; 196
134; 129; 2; 1; 196
222; 225; 2; 1; 197
184; 192; 1; 2; 199
233; 186; 2; 1; 200
173; 180; 1; 2; 215
124; 197; 1; 2; 223
180; 240; 1; 2; 227
225; 168; 1; 2; 237
157; 142; 2; 1; 239
161; 214; 1; 2; 242
143; 208; 1; 2; 246
182; 207; 2; 1; 254
127; 209; 1; 2; 255
239; 155; 2; 1; 261
184; 211; 2; 1; 263
194; 130; 2; 1; 265
196; 189; 1; 2; 265
192; 178; 1; 2; 271
200; 212; 2; 1; 277
216; 211; 1; 2; 294
150; 175; 1; 2; 298
165; 175; 1; 2; 303
237; 189; 1; 2; 304
148; 201; 2; 1; 307
149; 158; 2; 1; 308
221; 207; 2; 1; 311
185; 129; 2; 1; 312
176; 166; 1; 2; 315
183; 185; 1; 2; 318
184; 234; 1; 2; 323
222; 226; 2; 1; 325
121; 159; 1; 2; 328
233; 122; 1; 2; 331
121; 230; 2; 1; 337
208; 225; 2; 1; 346
234; 164; 2; 1; 348
235; 234; 2; 1; 360
17
10; 1; 33; 546
2; 1; 26; 1656
15; 1; 34; 3040
3; 1; 20; 3439
11; 1; 32; 4807
4; 1; 20; 6652
12; 1; 46; 6719
0; 1; 6; 7181
7; 1; 9; 7363
5; 1; 15; 8192
1; 1; 19; 9567
16; 1; 34; 11084
8; 1; 6; 11398
14; 1; 10; 12546
13; 1; 25; 12828
6; 1; 28; 13211
9; 1; 38; 13623
