**** 266 ****
74
190; 134; 1; 2; 15
215; 154; 2; 1; 17
168; 178; 1; 2; 24
196; 239; 2; 1; 26
127; 194; 2; 1; 29
219; 207; 1; 2; 32
225; 216; 1; 2; 34
205; 152; 2; 1; 35
147; 176; 1; 2; 37
199; 177; 2; 1; 40
153; 159; 2; 1; 40
175; 125; 1; 2; 41
220; 210; 2; 1; 43
132; 154; 1; 2; 48
150; 159; 1; 2; 54
131; 177; 1; 2; 57
215; 222; 1; 2; 70
168; 161; 1; 2; 76
236; 175; 1; 2; 83
138; 240; 2; 1; 86
216; 156; 2; 1; 86
163; 182; 2; 1; 86
146; 189; 1; 2; 87
191; 209; 1; 2; 88
239; 182; 1; 2; 88
221; 175; 2; 1; 89
125; 237; 1; 2; 97
179; 234; 1; 2; 105
165; 209; 1; 2; 114
137; 180; 1; 2; 128
240; 228; 1; 2; 129
193; 123; 1; 2; 129
142; 164; 1; 2; 130
156; 193; 1; 2; 131
185; 122; 1; 2; 135
144; 229; 1; 2; 140
178; 153; 2; 1; 156
202; 189; 2; 1; 156
203; 191; 1; 2; 161
183; 157; 2; 1; 166
143; 174; 2; 1; 169
210; 194; 1; 2; 177
206; 165; 1; 2; 179
148; 226; 2; 1; 186
151; 237; 1; 2; 190
175; 128; 1; 2; 190
163; 234; 1; 2; 191
191; 222; 2; 1; 223
190; 179; 2; 1; 263
229; 158; 2; 1; 272
187; 129; 1; 2; 276
173; 137; 2; 1; 277
136; 192; 1; 2; 284
194; 231; 2; 1; 287
231; 200; 2; 1; 288
189; 154; 1; 2; 289
230; 216; 1; 2; 291
183; 176; 1; 2; 301
189; 184; 2; 1; 305
171; 179; 2; 1; 305
138; 159; 1; 2; 310
130; 166; 2; 1; 310
163; 221; 1; 2; 311
140; 221; 2; 1; 311
227; 130; 2; 1; 313
229; 177; 1; 2; 314
193; 222; 1; 2; 321
126; 198; 2; 1; 332
137; 238; 1; 2; 333
204; 231; 2; 1; 341
130; 210; 2; 1; 345
132; 161; 2; 1; 345
174; 131; 1; 2; 360
240; 164; 1; 2; 360
17
16; 1; 21; 563
10; 1; 11; 972
4; 1; 38; 2101
2; 1; 42; 2244
7; 1; 37; 3928
0; 1; 34; 4433
15; 1; 9; 5287
12; 1; 42; 5513
6; 1; 15; 7053
11; 1; 13; 8631
13; 1; 41; 9594
5; 1; 23; 9653
8; 1; 41; 10831
9; 1; 32; 11356
1; 1; 2; 12249
3; 1; 43; 12477
14; 1; 32; 12576
