**** 267 ****
74
144; 191; 1; 2; 2
201; 240; 2; 1; 3
204; 226; 2; 1; 8
219; 172; 2; 1; 9
121; 194; 2; 1; 10
188; 205; 2; 1; 18
216; 227; 2; 1; 24
214; 147; 1; 2; 25
140; 241; 2; 1; 28
187; 237; 1; 2; 39
214; 218; 1; 2; 54
140; 124; 1; 2; 60
157; 175; 1; 2; 62
155; 174; 1; 2; 63
186; 157; 1; 2; 67
154; 197; 2; 1; 87
192; 138; 1; 2; 95
205; 165; 1; 2; 97
208; 122; 2; 1; 103
153; 188; 1; 2; 104
124; 166; 1; 2; 107
182; 133; 1; 2; 110
218; 149; 1; 2; 112
176; 217; 1; 2; 115
158; 165; 2; 1; 130
233; 129; 2; 1; 131
225; 143; 1; 2; 134
238; 169; 1; 2; 141
127; 212; 2; 1; 142
149; 170; 2; 1; 153
224; 209; 2; 1; 159
235; 223; 2; 1; 169
129; 229; 2; 1; 170
131; 188; 1; 2; 177
232; 166; 2; 1; 187
169; 152; 2; 1; 194
125; 211; 1; 2; 195
201; 184; 1; 2; 201
207; 192; 2; 1; 211
141; 167; 2; 1; 211
215; 183; 2; 1; 216
217; 220; 1; 2; 227
213; 166; 1; 2; 231
155; 218; 2; 1; 236
179; 215; 1; 2; 240
148; 134; 2; 1; 247
171; 192; 2; 1; 253
189; 148; 2; 1; 253
184; 135; 2; 1; 255
122; 172; 1; 2; 256
147; 212; 1; 2; 257
212; 171; 2; 1; 262
140; 130; 1; 2; 267
190; 164; 1; 2; 268
191; 184; 2; 1; 269
146; 190; 1; 2; 271
205; 195; 2; 1; 271
156; 208; 1; 2; 272
229; 202; 1; 2; 272
138; 202; 2; 1; 274
129; 163; 1; 2; 282
180; 141; 1; 2; 286
135; 213; 1; 2; 288
222; 158; 2; 1; 293
144; 206; 1; 2; 293
216; 193; 1; 2; 295
184; 122; 2; 1; 305
155; 216; 2; 1; 305
139; 232; 1; 2; 315
204; 235; 2; 1; 320
220; 196; 2; 1; 323
141; 221; 1; 2; 352
214; 219; 1; 2; 358
134; 186; 2; 1; 360
17
3; 1; 44; 960
0; 1; 5; 1024
5; 1; 1; 1995
2; 1; 41; 2090
15; 1; 47; 2173
16; 1; 18; 3794
11; 1; 31; 4966
8; 1; 45; 6391
6; 1; 21; 7682
13; 1; 13; 8409
10; 1; 24; 9000
12; 1; 9; 9344
4; 1; 33; 9483
9; 1; 12; 10234
14; 1; 28; 10480
1; 1; 46; 11033
7; 1; 1; 12319
