**** 268 ****
74
181; 189; 2; 1; 3
199; 212; 2; 1; 10
177; 133; 2; 1; 23
142; 221; 1; 2; 28
162; 188; 2; 1; 40
226; 213; 1; 2; 42
140; 194; 2; 1; 43
129; 219; 1; 2; 47
216; 148; 2; 1; 50
167; 126; 1; 2; 54
152; 121; 1; 2; 55
190; 124; 1; 2; 56
191; 125; 1; 2; 62
159; 235; 2; 1; 65
198; 171; 2; 1; 67
152; 211; 2; 1; 72
128; 123; 2; 1; 73
237; 190; 2; 1; 74
180; 127; 1; 2; 74
186; 168; 1; 2; 77
180; 134; 1; 2; 81
161; 180; 2; 1; 86
237; 147; 1; 2; 99
164; 125; 2; 1; 100
196; 171; 2; 1; 101
228; 153; 1; 2; 112
211; 207; 2; 1; 112
212; 167; 2; 1; 117
183; 193; 2; 1; 120
225; 217; 2; 1; 123
228; 217; 2; 1; 127
226; 216; 1; 2; 130
205; 150; 2; 1; 132
177; 222; 2; 1; 134
188; 156; 1; 2; 135
160; 127; 2; 1; 142
208; 180; 2; 1; 143
205; 200; 2; 1; 148
133; 132; 1; 2; 161
211; 219; 2; 1; 173
195; 147; 2; 1; 180
200; 205; 2; 1; 204
202; 227; 2; 1; 209
238; 152; 2; 1; 209
222; 127; 1; 2; 210
126; 185; 2; 1; 212
215; 177; 1; 2; 217
127; 238; 2; 1; 218
178; 237; 1; 2; 220
178; 122; 2; 1; 221
190; 235; 1; 2; 232
151; 158; 2; 1; 233
209; 225; 1; 2; 235
194; 138; 2; 1; 250
126; 210; 2; 1; 256
153; 237; 1; 2; 274
228; 236; 2; 1; 274
201; 130; 1; 2; 276
172; 220; 1; 2; 280
182; 210; 1; 2; 294
122; 143; 2; 1; 296
159; 194; 2; 1; 299
132; 138; 2; 1; 302
189; 161; 2; 1; 314
205; 160; 1; 2; 319
199; 211; 1; 2; 320
233; 140; 2; 1; 339
135; 124; 2; 1; 342
178; 128; 1; 2; 345
191; 190; 1; 2; 346
181; 170; 2; 1; 346
204; 174; 2; 1; 352
181; 202; 1; 2; 365
165; 221; 2; 1; 365
17
3; 1; 18; 5
15; 1; 45; 531
4; 1; 35; 664
14; 1; 21; 974
6; 1; 49; 3024
9; 1; 36; 3279
8; 1; 42; 3568
0; 1; 18; 5627
11; 1; 39; 5933
1; 1; 8; 6357
5; 1; 19; 6668
7; 1; 26; 6997
2; 1; 49; 9912
12; 1; 36; 11011
16; 1; 47; 11946
13; 1; 27; 12929
10; 1; 15; 13165
