**** 269 ****
74
125; 214; 1; 2; 11
213; 209; 1; 2; 22
136; 224; 1; 2; 32
132; 217; 1; 2; 40
177; 235; 2; 1; 48
123; 199; 2; 1; 57
200; 141; 1; 2; 60
143; 241; 1; 2; 70
218; 194; 2; 1; 71
164; 163; 1; 2; 71
195; 241; 2; 1; 78
217; 223; 1; 2; 79
225; 238; 1; 2; 81
183; 131; 2; 1; 82
217; 208; 2; 1; 83
220; 234; 1; 2; 84
147; 174; 1; 2; 93
142; 237; 2; 1; 106
221; 159; 2; 1; 106
151; 185; 1; 2; 114
138; 147; 1; 2; 116
136; 157; 2; 1; 117
203; 157; 2; 1; 128
224; 146; 2; 1; 130
167; 164; 1; 2; 137
140; 144; 2; 1; 140
202; 212; 2; 1; 141
134; 176; 2; 1; 144
144; 205; 1; 2; 148
239; 134; 1; 2; 155
123; 168; 2; 1; 161
226; 199; 2; 1; 172
224; 175; 2; 1; 174
208; 231; 1; 2; 180
219; 239; 2; 1; 181
210; 211; 2; 1; 183
186; 129; 2; 1; 186
164; 171; 2; 1; 186
229; 186; 2; 1; 196
153; 201; 1; 2; 198
194; 201; 1; 2; 202
221; 227; 2; 1; 205
228; 164; 1; 2; 209
129; 179; 1; 2; 213
231; 142; 2; 1; 235
201; 123; 2; 1; 245
220; 228; 2; 1; 250
155; 125; 2; 1; 251
132; 131; 1; 2; 255
153; 172; 2; 1; 266
224; 192; 1; 2; 271
190; 131; 1; 2; 276
206; 198; 1; 2; 280
220; 139; 2; 1; 294
228; 219; 2; 1; 296
126; 153; 2; 1; 297
236; 190; 1; 2; 302
162; 228; 2; 1; 307
239; 197; 1; 2; 309
180; 138; 2; 1; 311
138; 220; 2; 1; 315
176; 171; 2; 1; 316
126; 189; 2; 1; 319
145; 138; 1; 2; 325
214; 166; 1; 2; 336
140; 190; 1; 2; 337
190; 199; 2; 1; 340
140; 134; 2; 1; 348
239; 225; 1; 2; 353
126; 207; 2; 1; 357
191; 128; 1; 2; 359
199; 229; 2; 1; 360
155; 189; 1; 2; 365
173; 158; 1; 2; 366
17
13; 1; 17; 541
1; 1; 32; 679
12; 1; 45; 1654
15; 1; 43; 3414
11; 1; 42; 4459
14; 1; 44; 5295
9; 1; 41; 5628
5; 1; 41; 5934
7; 1; 49; 6009
6; 1; 22; 6344
2; 1; 16; 7585
4; 1; 46; 8408
10; 1; 16; 8465
16; 1; 3; 9329
8; 1; 37; 10152
0; 1; 3; 11399
3; 1; 36; 12294
