**** 27 ****
52
16; 31; 1; 2; 1
33; 23; 1; 2; 3
28; 28; 1; 2; 14
40; 54; 1; 2; 17
38; 58; 1; 2; 20
53; 38; 2; 1; 21
25; 19; 2; 1; 23
50; 23; 2; 1; 35
30; 25; 2; 1; 36
63; 18; 1; 2; 40
41; 51; 1; 2; 46
63; 23; 2; 1; 47
31; 63; 2; 1; 48
14; 64; 1; 2; 48
21; 51; 2; 1; 48
21; 29; 2; 1; 48
37; 51; 1; 2; 49
14; 53; 2; 1; 49
34; 47; 1; 2; 51
21; 18; 1; 2; 57
28; 33; 1; 2; 63
48; 47; 1; 2; 64
56; 36; 1; 2; 64
43; 36; 2; 1; 66
28; 44; 1; 2; 67
17; 56; 1; 2; 67
57; 27; 2; 1; 70
58; 55; 1; 2; 76
39; 27; 2; 1; 83
46; 58; 2; 1; 84
43; 37; 2; 1; 85
21; 27; 1; 2; 87
28; 51; 1; 2; 88
13; 58; 2; 1; 95
56; 20; 1; 2; 96
13; 29; 1; 2; 97
26; 11; 2; 1; 97
59; 12; 1; 2; 98
29; 42; 2; 1; 100
64; 34; 1; 2; 101
53; 15; 2; 1; 101
28; 64; 1; 2; 104
36; 15; 2; 1; 108
36; 21; 1; 2; 110
55; 57; 2; 1; 113
63; 63; 2; 1; 113
27; 34; 2; 1; 113
58; 17; 1; 2; 113
23; 54; 1; 2; 120
42; 49; 2; 1; 122
40; 60; 2; 1; 122
45; 35; 1; 2; 125
13
9; 1; 35; 0
11; 1; 29; 332
10; 1; 18; 470
12; 1; 4; 589
0; 1; 40; 730
2; 1; 45; 783
7; 1; 24; 1151
1; 1; 7; 1343
5; 1; 43; 1547
8; 1; 6; 1611
4; 1; 26; 1654
6; 1; 31; 1693
3; 1; 44; 1736
