**** 270 ****
74
179; 144; 1; 2; 11
180; 215; 2; 1; 30
206; 156; 1; 2; 32
183; 158; 2; 1; 33
216; 193; 2; 1; 39
170; 163; 1; 2; 42
126; 164; 1; 2; 46
235; 230; 1; 2; 51
209; 153; 2; 1; 56
165; 134; 1; 2; 57
138; 124; 2; 1; 61
170; 222; 2; 1; 62
201; 190; 1; 2; 69
146; 148; 1; 2; 74
152; 237; 2; 1; 76
144; 179; 1; 2; 99
171; 172; 2; 1; 109
233; 229; 1; 2; 113
238; 213; 2; 1; 116
170; 148; 2; 1; 117
204; 147; 1; 2; 119
237; 161; 2; 1; 130
166; 156; 2; 1; 135
157; 151; 2; 1; 138
129; 197; 2; 1; 154
143; 138; 1; 2; 162
213; 239; 1; 2; 168
173; 147; 2; 1; 175
169; 187; 1; 2; 177
127; 144; 1; 2; 181
146; 126; 1; 2; 183
151; 226; 1; 2; 185
223; 205; 1; 2; 191
126; 195; 2; 1; 194
190; 179; 1; 2; 196
227; 238; 1; 2; 196
239; 241; 2; 1; 196
165; 136; 1; 2; 201
129; 232; 1; 2; 203
145; 154; 2; 1; 204
190; 229; 1; 2; 206
136; 121; 1; 2; 208
167; 184; 2; 1; 209
219; 184; 1; 2; 211
134; 122; 2; 1; 214
208; 125; 1; 2; 222
205; 192; 2; 1; 236
132; 128; 1; 2; 240
168; 140; 2; 1; 245
190; 237; 2; 1; 248
172; 218; 2; 1; 251
201; 150; 1; 2; 252
122; 202; 1; 2; 252
167; 230; 2; 1; 253
180; 129; 1; 2; 258
210; 154; 1; 2; 262
121; 213; 1; 2; 265
214; 162; 1; 2; 265
167; 174; 1; 2; 266
214; 122; 1; 2; 288
200; 170; 2; 1; 289
163; 154; 2; 1; 305
197; 171; 2; 1; 305
193; 146; 1; 2; 315
215; 179; 2; 1; 318
130; 219; 1; 2; 329
240; 155; 2; 1; 337
218; 182; 1; 2; 348
223; 200; 2; 1; 354
224; 238; 1; 2; 357
210; 196; 2; 1; 361
237; 200; 2; 1; 363
189; 137; 2; 1; 363
176; 234; 2; 1; 366
17
8; 1; 2; 3301
6; 1; 7; 5028
0; 1; 29; 5202
3; 1; 25; 5242
15; 1; 48; 6159
16; 1; 49; 6924
2; 1; 35; 7213
5; 1; 19; 7257
9; 1; 18; 8633
13; 1; 3; 8951
1; 1; 15; 9147
14; 1; 12; 9898
7; 1; 36; 10242
12; 1; 24; 12071
4; 1; 10; 12454
10; 1; 21; 12939
11; 1; 26; 13069
