**** 271 ****
74
229; 132; 1; 2; 0
172; 128; 1; 2; 2
168; 142; 1; 2; 14
147; 226; 1; 2; 20
231; 219; 2; 1; 20
209; 182; 2; 1; 24
231; 231; 1; 2; 32
200; 195; 2; 1; 35
211; 169; 1; 2; 40
207; 226; 2; 1; 46
138; 223; 1; 2; 51
162; 200; 1; 2; 52
124; 233; 2; 1; 68
235; 166; 2; 1; 75
133; 164; 1; 2; 84
229; 137; 1; 2; 89
130; 175; 2; 1; 89
154; 195; 1; 2; 92
213; 158; 1; 2; 96
168; 192; 1; 2; 102
163; 203; 2; 1; 116
169; 220; 1; 2; 117
152; 204; 1; 2; 124
212; 184; 2; 1; 128
173; 224; 1; 2; 138
172; 139; 1; 2; 140
208; 175; 2; 1; 159
229; 147; 1; 2; 160
213; 134; 2; 1; 162
169; 126; 1; 2; 177
150; 182; 1; 2; 186
158; 139; 2; 1; 188
153; 200; 1; 2; 190
154; 215; 2; 1; 204
149; 236; 1; 2; 205
138; 177; 2; 1; 208
202; 133; 1; 2; 208
208; 137; 2; 1; 209
123; 203; 1; 2; 210
147; 222; 1; 2; 212
142; 157; 1; 2; 214
197; 136; 2; 1; 219
186; 131; 1; 2; 219
128; 195; 2; 1; 221
152; 199; 1; 2; 222
151; 180; 2; 1; 225
232; 152; 1; 2; 226
153; 122; 1; 2; 243
129; 152; 2; 1; 245
234; 221; 1; 2; 252
227; 201; 2; 1; 257
237; 232; 1; 2; 258
146; 205; 1; 2; 260
130; 190; 1; 2; 261
166; 186; 1; 2; 268
241; 208; 2; 1; 296
228; 124; 1; 2; 301
165; 201; 2; 1; 306
168; 222; 1; 2; 311
147; 215; 1; 2; 313
213; 180; 2; 1; 318
148; 233; 1; 2; 322
239; 218; 1; 2; 332
126; 144; 2; 1; 333
185; 150; 1; 2; 333
191; 229; 2; 1; 337
155; 192; 1; 2; 344
241; 223; 1; 2; 351
202; 217; 1; 2; 353
130; 222; 1; 2; 357
128; 123; 1; 2; 362
127; 158; 1; 2; 363
157; 127; 1; 2; 366
157; 191; 1; 2; 367
17
5; 1; 2; 155
12; 1; 9; 480
10; 1; 7; 1088
14; 1; 40; 2540
0; 1; 2; 5690
2; 1; 17; 6438
9; 1; 39; 6957
13; 1; 27; 7154
7; 1; 19; 7707
8; 1; 31; 8035
11; 1; 24; 8157
6; 1; 40; 9542
1; 1; 7; 10730
3; 1; 18; 11098
4; 1; 1; 11154
15; 1; 46; 12275
16; 1; 20; 12753
