**** 272 ****
74
223; 214; 1; 2; 2
219; 234; 2; 1; 4
181; 199; 1; 2; 4
160; 127; 2; 1; 9
194; 168; 1; 2; 11
162; 191; 2; 1; 18
222; 148; 1; 2; 23
221; 128; 1; 2; 31
124; 174; 1; 2; 37
173; 143; 1; 2; 39
173; 186; 2; 1; 42
140; 221; 2; 1; 51
237; 184; 1; 2; 55
174; 122; 2; 1; 57
150; 147; 2; 1; 57
222; 162; 2; 1; 61
204; 224; 1; 2; 62
207; 197; 2; 1; 63
130; 211; 1; 2; 69
201; 210; 1; 2; 71
138; 158; 2; 1; 78
152; 149; 1; 2; 81
130; 142; 1; 2; 81
206; 147; 1; 2; 100
224; 208; 1; 2; 101
164; 195; 1; 2; 105
134; 137; 1; 2; 108
216; 184; 2; 1; 112
188; 167; 1; 2; 117
225; 160; 2; 1; 125
181; 222; 1; 2; 128
170; 139; 1; 2; 134
136; 199; 1; 2; 145
141; 201; 1; 2; 147
205; 127; 2; 1; 154
192; 148; 1; 2; 161
172; 224; 1; 2; 161
173; 203; 1; 2; 176
161; 177; 2; 1; 177
143; 169; 1; 2; 179
160; 182; 1; 2; 179
174; 219; 1; 2; 180
190; 182; 1; 2; 184
153; 151; 1; 2; 185
224; 241; 2; 1; 189
227; 134; 2; 1; 191
151; 121; 1; 2; 194
152; 145; 1; 2; 196
177; 223; 1; 2; 201
130; 135; 2; 1; 205
211; 151; 2; 1; 223
227; 183; 1; 2; 232
151; 173; 1; 2; 241
161; 145; 1; 2; 247
176; 128; 1; 2; 253
203; 161; 1; 2; 257
149; 165; 2; 1; 264
204; 218; 1; 2; 267
135; 131; 2; 1; 269
168; 211; 1; 2; 272
224; 212; 2; 1; 276
169; 234; 1; 2; 292
160; 136; 2; 1; 296
184; 232; 2; 1; 297
160; 193; 2; 1; 299
193; 177; 2; 1; 308
123; 225; 1; 2; 325
125; 212; 1; 2; 332
206; 176; 2; 1; 334
170; 127; 2; 1; 338
129; 179; 1; 2; 340
196; 190; 2; 1; 342
184; 126; 2; 1; 343
213; 129; 2; 1; 352
17
4; 1; 47; 262
1; 1; 27; 1985
14; 1; 15; 2870
15; 1; 15; 3165
9; 1; 17; 3295
2; 1; 12; 4217
8; 1; 28; 4488
10; 1; 44; 5119
5; 1; 48; 6071
3; 1; 44; 6538
6; 1; 14; 8220
11; 1; 35; 9063
12; 1; 10; 9562
7; 1; 19; 10346
0; 1; 1; 11157
16; 1; 39; 11190
13; 1; 4; 13320
