**** 273 ****
74
183; 168; 1; 2; 2
221; 221; 1; 2; 12
125; 128; 1; 2; 14
210; 159; 2; 1; 22
135; 191; 1; 2; 25
167; 241; 2; 1; 32
239; 213; 2; 1; 34
221; 231; 1; 2; 38
190; 205; 2; 1; 42
188; 202; 2; 1; 45
125; 133; 1; 2; 47
230; 194; 1; 2; 48
129; 133; 1; 2; 48
148; 186; 2; 1; 50
168; 132; 1; 2; 56
151; 176; 1; 2; 61
212; 215; 2; 1; 64
219; 227; 2; 1; 66
136; 162; 2; 1; 73
170; 186; 2; 1; 73
180; 141; 1; 2; 83
172; 126; 2; 1; 86
125; 205; 2; 1; 89
172; 161; 1; 2; 104
145; 122; 2; 1; 106
179; 128; 1; 2; 108
160; 196; 1; 2; 126
145; 215; 2; 1; 133
170; 210; 1; 2; 136
121; 130; 1; 2; 137
157; 160; 1; 2; 139
216; 197; 1; 2; 148
127; 181; 1; 2; 156
178; 232; 1; 2; 158
224; 202; 2; 1; 162
209; 128; 1; 2; 163
128; 143; 2; 1; 169
174; 202; 2; 1; 170
217; 178; 2; 1; 177
202; 140; 1; 2; 180
227; 140; 2; 1; 201
227; 190; 2; 1; 205
152; 201; 2; 1; 207
239; 129; 1; 2; 213
223; 123; 1; 2; 215
172; 121; 2; 1; 218
230; 178; 2; 1; 220
160; 219; 2; 1; 227
229; 146; 1; 2; 236
141; 136; 2; 1; 237
240; 193; 1; 2; 245
152; 181; 1; 2; 249
183; 159; 2; 1; 251
188; 217; 1; 2; 254
136; 134; 2; 1; 265
150; 122; 1; 2; 267
172; 177; 1; 2; 273
137; 158; 1; 2; 292
126; 191; 2; 1; 295
142; 220; 2; 1; 296
156; 121; 2; 1; 296
219; 173; 2; 1; 303
132; 166; 2; 1; 304
209; 132; 1; 2; 312
227; 160; 1; 2; 314
128; 136; 1; 2; 319
212; 214; 1; 2; 320
159; 137; 1; 2; 321
128; 199; 1; 2; 346
214; 224; 2; 1; 353
195; 228; 2; 1; 355
178; 228; 1; 2; 362
141; 133; 2; 1; 362
148; 130; 2; 1; 364
17
5; 1; 31; 684
11; 1; 36; 1527
16; 1; 40; 7039
12; 1; 18; 7383
14; 1; 49; 7515
2; 1; 18; 8534
8; 1; 42; 8797
4; 1; 41; 9692
13; 1; 21; 10908
6; 1; 24; 11146
7; 1; 33; 11195
10; 1; 37; 11303
3; 1; 9; 12211
9; 1; 13; 12253
1; 1; 30; 12443
0; 1; 20; 12589
15; 1; 24; 13403
