**** 274 ****
74
159; 195; 1; 2; 0
235; 170; 1; 2; 6
160; 157; 2; 1; 8
169; 219; 1; 2; 19
192; 179; 2; 1; 20
209; 188; 1; 2; 29
234; 232; 2; 1; 37
155; 146; 2; 1; 40
216; 220; 1; 2; 42
144; 200; 1; 2; 46
172; 137; 1; 2; 51
163; 239; 2; 1; 57
193; 127; 1; 2; 58
142; 128; 2; 1; 61
164; 229; 2; 1; 62
137; 143; 1; 2; 63
174; 121; 2; 1; 74
208; 216; 2; 1; 77
135; 229; 2; 1; 90
183; 200; 1; 2; 104
186; 232; 2; 1; 105
143; 149; 2; 1; 107
241; 158; 2; 1; 108
124; 181; 1; 2; 117
209; 172; 2; 1; 120
168; 218; 2; 1; 129
123; 164; 1; 2; 131
167; 146; 1; 2; 132
187; 159; 1; 2; 140
130; 182; 1; 2; 142
165; 155; 2; 1; 145
196; 210; 2; 1; 153
145; 159; 1; 2; 157
170; 191; 1; 2; 176
236; 200; 2; 1; 187
206; 214; 2; 1; 190
154; 168; 1; 2; 190
125; 237; 2; 1; 196
235; 152; 1; 2; 197
129; 192; 2; 1; 201
170; 194; 2; 1; 204
211; 152; 2; 1; 220
205; 208; 2; 1; 226
228; 183; 2; 1; 228
225; 160; 2; 1; 231
190; 172; 1; 2; 235
234; 168; 2; 1; 238
183; 162; 2; 1; 238
200; 204; 2; 1; 246
232; 137; 2; 1; 259
222; 173; 1; 2; 259
126; 196; 2; 1; 264
121; 144; 1; 2; 270
162; 185; 1; 2; 283
199; 134; 1; 2; 296
234; 146; 1; 2; 297
138; 238; 2; 1; 304
132; 239; 2; 1; 312
165; 221; 2; 1; 316
224; 138; 2; 1; 319
189; 141; 1; 2; 324
142; 226; 2; 1; 326
204; 210; 2; 1; 326
158; 223; 2; 1; 342
206; 160; 2; 1; 342
138; 198; 2; 1; 342
166; 184; 1; 2; 343
153; 167; 2; 1; 345
172; 239; 2; 1; 352
176; 238; 1; 2; 354
148; 225; 2; 1; 356
208; 200; 2; 1; 365
142; 151; 2; 1; 367
153; 200; 2; 1; 368
17
3; 1; 34; 280
14; 1; 27; 347
1; 1; 4; 659
7; 1; 9; 1391
4; 1; 31; 1472
2; 1; 11; 2511
13; 1; 21; 2844
5; 1; 21; 4236
9; 1; 3; 4415
12; 1; 47; 7124
16; 1; 3; 7172
10; 1; 6; 9249
8; 1; 34; 9900
11; 1; 17; 10197
0; 1; 8; 11857
15; 1; 31; 11897
6; 1; 14; 12568
