**** 275 ****
75
177; 157; 2; 1; 6
227; 219; 1; 2; 6
160; 201; 2; 1; 11
222; 187; 1; 2; 21
172; 216; 2; 1; 35
217; 160; 2; 1; 36
187; 139; 1; 2; 36
183; 134; 2; 1; 38
233; 227; 1; 2; 39
214; 131; 2; 1; 42
173; 223; 2; 1; 43
196; 130; 1; 2; 45
146; 215; 1; 2; 61
189; 200; 2; 1; 68
147; 166; 1; 2; 75
185; 211; 2; 1; 75
213; 177; 2; 1; 75
208; 234; 2; 1; 81
166; 177; 2; 1; 90
145; 197; 2; 1; 102
216; 156; 1; 2; 103
201; 189; 2; 1; 107
193; 153; 2; 1; 108
233; 142; 2; 1; 118
195; 184; 2; 1; 119
200; 131; 2; 1; 119
218; 224; 1; 2; 136
181; 155; 2; 1; 137
181; 137; 2; 1; 139
228; 243; 2; 1; 141
137; 140; 2; 1; 144
220; 197; 2; 1; 154
240; 216; 2; 1; 156
225; 245; 1; 2; 168
176; 175; 2; 1; 171
219; 137; 2; 1; 175
221; 154; 1; 2; 177
224; 226; 1; 2; 178
147; 141; 1; 2; 188
141; 151; 2; 1; 197
163; 140; 2; 1; 209
197; 141; 2; 1; 211
235; 230; 1; 2; 214
160; 167; 1; 2; 222
183; 243; 2; 1; 223
232; 229; 2; 1; 234
186; 139; 1; 2; 240
230; 152; 1; 2; 243
205; 179; 1; 2; 251
192; 207; 1; 2; 251
223; 180; 1; 2; 266
184; 144; 2; 1; 266
195; 179; 1; 2; 275
146; 144; 1; 2; 277
138; 209; 2; 1; 278
213; 133; 2; 1; 281
188; 244; 1; 2; 300
131; 176; 1; 2; 307
235; 194; 1; 2; 307
239; 127; 1; 2; 310
185; 178; 2; 1; 313
145; 203; 1; 2; 316
129; 153; 1; 2; 316
130; 165; 1; 2; 318
242; 204; 2; 1; 323
199; 218; 2; 1; 342
144; 224; 2; 1; 343
243; 162; 1; 2; 347
222; 156; 2; 1; 347
167; 161; 1; 2; 352
193; 240; 2; 1; 358
199; 214; 1; 2; 358
203; 228; 2; 1; 365
241; 171; 1; 2; 365
197; 203; 2; 1; 367
17
2; 1; 16; 2506
12; 1; 6; 3104
10; 1; 28; 3632
4; 1; 24; 3948
5; 1; 29; 4957
6; 1; 28; 6262
9; 1; 5; 8188
15; 1; 38; 8389
16; 1; 35; 8549
1; 1; 33; 9010
8; 1; 20; 9143
11; 1; 18; 9876
3; 1; 20; 11914
13; 1; 32; 12966
0; 1; 43; 14005
7; 1; 10; 14502
14; 1; 7; 14710
