**** 276 ****
75
140; 130; 1; 2; 0
232; 140; 1; 2; 0
216; 248; 1; 2; 7
156; 221; 2; 1; 28
155; 180; 1; 2; 40
159; 130; 2; 1; 40
164; 164; 1; 2; 44
235; 208; 1; 2; 48
200; 165; 1; 2; 58
206; 199; 1; 2; 59
129; 222; 1; 2; 88
218; 231; 2; 1; 89
155; 126; 2; 1; 92
172; 214; 1; 2; 97
130; 228; 1; 2; 99
157; 160; 2; 1; 113
143; 230; 2; 1; 118
233; 177; 1; 2; 118
143; 161; 1; 2; 132
226; 242; 1; 2; 138
203; 175; 1; 2; 141
192; 180; 1; 2; 151
169; 187; 1; 2; 151
241; 188; 1; 2; 152
145; 167; 2; 1; 153
230; 176; 1; 2; 162
213; 166; 1; 2; 166
213; 241; 2; 1; 177
228; 193; 2; 1; 178
174; 236; 1; 2; 186
237; 150; 1; 2; 188
128; 236; 2; 1; 191
214; 184; 2; 1; 197
166; 240; 1; 2; 210
181; 151; 2; 1; 218
151; 211; 1; 2; 220
249; 239; 1; 2; 223
210; 166; 1; 2; 223
149; 190; 1; 2; 224
222; 224; 2; 1; 224
174; 144; 1; 2; 228
196; 126; 2; 1; 228
240; 243; 1; 2; 228
167; 233; 2; 1; 234
147; 161; 1; 2; 236
217; 194; 2; 1; 243
234; 239; 2; 1; 249
237; 221; 2; 1; 250
154; 131; 1; 2; 253
144; 197; 1; 2; 256
207; 213; 2; 1; 260
150; 240; 2; 1; 261
149; 214; 2; 1; 264
228; 150; 2; 1; 265
249; 136; 2; 1; 269
242; 145; 2; 1; 272
187; 126; 1; 2; 284
206; 188; 2; 1; 285
153; 175; 2; 1; 295
224; 160; 1; 2; 296
238; 166; 2; 1; 304
163; 154; 2; 1; 307
131; 168; 2; 1; 315
128; 220; 2; 1; 317
220; 143; 1; 2; 320
237; 158; 1; 2; 329
169; 167; 1; 2; 332
231; 218; 2; 1; 335
168; 163; 1; 2; 339
186; 148; 1; 2; 339
169; 207; 2; 1; 343
205; 138; 2; 1; 348
131; 191; 1; 2; 354
222; 214; 2; 1; 355
144; 245; 1; 2; 355
17
6; 1; 6; 252
1; 1; 29; 2181
15; 1; 16; 2995
12; 1; 28; 4751
13; 1; 38; 4843
10; 1; 10; 5602
16; 1; 42; 6433
0; 1; 19; 6903
9; 1; 3; 7094
2; 1; 22; 8225
4; 1; 40; 8406
14; 1; 47; 9051
5; 1; 46; 9379
8; 1; 40; 11058
11; 1; 25; 11488
7; 1; 40; 13407
3; 1; 49; 13845
