**** 277 ****
75
181; 131; 2; 1; 9
137; 126; 1; 2; 19
194; 146; 1; 2; 29
205; 208; 1; 2; 33
226; 175; 1; 2; 45
219; 198; 2; 1; 45
149; 159; 1; 2; 48
132; 134; 2; 1; 74
215; 243; 2; 1; 78
134; 185; 2; 1; 79
189; 219; 2; 1; 80
183; 233; 1; 2; 91
159; 232; 2; 1; 94
149; 234; 1; 2; 95
129; 187; 1; 2; 96
220; 228; 1; 2; 97
163; 139; 1; 2; 106
176; 168; 2; 1; 113
171; 230; 2; 1; 115
158; 173; 1; 2; 116
247; 139; 2; 1; 124
159; 229; 1; 2; 127
129; 139; 2; 1; 131
164; 234; 2; 1; 136
180; 183; 2; 1; 150
217; 247; 1; 2; 153
157; 164; 2; 1; 157
185; 147; 2; 1; 158
151; 179; 2; 1; 161
146; 241; 1; 2; 161
240; 167; 2; 1; 172
157; 243; 2; 1; 174
181; 159; 2; 1; 176
249; 241; 2; 1; 179
179; 149; 2; 1; 181
215; 198; 1; 2; 184
129; 242; 1; 2; 186
158; 218; 2; 1; 196
172; 245; 1; 2; 210
142; 196; 1; 2; 213
165; 133; 1; 2; 216
139; 193; 2; 1; 230
154; 248; 2; 1; 234
156; 180; 1; 2; 236
178; 152; 1; 2; 237
194; 143; 2; 1; 242
231; 246; 1; 2; 242
130; 209; 2; 1; 247
186; 242; 2; 1; 249
238; 160; 2; 1; 249
188; 171; 2; 1; 264
225; 145; 1; 2; 280
196; 227; 1; 2; 285
174; 239; 1; 2; 288
224; 151; 1; 2; 294
237; 197; 1; 2; 296
238; 196; 1; 2; 300
177; 128; 2; 1; 306
145; 183; 2; 1; 309
188; 180; 1; 2; 321
197; 213; 2; 1; 327
240; 246; 2; 1; 327
246; 202; 2; 1; 329
248; 167; 2; 1; 331
204; 181; 1; 2; 339
235; 199; 2; 1; 344
248; 227; 2; 1; 353
203; 128; 1; 2; 354
144; 241; 2; 1; 355
130; 163; 2; 1; 363
129; 214; 1; 2; 365
159; 156; 1; 2; 369
185; 192; 2; 1; 372
236; 172; 2; 1; 373
230; 164; 1; 2; 375
17
3; 1; 34; 2965
14; 1; 45; 3128
12; 1; 29; 4101
10; 1; 29; 4371
6; 1; 34; 4550
13; 1; 22; 5095
11; 1; 45; 6051
1; 1; 13; 6458
4; 1; 35; 9157
0; 1; 7; 9239
5; 1; 8; 10982
7; 1; 3; 11526
8; 1; 22; 12445
9; 1; 43; 12652
15; 1; 16; 12705
16; 1; 14; 13468
2; 1; 15; 13694
