**** 278 ****
75
183; 234; 2; 1; 1
178; 233; 1; 2; 5
237; 166; 1; 2; 7
146; 155; 2; 1; 10
219; 151; 1; 2; 12
234; 182; 2; 1; 17
160; 129; 1; 2; 27
229; 183; 1; 2; 34
247; 137; 1; 2; 50
231; 201; 2; 1; 50
174; 228; 1; 2; 51
153; 191; 1; 2; 56
246; 144; 2; 1; 62
229; 153; 1; 2; 62
249; 202; 1; 2; 70
246; 129; 1; 2; 77
218; 196; 1; 2; 79
202; 198; 2; 1; 82
232; 236; 2; 1; 90
146; 213; 2; 1; 97
248; 238; 2; 1; 110
128; 232; 1; 2; 110
247; 187; 1; 2; 111
226; 165; 1; 2; 119
195; 242; 1; 2; 122
153; 173; 1; 2; 124
183; 133; 1; 2; 127
202; 249; 1; 2; 129
228; 142; 1; 2; 133
187; 168; 2; 1; 135
209; 174; 2; 1; 146
233; 150; 1; 2; 162
218; 216; 1; 2; 164
187; 131; 2; 1; 167
166; 141; 1; 2; 169
162; 217; 2; 1; 175
245; 220; 2; 1; 175
241; 165; 2; 1; 179
154; 213; 1; 2; 180
131; 210; 1; 2; 192
200; 139; 2; 1; 196
130; 213; 1; 2; 201
214; 144; 1; 2; 205
240; 167; 1; 2; 208
230; 210; 1; 2; 212
184; 192; 2; 1; 213
206; 234; 1; 2; 217
194; 193; 1; 2; 222
248; 141; 1; 2; 225
233; 138; 2; 1; 235
245; 220; 1; 2; 235
175; 202; 1; 2; 236
229; 129; 2; 1; 239
127; 181; 2; 1; 246
169; 220; 1; 2; 252
146; 166; 1; 2; 259
243; 247; 2; 1; 265
178; 171; 1; 2; 265
152; 195; 1; 2; 267
174; 212; 2; 1; 273
186; 181; 1; 2; 274
223; 142; 2; 1; 278
205; 152; 2; 1; 283
146; 215; 2; 1; 291
174; 154; 2; 1; 305
237; 144; 1; 2; 313
222; 238; 1; 2; 317
147; 173; 1; 2; 323
229; 203; 2; 1; 327
182; 214; 2; 1; 335
175; 133; 1; 2; 341
236; 131; 1; 2; 349
246; 131; 2; 1; 362
185; 241; 1; 2; 370
163; 241; 1; 2; 374
17
8; 1; 29; 151
0; 1; 19; 520
6; 1; 22; 551
9; 1; 25; 994
16; 1; 15; 2383
4; 1; 19; 2994
14; 1; 23; 3744
12; 1; 39; 5578
7; 1; 24; 5967
3; 1; 21; 8888
2; 1; 18; 10687
1; 1; 39; 11539
10; 1; 32; 13308
5; 1; 33; 13817
11; 1; 7; 14165
13; 1; 18; 14261
15; 1; 31; 15197
