**** 279 ****
75
177; 214; 1; 2; 0
164; 159; 1; 2; 23
220; 244; 2; 1; 24
167; 222; 2; 1; 26
140; 241; 1; 2; 27
198; 164; 1; 2; 27
248; 209; 2; 1; 29
243; 220; 2; 1; 30
186; 195; 1; 2; 30
166; 172; 2; 1; 35
229; 247; 1; 2; 41
244; 240; 1; 2; 41
241; 207; 1; 2; 44
190; 152; 2; 1; 59
180; 162; 1; 2; 82
205; 225; 1; 2; 94
151; 186; 2; 1; 96
187; 234; 2; 1; 97
138; 158; 1; 2; 98
127; 132; 1; 2; 100
235; 226; 2; 1; 104
151; 148; 2; 1; 112
148; 179; 2; 1; 113
236; 130; 2; 1; 115
202; 181; 2; 1; 132
205; 161; 1; 2; 133
162; 149; 2; 1; 135
166; 147; 2; 1; 144
235; 236; 2; 1; 147
135; 187; 2; 1; 150
229; 165; 1; 2; 151
174; 210; 1; 2; 152
203; 242; 2; 1; 154
212; 164; 2; 1; 160
179; 178; 1; 2; 182
157; 196; 1; 2; 198
197; 218; 1; 2; 207
229; 188; 2; 1; 210
234; 216; 2; 1; 214
136; 134; 2; 1; 217
228; 161; 1; 2; 218
129; 180; 1; 2; 221
133; 129; 1; 2; 229
205; 236; 2; 1; 229
232; 132; 2; 1; 232
157; 237; 1; 2; 234
134; 199; 2; 1; 236
230; 196; 1; 2; 243
243; 237; 2; 1; 245
223; 224; 2; 1; 246
240; 226; 1; 2; 249
229; 228; 1; 2; 254
238; 187; 2; 1; 258
134; 239; 1; 2; 269
204; 205; 2; 1; 269
161; 156; 1; 2; 271
152; 180; 1; 2; 272
186; 132; 2; 1; 274
217; 158; 1; 2; 281
240; 158; 1; 2; 287
199; 149; 2; 1; 291
134; 211; 1; 2; 293
130; 137; 1; 2; 302
244; 160; 2; 1; 303
215; 135; 2; 1; 304
171; 245; 2; 1; 307
194; 226; 2; 1; 323
156; 178; 1; 2; 330
246; 244; 1; 2; 334
190; 173; 2; 1; 343
138; 157; 1; 2; 344
177; 183; 1; 2; 350
154; 134; 2; 1; 351
237; 130; 2; 1; 359
185; 245; 2; 1; 361
17
16; 1; 25; 119
4; 1; 10; 2603
15; 1; 9; 3104
7; 1; 8; 4282
10; 1; 49; 4467
1; 1; 46; 5222
13; 1; 7; 5718
0; 1; 49; 6557
5; 1; 9; 6809
8; 1; 17; 7023
9; 1; 37; 7904
11; 1; 40; 8277
6; 1; 31; 8693
2; 1; 17; 13243
14; 1; 5; 13315
3; 1; 29; 13334
12; 1; 2; 13814
