**** 28 ****
52
14; 11; 1; 2; 2
22; 54; 2; 1; 7
24; 13; 2; 1; 8
26; 37; 1; 2; 11
21; 27; 2; 1; 12
21; 47; 2; 1; 16
45; 46; 1; 2; 17
38; 27; 1; 2; 21
45; 60; 2; 1; 22
41; 42; 2; 1; 22
37; 19; 1; 2; 23
27; 49; 1; 2; 26
40; 50; 2; 1; 27
31; 60; 2; 1; 29
43; 63; 2; 1; 34
34; 54; 1; 2; 35
11; 44; 2; 1; 39
29; 48; 1; 2; 43
44; 48; 2; 1; 45
32; 24; 1; 2; 46
49; 49; 1; 2; 46
12; 33; 2; 1; 46
36; 21; 2; 1; 48
25; 26; 1; 2; 49
62; 63; 2; 1; 56
17; 41; 2; 1; 57
65; 33; 1; 2; 64
21; 31; 2; 1; 68
61; 33; 2; 1; 73
39; 11; 1; 2; 76
57; 32; 2; 1; 76
35; 42; 1; 2; 78
46; 26; 2; 1; 79
62; 16; 2; 1; 79
55; 38; 1; 2; 86
35; 38; 1; 2; 92
19; 39; 1; 2; 94
64; 48; 1; 2; 95
62; 64; 1; 2; 95
44; 35; 2; 1; 97
59; 38; 1; 2; 97
48; 38; 2; 1; 100
42; 65; 2; 1; 101
31; 14; 2; 1; 105
19; 46; 2; 1; 105
24; 45; 2; 1; 107
33; 44; 1; 2; 107
42; 65; 1; 2; 109
20; 50; 2; 1; 117
60; 59; 2; 1; 120
28; 51; 1; 2; 124
39; 49; 1; 2; 124
13
10; 1; 23; 125
8; 1; 4; 230
11; 1; 35; 252
5; 1; 44; 320
7; 1; 41; 367
2; 1; 30; 512
3; 1; 30; 687
1; 1; 10; 1094
6; 1; 11; 1215
4; 1; 14; 1509
9; 1; 26; 1524
12; 1; 19; 1782
0; 1; 48; 1934
