**** 280 ****
75
129; 231; 2; 1; 8
211; 200; 2; 1; 12
248; 237; 2; 1; 13
221; 170; 2; 1; 17
151; 239; 2; 1; 21
174; 234; 1; 2; 23
146; 221; 1; 2; 26
221; 193; 2; 1; 35
242; 152; 1; 2; 36
141; 158; 1; 2; 41
228; 174; 1; 2; 41
222; 226; 2; 1; 42
177; 230; 1; 2; 48
147; 156; 2; 1; 48
206; 213; 1; 2; 53
171; 168; 1; 2; 54
166; 238; 2; 1; 59
184; 175; 1; 2; 62
182; 217; 2; 1; 67
219; 222; 1; 2; 73
235; 197; 1; 2; 97
182; 232; 2; 1; 116
249; 214; 1; 2; 122
215; 194; 2; 1; 123
167; 169; 1; 2; 127
127; 180; 1; 2; 133
149; 174; 1; 2; 138
235; 170; 2; 1; 139
126; 222; 1; 2; 141
187; 194; 2; 1; 142
231; 224; 1; 2; 146
240; 167; 2; 1; 146
140; 194; 1; 2; 161
168; 248; 2; 1; 166
139; 158; 1; 2; 167
238; 205; 1; 2; 167
186; 171; 2; 1; 171
241; 208; 1; 2; 191
156; 175; 1; 2; 193
132; 160; 1; 2; 195
188; 245; 2; 1; 197
166; 213; 1; 2; 200
249; 194; 1; 2; 207
180; 185; 2; 1; 217
189; 239; 1; 2; 217
236; 216; 1; 2; 221
216; 195; 2; 1; 226
172; 168; 2; 1; 235
188; 227; 2; 1; 236
177; 238; 2; 1; 238
179; 186; 2; 1; 246
241; 221; 2; 1; 249
214; 204; 1; 2; 261
143; 201; 2; 1; 273
152; 165; 2; 1; 282
210; 224; 1; 2; 283
211; 208; 1; 2; 296
196; 140; 1; 2; 297
212; 201; 2; 1; 297
176; 191; 2; 1; 304
179; 229; 1; 2; 309
168; 171; 1; 2; 318
203; 134; 1; 2; 319
176; 155; 1; 2; 322
222; 150; 1; 2; 323
178; 220; 1; 2; 332
157; 156; 2; 1; 335
213; 221; 1; 2; 336
176; 190; 1; 2; 340
212; 202; 1; 2; 343
216; 136; 2; 1; 344
231; 209; 1; 2; 348
235; 243; 1; 2; 351
197; 143; 1; 2; 370
242; 188; 2; 1; 371
17
8; 1; 9; 249
5; 1; 30; 516
7; 1; 10; 984
9; 1; 8; 1582
3; 1; 11; 3520
14; 1; 4; 4758
0; 1; 26; 6940
15; 1; 45; 6997
6; 1; 27; 7147
11; 1; 24; 7887
13; 1; 40; 8738
16; 1; 33; 9202
10; 1; 46; 9674
12; 1; 15; 9853
2; 1; 34; 10373
4; 1; 15; 10731
1; 1; 23; 14221
