**** 281 ****
75
168; 166; 2; 1; 8
164; 200; 2; 1; 11
202; 165; 2; 1; 24
172; 195; 1; 2; 30
129; 163; 1; 2; 37
212; 179; 1; 2; 41
200; 157; 2; 1; 42
206; 181; 2; 1; 48
181; 198; 2; 1; 51
190; 158; 1; 2; 52
191; 231; 1; 2; 59
192; 175; 2; 1; 64
216; 249; 1; 2; 65
233; 197; 2; 1; 72
183; 188; 2; 1; 74
188; 141; 2; 1; 95
216; 231; 2; 1; 95
205; 187; 1; 2; 96
174; 184; 2; 1; 96
206; 166; 2; 1; 97
218; 180; 1; 2; 99
126; 138; 1; 2; 100
199; 179; 2; 1; 105
208; 130; 2; 1; 106
241; 191; 2; 1; 108
145; 164; 1; 2; 112
212; 175; 1; 2; 116
174; 206; 2; 1; 118
233; 132; 1; 2; 118
142; 136; 1; 2; 119
148; 201; 2; 1; 123
237; 242; 1; 2; 123
126; 248; 2; 1; 137
236; 195; 1; 2; 153
178; 216; 1; 2; 157
169; 225; 1; 2; 157
145; 170; 2; 1; 166
191; 143; 2; 1; 178
132; 231; 2; 1; 180
229; 192; 1; 2; 180
185; 243; 2; 1; 188
134; 230; 2; 1; 197
140; 244; 1; 2; 200
216; 243; 1; 2; 204
166; 157; 2; 1; 208
144; 155; 1; 2; 208
208; 149; 2; 1; 218
193; 245; 2; 1; 227
194; 170; 2; 1; 237
239; 247; 2; 1; 243
224; 188; 2; 1; 264
195; 160; 1; 2; 264
174; 178; 1; 2; 265
182; 134; 2; 1; 268
214; 247; 2; 1; 268
145; 229; 2; 1; 272
232; 243; 1; 2; 285
126; 182; 1; 2; 291
159; 239; 1; 2; 298
197; 245; 1; 2; 300
126; 183; 1; 2; 306
207; 208; 2; 1; 312
186; 146; 2; 1; 313
173; 237; 1; 2; 328
141; 135; 1; 2; 329
193; 167; 2; 1; 337
216; 183; 2; 1; 339
138; 187; 2; 1; 344
192; 219; 2; 1; 345
142; 196; 2; 1; 350
239; 140; 2; 1; 352
160; 172; 1; 2; 356
235; 164; 1; 2; 358
200; 127; 2; 1; 362
191; 191; 1; 2; 365
17
14; 1; 19; 760
2; 1; 16; 1704
5; 1; 37; 3840
10; 1; 39; 5161
4; 1; 42; 6344
16; 1; 18; 6392
13; 1; 28; 7407
9; 1; 40; 8235
0; 1; 46; 9207
7; 1; 15; 9383
8; 1; 5; 10206
12; 1; 15; 10575
11; 1; 26; 10934
15; 1; 43; 11754
1; 1; 34; 12031
3; 1; 29; 12989
6; 1; 12; 13398
