**** 282 ****
75
205; 144; 2; 1; 4
166; 204; 2; 1; 16
133; 139; 2; 1; 17
203; 230; 2; 1; 17
192; 232; 1; 2; 38
148; 206; 2; 1; 41
126; 163; 1; 2; 44
197; 132; 2; 1; 46
219; 161; 1; 2; 49
145; 161; 2; 1; 50
194; 229; 1; 2; 53
209; 150; 2; 1; 55
140; 164; 2; 1; 70
151; 242; 1; 2; 71
195; 172; 1; 2; 84
193; 142; 1; 2; 97
157; 220; 2; 1; 97
155; 132; 2; 1; 102
249; 165; 1; 2; 103
206; 167; 1; 2; 106
143; 175; 1; 2; 107
228; 173; 1; 2; 121
221; 166; 2; 1; 122
159; 249; 1; 2; 125
242; 188; 1; 2; 126
195; 172; 1; 2; 129
182; 145; 2; 1; 137
187; 145; 1; 2; 140
218; 213; 1; 2; 141
151; 131; 2; 1; 143
197; 139; 2; 1; 145
173; 137; 1; 2; 146
235; 186; 1; 2; 149
228; 176; 1; 2; 154
147; 154; 2; 1; 160
166; 142; 1; 2; 161
212; 181; 1; 2; 163
221; 147; 1; 2; 176
131; 220; 2; 1; 181
227; 241; 1; 2; 186
188; 215; 2; 1; 194
173; 210; 2; 1; 197
192; 143; 1; 2; 202
233; 183; 1; 2; 208
239; 200; 2; 1; 211
183; 212; 2; 1; 227
248; 142; 1; 2; 231
173; 148; 1; 2; 233
206; 180; 1; 2; 241
211; 151; 2; 1; 245
142; 234; 2; 1; 245
245; 190; 2; 1; 256
232; 153; 1; 2; 261
134; 236; 2; 1; 269
246; 201; 2; 1; 278
234; 230; 1; 2; 279
225; 208; 2; 1; 283
201; 243; 1; 2; 287
171; 138; 2; 1; 294
187; 248; 2; 1; 297
201; 162; 2; 1; 300
235; 132; 2; 1; 311
249; 166; 2; 1; 322
171; 197; 2; 1; 330
204; 150; 1; 2; 332
234; 158; 1; 2; 336
190; 237; 2; 1; 344
202; 166; 1; 2; 353
184; 212; 1; 2; 357
171; 245; 2; 1; 357
193; 188; 2; 1; 357
129; 217; 2; 1; 359
155; 126; 1; 2; 360
197; 214; 2; 1; 366
205; 184; 1; 2; 380
17
6; 1; 32; 252
3; 1; 23; 678
9; 1; 45; 1333
14; 1; 41; 1834
1; 1; 37; 2315
16; 1; 41; 2633
7; 1; 11; 5630
2; 1; 46; 6546
11; 1; 17; 6985
4; 1; 2; 7469
10; 1; 35; 8896
15; 1; 42; 10882
5; 1; 47; 11324
12; 1; 46; 11707
8; 1; 32; 12479
0; 1; 1; 12856
13; 1; 36; 13161
