**** 283 ****
75
144; 198; 1; 2; 5
244; 149; 2; 1; 19
171; 187; 1; 2; 20
161; 193; 1; 2; 24
174; 167; 1; 2; 27
243; 249; 2; 1; 28
211; 237; 1; 2; 28
156; 168; 1; 2; 28
148; 235; 1; 2; 28
217; 174; 2; 1; 31
132; 226; 2; 1; 42
172; 238; 2; 1; 49
147; 184; 1; 2; 53
243; 175; 1; 2; 82
218; 128; 2; 1; 88
214; 132; 2; 1; 90
209; 150; 1; 2; 93
247; 156; 2; 1; 97
130; 208; 1; 2; 98
231; 138; 2; 1; 117
196; 139; 2; 1; 125
203; 189; 1; 2; 129
219; 159; 1; 2; 129
132; 243; 1; 2; 137
184; 137; 1; 2; 147
212; 243; 1; 2; 148
195; 170; 1; 2; 149
236; 175; 2; 1; 160
132; 129; 2; 1; 162
192; 203; 2; 1; 172
161; 165; 2; 1; 177
147; 153; 2; 1; 177
138; 185; 2; 1; 195
222; 164; 1; 2; 195
229; 201; 2; 1; 197
248; 211; 1; 2; 197
208; 172; 2; 1; 203
231; 180; 1; 2; 207
203; 146; 2; 1; 217
175; 194; 2; 1; 224
192; 163; 1; 2; 229
142; 241; 1; 2; 230
234; 234; 2; 1; 233
146; 209; 1; 2; 242
191; 213; 1; 2; 243
234; 141; 1; 2; 246
240; 206; 2; 1; 249
207; 165; 1; 2; 251
187; 223; 2; 1; 255
146; 158; 2; 1; 261
229; 153; 2; 1; 267
248; 171; 2; 1; 267
246; 140; 1; 2; 273
194; 223; 1; 2; 276
172; 132; 1; 2; 282
191; 224; 2; 1; 283
142; 164; 1; 2; 291
211; 237; 1; 2; 309
236; 218; 1; 2; 314
176; 147; 1; 2; 320
150; 239; 1; 2; 324
247; 206; 2; 1; 336
245; 132; 2; 1; 337
160; 141; 1; 2; 339
137; 242; 2; 1; 341
208; 154; 1; 2; 348
147; 147; 2; 1; 349
224; 228; 2; 1; 354
241; 172; 1; 2; 358
242; 228; 2; 1; 361
190; 224; 1; 2; 362
151; 219; 1; 2; 364
226; 181; 2; 1; 365
199; 151; 2; 1; 367
213; 174; 2; 1; 375
17
13; 1; 21; 16
15; 1; 29; 1006
3; 1; 45; 2179
5; 1; 24; 2737
10; 1; 44; 4481
2; 1; 10; 4566
7; 1; 2; 4708
16; 1; 20; 5898
6; 1; 44; 6142
8; 1; 43; 6627
11; 1; 48; 6868
12; 1; 40; 6963
9; 1; 8; 7304
1; 1; 42; 8013
0; 1; 8; 9677
14; 1; 38; 12135
4; 1; 47; 14358
