**** 284 ****
75
142; 158; 2; 1; 4
162; 200; 2; 1; 13
158; 206; 2; 1; 15
239; 132; 1; 2; 16
156; 197; 2; 1; 21
128; 149; 2; 1; 24
194; 131; 1; 2; 29
226; 188; 1; 2; 30
228; 177; 1; 2; 40
127; 191; 2; 1; 43
152; 188; 1; 2; 51
161; 186; 1; 2; 55
164; 178; 2; 1; 60
235; 218; 1; 2; 62
179; 207; 1; 2; 68
222; 162; 1; 2; 69
239; 146; 2; 1; 75
152; 220; 1; 2; 76
239; 200; 1; 2; 78
187; 206; 2; 1; 87
225; 222; 1; 2; 89
222; 195; 1; 2; 101
191; 207; 2; 1; 102
191; 160; 1; 2; 108
166; 159; 1; 2; 114
197; 180; 2; 1; 117
239; 156; 2; 1; 120
216; 140; 1; 2; 120
175; 195; 1; 2; 129
216; 171; 1; 2; 135
148; 224; 2; 1; 142
177; 241; 2; 1; 147
178; 212; 1; 2; 147
175; 201; 1; 2; 151
169; 174; 2; 1; 154
164; 178; 1; 2; 162
172; 167; 2; 1; 167
166; 232; 1; 2; 169
175; 215; 1; 2; 170
244; 160; 1; 2; 172
220; 152; 1; 2; 172
142; 146; 2; 1; 180
185; 192; 2; 1; 181
221; 185; 2; 1; 183
186; 207; 1; 2; 196
221; 215; 1; 2; 198
200; 133; 2; 1; 205
185; 243; 2; 1; 225
230; 172; 2; 1; 235
235; 236; 2; 1; 248
155; 222; 2; 1; 258
174; 156; 2; 1; 269
142; 192; 2; 1; 275
139; 240; 2; 1; 282
223; 138; 1; 2; 284
214; 143; 2; 1; 286
154; 152; 1; 2; 293
169; 218; 2; 1; 298
174; 182; 1; 2; 299
213; 217; 2; 1; 302
195; 205; 1; 2; 312
159; 157; 1; 2; 317
183; 155; 1; 2; 324
155; 226; 2; 1; 325
234; 130; 2; 1; 326
200; 185; 1; 2; 331
156; 190; 2; 1; 342
178; 242; 1; 2; 347
201; 246; 1; 2; 348
158; 224; 1; 2; 349
205; 233; 1; 2; 353
190; 154; 1; 2; 364
213; 163; 1; 2; 364
164; 198; 1; 2; 373
156; 249; 1; 2; 373
17
3; 1; 30; 106
15; 1; 44; 312
7; 1; 37; 1251
4; 1; 33; 1350
1; 1; 5; 3018
14; 1; 41; 4900
9; 1; 11; 5003
12; 1; 14; 5555
13; 1; 24; 7312
16; 1; 29; 7982
10; 1; 38; 8637
8; 1; 28; 10546
11; 1; 5; 11093
5; 1; 38; 11648
0; 1; 1; 12366
6; 1; 31; 12860
2; 1; 3; 13127
