**** 285 ****
75
138; 168; 2; 1; 1
164; 219; 1; 2; 2
247; 212; 2; 1; 10
129; 153; 2; 1; 14
184; 171; 1; 2; 15
132; 233; 1; 2; 17
230; 177; 2; 1; 18
222; 229; 2; 1; 34
166; 215; 1; 2; 35
231; 164; 2; 1; 42
196; 219; 1; 2; 47
206; 245; 1; 2; 50
238; 174; 2; 1; 58
206; 195; 1; 2; 59
164; 224; 2; 1; 59
230; 139; 2; 1; 65
171; 162; 2; 1; 66
146; 165; 1; 2; 72
127; 177; 1; 2; 72
204; 236; 2; 1; 78
185; 235; 1; 2; 84
219; 213; 2; 1; 93
159; 226; 2; 1; 102
141; 169; 2; 1; 110
147; 194; 2; 1; 126
128; 141; 2; 1; 131
145; 211; 1; 2; 139
145; 197; 2; 1; 149
219; 240; 1; 2; 158
204; 181; 1; 2; 166
197; 134; 1; 2; 167
226; 182; 2; 1; 168
143; 176; 1; 2; 168
170; 180; 1; 2; 169
147; 129; 2; 1; 170
210; 233; 1; 2; 179
166; 205; 2; 1; 192
129; 147; 1; 2; 199
182; 224; 2; 1; 201
149; 166; 2; 1; 201
163; 140; 1; 2; 205
179; 154; 2; 1; 208
194; 240; 1; 2; 216
186; 168; 1; 2; 221
231; 177; 2; 1; 221
237; 136; 2; 1; 234
187; 127; 2; 1; 235
176; 205; 1; 2; 238
239; 170; 2; 1; 244
237; 234; 1; 2; 249
211; 249; 1; 2; 268
191; 248; 1; 2; 273
245; 231; 2; 1; 283
158; 211; 1; 2; 291
218; 222; 2; 1; 296
157; 222; 2; 1; 297
207; 230; 1; 2; 306
203; 203; 2; 1; 312
141; 243; 2; 1; 316
186; 245; 2; 1; 326
160; 183; 1; 2; 328
203; 166; 2; 1; 329
157; 214; 1; 2; 333
179; 146; 2; 1; 340
227; 199; 2; 1; 340
165; 179; 2; 1; 349
142; 193; 1; 2; 361
206; 155; 2; 1; 363
223; 165; 1; 2; 364
235; 216; 2; 1; 372
220; 210; 1; 2; 372
225; 184; 1; 2; 379
224; 195; 1; 2; 382
139; 230; 1; 2; 383
165; 134; 1; 2; 383
17
12; 1; 15; 384
5; 1; 7; 871
14; 1; 36; 1172
4; 1; 10; 3053
11; 1; 41; 3958
2; 1; 30; 5214
0; 1; 46; 5543
16; 1; 22; 7210
6; 1; 9; 8705
13; 1; 7; 8722
9; 1; 34; 10061
1; 1; 40; 10737
3; 1; 48; 11764
15; 1; 14; 11999
10; 1; 12; 12877
8; 1; 32; 13116
7; 1; 27; 13450
