**** 286 ****
76
149; 133; 1; 2; 2
215; 217; 1; 2; 3
150; 221; 1; 2; 3
225; 157; 1; 2; 10
245; 194; 2; 1; 14
249; 200; 2; 1; 15
243; 210; 2; 1; 22
170; 216; 1; 2; 27
137; 166; 1; 2; 29
216; 206; 2; 1; 37
230; 167; 2; 1; 39
218; 233; 2; 1; 47
213; 191; 2; 1; 48
179; 161; 2; 1; 49
146; 159; 2; 1; 56
155; 235; 1; 2; 63
205; 147; 1; 2; 72
189; 173; 2; 1; 74
156; 239; 1; 2; 74
221; 163; 1; 2; 79
213; 235; 1; 2; 87
207; 135; 2; 1; 91
250; 233; 2; 1; 95
218; 225; 2; 1; 104
176; 135; 2; 1; 120
197; 134; 1; 2; 122
213; 256; 2; 1; 123
168; 220; 1; 2; 124
252; 133; 2; 1; 131
155; 240; 1; 2; 132
181; 241; 1; 2; 135
226; 216; 1; 2; 138
223; 234; 1; 2; 139
189; 178; 1; 2; 148
139; 221; 1; 2; 150
131; 203; 2; 1; 154
134; 231; 1; 2; 172
147; 206; 1; 2; 176
216; 160; 1; 2; 180
194; 226; 1; 2; 204
136; 198; 2; 1; 213
216; 182; 2; 1; 216
151; 219; 1; 2; 225
243; 151; 2; 1; 231
181; 146; 2; 1; 239
202; 240; 2; 1; 241
250; 171; 1; 2; 244
183; 135; 2; 1; 246
137; 161; 1; 2; 250
226; 215; 1; 2; 252
242; 161; 1; 2; 254
248; 179; 2; 1; 257
212; 153; 2; 1; 265
205; 193; 1; 2; 268
157; 176; 1; 2; 276
203; 228; 1; 2; 284
144; 215; 1; 2; 285
136; 213; 1; 2; 289
233; 190; 2; 1; 289
249; 179; 1; 2; 293
167; 148; 2; 1; 300
172; 185; 1; 2; 302
235; 201; 2; 1; 307
187; 184; 1; 2; 312
137; 162; 2; 1; 319
248; 201; 2; 1; 324
255; 252; 2; 1; 326
150; 197; 2; 1; 351
247; 176; 1; 2; 355
133; 199; 1; 2; 355
251; 256; 2; 1; 360
156; 174; 2; 1; 368
208; 194; 1; 2; 373
211; 252; 1; 2; 374
148; 255; 1; 2; 380
169; 254; 2; 1; 381
18
3; 1; 44; 55
13; 1; 41; 830
2; 1; 32; 1395
4; 1; 18; 2716
12; 1; 20; 3200
0; 1; 33; 3863
6; 1; 8; 3932
10; 1; 21; 5002
7; 1; 20; 7815
9; 1; 7; 9213
8; 1; 38; 11192
17; 1; 1; 11663
16; 1; 25; 11928
1; 1; 3; 13188
14; 1; 47; 13360
15; 1; 16; 13556
5; 1; 46; 14416
11; 1; 25; 14890
