**** 287 ****
76
228; 189; 2; 1; 0
218; 221; 1; 2; 7
220; 133; 2; 1; 11
208; 236; 2; 1; 16
251; 187; 2; 1; 19
211; 217; 2; 1; 22
208; 256; 1; 2; 22
212; 198; 2; 1; 25
162; 234; 2; 1; 30
146; 245; 2; 1; 35
245; 181; 2; 1; 36
193; 167; 2; 1; 38
169; 172; 2; 1; 39
145; 131; 2; 1; 54
217; 150; 1; 2; 55
168; 132; 1; 2; 59
144; 220; 1; 2; 70
162; 234; 2; 1; 79
162; 220; 2; 1; 80
154; 256; 2; 1; 97
138; 198; 2; 1; 105
200; 147; 1; 2; 118
189; 219; 1; 2; 120
250; 203; 1; 2; 120
244; 168; 1; 2; 130
210; 170; 2; 1; 133
243; 218; 2; 1; 133
203; 137; 1; 2; 145
202; 142; 1; 2; 154
241; 132; 2; 1; 163
251; 192; 1; 2; 163
219; 198; 2; 1; 165
233; 164; 2; 1; 184
135; 165; 2; 1; 187
257; 195; 2; 1; 189
160; 135; 2; 1; 189
219; 184; 1; 2; 194
158; 217; 1; 2; 199
217; 200; 2; 1; 204
224; 144; 1; 2; 206
187; 189; 2; 1; 206
222; 227; 2; 1; 214
156; 174; 1; 2; 214
245; 142; 2; 1; 215
203; 235; 1; 2; 216
234; 249; 2; 1; 217
218; 152; 2; 1; 221
192; 225; 1; 2; 223
155; 166; 2; 1; 231
172; 169; 1; 2; 234
154; 217; 1; 2; 234
157; 136; 1; 2; 241
215; 177; 1; 2; 241
174; 139; 2; 1; 250
138; 180; 1; 2; 252
151; 177; 2; 1; 253
251; 234; 1; 2; 256
162; 161; 1; 2; 261
248; 205; 2; 1; 264
133; 169; 2; 1; 268
144; 198; 1; 2; 273
216; 241; 2; 1; 278
197; 207; 2; 1; 282
180; 201; 1; 2; 292
179; 242; 2; 1; 295
246; 175; 1; 2; 295
234; 227; 2; 1; 301
246; 211; 2; 1; 313
132; 224; 1; 2; 328
192; 237; 1; 2; 329
178; 135; 1; 2; 332
166; 152; 2; 1; 351
160; 172; 1; 2; 355
243; 199; 2; 1; 359
183; 248; 2; 1; 374
224; 248; 1; 2; 376
18
9; 1; 19; 760
1; 1; 24; 1050
7; 1; 28; 1080
15; 1; 38; 1606
10; 1; 22; 1675
17; 1; 5; 4055
14; 1; 3; 4652
2; 1; 32; 5017
11; 1; 23; 5523
5; 1; 3; 5946
12; 1; 41; 6088
3; 1; 20; 6662
8; 1; 6; 7291
4; 1; 47; 9579
0; 1; 42; 10604
16; 1; 10; 11754
13; 1; 40; 13366
6; 1; 48; 14643
