**** 288 ****
76
237; 237; 1; 2; 6
205; 216; 2; 1; 6
199; 252; 1; 2; 9
206; 142; 2; 1; 10
256; 249; 2; 1; 13
140; 145; 2; 1; 15
208; 143; 2; 1; 18
226; 142; 1; 2; 26
241; 158; 1; 2; 44
139; 231; 1; 2; 48
183; 249; 1; 2; 49
203; 247; 1; 2; 49
178; 175; 1; 2; 50
222; 250; 1; 2; 53
181; 132; 2; 1; 60
199; 184; 2; 1; 61
169; 252; 2; 1; 78
210; 213; 1; 2; 79
155; 133; 1; 2; 82
214; 139; 2; 1; 89
216; 172; 2; 1; 92
139; 173; 2; 1; 92
227; 234; 2; 1; 96
248; 164; 2; 1; 110
186; 220; 1; 2; 111
139; 245; 2; 1; 118
244; 163; 1; 2; 127
145; 190; 1; 2; 128
133; 243; 1; 2; 132
168; 192; 1; 2; 137
136; 203; 2; 1; 145
213; 250; 2; 1; 148
209; 215; 2; 1; 155
146; 234; 1; 2; 156
174; 232; 2; 1; 157
248; 145; 2; 1; 164
234; 139; 2; 1; 180
254; 202; 1; 2; 181
163; 250; 2; 1; 183
172; 181; 2; 1; 188
252; 160; 1; 2; 200
152; 136; 1; 2; 203
254; 183; 1; 2; 210
173; 251; 1; 2; 214
208; 186; 1; 2; 217
134; 154; 2; 1; 219
194; 146; 1; 2; 224
179; 221; 2; 1; 235
222; 163; 2; 1; 242
184; 160; 2; 1; 246
162; 149; 2; 1; 248
208; 171; 1; 2; 254
206; 215; 1; 2; 257
202; 222; 1; 2; 263
241; 163; 2; 1; 264
140; 214; 1; 2; 266
184; 141; 2; 1; 270
213; 151; 1; 2; 285
154; 149; 1; 2; 289
189; 177; 1; 2; 296
186; 255; 1; 2; 301
205; 146; 1; 2; 302
169; 209; 2; 1; 304
246; 168; 2; 1; 304
143; 248; 2; 1; 312
143; 192; 2; 1; 324
183; 190; 2; 1; 324
158; 224; 2; 1; 325
188; 161; 1; 2; 330
229; 165; 1; 2; 337
227; 243; 2; 1; 343
232; 247; 2; 1; 370
199; 206; 2; 1; 372
190; 164; 1; 2; 375
208; 221; 2; 1; 382
218; 207; 1; 2; 382
18
12; 1; 38; 1550
14; 1; 1; 2057
5; 1; 40; 2076
6; 1; 22; 2375
9; 1; 18; 2702
16; 1; 48; 3142
10; 1; 6; 3203
4; 1; 14; 3863
0; 1; 30; 4993
2; 1; 20; 5295
7; 1; 20; 6719
13; 1; 17; 6757
17; 1; 31; 8664
3; 1; 36; 10613
15; 1; 19; 11736
8; 1; 29; 12789
1; 1; 17; 13509
11; 1; 17; 14741
