**** 289 ****
76
154; 159; 1; 2; 3
176; 144; 1; 2; 4
198; 251; 1; 2; 11
137; 212; 2; 1; 12
168; 144; 2; 1; 24
210; 160; 1; 2; 25
247; 194; 1; 2; 31
181; 220; 2; 1; 35
169; 192; 1; 2; 40
191; 246; 1; 2; 46
188; 132; 2; 1; 46
134; 247; 1; 2; 50
167; 229; 2; 1; 63
235; 230; 1; 2; 68
200; 178; 2; 1; 68
257; 191; 1; 2; 71
236; 144; 2; 1; 78
146; 202; 1; 2; 80
179; 252; 2; 1; 90
175; 241; 1; 2; 90
193; 150; 2; 1; 90
188; 207; 2; 1; 92
132; 256; 2; 1; 97
142; 196; 1; 2; 104
250; 242; 2; 1; 109
221; 215; 1; 2; 117
157; 169; 1; 2; 126
219; 159; 1; 2; 137
138; 161; 1; 2; 144
184; 205; 1; 2; 152
246; 149; 1; 2; 156
245; 256; 2; 1; 168
244; 219; 1; 2; 171
225; 232; 2; 1; 173
222; 246; 2; 1; 186
215; 171; 1; 2; 189
183; 254; 2; 1; 200
216; 225; 2; 1; 207
251; 160; 1; 2; 212
231; 203; 1; 2; 217
174; 206; 1; 2; 219
219; 177; 1; 2; 231
152; 243; 2; 1; 231
201; 137; 1; 2; 238
237; 184; 1; 2; 240
206; 218; 1; 2; 251
233; 133; 1; 2; 262
144; 216; 1; 2; 273
196; 195; 1; 2; 277
215; 237; 2; 1; 283
180; 193; 1; 2; 287
249; 218; 2; 1; 291
159; 189; 2; 1; 296
246; 193; 2; 1; 301
162; 212; 2; 1; 302
190; 218; 2; 1; 304
184; 225; 2; 1; 307
230; 178; 2; 1; 307
190; 153; 2; 1; 309
244; 152; 1; 2; 315
230; 246; 1; 2; 316
196; 154; 1; 2; 317
172; 242; 1; 2; 319
144; 223; 1; 2; 321
187; 203; 2; 1; 331
172; 253; 1; 2; 340
169; 181; 2; 1; 350
181; 190; 1; 2; 355
186; 131; 1; 2; 361
191; 184; 1; 2; 363
146; 244; 1; 2; 365
216; 209; 1; 2; 366
200; 204; 2; 1; 370
247; 235; 1; 2; 373
253; 236; 2; 1; 376
166; 236; 2; 1; 376
18
2; 1; 32; 1093
3; 1; 24; 1481
12; 1; 22; 1734
9; 1; 37; 1840
11; 1; 2; 2701
13; 1; 44; 4080
16; 1; 1; 4660
7; 1; 24; 5038
8; 1; 48; 5186
17; 1; 13; 6786
6; 1; 14; 8341
10; 1; 47; 8394
1; 1; 21; 9676
5; 1; 11; 9878
4; 1; 5; 11974
15; 1; 38; 12004
14; 1; 22; 13830
0; 1; 14; 14285
