**** 29 ****
52
23; 16; 2; 1; 2
52; 49; 2; 1; 3
39; 58; 2; 1; 3
65; 37; 1; 2; 4
12; 32; 2; 1; 13
55; 20; 1; 2; 17
47; 41; 1; 2; 34
63; 51; 2; 1; 35
58; 50; 2; 1; 36
59; 32; 1; 2; 38
55; 13; 2; 1; 40
46; 49; 2; 1; 43
53; 16; 1; 2; 45
51; 44; 1; 2; 48
62; 53; 1; 2; 50
29; 57; 2; 1; 51
33; 26; 1; 2; 52
48; 38; 2; 1; 55
31; 48; 1; 2; 59
45; 22; 1; 2; 59
51; 35; 1; 2; 61
24; 33; 1; 2; 62
34; 58; 2; 1; 62
31; 30; 2; 1; 67
24; 27; 1; 2; 68
38; 38; 1; 2; 70
63; 63; 2; 1; 73
28; 41; 2; 1; 74
60; 27; 2; 1; 76
45; 20; 2; 1; 78
55; 64; 1; 2; 78
38; 35; 2; 1; 85
54; 45; 2; 1; 86
42; 45; 2; 1; 89
29; 17; 2; 1; 90
11; 46; 2; 1; 96
61; 35; 1; 2; 99
59; 64; 2; 1; 101
20; 55; 2; 1; 103
12; 59; 2; 1; 108
36; 49; 2; 1; 111
12; 38; 2; 1; 111
30; 60; 1; 2; 113
58; 28; 2; 1; 117
59; 54; 1; 2; 118
27; 63; 2; 1; 123
33; 65; 2; 1; 123
13; 60; 2; 1; 123
58; 63; 1; 2; 124
28; 20; 2; 1; 125
34; 49; 2; 1; 126
33; 11; 1; 2; 127
13
8; 1; 12; 6
3; 1; 35; 343
0; 1; 37; 770
12; 1; 8; 945
5; 1; 22; 1097
6; 1; 27; 1241
2; 1; 20; 1290
1; 1; 3; 1332
11; 1; 35; 1363
7; 1; 39; 1923
10; 1; 42; 2114
9; 1; 10; 2192
4; 1; 28; 2206
