**** 290 ****
76
219; 132; 1; 2; 3
187; 137; 2; 1; 16
223; 147; 2; 1; 21
197; 150; 1; 2; 44
223; 176; 2; 1; 48
144; 217; 2; 1; 51
236; 159; 2; 1; 56
170; 208; 2; 1; 57
201; 253; 1; 2; 61
227; 136; 2; 1; 62
222; 139; 1; 2; 69
207; 224; 2; 1; 72
172; 211; 2; 1; 76
204; 257; 1; 2; 80
167; 213; 1; 2; 81
231; 184; 1; 2; 84
226; 138; 1; 2; 92
213; 215; 1; 2; 98
237; 187; 2; 1; 99
180; 146; 2; 1; 115
210; 224; 2; 1; 120
148; 197; 2; 1; 120
183; 220; 1; 2; 126
167; 163; 2; 1; 127
150; 252; 1; 2; 132
223; 239; 1; 2; 135
232; 186; 1; 2; 137
131; 150; 1; 2; 145
154; 247; 1; 2; 165
177; 151; 1; 2; 165
154; 135; 2; 1; 165
238; 212; 2; 1; 166
250; 189; 1; 2; 166
215; 256; 1; 2; 167
180; 195; 1; 2; 172
149; 207; 2; 1; 178
194; 248; 2; 1; 180
205; 223; 2; 1; 194
136; 192; 1; 2; 208
141; 155; 1; 2; 210
165; 146; 1; 2; 226
143; 200; 1; 2; 226
175; 153; 1; 2; 230
155; 197; 2; 1; 232
227; 206; 1; 2; 233
230; 205; 1; 2; 241
169; 208; 2; 1; 246
242; 132; 1; 2; 247
229; 146; 1; 2; 248
142; 227; 1; 2; 249
215; 227; 1; 2; 262
195; 231; 1; 2; 270
213; 225; 2; 1; 283
170; 192; 2; 1; 284
244; 248; 2; 1; 284
210; 210; 1; 2; 289
156; 139; 2; 1; 291
254; 138; 1; 2; 295
170; 236; 2; 1; 303
152; 245; 2; 1; 308
221; 211; 2; 1; 323
182; 206; 1; 2; 326
233; 256; 1; 2; 330
201; 226; 1; 2; 331
156; 170; 1; 2; 335
134; 147; 2; 1; 342
208; 163; 1; 2; 343
198; 242; 1; 2; 344
254; 167; 1; 2; 347
156; 143; 1; 2; 353
131; 242; 1; 2; 357
190; 224; 2; 1; 367
246; 159; 2; 1; 375
191; 156; 2; 1; 375
254; 138; 1; 2; 382
204; 148; 1; 2; 382
18
2; 1; 2; 629
13; 1; 39; 2467
0; 1; 7; 3178
3; 1; 41; 3889
6; 1; 39; 3941
4; 1; 42; 5536
11; 1; 3; 5894
12; 1; 18; 8619
15; 1; 31; 9729
1; 1; 26; 10816
14; 1; 18; 10907
5; 1; 45; 11060
7; 1; 37; 11153
17; 1; 36; 11231
8; 1; 35; 12316
10; 1; 15; 12719
16; 1; 6; 14187
9; 1; 30; 14928
