**** 291 ****
76
214; 150; 2; 1; 7
213; 249; 1; 2; 13
134; 251; 1; 2; 19
177; 239; 2; 1; 19
190; 224; 2; 1; 26
206; 156; 1; 2; 32
143; 169; 2; 1; 33
220; 239; 2; 1; 37
227; 234; 2; 1; 41
173; 210; 2; 1; 50
190; 172; 2; 1; 50
134; 213; 1; 2; 52
225; 206; 2; 1; 55
154; 160; 1; 2; 55
250; 144; 1; 2; 61
188; 186; 2; 1; 78
135; 250; 2; 1; 80
146; 173; 1; 2; 90
190; 180; 2; 1; 91
180; 227; 1; 2; 102
187; 220; 1; 2; 105
149; 133; 2; 1; 106
138; 200; 2; 1; 119
254; 201; 1; 2; 123
240; 147; 1; 2; 124
244; 138; 1; 2; 130
253; 163; 1; 2; 134
134; 214; 2; 1; 151
167; 257; 2; 1; 152
166; 181; 2; 1; 157
160; 186; 2; 1; 157
247; 201; 1; 2; 158
142; 230; 2; 1; 166
222; 246; 2; 1; 168
174; 212; 2; 1; 180
255; 154; 2; 1; 189
257; 141; 1; 2; 191
192; 217; 2; 1; 193
242; 144; 2; 1; 194
201; 195; 2; 1; 195
257; 220; 2; 1; 197
246; 182; 2; 1; 198
213; 173; 1; 2; 203
138; 166; 2; 1; 204
197; 145; 1; 2; 205
135; 196; 1; 2; 225
230; 209; 1; 2; 229
181; 218; 2; 1; 234
225; 181; 2; 1; 236
148; 214; 2; 1; 242
204; 175; 1; 2; 246
209; 200; 2; 1; 250
156; 187; 2; 1; 257
138; 211; 1; 2; 265
135; 174; 2; 1; 266
229; 195; 2; 1; 280
152; 162; 2; 1; 287
214; 235; 2; 1; 290
141; 215; 1; 2; 298
249; 218; 2; 1; 299
163; 223; 2; 1; 308
173; 218; 2; 1; 310
172; 164; 1; 2; 316
170; 255; 1; 2; 330
206; 256; 1; 2; 337
187; 192; 1; 2; 337
147; 201; 2; 1; 342
177; 218; 2; 1; 344
142; 256; 2; 1; 344
218; 206; 2; 1; 345
195; 224; 2; 1; 358
228; 215; 2; 1; 378
176; 138; 2; 1; 384
179; 220; 1; 2; 385
131; 198; 2; 1; 386
194; 228; 1; 2; 387
18
2; 1; 29; 0
1; 1; 34; 1024
10; 1; 35; 1112
14; 1; 32; 4173
3; 1; 6; 4831
17; 1; 46; 5031
8; 1; 36; 7015
9; 1; 18; 7549
16; 1; 29; 7670
6; 1; 35; 7811
7; 1; 1; 8516
15; 1; 14; 8957
11; 1; 5; 9199
0; 1; 20; 9247
13; 1; 22; 10912
4; 1; 30; 11111
12; 1; 16; 12905
5; 1; 10; 13228
