**** 292 ****
76
182; 210; 2; 1; 1
180; 140; 2; 1; 3
146; 204; 1; 2; 6
193; 187; 1; 2; 12
222; 243; 2; 1; 22
230; 180; 2; 1; 36
142; 234; 2; 1; 38
158; 252; 1; 2; 40
220; 230; 1; 2; 44
255; 234; 1; 2; 50
166; 215; 2; 1; 52
208; 166; 2; 1; 63
162; 158; 2; 1; 81
189; 231; 1; 2; 88
162; 243; 1; 2; 92
247; 157; 2; 1; 92
181; 163; 2; 1; 96
180; 238; 1; 2; 98
251; 252; 1; 2; 98
227; 156; 1; 2; 98
146; 137; 2; 1; 100
184; 248; 1; 2; 106
216; 223; 1; 2; 109
180; 157; 2; 1; 113
188; 138; 1; 2; 120
255; 248; 1; 2; 126
230; 179; 2; 1; 127
218; 205; 2; 1; 147
193; 230; 1; 2; 149
169; 160; 2; 1; 150
139; 204; 1; 2; 159
147; 145; 1; 2; 160
136; 229; 2; 1; 160
172; 196; 2; 1; 169
166; 210; 1; 2; 176
234; 171; 1; 2; 181
152; 183; 2; 1; 191
143; 242; 2; 1; 192
224; 136; 2; 1; 195
202; 248; 1; 2; 202
158; 131; 2; 1; 203
138; 167; 1; 2; 205
177; 195; 2; 1; 213
132; 233; 2; 1; 217
132; 173; 1; 2; 233
143; 213; 2; 1; 236
163; 253; 1; 2; 244
173; 148; 1; 2; 245
223; 185; 1; 2; 254
131; 132; 1; 2; 279
132; 192; 1; 2; 284
171; 160; 2; 1; 289
234; 196; 1; 2; 293
177; 188; 1; 2; 307
171; 197; 2; 1; 309
214; 198; 2; 1; 312
215; 251; 1; 2; 316
147; 158; 2; 1; 319
170; 157; 1; 2; 325
202; 214; 2; 1; 328
146; 163; 2; 1; 330
191; 180; 1; 2; 337
250; 175; 2; 1; 338
162; 218; 2; 1; 339
256; 234; 2; 1; 339
250; 246; 2; 1; 346
246; 201; 2; 1; 347
208; 218; 1; 2; 360
240; 149; 2; 1; 361
187; 195; 2; 1; 361
241; 235; 1; 2; 364
210; 147; 2; 1; 364
166; 227; 2; 1; 367
195; 212; 1; 2; 367
147; 141; 1; 2; 369
138; 180; 1; 2; 385
18
4; 1; 38; 751
16; 1; 2; 791
0; 1; 13; 876
3; 1; 43; 1078
1; 1; 19; 1909
6; 1; 10; 2227
14; 1; 49; 5750
8; 1; 25; 6167
11; 1; 34; 6590
5; 1; 18; 7194
2; 1; 27; 7429
15; 1; 15; 7681
12; 1; 31; 11354
7; 1; 23; 11463
10; 1; 38; 11664
13; 1; 8; 12263
17; 1; 22; 13640
9; 1; 25; 13875
