**** 293 ****
76
158; 187; 1; 2; 2
191; 183; 1; 2; 11
161; 221; 1; 2; 12
140; 134; 2; 1; 13
219; 208; 2; 1; 17
131; 188; 1; 2; 25
232; 224; 1; 2; 26
158; 167; 2; 1; 26
140; 227; 2; 1; 30
256; 143; 2; 1; 33
238; 191; 1; 2; 34
155; 147; 2; 1; 42
137; 167; 2; 1; 45
154; 167; 1; 2; 49
171; 183; 1; 2; 50
168; 207; 1; 2; 54
137; 211; 2; 1; 56
198; 218; 2; 1; 60
170; 162; 1; 2; 61
142; 161; 2; 1; 64
215; 213; 1; 2; 66
198; 257; 2; 1; 73
238; 170; 2; 1; 76
159; 205; 1; 2; 78
208; 200; 1; 2; 85
199; 234; 2; 1; 87
211; 152; 2; 1; 91
252; 202; 2; 1; 101
214; 159; 2; 1; 108
198; 148; 1; 2; 109
217; 234; 1; 2; 120
217; 238; 1; 2; 129
209; 211; 1; 2; 137
167; 131; 1; 2; 139
139; 155; 1; 2; 142
230; 253; 1; 2; 144
187; 179; 2; 1; 150
189; 142; 1; 2; 158
166; 151; 1; 2; 159
133; 224; 2; 1; 161
172; 155; 2; 1; 164
185; 173; 2; 1; 165
148; 177; 1; 2; 175
151; 179; 2; 1; 176
198; 146; 1; 2; 178
137; 182; 1; 2; 185
244; 246; 2; 1; 186
209; 195; 2; 1; 190
153; 213; 2; 1; 193
193; 165; 1; 2; 205
163; 170; 2; 1; 212
196; 211; 1; 2; 233
135; 230; 1; 2; 239
185; 178; 2; 1; 252
215; 212; 2; 1; 257
138; 229; 1; 2; 258
190; 184; 1; 2; 264
228; 184; 2; 1; 278
202; 179; 2; 1; 279
179; 162; 2; 1; 298
153; 141; 2; 1; 299
239; 224; 1; 2; 310
143; 187; 1; 2; 311
164; 142; 2; 1; 313
254; 156; 1; 2; 315
190; 162; 1; 2; 315
174; 156; 2; 1; 323
204; 184; 2; 1; 326
206; 140; 2; 1; 348
239; 241; 1; 2; 353
196; 132; 1; 2; 355
229; 256; 2; 1; 357
188; 234; 2; 1; 361
245; 232; 2; 1; 372
241; 185; 2; 1; 373
141; 218; 1; 2; 381
18
3; 1; 30; 412
7; 1; 20; 4387
11; 1; 48; 5050
12; 1; 13; 5695
14; 1; 4; 7080
8; 1; 4; 7879
10; 1; 46; 8251
6; 1; 35; 8605
13; 1; 17; 8869
1; 1; 3; 9007
9; 1; 5; 9494
5; 1; 38; 10780
2; 1; 14; 11671
16; 1; 47; 12822
0; 1; 35; 13156
4; 1; 41; 13246
15; 1; 14; 13775
17; 1; 43; 13997
