**** 294 ****
76
180; 184; 1; 2; 9
137; 179; 1; 2; 15
233; 165; 2; 1; 16
217; 224; 2; 1; 33
216; 191; 2; 1; 33
243; 195; 2; 1; 34
140; 250; 2; 1; 40
223; 230; 2; 1; 45
213; 214; 1; 2; 49
136; 248; 2; 1; 63
183; 252; 2; 1; 70
224; 187; 2; 1; 70
202; 162; 2; 1; 74
184; 230; 2; 1; 74
186; 257; 1; 2; 77
238; 200; 1; 2; 88
161; 139; 1; 2; 94
135; 253; 1; 2; 96
169; 181; 2; 1; 99
164; 256; 1; 2; 106
157; 200; 1; 2; 111
138; 190; 2; 1; 111
222; 213; 2; 1; 113
189; 160; 2; 1; 114
224; 231; 2; 1; 120
255; 158; 2; 1; 130
150; 168; 2; 1; 132
140; 220; 1; 2; 140
143; 143; 2; 1; 144
217; 149; 2; 1; 150
189; 229; 1; 2; 151
186; 220; 1; 2; 164
195; 157; 2; 1; 168
234; 233; 1; 2; 172
218; 133; 1; 2; 174
136; 250; 2; 1; 183
238; 148; 1; 2; 186
187; 163; 1; 2; 192
132; 165; 1; 2; 197
220; 161; 2; 1; 198
163; 214; 1; 2; 204
217; 211; 1; 2; 207
245; 224; 1; 2; 219
191; 195; 1; 2; 220
206; 176; 1; 2; 224
153; 227; 2; 1; 224
143; 217; 1; 2; 224
147; 187; 1; 2; 225
169; 208; 1; 2; 250
194; 208; 2; 1; 255
134; 225; 1; 2; 258
213; 226; 1; 2; 264
202; 163; 1; 2; 266
220; 209; 1; 2; 270
158; 157; 2; 1; 274
251; 175; 2; 1; 285
162; 175; 1; 2; 286
157; 241; 1; 2; 286
202; 131; 1; 2; 288
186; 164; 1; 2; 289
250; 185; 1; 2; 294
151; 234; 2; 1; 300
186; 140; 2; 1; 312
184; 134; 2; 1; 314
136; 242; 1; 2; 319
197; 183; 2; 1; 320
249; 136; 2; 1; 323
256; 163; 2; 1; 342
218; 136; 1; 2; 348
184; 142; 2; 1; 364
194; 223; 2; 1; 365
151; 205; 2; 1; 366
189; 146; 1; 2; 371
135; 152; 2; 1; 378
154; 210; 2; 1; 384
237; 172; 2; 1; 385
18
13; 1; 48; 723
16; 1; 6; 2251
4; 1; 31; 2635
8; 1; 48; 3754
2; 1; 17; 4014
12; 1; 22; 6153
15; 1; 20; 6450
6; 1; 20; 7076
0; 1; 46; 7461
14; 1; 33; 7724
5; 1; 34; 8667
17; 1; 13; 9715
9; 1; 18; 10135
1; 1; 34; 10291
3; 1; 10; 11436
7; 1; 41; 11467
10; 1; 30; 12419
11; 1; 22; 12456
