**** 295 ****
76
131; 182; 2; 1; 1
174; 245; 2; 1; 13
222; 185; 1; 2; 16
223; 175; 2; 1; 18
222; 160; 1; 2; 22
251; 223; 1; 2; 26
159; 190; 2; 1; 28
172; 141; 2; 1; 32
148; 181; 2; 1; 38
239; 236; 2; 1; 46
211; 203; 2; 1; 47
174; 188; 2; 1; 52
131; 241; 2; 1; 54
205; 151; 1; 2; 55
177; 206; 1; 2; 56
166; 212; 2; 1; 67
136; 197; 2; 1; 71
202; 175; 2; 1; 74
134; 145; 1; 2; 85
244; 225; 1; 2; 94
213; 137; 1; 2; 100
175; 197; 1; 2; 102
214; 218; 1; 2; 105
213; 143; 1; 2; 119
244; 216; 2; 1; 135
166; 152; 2; 1; 136
166; 155; 1; 2; 149
139; 225; 1; 2; 157
159; 142; 1; 2; 159
170; 188; 2; 1; 163
166; 159; 2; 1; 166
257; 175; 1; 2; 181
245; 257; 2; 1; 185
137; 205; 1; 2; 188
243; 171; 2; 1; 190
228; 152; 1; 2; 193
250; 164; 2; 1; 207
159; 140; 2; 1; 212
138; 210; 1; 2; 222
257; 158; 1; 2; 227
204; 202; 2; 1; 233
183; 249; 2; 1; 234
136; 173; 2; 1; 244
173; 156; 2; 1; 248
256; 146; 1; 2; 249
190; 190; 2; 1; 252
135; 213; 1; 2; 278
203; 158; 2; 1; 281
224; 210; 1; 2; 291
131; 170; 1; 2; 295
219; 248; 2; 1; 297
188; 228; 2; 1; 298
207; 169; 1; 2; 299
168; 249; 1; 2; 308
188; 163; 2; 1; 309
209; 246; 2; 1; 312
245; 162; 1; 2; 318
164; 131; 1; 2; 318
138; 197; 1; 2; 322
236; 182; 1; 2; 330
220; 162; 2; 1; 334
179; 188; 1; 2; 340
220; 244; 1; 2; 346
236; 166; 2; 1; 361
247; 141; 1; 2; 362
242; 194; 2; 1; 366
230; 142; 2; 1; 371
172; 213; 1; 2; 376
142; 218; 1; 2; 377
173; 143; 1; 2; 379
133; 138; 1; 2; 382
227; 237; 2; 1; 386
173; 205; 2; 1; 387
249; 215; 1; 2; 389
161; 201; 2; 1; 393
192; 179; 2; 1; 393
18
13; 1; 43; 113
16; 1; 10; 865
5; 1; 23; 2468
6; 1; 31; 3385
8; 1; 12; 3535
14; 1; 9; 5887
7; 1; 26; 5905
15; 1; 12; 6577
10; 1; 7; 7955
12; 1; 43; 8003
3; 1; 35; 8272
4; 1; 44; 9527
1; 1; 11; 10750
9; 1; 29; 13055
17; 1; 41; 13188
11; 1; 37; 13687
2; 1; 39; 14109
0; 1; 21; 14207
