**** 296 ****
76
200; 185; 1; 2; 1
204; 177; 2; 1; 4
148; 202; 1; 2; 9
246; 220; 2; 1; 21
256; 177; 2; 1; 21
183; 155; 2; 1; 28
216; 251; 2; 1; 36
256; 151; 2; 1; 37
169; 147; 1; 2; 38
190; 174; 2; 1; 44
233; 244; 2; 1; 47
230; 159; 1; 2; 57
202; 238; 1; 2; 57
229; 134; 1; 2; 59
142; 177; 1; 2; 63
212; 218; 1; 2; 80
159; 216; 1; 2; 85
157; 182; 2; 1; 89
240; 190; 2; 1; 90
134; 165; 1; 2; 91
152; 221; 2; 1; 96
257; 224; 1; 2; 109
182; 198; 1; 2; 114
153; 132; 1; 2; 114
210; 224; 2; 1; 117
162; 136; 1; 2; 123
132; 221; 1; 2; 125
235; 188; 2; 1; 128
235; 141; 1; 2; 132
181; 141; 1; 2; 135
247; 204; 2; 1; 141
178; 155; 1; 2; 161
207; 185; 2; 1; 165
132; 218; 1; 2; 167
195; 169; 1; 2; 178
188; 188; 1; 2; 179
188; 245; 1; 2; 180
139; 174; 1; 2; 194
238; 134; 2; 1; 196
203; 196; 2; 1; 204
183; 143; 1; 2; 206
248; 137; 1; 2; 211
213; 164; 2; 1; 212
150; 217; 2; 1; 216
229; 143; 1; 2; 218
235; 250; 2; 1; 226
148; 204; 1; 2; 227
255; 222; 1; 2; 234
132; 180; 2; 1; 237
195; 225; 1; 2; 250
192; 159; 1; 2; 250
239; 195; 2; 1; 259
223; 165; 1; 2; 260
169; 160; 1; 2; 260
188; 212; 1; 2; 272
170; 193; 2; 1; 279
207; 211; 1; 2; 280
238; 147; 2; 1; 285
146; 207; 1; 2; 296
143; 153; 1; 2; 297
159; 192; 2; 1; 301
229; 234; 2; 1; 302
237; 221; 2; 1; 309
234; 154; 2; 1; 315
192; 201; 2; 1; 316
137; 153; 1; 2; 316
155; 168; 2; 1; 319
167; 240; 1; 2; 319
205; 163; 2; 1; 340
248; 209; 2; 1; 347
194; 134; 1; 2; 350
227; 168; 1; 2; 358
194; 185; 2; 1; 362
155; 162; 1; 2; 377
142; 225; 1; 2; 378
207; 224; 1; 2; 390
18
16; 1; 12; 1545
7; 1; 36; 2985
14; 1; 37; 3743
13; 1; 8; 3830
6; 1; 42; 3942
2; 1; 18; 4503
15; 1; 5; 5269
12; 1; 19; 6554
9; 1; 24; 7215
4; 1; 22; 7344
11; 1; 33; 9549
0; 1; 45; 10371
8; 1; 25; 10639
1; 1; 47; 10861
3; 1; 6; 11130
10; 1; 26; 12929
17; 1; 7; 13986
5; 1; 21; 14703
