**** 297 ****
77
144; 212; 2; 1; 0
238; 263; 1; 2; 7
265; 215; 2; 1; 7
244; 255; 1; 2; 14
203; 204; 1; 2; 19
263; 203; 1; 2; 25
211; 216; 1; 2; 39
137; 213; 2; 1; 49
200; 180; 2; 1; 50
183; 201; 2; 1; 55
187; 177; 2; 1; 56
225; 261; 1; 2; 65
190; 146; 2; 1; 66
249; 225; 2; 1; 72
239; 248; 1; 2; 74
190; 234; 2; 1; 83
136; 207; 2; 1; 104
167; 148; 2; 1; 107
250; 193; 2; 1; 113
210; 147; 1; 2; 114
220; 189; 1; 2; 129
213; 231; 1; 2; 142
185; 212; 1; 2; 143
143; 239; 1; 2; 146
196; 163; 2; 1; 148
162; 245; 1; 2; 153
259; 228; 1; 2; 153
198; 162; 2; 1; 154
154; 234; 2; 1; 164
169; 152; 1; 2; 165
261; 238; 2; 1; 167
145; 166; 1; 2; 169
176; 204; 2; 1; 185
168; 259; 2; 1; 186
264; 207; 1; 2; 187
225; 228; 1; 2; 189
229; 164; 1; 2; 199
188; 262; 1; 2; 204
196; 191; 2; 1; 209
181; 219; 1; 2; 221
204; 215; 2; 1; 228
193; 160; 1; 2; 229
265; 229; 2; 1; 236
193; 177; 2; 1; 255
241; 247; 2; 1; 256
228; 177; 2; 1; 257
166; 158; 1; 2; 263
185; 233; 2; 1; 265
239; 188; 2; 1; 272
222; 167; 2; 1; 279
223; 149; 2; 1; 287
221; 209; 2; 1; 289
138; 172; 2; 1; 295
256; 251; 1; 2; 299
169; 140; 1; 2; 300
256; 170; 2; 1; 304
233; 197; 1; 2; 308
189; 177; 2; 1; 309
213; 209; 2; 1; 314
196; 212; 2; 1; 316
259; 230; 2; 1; 317
184; 250; 1; 2; 326
229; 205; 1; 2; 327
205; 245; 1; 2; 327
222; 237; 1; 2; 330
237; 201; 1; 2; 331
258; 265; 1; 2; 336
176; 208; 1; 2; 343
153; 224; 1; 2; 357
156; 200; 1; 2; 361
211; 136; 2; 1; 362
170; 263; 1; 2; 363
261; 151; 2; 1; 364
150; 205; 1; 2; 366
139; 210; 2; 1; 386
208; 235; 2; 1; 392
175; 139; 1; 2; 395
18
7; 1; 49; 2193
16; 1; 14; 2516
8; 1; 37; 3166
3; 1; 47; 3656
13; 1; 3; 4416
14; 1; 24; 4423
12; 1; 32; 5403
11; 1; 3; 7896
5; 1; 29; 8404
1; 1; 3; 9729
9; 1; 18; 10038
2; 1; 24; 10382
15; 1; 6; 10670
0; 1; 12; 10822
6; 1; 15; 11592
10; 1; 29; 11783
4; 1; 10; 12316
17; 1; 47; 15133
