**** 298 ****
77
222; 164; 1; 2; 0
261; 181; 2; 1; 3
198; 170; 1; 2; 4
236; 179; 1; 2; 6
146; 244; 1; 2; 29
216; 249; 2; 1; 31
263; 260; 2; 1; 33
139; 260; 1; 2; 36
187; 167; 2; 1; 48
191; 236; 1; 2; 51
169; 259; 2; 1; 56
213; 233; 1; 2; 62
157; 179; 1; 2; 66
209; 225; 2; 1; 74
184; 255; 2; 1; 75
261; 209; 2; 1; 80
171; 145; 1; 2; 87
183; 253; 1; 2; 89
142; 162; 2; 1; 92
246; 241; 1; 2; 101
242; 205; 2; 1; 104
191; 194; 1; 2; 106
169; 163; 2; 1; 108
200; 177; 2; 1; 114
213; 197; 2; 1; 126
232; 149; 2; 1; 128
199; 212; 1; 2; 131
171; 169; 1; 2; 133
190; 166; 1; 2; 135
138; 259; 1; 2; 142
224; 243; 2; 1; 143
158; 144; 2; 1; 146
246; 226; 1; 2; 149
183; 243; 2; 1; 158
227; 258; 1; 2; 159
146; 254; 1; 2; 166
203; 146; 1; 2; 167
186; 141; 2; 1; 182
178; 222; 1; 2; 184
256; 264; 2; 1; 186
173; 174; 2; 1; 190
229; 238; 2; 1; 202
180; 253; 1; 2; 206
144; 187; 1; 2; 213
196; 208; 2; 1; 215
226; 234; 1; 2; 226
151; 156; 1; 2; 228
172; 185; 2; 1; 237
149; 227; 2; 1; 248
248; 152; 2; 1; 255
136; 172; 2; 1; 264
139; 163; 1; 2; 267
147; 170; 2; 1; 270
236; 164; 2; 1; 275
217; 254; 2; 1; 278
152; 213; 1; 2; 283
151; 240; 2; 1; 292
230; 218; 2; 1; 293
215; 208; 1; 2; 293
158; 167; 1; 2; 297
245; 204; 1; 2; 300
213; 169; 2; 1; 303
265; 255; 2; 1; 306
171; 177; 2; 1; 307
213; 157; 1; 2; 326
142; 228; 1; 2; 327
167; 200; 2; 1; 330
143; 140; 2; 1; 343
158; 215; 1; 2; 345
214; 200; 1; 2; 354
209; 207; 2; 1; 355
187; 179; 1; 2; 368
167; 175; 1; 2; 373
209; 157; 1; 2; 374
139; 215; 1; 2; 385
216; 226; 1; 2; 388
161; 228; 2; 1; 390
18
1; 1; 22; 63
6; 1; 49; 1681
10; 1; 22; 1741
15; 1; 25; 2240
12; 1; 9; 2398
13; 1; 22; 3664
16; 1; 32; 4332
2; 1; 21; 4491
4; 1; 33; 5129
17; 1; 5; 5332
14; 1; 16; 6781
5; 1; 43; 6977
3; 1; 7; 8535
9; 1; 29; 8758
0; 1; 14; 8872
7; 1; 20; 9901
11; 1; 30; 12024
8; 1; 24; 14026
