**** 299 ****
77
233; 191; 1; 2; 0
136; 149; 1; 2; 0
208; 218; 1; 2; 6
218; 180; 2; 1; 9
225; 251; 1; 2; 11
247; 247; 1; 2; 14
142; 198; 2; 1; 29
231; 254; 1; 2; 34
216; 238; 1; 2; 44
227; 190; 1; 2; 48
160; 220; 1; 2; 54
213; 164; 1; 2; 65
150; 216; 2; 1; 71
158; 222; 2; 1; 72
154; 240; 1; 2; 82
167; 210; 2; 1; 82
150; 184; 1; 2; 82
189; 189; 2; 1; 83
195; 188; 2; 1; 86
199; 199; 2; 1; 90
258; 243; 2; 1; 91
177; 230; 1; 2; 98
228; 262; 2; 1; 100
249; 168; 2; 1; 100
245; 225; 2; 1; 101
236; 184; 1; 2; 113
160; 236; 2; 1; 120
148; 224; 1; 2; 130
235; 215; 2; 1; 140
185; 156; 2; 1; 144
175; 177; 2; 1; 145
180; 141; 1; 2; 152
247; 252; 1; 2; 156
165; 140; 1; 2; 163
221; 196; 2; 1; 179
263; 174; 1; 2; 182
219; 195; 1; 2; 185
248; 151; 2; 1; 198
154; 252; 2; 1; 201
175; 218; 1; 2; 203
240; 146; 2; 1; 205
235; 211; 2; 1; 207
179; 194; 1; 2; 219
196; 255; 2; 1; 224
152; 230; 2; 1; 228
159; 235; 1; 2; 247
242; 226; 1; 2; 248
194; 238; 2; 1; 250
238; 166; 2; 1; 251
150; 171; 2; 1; 251
261; 219; 2; 1; 261
161; 204; 1; 2; 269
181; 236; 2; 1; 273
264; 238; 1; 2; 280
250; 232; 1; 2; 280
184; 242; 2; 1; 285
236; 165; 2; 1; 288
256; 248; 2; 1; 295
262; 192; 2; 1; 300
254; 249; 1; 2; 301
241; 169; 2; 1; 308
251; 144; 1; 2; 326
234; 139; 1; 2; 335
147; 151; 1; 2; 336
165; 178; 2; 1; 347
209; 142; 2; 1; 348
221; 210; 1; 2; 354
149; 218; 1; 2; 354
214; 142; 1; 2; 357
224; 195; 2; 1; 360
195; 230; 1; 2; 361
201; 253; 1; 2; 369
223; 189; 2; 1; 370
144; 195; 1; 2; 370
214; 197; 2; 1; 387
209; 254; 1; 2; 390
254; 217; 1; 2; 395
18
0; 1; 46; 151
10; 1; 49; 2703
17; 1; 3; 2755
16; 1; 11; 4572
2; 1; 10; 5569
1; 1; 41; 5716
12; 1; 49; 6152
6; 1; 32; 6933
3; 1; 17; 7456
15; 1; 37; 7492
13; 1; 17; 9011
5; 1; 15; 10236
4; 1; 8; 11609
9; 1; 34; 12706
8; 1; 6; 13461
14; 1; 7; 13608
11; 1; 2; 15372
7; 1; 18; 15675
