**** 3 ****
50
25; 45; 1; 2; 15
15; 36; 1; 2; 16
9; 19; 2; 1; 19
12; 9; 1; 2; 23
10; 8; 1; 2; 27
6; 39; 1; 2; 28
14; 46; 1; 2; 30
17; 41; 1; 2; 30
43; 38; 1; 2; 34
10; 40; 1; 2; 35
28; 9; 2; 1; 38
38; 8; 1; 2; 40
40; 21; 1; 2; 43
36; 49; 1; 2; 48
46; 20; 1; 2; 49
24; 2; 1; 2; 50
26; 43; 1; 2; 50
39; 18; 2; 1; 51
42; 16; 2; 1; 55
2; 36; 1; 2; 58
25; 22; 1; 2; 61
14; 6; 2; 1; 62
13; 11; 1; 2; 64
36; 32; 1; 2; 64
23; 37; 2; 1; 65
37; 36; 2; 1; 67
42; 38; 2; 1; 68
42; 48; 1; 2; 71
46; 45; 2; 1; 71
42; 13; 1; 2; 71
6; 20; 1; 2; 73
47; 14; 2; 1; 74
19; 21; 2; 1; 79
44; 26; 1; 2; 81
44; 29; 1; 2; 82
29; 24; 1; 2; 83
1; 14; 1; 2; 84
28; 47; 1; 2; 84
6; 4; 1; 2; 85
1; 30; 2; 1; 85
27; 33; 1; 2; 87
23; 17; 1; 2; 89
5; 37; 2; 1; 92
46; 16; 1; 2; 94
18; 42; 2; 1; 95
10; 38; 1; 2; 95
40; 27; 2; 1; 96
3; 32; 2; 1; 97
14; 26; 2; 1; 98
44; 21; 1; 2; 99
12
3; 1; 14; 131
9; 1; 37; 147
5; 1; 1; 211
8; 1; 11; 213
1; 1; 38; 368
2; 1; 21; 423
4; 1; 41; 764
11; 1; 18; 810
0; 1; 33; 839
6; 1; 13; 994
7; 1; 2; 1178
10; 1; 11; 1215
