**** 30 ****
52
46; 21; 2; 1; 3
13; 13; 1; 2; 5
50; 23; 1; 2; 14
57; 13; 1; 2; 15
63; 23; 1; 2; 15
14; 20; 1; 2; 15
28; 39; 2; 1; 15
19; 12; 2; 1; 17
38; 50; 2; 1; 19
22; 63; 2; 1; 19
36; 54; 2; 1; 20
25; 11; 1; 2; 20
39; 30; 1; 2; 22
21; 22; 2; 1; 22
24; 20; 1; 2; 25
48; 31; 2; 1; 29
40; 35; 2; 1; 29
59; 33; 2; 1; 30
26; 14; 2; 1; 32
38; 21; 2; 1; 40
60; 29; 1; 2; 42
38; 31; 1; 2; 43
59; 20; 1; 2; 47
38; 36; 1; 2; 50
20; 33; 2; 1; 55
22; 64; 1; 2; 55
60; 58; 2; 1; 58
44; 27; 1; 2; 59
53; 49; 2; 1; 67
20; 53; 2; 1; 74
62; 40; 2; 1; 84
51; 59; 1; 2; 86
33; 21; 2; 1; 88
32; 49; 2; 1; 88
51; 22; 1; 2; 91
36; 41; 2; 1; 91
59; 28; 1; 2; 92
15; 11; 1; 2; 93
39; 13; 1; 2; 95
29; 62; 1; 2; 96
39; 27; 1; 2; 98
19; 49; 1; 2; 99
43; 26; 1; 2; 104
47; 52; 2; 1; 104
59; 42; 1; 2; 113
60; 33; 1; 2; 114
29; 25; 2; 1; 115
14; 26; 1; 2; 115
61; 18; 2; 1; 115
16; 54; 2; 1; 116
30; 20; 2; 1; 118
50; 42; 1; 2; 121
13
12; 1; 19; 230
9; 1; 44; 458
0; 1; 46; 590
2; 1; 40; 683
1; 1; 21; 1082
8; 1; 17; 1120
5; 1; 43; 1412
6; 1; 18; 1460
7; 1; 44; 1494
10; 1; 9; 1619
11; 1; 2; 1706
3; 1; 38; 2111
4; 1; 42; 2159
