**** 300 ****
77
251; 250; 2; 1; 12
148; 232; 2; 1; 17
147; 261; 2; 1; 24
179; 187; 2; 1; 24
177; 179; 1; 2; 25
151; 238; 2; 1; 49
226; 173; 1; 2; 51
151; 169; 1; 2; 52
176; 252; 2; 1; 59
206; 253; 2; 1; 59
146; 173; 2; 1; 60
253; 212; 1; 2; 61
195; 261; 1; 2; 66
156; 154; 2; 1; 74
154; 145; 1; 2; 80
248; 256; 1; 2; 90
239; 179; 1; 2; 90
251; 147; 2; 1; 97
174; 171; 2; 1; 105
148; 178; 2; 1; 108
167; 164; 1; 2; 112
237; 242; 1; 2; 118
233; 139; 2; 1; 121
240; 159; 1; 2; 126
231; 251; 1; 2; 129
185; 212; 2; 1; 129
165; 155; 1; 2; 146
174; 206; 1; 2; 147
191; 253; 1; 2; 155
139; 146; 2; 1; 160
221; 250; 1; 2; 164
200; 150; 2; 1; 166
213; 225; 1; 2; 168
185; 227; 2; 1; 170
167; 169; 2; 1; 170
157; 205; 1; 2; 177
141; 152; 1; 2; 179
176; 214; 1; 2; 181
229; 239; 1; 2; 189
250; 221; 1; 2; 193
247; 158; 2; 1; 196
256; 161; 1; 2; 197
208; 229; 1; 2; 198
158; 157; 2; 1; 207
197; 235; 2; 1; 226
210; 232; 1; 2; 231
206; 223; 2; 1; 234
169; 205; 2; 1; 235
151; 221; 1; 2; 240
176; 262; 2; 1; 242
155; 200; 2; 1; 245
186; 242; 2; 1; 247
229; 162; 1; 2; 262
162; 204; 2; 1; 272
160; 180; 2; 1; 278
257; 208; 2; 1; 279
140; 201; 1; 2; 288
246; 175; 2; 1; 311
140; 252; 1; 2; 312
173; 146; 1; 2; 316
151; 264; 1; 2; 333
171; 198; 2; 1; 339
227; 259; 1; 2; 341
196; 169; 1; 2; 342
218; 138; 2; 1; 347
250; 204; 2; 1; 353
185; 158; 1; 2; 355
242; 137; 2; 1; 359
136; 200; 1; 2; 364
237; 136; 1; 2; 364
235; 180; 2; 1; 371
181; 148; 2; 1; 373
244; 145; 2; 1; 375
152; 251; 1; 2; 379
193; 223; 2; 1; 379
228; 152; 1; 2; 389
228; 240; 1; 2; 398
18
16; 1; 27; 1251
13; 1; 21; 3074
2; 1; 3; 4350
9; 1; 36; 5971
14; 1; 8; 6079
17; 1; 8; 6663
4; 1; 14; 6902
11; 1; 15; 7029
0; 1; 27; 8570
1; 1; 47; 8720
7; 1; 32; 9000
10; 1; 32; 10759
3; 1; 2; 12061
15; 1; 3; 13305
6; 1; 15; 13911
5; 1; 30; 14803
12; 1; 35; 14912
8; 1; 1; 14965
