**** 301 ****
77
171; 263; 2; 1; 13
179; 195; 1; 2; 16
243; 240; 2; 1; 16
244; 239; 1; 2; 17
193; 155; 2; 1; 26
177; 258; 2; 1; 35
198; 249; 1; 2; 36
220; 210; 2; 1; 37
175; 153; 2; 1; 44
179; 145; 2; 1; 44
194; 178; 1; 2; 60
159; 218; 1; 2; 60
202; 152; 1; 2; 72
174; 253; 1; 2; 84
151; 188; 2; 1; 84
198; 144; 1; 2; 87
194; 189; 1; 2; 91
143; 229; 1; 2; 91
217; 262; 2; 1; 96
203; 157; 1; 2; 105
215; 173; 2; 1; 112
246; 187; 2; 1; 114
178; 163; 1; 2; 127
186; 251; 2; 1; 128
221; 155; 2; 1; 129
174; 150; 1; 2; 141
148; 239; 2; 1; 142
260; 136; 1; 2; 148
186; 229; 2; 1; 149
150; 257; 2; 1; 163
255; 148; 1; 2; 175
233; 211; 1; 2; 182
221; 165; 1; 2; 182
201; 167; 1; 2; 187
178; 197; 2; 1; 187
251; 249; 1; 2; 189
197; 202; 1; 2; 191
203; 159; 2; 1; 197
265; 246; 2; 1; 199
159; 181; 1; 2; 202
195; 241; 2; 1; 203
240; 183; 2; 1; 203
174; 173; 2; 1; 220
140; 155; 1; 2; 226
264; 202; 2; 1; 230
193; 226; 2; 1; 237
140; 239; 2; 1; 239
157; 250; 2; 1; 245
219; 203; 2; 1; 248
211; 163; 1; 2; 253
172; 263; 1; 2; 267
146; 169; 1; 2; 271
190; 143; 1; 2; 276
172; 237; 2; 1; 278
151; 254; 2; 1; 280
213; 142; 1; 2; 283
207; 174; 1; 2; 285
217; 207; 1; 2; 285
249; 203; 1; 2; 286
164; 164; 1; 2; 288
259; 230; 2; 1; 289
256; 182; 1; 2; 295
258; 184; 1; 2; 296
252; 247; 2; 1; 304
158; 150; 2; 1; 324
240; 156; 2; 1; 329
250; 162; 2; 1; 332
175; 238; 2; 1; 333
265; 245; 2; 1; 341
160; 190; 1; 2; 341
146; 214; 1; 2; 349
243; 255; 1; 2; 360
171; 138; 1; 2; 360
201; 163; 1; 2; 360
175; 149; 2; 1; 375
177; 151; 2; 1; 377
240; 222; 1; 2; 381
18
8; 1; 10; 147
1; 1; 44; 1953
13; 1; 27; 2251
3; 1; 24; 3165
6; 1; 42; 3196
15; 1; 41; 3264
14; 1; 48; 4582
12; 1; 31; 5179
11; 1; 37; 6246
4; 1; 3; 6658
2; 1; 29; 7526
10; 1; 41; 10008
0; 1; 37; 10445
9; 1; 26; 11587
5; 1; 30; 13310
17; 1; 31; 15345
7; 1; 6; 15408
16; 1; 41; 15561
