**** 302 ****
77
153; 155; 2; 1; 3
162; 238; 1; 2; 4
253; 263; 2; 1; 13
179; 161; 2; 1; 17
232; 230; 1; 2; 17
265; 231; 1; 2; 23
239; 198; 1; 2; 27
157; 238; 2; 1; 52
228; 167; 2; 1; 56
147; 163; 1; 2; 59
227; 166; 1; 2; 68
210; 235; 1; 2; 70
230; 159; 2; 1; 70
264; 147; 1; 2; 79
229; 163; 2; 1; 80
176; 227; 1; 2; 94
218; 177; 1; 2; 96
237; 224; 1; 2; 119
163; 234; 1; 2; 121
219; 165; 2; 1; 126
182; 202; 1; 2; 127
188; 237; 2; 1; 138
163; 195; 1; 2; 141
165; 158; 2; 1; 142
256; 239; 2; 1; 144
225; 239; 2; 1; 147
163; 216; 1; 2; 157
183; 219; 1; 2; 158
139; 236; 1; 2; 179
157; 178; 1; 2; 179
219; 195; 2; 1; 180
211; 232; 1; 2; 182
260; 226; 1; 2; 184
259; 213; 2; 1; 187
137; 209; 2; 1; 187
153; 246; 1; 2; 194
256; 212; 1; 2; 196
217; 250; 2; 1; 205
149; 190; 2; 1; 207
245; 227; 2; 1; 210
145; 148; 1; 2; 222
192; 151; 2; 1; 227
256; 231; 1; 2; 230
236; 147; 1; 2; 231
158; 202; 2; 1; 233
161; 203; 2; 1; 235
233; 189; 1; 2; 236
256; 192; 1; 2; 237
265; 245; 2; 1; 248
187; 182; 2; 1; 249
165; 249; 2; 1; 251
235; 239; 2; 1; 256
161; 195; 1; 2; 272
198; 199; 2; 1; 274
209; 162; 1; 2; 276
184; 186; 1; 2; 280
157; 202; 2; 1; 281
140; 204; 1; 2; 281
249; 243; 2; 1; 287
169; 202; 1; 2; 290
226; 196; 1; 2; 300
202; 238; 2; 1; 305
251; 211; 1; 2; 306
144; 189; 2; 1; 307
204; 240; 1; 2; 309
163; 235; 2; 1; 320
175; 161; 1; 2; 321
238; 247; 2; 1; 341
215; 176; 1; 2; 350
210; 204; 1; 2; 363
205; 172; 1; 2; 364
163; 221; 2; 1; 366
250; 194; 2; 1; 368
257; 249; 2; 1; 379
156; 231; 1; 2; 382
160; 172; 2; 1; 383
212; 193; 1; 2; 396
18
0; 1; 8; 775
14; 1; 29; 2481
11; 1; 25; 2742
7; 1; 9; 3570
6; 1; 20; 3818
15; 1; 44; 4391
13; 1; 38; 5050
10; 1; 38; 5196
12; 1; 40; 5398
5; 1; 32; 5916
3; 1; 7; 8617
16; 1; 20; 8646
1; 1; 13; 11986
2; 1; 13; 12778
9; 1; 35; 13483
8; 1; 48; 13715
4; 1; 23; 14935
17; 1; 40; 15433
