**** 303 ****
77
136; 250; 1; 2; 4
190; 218; 2; 1; 7
209; 203; 2; 1; 9
204; 158; 2; 1; 10
241; 253; 1; 2; 12
218; 251; 1; 2; 28
238; 229; 1; 2; 35
253; 161; 1; 2; 40
243; 218; 2; 1; 44
144; 171; 1; 2; 61
219; 137; 2; 1; 62
186; 152; 1; 2; 67
258; 188; 1; 2; 69
214; 246; 1; 2; 70
244; 139; 1; 2; 76
197; 187; 1; 2; 80
240; 244; 1; 2; 81
163; 251; 2; 1; 87
175; 147; 2; 1; 89
184; 230; 1; 2; 90
205; 179; 2; 1; 95
224; 185; 2; 1; 95
209; 157; 1; 2; 95
265; 217; 1; 2; 96
189; 212; 2; 1; 108
183; 207; 2; 1; 108
167; 237; 1; 2; 109
201; 243; 2; 1; 110
232; 262; 1; 2; 116
202; 143; 2; 1; 116
173; 154; 1; 2; 119
238; 188; 1; 2; 123
137; 224; 2; 1; 127
142; 173; 2; 1; 129
202; 246; 2; 1; 132
202; 223; 2; 1; 135
219; 245; 1; 2; 150
196; 154; 1; 2; 168
219; 213; 1; 2; 170
190; 177; 1; 2; 177
141; 202; 2; 1; 180
161; 179; 1; 2; 181
254; 145; 1; 2; 187
214; 161; 1; 2; 195
159; 146; 1; 2; 195
215; 219; 1; 2; 196
161; 244; 1; 2; 199
230; 225; 1; 2; 205
165; 262; 1; 2; 218
165; 222; 1; 2; 221
155; 238; 1; 2; 235
190; 167; 2; 1; 239
217; 168; 1; 2; 240
199; 168; 2; 1; 249
211; 265; 1; 2; 250
138; 167; 2; 1; 262
183; 159; 2; 1; 263
140; 205; 1; 2; 264
174; 140; 1; 2; 274
239; 156; 1; 2; 281
171; 158; 2; 1; 311
162; 154; 2; 1; 315
171; 173; 2; 1; 334
226; 137; 2; 1; 344
143; 173; 2; 1; 345
245; 257; 1; 2; 353
175; 228; 2; 1; 364
215; 224; 2; 1; 372
244; 195; 2; 1; 373
237; 193; 1; 2; 374
204; 183; 1; 2; 374
231; 136; 2; 1; 375
252; 207; 2; 1; 381
246; 188; 1; 2; 388
209; 157; 2; 1; 389
194; 186; 1; 2; 389
255; 235; 2; 1; 392
18
9; 1; 2; 85
16; 1; 1; 393
4; 1; 18; 1092
5; 1; 3; 1434
14; 1; 42; 2064
13; 1; 13; 3224
2; 1; 20; 5788
10; 1; 40; 5961
0; 1; 28; 7109
15; 1; 6; 8222
12; 1; 31; 9010
11; 1; 36; 9951
8; 1; 35; 11138
7; 1; 6; 12579
6; 1; 18; 13027
3; 1; 4; 13326
1; 1; 48; 13811
17; 1; 6; 13866
