**** 304 ****
77
213; 263; 2; 1; 4
252; 180; 1; 2; 10
224; 136; 1; 2; 19
238; 185; 2; 1; 31
250; 215; 1; 2; 36
200; 206; 1; 2; 40
192; 232; 1; 2; 43
148; 181; 1; 2; 45
205; 251; 2; 1; 46
220; 170; 1; 2; 49
188; 174; 2; 1; 53
222; 162; 1; 2; 55
217; 143; 1; 2; 60
251; 204; 2; 1; 64
161; 145; 1; 2; 71
150; 174; 2; 1; 87
179; 198; 1; 2; 91
263; 160; 2; 1; 93
225; 158; 1; 2; 102
208; 216; 1; 2; 107
217; 153; 1; 2; 108
212; 248; 1; 2; 114
146; 212; 2; 1; 117
137; 217; 1; 2; 121
211; 175; 1; 2; 123
229; 220; 2; 1; 126
161; 245; 1; 2; 127
236; 264; 1; 2; 127
231; 151; 1; 2; 134
143; 218; 1; 2; 134
250; 244; 1; 2; 142
207; 188; 1; 2; 144
230; 265; 2; 1; 150
145; 237; 2; 1; 150
223; 164; 1; 2; 156
147; 138; 2; 1; 163
242; 246; 2; 1; 163
244; 168; 1; 2; 171
194; 232; 2; 1; 176
259; 174; 1; 2; 181
142; 216; 2; 1; 187
265; 199; 2; 1; 191
145; 207; 2; 1; 200
191; 142; 1; 2; 205
160; 204; 1; 2; 212
231; 154; 2; 1; 213
238; 166; 1; 2; 219
259; 234; 1; 2; 219
176; 203; 2; 1; 220
227; 255; 1; 2; 222
236; 156; 1; 2; 225
147; 144; 1; 2; 226
223; 239; 2; 1; 231
227; 255; 1; 2; 233
242; 173; 1; 2; 261
252; 161; 1; 2; 266
193; 205; 1; 2; 273
140; 200; 2; 1; 276
259; 201; 1; 2; 278
210; 182; 2; 1; 280
260; 262; 2; 1; 292
233; 137; 2; 1; 296
256; 254; 1; 2; 297
253; 150; 2; 1; 302
200; 220; 1; 2; 307
183; 234; 2; 1; 308
244; 211; 2; 1; 313
189; 148; 1; 2; 323
262; 169; 2; 1; 326
199; 230; 2; 1; 331
150; 204; 2; 1; 343
227; 215; 1; 2; 348
217; 169; 2; 1; 351
216; 168; 2; 1; 356
186; 194; 1; 2; 376
232; 170; 1; 2; 379
179; 178; 2; 1; 401
18
0; 1; 24; 858
17; 1; 46; 924
10; 1; 38; 1495
7; 1; 23; 2111
8; 1; 40; 2746
16; 1; 43; 6031
11; 1; 25; 6235
14; 1; 4; 7544
4; 1; 25; 7743
15; 1; 35; 8167
13; 1; 27; 8229
9; 1; 24; 8272
3; 1; 10; 8556
5; 1; 4; 9310
6; 1; 21; 9791
12; 1; 49; 10406
2; 1; 20; 11812
1; 1; 20; 15172
