**** 305 ****
77
245; 264; 2; 1; 6
190; 222; 1; 2; 15
255; 147; 2; 1; 15
249; 199; 1; 2; 29
179; 154; 2; 1; 31
187; 262; 1; 2; 38
155; 163; 2; 1; 44
253; 199; 2; 1; 44
195; 246; 1; 2; 48
249; 149; 1; 2; 48
210; 212; 1; 2; 50
151; 212; 1; 2; 57
180; 188; 2; 1; 59
161; 234; 2; 1; 62
142; 138; 2; 1; 66
214; 245; 1; 2; 66
185; 220; 2; 1; 79
188; 213; 1; 2; 80
141; 153; 2; 1; 95
226; 137; 2; 1; 97
263; 177; 2; 1; 107
194; 238; 2; 1; 112
173; 166; 1; 2; 115
168; 175; 1; 2; 116
180; 255; 2; 1; 119
238; 167; 2; 1; 123
265; 210; 2; 1; 123
221; 221; 1; 2; 134
260; 139; 2; 1; 135
166; 164; 2; 1; 141
199; 233; 2; 1; 156
256; 143; 2; 1; 161
214; 197; 1; 2; 178
229; 233; 1; 2; 178
222; 195; 2; 1; 180
191; 241; 1; 2; 182
256; 232; 2; 1; 188
181; 143; 2; 1; 189
253; 238; 1; 2; 191
247; 199; 1; 2; 193
180; 180; 1; 2; 197
253; 149; 2; 1; 201
172; 225; 1; 2; 203
182; 249; 2; 1; 210
146; 254; 2; 1; 213
233; 216; 2; 1; 221
167; 238; 1; 2; 224
224; 240; 2; 1; 232
158; 157; 1; 2; 235
239; 152; 2; 1; 236
200; 204; 2; 1; 240
137; 169; 1; 2; 248
204; 185; 1; 2; 251
220; 213; 1; 2; 252
174; 260; 1; 2; 252
198; 214; 1; 2; 253
224; 137; 1; 2; 256
222; 180; 2; 1; 270
146; 145; 1; 2; 279
242; 213; 2; 1; 280
210; 211; 2; 1; 290
160; 215; 2; 1; 311
201; 203; 2; 1; 318
148; 220; 2; 1; 321
164; 154; 1; 2; 322
252; 165; 2; 1; 331
151; 215; 2; 1; 333
236; 184; 1; 2; 337
256; 201; 2; 1; 338
142; 187; 2; 1; 347
233; 254; 1; 2; 347
173; 188; 1; 2; 363
156; 189; 1; 2; 369
240; 261; 2; 1; 374
153; 187; 1; 2; 389
254; 198; 2; 1; 393
193; 209; 2; 1; 397
18
14; 1; 24; 273
3; 1; 26; 936
9; 1; 7; 2459
6; 1; 47; 2867
1; 1; 4; 3141
5; 1; 21; 3846
11; 1; 49; 4404
16; 1; 18; 5068
2; 1; 21; 6847
12; 1; 40; 8332
8; 1; 8; 9256
15; 1; 33; 9686
4; 1; 27; 10885
17; 1; 7; 11975
13; 1; 41; 12628
7; 1; 35; 12754
0; 1; 7; 13112
10; 1; 43; 14157
