**** 306 ****
77
145; 166; 1; 2; 10
208; 247; 1; 2; 17
193; 240; 2; 1; 24
188; 205; 1; 2; 30
171; 251; 1; 2; 51
143; 205; 1; 2; 61
188; 257; 2; 1; 62
226; 202; 1; 2; 73
264; 193; 1; 2; 75
188; 156; 1; 2; 87
262; 192; 2; 1; 89
141; 160; 1; 2; 89
170; 218; 2; 1; 91
180; 155; 1; 2; 95
161; 165; 2; 1; 106
146; 179; 1; 2; 111
237; 156; 1; 2; 112
256; 145; 2; 1; 123
145; 227; 1; 2; 130
253; 186; 2; 1; 139
183; 201; 2; 1; 157
255; 208; 1; 2; 161
221; 181; 1; 2; 168
240; 182; 1; 2; 175
192; 238; 1; 2; 176
222; 246; 2; 1; 177
210; 217; 1; 2; 181
142; 263; 2; 1; 186
222; 194; 1; 2; 188
240; 216; 1; 2; 192
193; 156; 1; 2; 193
200; 176; 2; 1; 194
218; 176; 2; 1; 197
254; 170; 1; 2; 210
209; 141; 2; 1; 223
203; 165; 2; 1; 230
209; 170; 1; 2; 231
240; 156; 2; 1; 235
186; 248; 1; 2; 237
209; 183; 1; 2; 244
181; 176; 2; 1; 248
207; 165; 2; 1; 252
196; 254; 2; 1; 255
206; 228; 1; 2; 259
138; 201; 1; 2; 264
255; 166; 2; 1; 270
238; 148; 1; 2; 273
252; 232; 1; 2; 276
199; 195; 2; 1; 282
155; 145; 2; 1; 291
174; 147; 1; 2; 296
216; 154; 2; 1; 307
210; 225; 2; 1; 310
202; 189; 1; 2; 318
225; 223; 2; 1; 322
192; 209; 1; 2; 324
158; 263; 2; 1; 331
208; 202; 2; 1; 343
232; 255; 2; 1; 349
255; 148; 1; 2; 350
159; 185; 1; 2; 353
191; 202; 1; 2; 354
172; 163; 1; 2; 355
177; 189; 1; 2; 356
136; 177; 2; 1; 358
139; 177; 2; 1; 359
166; 222; 2; 1; 378
251; 261; 2; 1; 379
179; 171; 2; 1; 380
147; 210; 1; 2; 380
176; 213; 2; 1; 385
154; 263; 2; 1; 387
216; 238; 1; 2; 391
180; 156; 2; 1; 395
198; 152; 1; 2; 396
182; 209; 2; 1; 397
169; 194; 1; 2; 403
18
9; 1; 39; 442
11; 1; 23; 552
8; 1; 18; 597
1; 1; 34; 1067
6; 1; 49; 1566
12; 1; 43; 1885
0; 1; 20; 4344
4; 1; 47; 4819
3; 1; 10; 6253
14; 1; 25; 7540
17; 1; 32; 8325
2; 1; 28; 11793
10; 1; 31; 12429
15; 1; 11; 12759
13; 1; 4; 13083
5; 1; 8; 13481
7; 1; 47; 14190
16; 1; 44; 14747
