**** 307 ****
77
139; 182; 2; 1; 10
265; 192; 1; 2; 17
202; 233; 2; 1; 24
194; 244; 2; 1; 40
175; 144; 1; 2; 61
163; 183; 2; 1; 65
212; 149; 1; 2; 67
241; 213; 1; 2; 75
167; 216; 2; 1; 75
155; 220; 2; 1; 79
160; 158; 1; 2; 93
159; 143; 2; 1; 96
227; 148; 2; 1; 97
246; 156; 2; 1; 99
232; 246; 1; 2; 100
161; 141; 1; 2; 101
254; 254; 1; 2; 103
145; 174; 2; 1; 110
237; 223; 1; 2; 111
161; 155; 1; 2; 126
249; 146; 1; 2; 126
180; 236; 2; 1; 143
217; 160; 2; 1; 152
225; 265; 2; 1; 160
245; 198; 1; 2; 163
256; 168; 1; 2; 163
210; 147; 2; 1; 164
176; 212; 2; 1; 171
208; 180; 1; 2; 177
169; 248; 1; 2; 188
159; 206; 1; 2; 199
257; 192; 2; 1; 203
144; 194; 2; 1; 207
225; 203; 2; 1; 213
261; 238; 2; 1; 219
200; 239; 1; 2; 226
207; 192; 2; 1; 228
151; 148; 2; 1; 238
163; 149; 1; 2; 242
151; 145; 2; 1; 245
176; 240; 1; 2; 249
212; 141; 2; 1; 264
246; 217; 2; 1; 265
188; 253; 1; 2; 269
231; 156; 1; 2; 273
216; 227; 1; 2; 276
150; 143; 2; 1; 277
225; 154; 2; 1; 286
154; 200; 2; 1; 289
249; 196; 1; 2; 290
231; 208; 2; 1; 294
146; 236; 2; 1; 297
173; 258; 2; 1; 299
200; 207; 2; 1; 300
219; 174; 2; 1; 303
175; 159; 1; 2; 307
152; 228; 1; 2; 308
181; 212; 1; 2; 312
248; 198; 1; 2; 315
157; 260; 1; 2; 315
143; 211; 2; 1; 329
255; 220; 2; 1; 330
263; 226; 2; 1; 333
238; 214; 1; 2; 343
265; 204; 2; 1; 347
198; 188; 2; 1; 353
196; 164; 1; 2; 353
142; 201; 1; 2; 356
189; 251; 1; 2; 363
254; 150; 2; 1; 364
150; 201; 2; 1; 370
203; 190; 1; 2; 372
140; 249; 2; 1; 379
177; 147; 2; 1; 380
229; 214; 2; 1; 383
145; 198; 1; 2; 394
201; 256; 1; 2; 397
18
4; 1; 38; 552
3; 1; 41; 599
12; 1; 20; 1405
1; 1; 11; 1493
7; 1; 37; 1823
17; 1; 44; 2266
2; 1; 49; 2629
14; 1; 12; 3535
5; 1; 48; 4093
9; 1; 14; 4713
13; 1; 2; 5587
11; 1; 48; 7441
8; 1; 45; 9467
6; 1; 32; 10803
0; 1; 44; 13730
16; 1; 21; 13854
10; 1; 14; 15629
15; 1; 4; 15652
