**** 308 ****
78
184; 148; 1; 2; 6
183; 203; 1; 2; 6
208; 162; 2; 1; 14
168; 263; 2; 1; 31
222; 203; 2; 1; 31
242; 248; 1; 2; 35
225; 271; 1; 2; 53
181; 167; 1; 2; 56
260; 273; 2; 1; 59
228; 171; 1; 2; 62
252; 201; 1; 2; 67
147; 224; 2; 1; 74
231; 217; 1; 2; 78
263; 221; 1; 2; 79
265; 150; 2; 1; 81
148; 229; 2; 1; 81
182; 243; 2; 1; 82
157; 176; 1; 2; 85
204; 261; 1; 2; 92
163; 164; 2; 1; 92
157; 178; 2; 1; 104
160; 251; 2; 1; 115
203; 255; 1; 2; 119
157; 268; 1; 2; 122
264; 142; 1; 2; 123
215; 262; 1; 2; 123
224; 201; 1; 2; 129
193; 148; 1; 2; 133
196; 239; 2; 1; 138
157; 189; 2; 1; 149
155; 226; 1; 2; 151
179; 190; 1; 2; 168
155; 161; 2; 1; 184
156; 144; 2; 1; 191
221; 244; 1; 2; 193
190; 225; 2; 1; 197
146; 213; 2; 1; 200
164; 165; 2; 1; 215
190; 260; 2; 1; 224
179; 219; 2; 1; 229
249; 172; 2; 1; 232
188; 244; 2; 1; 235
155; 216; 2; 1; 242
236; 152; 1; 2; 249
235; 217; 1; 2; 252
169; 206; 2; 1; 255
178; 196; 2; 1; 255
228; 217; 1; 2; 261
165; 244; 1; 2; 263
226; 217; 1; 2; 277
264; 254; 2; 1; 278
203; 174; 1; 2; 283
241; 246; 2; 1; 287
261; 202; 1; 2; 290
144; 190; 1; 2; 291
262; 222; 1; 2; 291
185; 209; 1; 2; 300
269; 244; 2; 1; 301
147; 233; 2; 1; 304
184; 199; 2; 1; 309
156; 187; 2; 1; 313
210; 178; 2; 1; 315
234; 251; 2; 1; 324
196; 250; 2; 1; 337
203; 179; 2; 1; 338
156; 158; 2; 1; 344
166; 219; 2; 1; 347
216; 267; 2; 1; 354
145; 227; 1; 2; 366
249; 244; 1; 2; 366
151; 172; 1; 2; 379
241; 267; 1; 2; 385
161; 162; 2; 1; 392
261; 190; 1; 2; 394
194; 155; 2; 1; 396
200; 204; 2; 1; 402
250; 263; 1; 2; 403
259; 248; 1; 2; 404
18
13; 1; 35; 146
1; 1; 44; 190
0; 1; 14; 274
14; 1; 43; 404
2; 1; 17; 514
12; 1; 48; 878
15; 1; 27; 2432
10; 1; 8; 3954
5; 1; 19; 5173
16; 1; 39; 5524
9; 1; 3; 5885
8; 1; 29; 6693
17; 1; 47; 9078
7; 1; 16; 9157
11; 1; 32; 10011
6; 1; 10; 10083
3; 1; 43; 13327
4; 1; 42; 15155
