**** 309 ****
78
189; 189; 1; 2; 1
157; 224; 2; 1; 8
158; 257; 1; 2; 11
170; 179; 2; 1; 33
204; 160; 2; 1; 39
196; 181; 2; 1; 48
244; 225; 2; 1; 54
191; 149; 1; 2; 57
158; 239; 2; 1; 63
206; 218; 2; 1; 66
187; 206; 1; 2; 74
166; 178; 1; 2; 74
238; 272; 2; 1; 77
251; 210; 1; 2; 82
233; 206; 2; 1; 86
197; 180; 2; 1; 91
156; 258; 1; 2; 93
181; 241; 2; 1; 118
155; 223; 1; 2; 123
259; 237; 2; 1; 125
209; 215; 2; 1; 131
204; 229; 2; 1; 134
209; 210; 2; 1; 135
144; 235; 1; 2; 140
144; 158; 2; 1; 143
261; 191; 1; 2; 146
174; 249; 1; 2; 150
144; 259; 1; 2; 155
158; 149; 2; 1; 157
194; 237; 1; 2; 180
225; 186; 2; 1; 186
148; 253; 1; 2; 186
173; 197; 1; 2; 190
252; 258; 1; 2; 193
153; 163; 1; 2; 200
267; 207; 1; 2; 208
269; 230; 2; 1; 212
170; 191; 2; 1; 221
255; 226; 1; 2; 223
157; 206; 2; 1; 229
191; 201; 1; 2; 229
232; 180; 1; 2; 242
212; 255; 2; 1; 243
253; 142; 1; 2; 252
257; 166; 2; 1; 264
184; 196; 1; 2; 266
170; 191; 2; 1; 273
152; 150; 2; 1; 275
235; 216; 1; 2; 279
185; 203; 1; 2; 279
232; 229; 1; 2; 285
169; 203; 1; 2; 288
247; 160; 2; 1; 293
185; 173; 2; 1; 299
197; 197; 2; 1; 304
217; 185; 1; 2; 304
196; 149; 1; 2; 305
239; 218; 1; 2; 307
227; 217; 1; 2; 319
172; 209; 2; 1; 321
197; 264; 1; 2; 322
234; 253; 1; 2; 324
165; 218; 2; 1; 333
235; 141; 1; 2; 341
231; 264; 2; 1; 341
181; 208; 2; 1; 344
170; 264; 2; 1; 355
209; 157; 2; 1; 363
268; 271; 2; 1; 367
262; 166; 2; 1; 369
205; 199; 2; 1; 378
252; 258; 2; 1; 383
254; 270; 1; 2; 389
245; 163; 1; 2; 390
213; 141; 1; 2; 393
243; 194; 1; 2; 395
179; 250; 2; 1; 404
184; 256; 2; 1; 405
18
4; 1; 36; 1010
6; 1; 47; 2320
12; 1; 30; 2820
14; 1; 45; 2925
1; 1; 17; 3119
10; 1; 20; 3171
3; 1; 21; 3714
11; 1; 27; 3934
0; 1; 17; 6368
13; 1; 15; 7016
15; 1; 1; 8387
2; 1; 16; 9712
5; 1; 13; 11747
8; 1; 5; 12284
17; 1; 18; 13539
16; 1; 23; 13800
7; 1; 25; 14290
9; 1; 19; 15338
