**** 31 ****
52
11; 52; 2; 1; 0
47; 29; 2; 1; 4
35; 25; 1; 2; 4
31; 57; 2; 1; 5
20; 65; 1; 2; 8
31; 50; 2; 1; 8
52; 31; 2; 1; 8
15; 64; 2; 1; 10
48; 37; 1; 2; 14
38; 23; 1; 2; 17
64; 32; 2; 1; 19
27; 29; 1; 2; 25
64; 28; 2; 1; 25
30; 57; 2; 1; 26
40; 42; 2; 1; 29
62; 38; 1; 2; 30
62; 50; 1; 2; 36
41; 26; 1; 2; 36
44; 38; 1; 2; 38
18; 56; 2; 1; 42
64; 36; 1; 2; 43
55; 27; 2; 1; 45
18; 65; 1; 2; 54
30; 40; 2; 1; 55
64; 23; 2; 1; 57
31; 20; 2; 1; 59
54; 15; 1; 2; 59
18; 31; 2; 1; 69
25; 60; 1; 2; 70
36; 35; 2; 1; 74
36; 37; 2; 1; 75
65; 33; 1; 2; 77
55; 48; 2; 1; 80
40; 50; 2; 1; 80
20; 43; 1; 2; 84
46; 48; 2; 1; 87
62; 51; 1; 2; 88
12; 56; 1; 2; 89
28; 57; 1; 2; 91
57; 44; 2; 1; 93
51; 22; 2; 1; 94
34; 25; 2; 1; 95
46; 23; 1; 2; 96
56; 55; 1; 2; 96
52; 39; 2; 1; 102
33; 37; 1; 2; 110
29; 51; 1; 2; 110
56; 38; 2; 1; 112
46; 61; 1; 2; 114
30; 32; 2; 1; 118
43; 63; 1; 2; 121
55; 13; 2; 1; 122
13
7; 1; 32; 62
8; 1; 2; 95
1; 1; 29; 208
0; 1; 16; 505
3; 1; 2; 524
4; 1; 13; 877
5; 1; 28; 901
12; 1; 40; 1078
6; 1; 9; 1362
2; 1; 10; 1651
11; 1; 9; 1682
9; 1; 36; 1710
10; 1; 31; 1934
