**** 310 ****
78
150; 181; 2; 1; 1
241; 197; 2; 1; 9
268; 181; 2; 1; 13
231; 144; 1; 2; 25
165; 147; 1; 2; 31
221; 183; 2; 1; 34
230; 210; 1; 2; 41
248; 181; 1; 2; 47
242; 172; 1; 2; 47
222; 240; 2; 1; 50
260; 211; 2; 1; 50
204; 244; 2; 1; 51
251; 212; 2; 1; 52
232; 171; 2; 1; 52
233; 233; 1; 2; 71
229; 157; 1; 2; 73
273; 157; 1; 2; 75
157; 143; 1; 2; 78
244; 235; 1; 2; 79
245; 214; 2; 1; 95
227; 164; 1; 2; 97
154; 150; 2; 1; 103
243; 261; 2; 1; 106
168; 242; 2; 1; 115
162; 265; 2; 1; 125
196; 210; 1; 2; 127
230; 223; 2; 1; 142
193; 223; 2; 1; 149
198; 247; 1; 2; 149
207; 236; 2; 1; 171
272; 204; 1; 2; 171
242; 218; 2; 1; 183
193; 209; 1; 2; 186
259; 182; 2; 1; 192
255; 254; 1; 2; 197
241; 240; 2; 1; 210
243; 145; 1; 2; 218
166; 146; 1; 2; 221
171; 247; 1; 2; 222
147; 176; 1; 2; 227
248; 245; 2; 1; 228
149; 160; 2; 1; 231
205; 220; 2; 1; 235
269; 251; 1; 2; 249
238; 193; 2; 1; 253
169; 161; 2; 1; 255
218; 148; 2; 1; 261
179; 148; 2; 1; 265
261; 210; 1; 2; 276
148; 191; 1; 2; 280
265; 254; 1; 2; 288
143; 222; 2; 1; 293
268; 244; 1; 2; 297
215; 272; 1; 2; 299
226; 220; 2; 1; 300
268; 237; 2; 1; 305
230; 262; 2; 1; 305
241; 161; 1; 2; 308
239; 266; 2; 1; 319
251; 215; 2; 1; 326
235; 177; 2; 1; 335
184; 218; 2; 1; 335
235; 208; 2; 1; 337
169; 218; 1; 2; 338
219; 210; 1; 2; 348
145; 256; 1; 2; 349
246; 178; 1; 2; 351
270; 253; 1; 2; 354
204; 245; 1; 2; 358
188; 166; 1; 2; 361
190; 253; 2; 1; 367
164; 221; 2; 1; 381
162; 266; 1; 2; 392
208; 201; 2; 1; 394
153; 208; 2; 1; 399
207; 250; 1; 2; 405
202; 206; 1; 2; 406
266; 179; 1; 2; 408
18
13; 1; 12; 1021
8; 1; 23; 1076
1; 1; 28; 1613
14; 1; 14; 2348
0; 1; 30; 4032
16; 1; 11; 4100
3; 1; 19; 5962
9; 1; 37; 6373
15; 1; 48; 7351
12; 1; 7; 8592
4; 1; 7; 8985
5; 1; 32; 10960
2; 1; 16; 11962
11; 1; 48; 13206
7; 1; 29; 13493
10; 1; 44; 14342
17; 1; 15; 14762
6; 1; 14; 16723
