**** 311 ****
78
233; 239; 2; 1; 3
262; 272; 1; 2; 5
204; 164; 2; 1; 17
240; 248; 2; 1; 19
197; 160; 2; 1; 21
257; 173; 2; 1; 32
230; 142; 1; 2; 35
237; 159; 2; 1; 39
225; 190; 1; 2; 54
205; 154; 2; 1; 62
155; 243; 1; 2; 67
165; 245; 2; 1; 73
243; 257; 2; 1; 73
241; 215; 1; 2; 76
171; 154; 1; 2; 80
247; 167; 1; 2; 81
202; 272; 1; 2; 82
156; 148; 1; 2; 83
152; 218; 2; 1; 83
273; 217; 2; 1; 91
227; 257; 2; 1; 92
207; 145; 1; 2; 93
202; 174; 1; 2; 97
225; 269; 2; 1; 102
196; 147; 2; 1; 105
259; 255; 1; 2; 116
272; 247; 1; 2; 127
191; 225; 2; 1; 128
265; 224; 2; 1; 129
233; 237; 2; 1; 129
151; 246; 2; 1; 132
181; 244; 2; 1; 133
162; 189; 2; 1; 138
205; 207; 1; 2; 141
237; 157; 1; 2; 144
161; 243; 1; 2; 156
261; 265; 2; 1; 158
263; 231; 1; 2; 180
273; 155; 1; 2; 189
234; 162; 1; 2; 191
271; 149; 1; 2; 194
196; 262; 1; 2; 212
212; 224; 2; 1; 220
210; 246; 1; 2; 236
210; 227; 1; 2; 238
222; 202; 2; 1; 246
208; 215; 1; 2; 251
141; 148; 2; 1; 252
172; 164; 1; 2; 264
170; 150; 1; 2; 267
180; 181; 1; 2; 268
178; 202; 1; 2; 272
157; 200; 1; 2; 285
183; 265; 1; 2; 291
226; 216; 2; 1; 300
193; 269; 2; 1; 306
200; 244; 1; 2; 309
189; 230; 1; 2; 312
227; 155; 1; 2; 314
245; 175; 1; 2; 317
163; 252; 1; 2; 319
188; 203; 1; 2; 319
200; 149; 2; 1; 319
160; 151; 1; 2; 322
229; 167; 1; 2; 326
171; 228; 2; 1; 335
242; 202; 2; 1; 335
197; 218; 2; 1; 339
199; 220; 2; 1; 357
270; 258; 1; 2; 367
186; 194; 2; 1; 368
223; 185; 2; 1; 373
161; 267; 1; 2; 374
144; 223; 2; 1; 375
141; 175; 1; 2; 378
215; 180; 2; 1; 380
256; 232; 1; 2; 392
144; 166; 1; 2; 408
18
10; 1; 36; 544
15; 1; 13; 2501
9; 1; 1; 2637
11; 1; 25; 7000
8; 1; 32; 7172
1; 1; 31; 8606
4; 1; 11; 9628
13; 1; 34; 10327
2; 1; 33; 10385
12; 1; 33; 10535
17; 1; 16; 11051
14; 1; 15; 13046
3; 1; 35; 13204
16; 1; 19; 13342
5; 1; 16; 14711
6; 1; 43; 15077
0; 1; 21; 15537
7; 1; 29; 16382
