**** 312 ****
78
187; 145; 1; 2; 6
273; 207; 2; 1; 9
162; 230; 1; 2; 24
254; 195; 1; 2; 25
180; 169; 1; 2; 25
187; 207; 1; 2; 28
181; 196; 2; 1; 29
146; 167; 1; 2; 32
235; 258; 1; 2; 34
210; 188; 2; 1; 39
141; 256; 1; 2; 43
195; 243; 2; 1; 45
226; 233; 2; 1; 46
171; 151; 1; 2; 48
195; 272; 1; 2; 49
252; 252; 1; 2; 65
209; 183; 1; 2; 66
246; 244; 2; 1; 72
225; 186; 2; 1; 90
172; 263; 2; 1; 95
221; 208; 2; 1; 100
250; 201; 1; 2; 113
220; 192; 1; 2; 116
223; 188; 1; 2; 117
189; 271; 2; 1; 125
217; 149; 1; 2; 127
213; 155; 2; 1; 140
191; 202; 1; 2; 146
152; 175; 2; 1; 148
235; 267; 2; 1; 157
167; 191; 2; 1; 162
221; 253; 2; 1; 163
270; 228; 1; 2; 164
220; 235; 1; 2; 167
177; 260; 1; 2; 168
169; 226; 1; 2; 174
268; 228; 2; 1; 179
259; 249; 1; 2; 186
193; 235; 2; 1; 189
214; 247; 1; 2; 191
199; 178; 1; 2; 195
255; 243; 1; 2; 201
252; 253; 2; 1; 206
248; 267; 2; 1; 208
227; 165; 2; 1; 210
247; 183; 2; 1; 247
193; 153; 2; 1; 249
165; 196; 1; 2; 254
210; 252; 1; 2; 255
250; 239; 1; 2; 258
197; 211; 1; 2; 266
241; 255; 1; 2; 269
212; 257; 2; 1; 269
214; 240; 2; 1; 293
235; 143; 2; 1; 295
228; 159; 2; 1; 295
257; 263; 1; 2; 302
248; 146; 2; 1; 311
145; 253; 2; 1; 316
198; 264; 2; 1; 321
265; 177; 2; 1; 324
151; 208; 2; 1; 324
240; 266; 1; 2; 326
219; 196; 2; 1; 337
212; 261; 1; 2; 342
229; 189; 1; 2; 344
193; 267; 1; 2; 360
190; 155; 1; 2; 360
141; 237; 1; 2; 369
247; 177; 1; 2; 370
232; 169; 2; 1; 370
226; 149; 2; 1; 371
168; 271; 1; 2; 386
192; 180; 2; 1; 395
167; 146; 1; 2; 400
233; 267; 2; 1; 402
166; 268; 2; 1; 402
174; 241; 2; 1; 404
18
7; 1; 44; 574
8; 1; 20; 843
2; 1; 24; 2289
4; 1; 47; 2625
12; 1; 47; 2704
13; 1; 42; 3988
3; 1; 19; 5235
17; 1; 3; 5258
11; 1; 34; 5979
15; 1; 25; 6543
1; 1; 35; 6819
0; 1; 47; 8958
16; 1; 3; 11470
9; 1; 44; 13028
14; 1; 26; 14499
10; 1; 30; 15431
6; 1; 46; 15475
5; 1; 4; 15877
