**** 313 ****
78
271; 263; 2; 1; 2
273; 273; 2; 1; 5
224; 160; 2; 1; 10
170; 239; 2; 1; 22
212; 189; 1; 2; 29
271; 160; 1; 2; 30
241; 267; 1; 2; 38
201; 191; 2; 1; 41
260; 146; 1; 2; 47
206; 167; 1; 2; 52
174; 159; 1; 2; 57
200; 186; 2; 1; 66
157; 146; 2; 1; 68
262; 160; 2; 1; 71
229; 221; 2; 1; 72
188; 238; 1; 2; 72
211; 265; 1; 2; 76
159; 143; 1; 2; 80
156; 190; 1; 2; 81
240; 148; 2; 1; 82
206; 223; 2; 1; 88
213; 242; 1; 2; 89
258; 219; 2; 1; 97
256; 240; 2; 1; 100
252; 270; 2; 1; 106
234; 156; 2; 1; 108
207; 203; 2; 1; 121
233; 198; 1; 2; 122
191; 177; 1; 2; 124
254; 171; 2; 1; 124
159; 158; 2; 1; 139
225; 180; 2; 1; 142
171; 196; 2; 1; 142
178; 191; 2; 1; 144
158; 211; 2; 1; 146
168; 169; 2; 1; 152
255; 151; 2; 1; 154
228; 178; 2; 1; 155
201; 156; 2; 1; 159
261; 204; 1; 2; 165
185; 218; 2; 1; 183
180; 271; 1; 2; 185
270; 257; 2; 1; 189
266; 143; 1; 2; 193
197; 252; 2; 1; 204
263; 223; 2; 1; 217
270; 193; 1; 2; 223
187; 202; 1; 2; 231
145; 256; 1; 2; 231
243; 255; 2; 1; 243
250; 245; 1; 2; 246
213; 174; 1; 2; 249
184; 234; 2; 1; 250
268; 180; 2; 1; 255
225; 165; 2; 1; 263
217; 236; 1; 2; 273
172; 257; 1; 2; 279
174; 208; 1; 2; 283
202; 162; 2; 1; 288
162; 253; 2; 1; 297
144; 233; 1; 2; 297
149; 215; 2; 1; 306
228; 249; 1; 2; 309
145; 266; 1; 2; 355
227; 193; 2; 1; 355
231; 164; 1; 2; 357
250; 187; 1; 2; 359
185; 206; 2; 1; 365
252; 188; 2; 1; 366
207; 222; 1; 2; 371
271; 232; 2; 1; 381
214; 219; 1; 2; 385
165; 246; 2; 1; 388
226; 272; 2; 1; 388
157; 225; 2; 1; 392
214; 164; 2; 1; 396
159; 266; 2; 1; 398
216; 165; 1; 2; 410
18
13; 1; 4; 18
14; 1; 33; 276
1; 1; 12; 372
9; 1; 29; 710
4; 1; 9; 1868
2; 1; 25; 2264
12; 1; 46; 2563
3; 1; 47; 4808
5; 1; 10; 4937
8; 1; 2; 7270
15; 1; 14; 8649
6; 1; 17; 8835
0; 1; 16; 8900
10; 1; 27; 9011
17; 1; 1; 10554
11; 1; 36; 13968
16; 1; 45; 14468
7; 1; 45; 16288
