**** 314 ****
78
181; 153; 2; 1; 3
215; 216; 1; 2; 4
214; 271; 1; 2; 8
214; 149; 2; 1; 19
245; 241; 2; 1; 22
190; 222; 1; 2; 24
268; 197; 2; 1; 26
144; 161; 2; 1; 47
164; 264; 2; 1; 54
190; 194; 2; 1; 55
262; 218; 2; 1; 55
144; 243; 1; 2; 56
160; 261; 1; 2; 66
165; 167; 2; 1; 67
210; 212; 2; 1; 72
206; 228; 2; 1; 79
179; 192; 2; 1; 80
187; 198; 1; 2; 84
177; 223; 1; 2; 88
204; 200; 2; 1; 102
272; 236; 1; 2; 104
166; 182; 1; 2; 109
209; 223; 1; 2; 127
148; 252; 2; 1; 131
146; 144; 1; 2; 134
153; 230; 1; 2; 144
146; 227; 1; 2; 154
241; 193; 1; 2; 161
184; 144; 2; 1; 168
196; 244; 2; 1; 172
152; 225; 2; 1; 175
212; 162; 1; 2; 176
266; 160; 2; 1; 179
162; 146; 2; 1; 193
161; 193; 2; 1; 204
260; 143; 1; 2; 205
183; 170; 2; 1; 205
219; 174; 2; 1; 206
255; 153; 1; 2; 208
271; 206; 1; 2; 209
234; 168; 1; 2; 215
202; 225; 2; 1; 218
204; 177; 2; 1; 218
166; 236; 2; 1; 221
263; 217; 1; 2; 224
155; 147; 1; 2; 241
217; 243; 1; 2; 248
163; 224; 1; 2; 250
178; 259; 2; 1; 252
191; 232; 2; 1; 264
206; 261; 2; 1; 265
152; 252; 1; 2; 273
250; 168; 2; 1; 277
237; 210; 2; 1; 278
219; 208; 2; 1; 281
256; 264; 1; 2; 285
246; 265; 2; 1; 287
147; 240; 2; 1; 287
247; 249; 2; 1; 289
246; 239; 2; 1; 296
232; 171; 2; 1; 307
253; 150; 2; 1; 311
203; 266; 2; 1; 317
200; 253; 1; 2; 323
157; 191; 1; 2; 325
181; 212; 1; 2; 325
223; 256; 1; 2; 355
218; 183; 1; 2; 365
199; 260; 2; 1; 377
154; 181; 2; 1; 377
153; 264; 2; 1; 383
159; 215; 1; 2; 396
249; 162; 2; 1; 398
225; 164; 1; 2; 400
213; 256; 2; 1; 402
218; 196; 2; 1; 404
192; 171; 2; 1; 406
242; 257; 1; 2; 410
18
8; 1; 12; 421
0; 1; 33; 1722
3; 1; 1; 2733
13; 1; 42; 2795
5; 1; 35; 3763
10; 1; 1; 3946
2; 1; 20; 4489
11; 1; 41; 7051
6; 1; 2; 7528
7; 1; 17; 7813
9; 1; 38; 8413
12; 1; 49; 8651
16; 1; 45; 9784
1; 1; 29; 11792
4; 1; 18; 12554
14; 1; 13; 13484
17; 1; 33; 13700
15; 1; 31; 15096
