**** 315 ****
78
198; 150; 1; 2; 6
154; 248; 1; 2; 8
253; 215; 2; 1; 8
154; 260; 2; 1; 31
166; 181; 2; 1; 41
271; 200; 1; 2; 41
176; 178; 1; 2; 54
198; 223; 1; 2; 60
231; 243; 1; 2; 67
177; 218; 2; 1; 68
232; 272; 2; 1; 74
154; 146; 1; 2; 74
178; 172; 1; 2; 76
144; 221; 1; 2; 80
230; 262; 1; 2; 83
217; 168; 1; 2; 91
213; 211; 1; 2; 97
199; 217; 1; 2; 99
233; 209; 2; 1; 103
218; 254; 1; 2; 108
269; 222; 1; 2; 108
179; 273; 1; 2; 126
235; 271; 2; 1; 129
167; 202; 2; 1; 136
176; 214; 1; 2; 142
178; 263; 2; 1; 165
143; 223; 1; 2; 166
205; 211; 1; 2; 167
152; 208; 2; 1; 177
220; 180; 2; 1; 178
262; 185; 1; 2; 183
251; 257; 2; 1; 184
164; 204; 2; 1; 187
208; 145; 2; 1; 188
219; 203; 1; 2; 189
255; 193; 2; 1; 198
230; 166; 2; 1; 202
231; 272; 1; 2; 216
240; 188; 2; 1; 217
272; 207; 1; 2; 218
174; 200; 1; 2; 221
170; 205; 1; 2; 228
222; 247; 2; 1; 228
195; 220; 1; 2; 232
157; 230; 2; 1; 235
223; 180; 2; 1; 244
268; 250; 2; 1; 245
178; 235; 1; 2; 255
197; 237; 1; 2; 262
168; 222; 1; 2; 269
211; 244; 2; 1; 282
248; 177; 1; 2; 283
237; 262; 2; 1; 289
228; 230; 1; 2; 295
185; 199; 1; 2; 296
196; 256; 1; 2; 330
164; 187; 2; 1; 331
179; 178; 1; 2; 332
262; 216; 1; 2; 337
163; 193; 2; 1; 342
224; 191; 1; 2; 348
241; 230; 2; 1; 355
161; 255; 2; 1; 356
159; 215; 2; 1; 359
186; 156; 2; 1; 360
180; 171; 2; 1; 360
144; 154; 2; 1; 364
239; 160; 1; 2; 369
192; 212; 2; 1; 372
203; 249; 2; 1; 378
216; 154; 1; 2; 378
242; 210; 1; 2; 380
168; 264; 1; 2; 383
262; 166; 2; 1; 383
248; 145; 1; 2; 384
219; 156; 1; 2; 386
234; 216; 2; 1; 389
259; 154; 1; 2; 395
18
16; 1; 30; 696
8; 1; 11; 2420
6; 1; 44; 2580
4; 1; 44; 2776
12; 1; 13; 3672
13; 1; 10; 5168
15; 1; 25; 7666
0; 1; 3; 9049
10; 1; 31; 10976
17; 1; 35; 11278
11; 1; 31; 12403
7; 1; 39; 12597
1; 1; 19; 13009
5; 1; 29; 13447
14; 1; 40; 13513
9; 1; 44; 13769
2; 1; 15; 14801
3; 1; 34; 16098
