**** 316 ****
78
270; 252; 2; 1; 9
191; 224; 1; 2; 12
230; 175; 2; 1; 16
220; 214; 1; 2; 22
192; 255; 2; 1; 38
230; 239; 1; 2; 46
206; 237; 1; 2; 48
194; 209; 1; 2; 57
230; 181; 1; 2; 61
236; 233; 1; 2; 72
181; 202; 2; 1; 76
243; 147; 2; 1; 78
221; 211; 1; 2; 86
270; 217; 1; 2; 88
181; 156; 1; 2; 89
206; 245; 1; 2; 91
184; 171; 1; 2; 92
241; 173; 1; 2; 98
218; 166; 1; 2; 102
207; 234; 1; 2; 105
247; 258; 2; 1; 110
145; 273; 2; 1; 113
252; 158; 2; 1; 126
168; 229; 2; 1; 129
167; 178; 1; 2; 133
164; 216; 2; 1; 142
199; 257; 2; 1; 144
154; 173; 1; 2; 147
159; 249; 2; 1; 150
225; 244; 2; 1; 157
213; 141; 1; 2; 166
256; 171; 2; 1; 172
217; 188; 1; 2; 182
190; 210; 2; 1; 190
202; 220; 1; 2; 191
262; 240; 1; 2; 198
270; 256; 2; 1; 206
168; 176; 2; 1; 211
211; 266; 1; 2; 213
202; 182; 1; 2; 220
150; 216; 2; 1; 236
269; 186; 2; 1; 237
160; 273; 1; 2; 238
150; 146; 1; 2; 239
198; 249; 2; 1; 261
188; 212; 2; 1; 263
229; 168; 2; 1; 268
258; 234; 1; 2; 270
273; 257; 1; 2; 274
147; 244; 2; 1; 276
144; 195; 2; 1; 279
167; 166; 2; 1; 295
168; 146; 1; 2; 297
201; 159; 2; 1; 304
180; 169; 2; 1; 305
146; 159; 1; 2; 316
200; 181; 2; 1; 326
239; 177; 1; 2; 329
224; 256; 1; 2; 345
208; 179; 1; 2; 346
155; 245; 1; 2; 348
188; 228; 1; 2; 363
161; 233; 1; 2; 368
159; 200; 2; 1; 372
194; 193; 1; 2; 374
150; 158; 1; 2; 379
194; 254; 2; 1; 380
216; 188; 1; 2; 381
167; 273; 2; 1; 389
255; 144; 2; 1; 394
182; 233; 2; 1; 397
151; 184; 2; 1; 399
261; 230; 2; 1; 400
223; 237; 1; 2; 405
245; 251; 1; 2; 406
244; 142; 2; 1; 407
147; 195; 2; 1; 407
229; 221; 2; 1; 412
18
6; 1; 7; 4455
8; 1; 10; 4686
12; 1; 35; 5043
17; 1; 4; 5923
16; 1; 31; 6070
4; 1; 48; 6275
5; 1; 24; 6331
2; 1; 46; 6718
3; 1; 22; 6780
15; 1; 32; 8068
14; 1; 11; 8770
7; 1; 49; 8970
1; 1; 9; 9206
11; 1; 20; 9396
10; 1; 33; 10186
13; 1; 9; 10222
9; 1; 21; 12206
0; 1; 21; 14593
