**** 317 ****
78
222; 210; 1; 2; 4
234; 266; 1; 2; 9
238; 254; 1; 2; 15
197; 242; 1; 2; 15
262; 162; 2; 1; 25
253; 201; 1; 2; 31
184; 200; 1; 2; 32
170; 238; 1; 2; 38
166; 160; 1; 2; 48
270; 229; 1; 2; 48
159; 150; 1; 2; 60
216; 203; 1; 2; 61
262; 181; 2; 1; 62
187; 235; 1; 2; 70
237; 235; 1; 2; 73
161; 141; 1; 2; 78
266; 145; 2; 1; 91
182; 149; 2; 1; 107
188; 193; 2; 1; 107
190; 241; 1; 2; 140
184; 240; 1; 2; 141
229; 225; 2; 1; 152
237; 206; 2; 1; 154
168; 266; 1; 2; 160
224; 254; 1; 2; 162
231; 208; 1; 2; 162
200; 182; 1; 2; 170
211; 265; 1; 2; 171
206; 156; 2; 1; 174
271; 210; 2; 1; 176
263; 182; 1; 2; 179
184; 188; 2; 1; 179
172; 183; 1; 2; 179
235; 200; 2; 1; 179
176; 234; 1; 2; 181
178; 268; 1; 2; 184
247; 143; 2; 1; 192
223; 223; 1; 2; 192
258; 270; 2; 1; 195
188; 249; 1; 2; 198
146; 215; 1; 2; 205
200; 227; 2; 1; 215
230; 247; 2; 1; 224
216; 172; 1; 2; 235
200; 150; 2; 1; 240
141; 236; 2; 1; 241
160; 269; 1; 2; 245
261; 250; 1; 2; 251
187; 260; 1; 2; 252
252; 162; 2; 1; 259
224; 186; 1; 2; 268
260; 191; 1; 2; 270
191; 254; 2; 1; 278
239; 271; 2; 1; 280
171; 170; 2; 1; 288
263; 150; 2; 1; 289
216; 247; 2; 1; 292
192; 145; 1; 2; 296
145; 273; 1; 2; 314
250; 184; 2; 1; 317
175; 227; 1; 2; 317
202; 182; 2; 1; 322
220; 216; 2; 1; 324
237; 236; 2; 1; 329
268; 172; 1; 2; 341
236; 192; 2; 1; 361
144; 154; 1; 2; 363
248; 182; 2; 1; 364
271; 147; 2; 1; 368
181; 193; 1; 2; 382
194; 264; 2; 1; 386
161; 206; 1; 2; 387
203; 221; 2; 1; 389
241; 245; 1; 2; 394
227; 166; 1; 2; 398
229; 219; 1; 2; 398
188; 272; 1; 2; 400
189; 196; 2; 1; 404
18
6; 1; 39; 24
12; 1; 49; 328
5; 1; 18; 821
11; 1; 43; 2597
1; 1; 33; 2949
13; 1; 21; 3420
8; 1; 16; 3663
2; 1; 27; 4807
3; 1; 42; 5287
15; 1; 32; 5391
0; 1; 8; 5535
4; 1; 6; 7921
9; 1; 19; 9126
10; 1; 28; 9853
17; 1; 41; 10306
16; 1; 8; 13755
14; 1; 29; 14869
7; 1; 45; 14966
