**** 318 ****
78
235; 159; 2; 1; 1
141; 150; 2; 1; 2
237; 165; 2; 1; 13
198; 259; 1; 2; 17
199; 179; 1; 2; 17
249; 261; 2; 1; 24
223; 174; 1; 2; 28
206; 162; 2; 1; 32
199; 202; 2; 1; 34
144; 271; 2; 1; 35
233; 148; 1; 2; 49
184; 234; 1; 2; 50
187; 194; 1; 2; 61
220; 241; 1; 2; 66
253; 215; 2; 1; 68
252; 240; 2; 1; 80
188; 196; 2; 1; 80
220; 223; 2; 1; 82
158; 142; 2; 1; 85
164; 152; 2; 1; 86
201; 239; 1; 2; 102
235; 237; 1; 2; 108
261; 234; 2; 1; 113
177; 242; 2; 1; 114
225; 215; 2; 1; 116
186; 247; 1; 2; 117
229; 216; 1; 2; 123
254; 268; 2; 1; 125
178; 171; 1; 2; 130
186; 197; 1; 2; 131
256; 179; 1; 2; 134
237; 183; 1; 2; 146
267; 220; 2; 1; 150
153; 201; 1; 2; 157
231; 257; 2; 1; 171
242; 203; 1; 2; 173
223; 173; 1; 2; 177
169; 210; 2; 1; 197
149; 180; 2; 1; 206
171; 221; 2; 1; 210
186; 256; 2; 1; 210
174; 203; 1; 2; 216
143; 238; 1; 2; 216
208; 252; 1; 2; 223
223; 246; 1; 2; 224
251; 168; 2; 1; 224
271; 150; 2; 1; 226
154; 211; 2; 1; 228
249; 150; 1; 2; 231
242; 190; 2; 1; 239
197; 183; 1; 2; 253
209; 245; 2; 1; 254
242; 213; 1; 2; 256
196; 167; 1; 2; 287
187; 146; 2; 1; 287
229; 208; 1; 2; 296
221; 264; 1; 2; 301
161; 192; 1; 2; 312
249; 241; 1; 2; 323
271; 163; 1; 2; 331
234; 173; 2; 1; 333
217; 232; 1; 2; 337
168; 191; 1; 2; 342
194; 252; 2; 1; 348
179; 263; 1; 2; 350
167; 158; 1; 2; 352
270; 219; 2; 1; 356
194; 248; 2; 1; 357
267; 259; 1; 2; 362
162; 170; 2; 1; 366
166; 245; 1; 2; 367
209; 262; 2; 1; 368
152; 168; 1; 2; 369
216; 252; 2; 1; 376
268; 234; 2; 1; 387
167; 152; 1; 2; 387
156; 146; 2; 1; 389
173; 203; 2; 1; 406
18
2; 1; 23; 950
5; 1; 4; 1528
8; 1; 22; 2220
15; 1; 46; 3193
4; 1; 31; 4319
17; 1; 44; 5010
1; 1; 4; 6467
10; 1; 37; 6495
3; 1; 40; 6577
12; 1; 37; 6629
7; 1; 24; 6670
6; 1; 28; 8106
0; 1; 41; 8914
9; 1; 8; 9468
14; 1; 17; 10035
13; 1; 24; 10136
11; 1; 30; 13541
16; 1; 46; 14409
