**** 319 ****
79
264; 190; 1; 2; 10
257; 231; 1; 2; 10
235; 221; 2; 1; 12
175; 234; 2; 1; 16
195; 264; 2; 1; 17
218; 201; 1; 2; 18
235; 210; 2; 1; 21
273; 190; 1; 2; 23
222; 176; 1; 2; 27
206; 166; 1; 2; 38
281; 232; 1; 2; 45
184; 232; 2; 1; 45
249; 153; 2; 1; 53
194; 169; 2; 1; 53
227; 226; 1; 2; 66
225; 262; 1; 2; 72
189; 160; 1; 2; 75
177; 181; 1; 2; 84
210; 166; 1; 2; 93
259; 193; 1; 2; 93
254; 272; 2; 1; 100
190; 203; 2; 1; 106
278; 274; 2; 1; 108
153; 274; 1; 2; 111
258; 220; 1; 2; 112
223; 146; 1; 2; 112
174; 213; 2; 1; 120
197; 157; 1; 2; 123
156; 209; 1; 2; 129
191; 222; 1; 2; 130
156; 206; 2; 1; 134
236; 265; 2; 1; 139
279; 241; 2; 1; 148
240; 148; 1; 2; 159
148; 268; 2; 1; 163
265; 270; 2; 1; 173
233; 212; 1; 2; 178
215; 261; 2; 1; 181
206; 269; 1; 2; 189
184; 266; 1; 2; 190
196; 162; 1; 2; 190
258; 245; 1; 2; 217
255; 178; 2; 1; 220
172; 176; 1; 2; 226
256; 161; 2; 1; 228
202; 187; 2; 1; 230
220; 164; 2; 1; 233
153; 266; 1; 2; 243
281; 210; 2; 1; 249
205; 225; 1; 2; 257
157; 179; 1; 2; 262
206; 267; 1; 2; 266
242; 163; 1; 2; 267
247; 257; 1; 2; 267
167; 271; 1; 2; 271
195; 160; 1; 2; 292
188; 151; 2; 1; 305
205; 153; 2; 1; 307
146; 220; 2; 1; 308
223; 149; 2; 1; 314
192; 276; 1; 2; 317
178; 152; 1; 2; 326
194; 206; 2; 1; 330
268; 184; 2; 1; 337
236; 180; 2; 1; 338
277; 230; 2; 1; 343
210; 258; 2; 1; 343
240; 261; 2; 1; 346
227; 244; 2; 1; 355
213; 224; 1; 2; 362
269; 160; 1; 2; 362
246; 276; 2; 1; 364
250; 268; 2; 1; 370
150; 225; 2; 1; 378
196; 197; 2; 1; 380
192; 249; 2; 1; 392
216; 240; 2; 1; 393
178; 203; 2; 1; 403
230; 235; 2; 1; 406
18
5; 1; 37; 27
15; 1; 30; 931
16; 1; 28; 5057
9; 1; 23; 5101
2; 1; 31; 5216
12; 1; 49; 6324
17; 1; 21; 6752
6; 1; 49; 7301
8; 1; 40; 8218
13; 1; 40; 8808
14; 1; 26; 9916
10; 1; 48; 10047
3; 1; 6; 10701
0; 1; 20; 11359
1; 1; 33; 11809
11; 1; 35; 13089
7; 1; 21; 13320
4; 1; 22; 16923
