**** 32 ****
52
65; 30; 2; 1; 6
28; 13; 2; 1; 8
21; 39; 1; 2; 8
17; 63; 2; 1; 10
35; 15; 2; 1; 11
30; 41; 1; 2; 13
26; 40; 2; 1; 17
35; 55; 2; 1; 19
16; 32; 2; 1; 20
62; 34; 2; 1; 21
54; 22; 1; 2; 22
36; 15; 1; 2; 25
34; 50; 1; 2; 26
43; 31; 2; 1; 27
33; 52; 2; 1; 27
37; 20; 2; 1; 29
40; 39; 1; 2; 36
19; 65; 2; 1; 36
49; 24; 2; 1; 37
23; 48; 2; 1; 40
13; 21; 1; 2; 40
28; 53; 1; 2; 43
47; 56; 2; 1; 43
33; 38; 1; 2; 51
37; 35; 2; 1; 53
55; 44; 1; 2; 55
23; 58; 2; 1; 58
53; 29; 1; 2; 62
32; 59; 1; 2; 67
13; 21; 1; 2; 71
11; 55; 2; 1; 71
49; 42; 1; 2; 72
39; 25; 1; 2; 77
43; 64; 2; 1; 80
42; 51; 2; 1; 80
47; 64; 2; 1; 82
42; 43; 1; 2; 85
31; 38; 1; 2; 87
50; 22; 1; 2; 95
42; 52; 2; 1; 97
21; 40; 1; 2; 101
16; 46; 1; 2; 101
19; 64; 2; 1; 105
13; 28; 2; 1; 106
11; 19; 1; 2; 112
47; 36; 1; 2; 117
13; 62; 2; 1; 118
52; 62; 2; 1; 123
34; 50; 1; 2; 124
39; 42; 1; 2; 124
14; 45; 2; 1; 126
21; 25; 1; 2; 130
13
4; 1; 5; 251
11; 1; 49; 263
3; 1; 12; 319
12; 1; 34; 537
6; 1; 3; 600
7; 1; 28; 816
0; 1; 16; 875
8; 1; 15; 927
10; 1; 33; 1139
2; 1; 47; 1214
9; 1; 20; 1278
5; 1; 28; 1627
1; 1; 10; 1708
