**** 320 ****
79
261; 176; 2; 1; 2
276; 232; 1; 2; 8
234; 198; 1; 2; 14
213; 165; 2; 1; 17
210; 201; 2; 1; 19
171; 173; 2; 1; 31
167; 175; 1; 2; 31
260; 231; 1; 2; 32
208; 160; 2; 1; 48
154; 208; 1; 2; 54
197; 236; 2; 1; 57
247; 186; 2; 1; 64
173; 146; 1; 2; 66
252; 154; 2; 1; 86
175; 225; 1; 2; 89
164; 195; 2; 1; 93
162; 257; 2; 1; 95
236; 258; 2; 1; 97
248; 153; 1; 2; 102
164; 264; 1; 2; 105
250; 250; 1; 2; 112
233; 170; 1; 2; 112
216; 218; 1; 2; 112
198; 174; 2; 1; 115
256; 253; 2; 1; 117
275; 228; 1; 2; 122
202; 216; 1; 2; 123
171; 196; 2; 1; 137
275; 212; 2; 1; 154
261; 155; 1; 2; 157
254; 240; 1; 2; 174
183; 192; 1; 2; 177
258; 264; 1; 2; 188
262; 263; 2; 1; 189
194; 236; 2; 1; 195
274; 220; 1; 2; 203
183; 273; 2; 1; 205
171; 166; 2; 1; 209
196; 268; 1; 2; 209
155; 280; 2; 1; 210
214; 270; 2; 1; 216
184; 175; 1; 2; 217
219; 198; 1; 2; 221
275; 164; 1; 2; 224
221; 210; 2; 1; 225
243; 219; 2; 1; 226
160; 214; 1; 2; 232
211; 267; 1; 2; 234
188; 236; 2; 1; 235
181; 156; 2; 1; 240
207; 146; 1; 2; 240
253; 262; 1; 2; 247
272; 221; 2; 1; 250
151; 242; 1; 2; 252
271; 275; 2; 1; 254
229; 248; 1; 2; 262
262; 256; 2; 1; 263
185; 187; 1; 2; 270
211; 191; 2; 1; 273
202; 168; 1; 2; 286
250; 268; 2; 1; 288
270; 156; 1; 2; 289
160; 168; 2; 1; 303
217; 260; 2; 1; 305
273; 207; 1; 2; 314
228; 280; 1; 2; 314
197; 235; 1; 2; 316
247; 168; 2; 1; 323
205; 179; 1; 2; 326
158; 199; 1; 2; 335
147; 148; 1; 2; 339
202; 245; 1; 2; 349
190; 165; 2; 1; 357
200; 191; 1; 2; 358
216; 165; 1; 2; 377
255; 156; 1; 2; 380
223; 187; 1; 2; 395
220; 214; 2; 1; 400
217; 190; 2; 1; 412
18
4; 1; 17; 1398
0; 1; 32; 2700
15; 1; 15; 2788
12; 1; 39; 4059
14; 1; 27; 4913
7; 1; 37; 5562
10; 1; 37; 5601
2; 1; 21; 6039
17; 1; 44; 7639
5; 1; 3; 8589
9; 1; 37; 9294
6; 1; 32; 9385
11; 1; 20; 9467
3; 1; 19; 12109
1; 1; 44; 14559
8; 1; 16; 15451
13; 1; 25; 16008
16; 1; 39; 16122
