**** 321 ****
79
226; 226; 2; 1; 0
202; 194; 1; 2; 8
229; 174; 1; 2; 10
253; 239; 1; 2; 21
148; 174; 1; 2; 38
176; 245; 1; 2; 39
164; 228; 1; 2; 39
280; 254; 1; 2; 40
162; 178; 2; 1; 46
278; 266; 1; 2; 67
257; 222; 2; 1; 81
265; 201; 2; 1; 84
268; 248; 2; 1; 91
201; 151; 1; 2; 94
239; 185; 2; 1; 95
264; 195; 2; 1; 106
263; 269; 2; 1; 110
197; 276; 2; 1; 119
243; 244; 1; 2; 125
164; 279; 2; 1; 129
224; 167; 2; 1; 130
175; 172; 1; 2; 131
199; 223; 2; 1; 133
186; 264; 2; 1; 133
151; 218; 2; 1; 133
251; 244; 1; 2; 143
278; 159; 2; 1; 144
154; 208; 1; 2; 157
148; 172; 2; 1; 158
204; 192; 2; 1; 178
273; 150; 2; 1; 194
204; 158; 2; 1; 200
231; 233; 2; 1; 209
162; 216; 2; 1; 212
255; 182; 2; 1; 216
219; 272; 2; 1; 225
243; 175; 1; 2; 225
245; 278; 2; 1; 230
264; 237; 2; 1; 245
191; 248; 1; 2; 245
166; 228; 2; 1; 248
263; 251; 2; 1; 254
164; 273; 2; 1; 256
260; 260; 2; 1; 264
241; 223; 2; 1; 266
253; 214; 1; 2; 266
269; 274; 2; 1; 273
163; 266; 2; 1; 282
169; 226; 2; 1; 286
220; 270; 2; 1; 288
231; 270; 1; 2; 298
175; 220; 2; 1; 310
168; 168; 1; 2; 311
279; 264; 1; 2; 318
160; 206; 2; 1; 326
176; 260; 2; 1; 335
270; 228; 1; 2; 341
230; 171; 1; 2; 341
155; 256; 2; 1; 343
261; 158; 1; 2; 343
212; 234; 2; 1; 345
271; 270; 1; 2; 348
161; 241; 1; 2; 349
159; 279; 2; 1; 351
166; 192; 1; 2; 353
176; 163; 2; 1; 358
216; 219; 2; 1; 381
248; 202; 1; 2; 382
199; 201; 1; 2; 386
194; 211; 1; 2; 386
185; 179; 2; 1; 395
251; 268; 2; 1; 400
214; 236; 1; 2; 400
258; 264; 2; 1; 405
221; 178; 1; 2; 405
192; 190; 2; 1; 405
151; 209; 2; 1; 406
172; 201; 2; 1; 408
266; 245; 1; 2; 416
18
6; 1; 20; 331
11; 1; 44; 571
8; 1; 49; 794
1; 1; 11; 885
15; 1; 24; 1743
13; 1; 29; 2219
16; 1; 18; 3762
9; 1; 16; 4226
17; 1; 9; 5585
7; 1; 31; 6186
10; 1; 48; 6594
5; 1; 37; 6846
4; 1; 22; 8382
14; 1; 19; 8958
12; 1; 16; 14796
0; 1; 45; 15452
2; 1; 21; 15685
3; 1; 22; 16271
