**** 322 ****
79
268; 215; 2; 1; 1
257; 206; 1; 2; 2
278; 180; 2; 1; 4
167; 272; 1; 2; 5
194; 189; 1; 2; 23
194; 183; 1; 2; 25
240; 273; 2; 1; 26
183; 203; 1; 2; 26
269; 216; 2; 1; 26
196; 270; 1; 2; 28
216; 251; 2; 1; 35
174; 261; 1; 2; 37
199; 199; 1; 2; 38
188; 204; 1; 2; 47
196; 191; 2; 1; 49
215; 242; 1; 2; 59
210; 216; 1; 2; 66
263; 187; 2; 1; 67
250; 280; 2; 1; 68
263; 191; 1; 2; 69
265; 147; 1; 2; 76
154; 173; 2; 1; 85
198; 184; 1; 2; 88
233; 208; 1; 2; 90
225; 190; 2; 1; 93
252; 250; 1; 2; 105
276; 223; 1; 2; 108
244; 209; 2; 1; 116
185; 257; 2; 1; 116
204; 258; 2; 1; 117
246; 271; 2; 1; 119
158; 160; 1; 2; 133
182; 165; 2; 1; 149
156; 184; 2; 1; 161
186; 230; 2; 1; 174
155; 191; 1; 2; 184
259; 261; 1; 2; 195
156; 248; 1; 2; 207
233; 229; 1; 2; 231
270; 275; 2; 1; 233
249; 247; 1; 2; 234
221; 222; 1; 2; 236
174; 147; 1; 2; 241
233; 229; 2; 1; 243
216; 258; 1; 2; 246
257; 180; 1; 2; 257
267; 192; 1; 2; 259
253; 174; 2; 1; 261
224; 248; 2; 1; 264
211; 241; 1; 2; 268
239; 170; 2; 1; 269
176; 215; 1; 2; 278
264; 278; 1; 2; 290
249; 278; 2; 1; 302
236; 157; 2; 1; 307
191; 167; 2; 1; 309
148; 233; 1; 2; 309
261; 203; 1; 2; 317
176; 181; 1; 2; 319
249; 227; 1; 2; 320
247; 261; 2; 1; 323
154; 194; 1; 2; 345
264; 275; 2; 1; 348
267; 281; 1; 2; 348
198; 235; 2; 1; 358
225; 182; 1; 2; 371
221; 168; 2; 1; 382
163; 278; 1; 2; 388
179; 182; 1; 2; 389
230; 235; 2; 1; 393
159; 150; 1; 2; 395
192; 148; 2; 1; 402
271; 266; 1; 2; 407
274; 221; 2; 1; 407
190; 177; 1; 2; 412
235; 247; 2; 1; 412
193; 152; 1; 2; 414
266; 147; 2; 1; 415
155; 230; 2; 1; 420
18
14; 1; 39; 603
6; 1; 49; 743
0; 1; 8; 908
7; 1; 28; 2305
8; 1; 1; 2753
3; 1; 46; 3051
10; 1; 26; 3184
16; 1; 12; 3756
11; 1; 21; 4623
15; 1; 13; 6857
4; 1; 49; 7018
2; 1; 2; 7071
5; 1; 8; 7567
12; 1; 36; 8010
17; 1; 26; 10949
9; 1; 4; 15458
13; 1; 15; 15964
1; 1; 46; 16383
