**** 323 ****
79
163; 227; 1; 2; 5
159; 148; 2; 1; 12
210; 255; 2; 1; 14
242; 170; 1; 2; 15
264; 259; 2; 1; 31
261; 266; 2; 1; 32
232; 232; 1; 2; 34
167; 176; 2; 1; 48
217; 186; 1; 2; 51
178; 178; 2; 1; 55
149; 166; 1; 2; 56
149; 243; 2; 1; 56
265; 152; 1; 2; 58
196; 278; 1; 2; 65
215; 255; 2; 1; 71
168; 277; 1; 2; 73
255; 229; 1; 2; 75
148; 280; 1; 2; 81
192; 181; 2; 1; 85
156; 184; 1; 2; 88
201; 280; 1; 2; 111
180; 185; 2; 1; 111
193; 186; 2; 1; 115
172; 233; 1; 2; 118
158; 198; 2; 1; 124
255; 241; 2; 1; 127
260; 214; 1; 2; 130
247; 221; 1; 2; 142
168; 221; 1; 2; 158
279; 182; 2; 1; 158
185; 229; 2; 1; 162
258; 258; 2; 1; 167
273; 213; 1; 2; 172
237; 204; 1; 2; 173
156; 146; 1; 2; 189
177; 201; 2; 1; 190
207; 274; 2; 1; 196
147; 153; 2; 1; 200
249; 174; 2; 1; 201
234; 241; 1; 2; 211
162; 181; 1; 2; 216
263; 173; 2; 1; 223
272; 207; 1; 2; 230
213; 168; 1; 2; 231
264; 200; 2; 1; 232
255; 248; 2; 1; 242
265; 172; 2; 1; 251
246; 216; 2; 1; 258
149; 171; 1; 2; 262
240; 214; 1; 2; 263
185; 163; 2; 1; 264
278; 271; 1; 2; 266
175; 195; 1; 2; 275
245; 216; 2; 1; 278
220; 153; 1; 2; 284
220; 217; 1; 2; 304
255; 233; 2; 1; 322
267; 213; 2; 1; 323
189; 264; 2; 1; 328
173; 272; 1; 2; 329
189; 239; 2; 1; 331
281; 260; 1; 2; 337
193; 197; 1; 2; 339
245; 168; 2; 1; 340
177; 227; 1; 2; 347
276; 157; 1; 2; 347
150; 260; 2; 1; 361
156; 267; 2; 1; 368
281; 261; 2; 1; 375
252; 226; 1; 2; 375
180; 263; 2; 1; 387
269; 216; 1; 2; 393
254; 250; 1; 2; 395
165; 277; 2; 1; 404
262; 213; 2; 1; 404
199; 191; 2; 1; 405
257; 156; 2; 1; 407
167; 173; 2; 1; 410
216; 221; 1; 2; 413
18
16; 1; 29; 126
10; 1; 46; 233
0; 1; 17; 554
2; 1; 16; 745
5; 1; 20; 873
11; 1; 4; 2051
9; 1; 34; 2327
8; 1; 24; 2448
6; 1; 35; 6279
12; 1; 4; 7784
4; 1; 41; 8997
17; 1; 25; 11680
1; 1; 40; 12567
13; 1; 25; 14291
15; 1; 31; 15249
7; 1; 30; 15455
14; 1; 28; 15490
3; 1; 33; 15908
