**** 324 ****
79
241; 146; 2; 1; 2
240; 206; 2; 1; 4
191; 150; 1; 2; 6
156; 243; 1; 2; 7
171; 267; 2; 1; 18
223; 279; 1; 2; 26
149; 187; 1; 2; 28
228; 254; 1; 2; 33
265; 176; 2; 1; 34
226; 261; 2; 1; 36
182; 234; 2; 1; 38
259; 249; 2; 1; 42
226; 223; 1; 2; 45
220; 191; 1; 2; 48
258; 258; 2; 1; 52
251; 185; 1; 2; 71
248; 242; 1; 2; 75
255; 178; 1; 2; 76
201; 230; 1; 2; 76
253; 207; 1; 2; 76
195; 280; 2; 1; 86
174; 175; 1; 2; 91
175; 222; 1; 2; 92
227; 162; 1; 2; 101
269; 182; 1; 2; 108
233; 210; 2; 1; 115
231; 249; 1; 2; 119
192; 204; 2; 1; 119
207; 171; 2; 1; 152
236; 227; 2; 1; 154
161; 173; 2; 1; 167
280; 239; 1; 2; 168
179; 161; 2; 1; 172
256; 188; 2; 1; 174
263; 224; 1; 2; 185
208; 152; 2; 1; 192
211; 266; 1; 2; 202
281; 173; 1; 2; 203
196; 220; 1; 2; 204
229; 179; 2; 1; 204
228; 195; 1; 2; 210
280; 257; 1; 2; 213
246; 185; 1; 2; 214
195; 264; 2; 1; 219
262; 184; 1; 2; 231
209; 256; 2; 1; 252
232; 227; 1; 2; 258
279; 168; 1; 2; 261
278; 215; 1; 2; 263
214; 188; 2; 1; 269
252; 186; 2; 1; 273
190; 257; 1; 2; 277
212; 177; 1; 2; 296
187; 263; 2; 1; 302
208; 150; 1; 2; 303
201; 257; 1; 2; 311
261; 152; 2; 1; 328
232; 242; 2; 1; 329
197; 275; 2; 1; 334
156; 217; 2; 1; 337
157; 193; 2; 1; 338
187; 210; 1; 2; 342
280; 168; 2; 1; 348
222; 231; 1; 2; 350
214; 210; 2; 1; 354
274; 261; 2; 1; 357
212; 162; 1; 2; 361
219; 164; 2; 1; 364
243; 185; 2; 1; 370
238; 281; 2; 1; 372
265; 227; 1; 2; 378
177; 152; 1; 2; 378
239; 179; 1; 2; 384
162; 153; 2; 1; 388
260; 183; 2; 1; 388
205; 274; 1; 2; 389
216; 164; 2; 1; 393
269; 273; 1; 2; 393
196; 220; 1; 2; 404
18
5; 1; 40; 203
16; 1; 19; 1946
11; 1; 29; 4535
10; 1; 11; 5272
6; 1; 46; 5479
14; 1; 7; 7814
15; 1; 8; 8232
8; 1; 36; 9855
13; 1; 11; 11266
9; 1; 10; 13977
2; 1; 33; 14297
0; 1; 34; 14708
1; 1; 25; 15053
3; 1; 14; 15553
4; 1; 31; 15898
12; 1; 29; 15943
17; 1; 18; 16743
7; 1; 39; 17363
