**** 325 ****
79
181; 247; 2; 1; 0
260; 173; 1; 2; 0
277; 253; 2; 1; 1
268; 157; 1; 2; 10
215; 239; 1; 2; 15
196; 208; 2; 1; 19
245; 257; 2; 1; 21
232; 186; 1; 2; 24
185; 166; 1; 2; 30
156; 233; 2; 1; 36
196; 258; 2; 1; 38
254; 262; 2; 1; 41
256; 163; 2; 1; 52
222; 200; 2; 1; 55
161; 168; 2; 1; 64
179; 240; 2; 1; 67
281; 248; 1; 2; 69
240; 165; 1; 2; 72
279; 155; 1; 2; 74
273; 241; 1; 2; 78
237; 206; 1; 2; 81
177; 221; 1; 2; 87
167; 176; 2; 1; 108
245; 278; 2; 1; 109
227; 235; 1; 2; 114
177; 239; 2; 1; 118
270; 240; 2; 1; 119
243; 270; 1; 2; 127
246; 239; 1; 2; 130
265; 247; 2; 1; 131
206; 237; 1; 2; 134
267; 208; 2; 1; 147
211; 268; 2; 1; 148
173; 192; 2; 1; 150
271; 235; 1; 2; 155
255; 149; 2; 1; 157
244; 277; 1; 2; 159
208; 242; 1; 2; 162
167; 207; 1; 2; 163
233; 239; 1; 2; 171
253; 201; 1; 2; 182
244; 275; 1; 2; 184
278; 235; 2; 1; 193
185; 198; 1; 2; 194
280; 214; 2; 1; 195
264; 192; 2; 1; 196
185; 182; 2; 1; 203
220; 280; 1; 2; 220
161; 231; 2; 1; 227
222; 276; 2; 1; 235
219; 189; 1; 2; 236
262; 167; 2; 1; 252
211; 178; 1; 2; 254
196; 243; 1; 2; 266
223; 152; 1; 2; 266
156; 243; 1; 2; 275
262; 184; 2; 1; 281
174; 263; 2; 1; 283
240; 266; 2; 1; 288
187; 225; 1; 2; 301
162; 275; 2; 1; 305
241; 198; 2; 1; 306
265; 210; 2; 1; 314
237; 162; 1; 2; 333
148; 227; 2; 1; 344
266; 275; 2; 1; 346
239; 224; 1; 2; 353
227; 201; 2; 1; 354
207; 259; 2; 1; 368
172; 182; 1; 2; 372
237; 220; 2; 1; 375
150; 249; 1; 2; 382
245; 269; 1; 2; 388
209; 228; 2; 1; 406
250; 194; 2; 1; 407
159; 180; 2; 1; 409
242; 201; 2; 1; 421
260; 164; 1; 2; 422
148; 186; 1; 2; 422
18
8; 1; 31; 1125
10; 1; 6; 1345
17; 1; 48; 2340
15; 1; 1; 3141
2; 1; 43; 3411
3; 1; 29; 4198
4; 1; 38; 4412
1; 1; 29; 5155
7; 1; 16; 8312
0; 1; 45; 9769
6; 1; 29; 9857
11; 1; 26; 10173
5; 1; 33; 10737
12; 1; 24; 11034
13; 1; 27; 12215
14; 1; 25; 12735
9; 1; 10; 14942
16; 1; 32; 17959
