**** 326 ****
79
267; 212; 2; 1; 2
149; 268; 2; 1; 6
265; 242; 2; 1; 7
183; 177; 2; 1; 16
149; 276; 2; 1; 19
274; 275; 2; 1; 20
167; 202; 2; 1; 25
259; 206; 2; 1; 40
218; 224; 1; 2; 46
256; 187; 2; 1; 49
239; 274; 1; 2; 56
185; 153; 1; 2; 61
264; 204; 1; 2; 62
229; 252; 2; 1; 65
177; 240; 2; 1; 70
183; 178; 2; 1; 70
237; 279; 1; 2; 73
161; 228; 2; 1; 74
175; 234; 1; 2; 77
147; 225; 2; 1; 91
156; 166; 1; 2; 94
235; 169; 1; 2; 107
272; 255; 2; 1; 111
146; 253; 1; 2; 115
250; 233; 2; 1; 116
244; 266; 2; 1; 122
217; 188; 1; 2; 124
146; 246; 1; 2; 130
277; 241; 1; 2; 131
203; 276; 1; 2; 134
167; 219; 1; 2; 136
256; 271; 2; 1; 151
228; 227; 2; 1; 153
226; 212; 2; 1; 153
224; 167; 1; 2; 155
205; 269; 1; 2; 169
190; 222; 2; 1; 169
197; 229; 1; 2; 171
168; 197; 2; 1; 176
247; 150; 1; 2; 187
272; 203; 1; 2; 188
178; 225; 2; 1; 191
161; 212; 1; 2; 202
228; 237; 1; 2; 209
212; 197; 2; 1; 213
211; 167; 1; 2; 214
154; 260; 1; 2; 220
264; 167; 1; 2; 225
165; 152; 1; 2; 254
164; 232; 1; 2; 260
191; 183; 1; 2; 261
231; 210; 1; 2; 261
178; 267; 1; 2; 261
154; 214; 2; 1; 267
173; 246; 2; 1; 274
206; 167; 2; 1; 280
195; 250; 1; 2; 284
224; 184; 1; 2; 288
216; 265; 2; 1; 292
207; 169; 2; 1; 301
242; 168; 2; 1; 308
232; 204; 2; 1; 326
266; 167; 1; 2; 329
201; 147; 1; 2; 345
245; 228; 1; 2; 350
255; 184; 2; 1; 360
265; 172; 1; 2; 366
216; 168; 2; 1; 376
169; 273; 2; 1; 380
173; 150; 2; 1; 380
248; 264; 2; 1; 384
252; 171; 1; 2; 385
169; 185; 1; 2; 389
153; 243; 2; 1; 394
225; 252; 2; 1; 396
202; 205; 1; 2; 399
208; 171; 1; 2; 408
246; 180; 1; 2; 419
210; 161; 1; 2; 422
18
0; 1; 44; 3121
11; 1; 34; 4533
13; 1; 10; 5617
1; 1; 8; 5762
12; 1; 22; 7010
16; 1; 17; 7138
5; 1; 33; 7651
9; 1; 24; 7699
6; 1; 26; 8496
3; 1; 40; 10987
4; 1; 36; 12454
10; 1; 26; 13570
14; 1; 10; 14343
17; 1; 5; 14500
2; 1; 45; 15636
8; 1; 15; 15690
15; 1; 15; 15746
7; 1; 24; 16636
