**** 327 ****
79
229; 223; 1; 2; 3
242; 182; 1; 2; 6
195; 239; 2; 1; 23
260; 262; 1; 2; 24
211; 254; 2; 1; 32
158; 200; 2; 1; 32
177; 236; 1; 2; 35
218; 191; 1; 2; 37
238; 232; 2; 1; 43
151; 152; 2; 1; 51
167; 152; 1; 2; 52
253; 214; 2; 1; 56
167; 199; 1; 2; 63
281; 272; 2; 1; 65
236; 187; 2; 1; 67
271; 272; 1; 2; 67
238; 281; 1; 2; 73
165; 259; 1; 2; 89
201; 270; 1; 2; 100
195; 228; 1; 2; 104
262; 149; 2; 1; 109
150; 177; 1; 2; 127
242; 280; 1; 2; 132
217; 272; 1; 2; 144
191; 257; 1; 2; 149
217; 223; 1; 2; 153
194; 195; 1; 2; 162
223; 178; 1; 2; 165
192; 229; 2; 1; 167
234; 255; 1; 2; 177
266; 200; 1; 2; 181
160; 250; 1; 2; 185
278; 227; 2; 1; 210
254; 265; 2; 1; 221
244; 148; 2; 1; 228
263; 252; 2; 1; 233
248; 261; 1; 2; 244
253; 239; 1; 2; 248
260; 146; 1; 2; 257
207; 273; 2; 1; 258
213; 195; 2; 1; 271
199; 245; 2; 1; 277
205; 212; 1; 2; 282
189; 181; 2; 1; 292
180; 187; 1; 2; 294
219; 158; 1; 2; 295
278; 198; 1; 2; 306
188; 223; 1; 2; 314
281; 257; 1; 2; 315
275; 247; 1; 2; 315
241; 234; 1; 2; 315
166; 277; 1; 2; 318
161; 210; 1; 2; 320
171; 191; 2; 1; 322
165; 248; 2; 1; 327
235; 199; 2; 1; 328
223; 229; 1; 2; 329
182; 250; 1; 2; 330
208; 195; 2; 1; 336
170; 271; 1; 2; 341
171; 256; 2; 1; 344
219; 195; 1; 2; 346
247; 196; 1; 2; 347
156; 227; 2; 1; 348
189; 263; 2; 1; 353
191; 273; 1; 2; 359
155; 279; 1; 2; 363
242; 179; 2; 1; 367
193; 213; 2; 1; 368
246; 173; 2; 1; 385
258; 275; 2; 1; 390
242; 235; 1; 2; 394
272; 190; 2; 1; 398
207; 234; 1; 2; 403
195; 164; 2; 1; 406
199; 146; 1; 2; 406
192; 230; 1; 2; 407
211; 162; 2; 1; 416
228; 176; 1; 2; 424
18
17; 1; 45; 571
11; 1; 9; 959
10; 1; 1; 1320
6; 1; 34; 1787
8; 1; 17; 3671
16; 1; 43; 5433
7; 1; 10; 5576
0; 1; 15; 5588
2; 1; 16; 7653
4; 1; 47; 8059
15; 1; 33; 11261
1; 1; 37; 12021
5; 1; 44; 12062
13; 1; 1; 14143
12; 1; 30; 14325
3; 1; 35; 14698
14; 1; 12; 16040
9; 1; 25; 17042
