**** 328 ****
79
181; 265; 2; 1; 0
198; 223; 2; 1; 10
270; 176; 1; 2; 11
184; 241; 1; 2; 17
224; 166; 2; 1; 21
270; 168; 2; 1; 22
237; 177; 2; 1; 29
169; 195; 1; 2; 42
215; 248; 2; 1; 55
270; 178; 2; 1; 55
216; 210; 1; 2; 56
232; 153; 2; 1; 57
208; 156; 2; 1; 63
191; 156; 1; 2; 65
180; 267; 2; 1; 70
272; 196; 1; 2; 74
223; 247; 1; 2; 76
263; 174; 2; 1; 87
207; 239; 1; 2; 103
146; 266; 1; 2; 104
186; 180; 2; 1; 115
252; 214; 2; 1; 116
190; 147; 2; 1; 130
259; 242; 1; 2; 132
149; 276; 1; 2; 132
227; 171; 1; 2; 139
224; 163; 1; 2; 144
172; 241; 2; 1; 146
227; 238; 2; 1; 150
189; 199; 2; 1; 167
264; 235; 1; 2; 169
265; 264; 2; 1; 172
167; 260; 2; 1; 178
165; 217; 1; 2; 184
216; 213; 2; 1; 187
170; 178; 2; 1; 189
207; 214; 2; 1; 193
184; 244; 1; 2; 195
204; 254; 1; 2; 197
245; 190; 2; 1; 198
266; 242; 2; 1; 218
261; 163; 1; 2; 222
230; 198; 1; 2; 227
185; 183; 2; 1; 229
267; 263; 2; 1; 230
264; 176; 2; 1; 232
196; 173; 2; 1; 236
161; 172; 1; 2; 241
207; 225; 2; 1; 246
159; 270; 2; 1; 246
243; 179; 2; 1; 257
229; 171; 2; 1; 259
151; 249; 1; 2; 279
165; 218; 1; 2; 292
242; 265; 1; 2; 297
269; 264; 1; 2; 300
272; 157; 2; 1; 306
221; 173; 1; 2; 326
190; 153; 2; 1; 329
155; 174; 1; 2; 336
179; 166; 2; 1; 338
146; 249; 2; 1; 339
205; 213; 2; 1; 341
261; 242; 2; 1; 351
226; 227; 2; 1; 359
172; 202; 1; 2; 360
209; 214; 1; 2; 363
257; 156; 1; 2; 364
236; 166; 2; 1; 369
190; 176; 2; 1; 370
233; 241; 1; 2; 371
196; 208; 1; 2; 376
246; 258; 1; 2; 380
178; 238; 2; 1; 381
199; 205; 2; 1; 388
180; 180; 2; 1; 389
272; 156; 1; 2; 394
213; 186; 2; 1; 407
224; 275; 1; 2; 413
18
17; 1; 45; 454
13; 1; 19; 959
3; 1; 46; 1034
6; 1; 17; 1913
2; 1; 14; 3084
7; 1; 10; 3241
0; 1; 14; 3321
12; 1; 26; 3454
9; 1; 48; 4660
10; 1; 22; 5494
11; 1; 49; 6925
16; 1; 49; 10630
8; 1; 41; 11715
14; 1; 16; 13256
5; 1; 9; 14233
15; 1; 36; 14468
4; 1; 1; 14922
1; 1; 41; 15991
