**** 329 ****
79
207; 187; 1; 2; 13
222; 186; 1; 2; 20
271; 261; 1; 2; 20
156; 231; 1; 2; 41
219; 159; 1; 2; 43
247; 216; 1; 2; 46
270; 202; 2; 1; 46
244; 148; 1; 2; 57
167; 271; 1; 2; 57
249; 267; 1; 2; 65
151; 271; 2; 1; 80
236; 182; 1; 2; 82
156; 165; 2; 1; 82
235; 208; 1; 2; 101
241; 278; 2; 1; 107
175; 207; 2; 1; 120
247; 174; 2; 1; 124
159; 243; 2; 1; 127
148; 206; 2; 1; 128
187; 218; 1; 2; 128
278; 202; 1; 2; 130
274; 204; 2; 1; 136
203; 251; 2; 1; 137
153; 159; 1; 2; 150
266; 215; 1; 2; 161
175; 218; 1; 2; 169
273; 271; 1; 2; 169
242; 205; 2; 1; 169
188; 148; 2; 1; 175
261; 164; 1; 2; 179
261; 176; 1; 2; 183
152; 158; 1; 2; 187
161; 184; 2; 1; 187
153; 281; 2; 1; 195
166; 261; 1; 2; 200
223; 147; 1; 2; 209
249; 160; 1; 2; 210
188; 187; 1; 2; 211
219; 175; 1; 2; 216
245; 161; 2; 1; 217
233; 225; 1; 2; 227
163; 248; 1; 2; 232
281; 159; 1; 2; 256
265; 198; 2; 1; 258
239; 268; 1; 2; 261
207; 261; 2; 1; 264
253; 146; 1; 2; 264
212; 175; 1; 2; 264
236; 162; 1; 2; 265
192; 227; 1; 2; 266
203; 208; 2; 1; 268
215; 281; 2; 1; 268
194; 198; 2; 1; 292
276; 251; 2; 1; 293
193; 217; 2; 1; 298
174; 243; 1; 2; 300
247; 252; 2; 1; 301
158; 262; 1; 2; 303
165; 255; 1; 2; 331
184; 188; 1; 2; 336
165; 257; 1; 2; 336
208; 248; 2; 1; 337
149; 247; 1; 2; 343
257; 189; 1; 2; 347
216; 177; 2; 1; 348
253; 255; 1; 2; 365
233; 248; 2; 1; 380
167; 158; 1; 2; 387
250; 178; 2; 1; 387
242; 265; 1; 2; 392
256; 157; 1; 2; 395
176; 225; 2; 1; 395
189; 279; 2; 1; 400
257; 280; 1; 2; 400
228; 204; 1; 2; 401
274; 269; 1; 2; 402
211; 225; 1; 2; 420
166; 242; 1; 2; 425
260; 241; 1; 2; 425
18
10; 1; 47; 316
12; 1; 32; 1431
9; 1; 37; 2850
6; 1; 2; 4210
16; 1; 40; 5650
3; 1; 10; 6480
5; 1; 12; 6748
4; 1; 31; 8662
7; 1; 33; 9250
14; 1; 38; 10214
2; 1; 3; 11142
15; 1; 23; 12177
0; 1; 29; 12649
8; 1; 20; 12683
11; 1; 10; 14110
1; 1; 20; 15198
17; 1; 40; 15545
13; 1; 20; 16050
