**** 33 ****
53
21; 28; 1; 2; 2
21; 61; 2; 1; 6
23; 18; 1; 2; 6
61; 55; 2; 1; 8
51; 53; 1; 2; 11
41; 23; 1; 2; 14
52; 38; 2; 1; 21
58; 47; 2; 1; 27
49; 60; 2; 1; 31
53; 43; 2; 1; 33
51; 31; 1; 2; 38
54; 35; 2; 1; 39
71; 54; 1; 2; 41
38; 39; 1; 2; 43
70; 68; 2; 1; 47
16; 49; 1; 2; 49
41; 60; 1; 2; 49
37; 62; 1; 2; 49
30; 54; 1; 2; 57
21; 20; 2; 1; 58
73; 47; 1; 2; 59
63; 61; 1; 2; 61
35; 27; 1; 2; 66
16; 50; 1; 2; 69
54; 24; 2; 1; 74
26; 34; 2; 1; 74
40; 31; 2; 1; 74
20; 31; 1; 2; 75
71; 57; 2; 1; 76
61; 40; 1; 2; 76
29; 67; 1; 2; 78
32; 50; 1; 2; 82
35; 28; 1; 2; 84
67; 49; 1; 2; 85
73; 32; 2; 1; 87
17; 22; 1; 2; 87
20; 16; 1; 2; 87
26; 27; 1; 2; 88
53; 72; 2; 1; 96
55; 24; 2; 1; 99
53; 71; 1; 2; 103
70; 27; 2; 1; 105
67; 27; 2; 1; 106
58; 40; 1; 2; 107
56; 61; 2; 1; 108
70; 55; 1; 2; 116
40; 18; 1; 2; 118
30; 56; 2; 1; 125
31; 20; 2; 1; 125
46; 26; 1; 2; 126
51; 24; 1; 2; 127
47; 32; 1; 2; 130
26; 19; 1; 2; 131
13
4; 1; 28; 543
8; 1; 37; 636
6; 1; 9; 792
3; 1; 26; 837
2; 1; 38; 1080
7; 1; 8; 1170
11; 1; 16; 1185
10; 1; 47; 1276
12; 1; 15; 1524
5; 1; 23; 1598
0; 1; 11; 1745
9; 1; 7; 2129
1; 1; 19; 2259
