**** 330 ****
80
168; 217; 1; 2; 12
237; 251; 1; 2; 13
272; 178; 2; 1; 14
263; 211; 1; 2; 20
239; 204; 1; 2; 26
277; 216; 1; 2; 33
280; 190; 1; 2; 38
157; 202; 1; 2; 46
168; 263; 1; 2; 46
271; 152; 1; 2; 56
286; 212; 2; 1; 62
182; 214; 2; 1; 64
156; 209; 2; 1; 68
236; 189; 1; 2; 77
185; 213; 2; 1; 78
169; 257; 1; 2; 83
280; 226; 1; 2; 86
169; 274; 2; 1; 87
289; 198; 2; 1; 88
156; 220; 2; 1; 92
164; 233; 2; 1; 93
275; 187; 1; 2; 98
163; 272; 2; 1; 104
269; 232; 1; 2; 117
203; 289; 2; 1; 117
174; 207; 1; 2; 123
178; 263; 1; 2; 124
216; 174; 1; 2; 129
244; 262; 1; 2; 132
279; 161; 2; 1; 139
173; 212; 1; 2; 145
202; 263; 2; 1; 165
284; 280; 1; 2; 175
199; 239; 1; 2; 180
284; 254; 1; 2; 182
276; 194; 2; 1; 183
205; 228; 1; 2; 193
192; 198; 2; 1; 193
289; 263; 1; 2; 197
171; 259; 2; 1; 204
241; 255; 2; 1; 207
157; 253; 2; 1; 208
234; 253; 2; 1; 220
179; 199; 1; 2; 225
167; 277; 1; 2; 231
157; 223; 1; 2; 232
213; 236; 1; 2; 239
230; 170; 2; 1; 245
278; 266; 1; 2; 245
244; 159; 1; 2; 247
178; 275; 1; 2; 250
226; 249; 2; 1; 255
156; 196; 2; 1; 279
151; 227; 1; 2; 281
247; 252; 2; 1; 285
246; 289; 2; 1; 285
226; 283; 2; 1; 289
210; 252; 2; 1; 301
222; 167; 1; 2; 304
165; 279; 1; 2; 312
255; 220; 2; 1; 319
247; 171; 1; 2; 322
224; 158; 2; 1; 323
171; 199; 2; 1; 324
194; 218; 1; 2; 336
264; 154; 2; 1; 348
253; 241; 2; 1; 348
198; 275; 2; 1; 350
250; 273; 2; 1; 357
224; 272; 1; 2; 365
235; 190; 1; 2; 366
202; 276; 1; 2; 377
178; 219; 2; 1; 383
226; 265; 1; 2; 394
271; 153; 1; 2; 395
232; 197; 2; 1; 405
238; 265; 1; 2; 406
171; 167; 1; 2; 413
191; 268; 2; 1; 420
245; 192; 2; 1; 427
18
7; 1; 6; 13
14; 1; 14; 2475
0; 1; 38; 4546
15; 1; 33; 5326
16; 1; 5; 6422
2; 1; 19; 7826
11; 1; 32; 8245
13; 1; 16; 9086
1; 1; 7; 9205
9; 1; 24; 9481
6; 1; 29; 11237
10; 1; 20; 11406
3; 1; 34; 12156
5; 1; 13; 12507
17; 1; 43; 12762
8; 1; 43; 12845
4; 1; 15; 13498
12; 1; 33; 13907
