**** 331 ****
80
246; 253; 1; 2; 4
252; 243; 2; 1; 12
172; 162; 1; 2; 22
197; 260; 2; 1; 23
218; 194; 2; 1; 24
282; 211; 2; 1; 27
279; 254; 1; 2; 28
165; 270; 2; 1; 29
197; 284; 2; 1; 32
276; 280; 2; 1; 33
232; 218; 1; 2; 36
258; 192; 1; 2; 41
233; 163; 2; 1; 41
258; 186; 1; 2; 45
244; 231; 1; 2; 52
220; 191; 2; 1; 57
229; 234; 1; 2; 59
161; 251; 1; 2; 74
281; 214; 1; 2; 74
195; 242; 2; 1; 76
186; 283; 1; 2; 89
243; 243; 2; 1; 122
219; 157; 2; 1; 127
213; 203; 2; 1; 135
264; 254; 1; 2; 138
261; 278; 2; 1; 145
174; 188; 1; 2; 149
256; 265; 1; 2; 149
164; 203; 1; 2; 150
208; 253; 2; 1; 151
222; 159; 2; 1; 154
236; 286; 1; 2; 157
252; 179; 2; 1; 160
241; 153; 2; 1; 162
279; 172; 2; 1; 171
244; 188; 2; 1; 172
196; 237; 2; 1; 174
157; 282; 2; 1; 177
182; 250; 1; 2; 178
184; 249; 1; 2; 178
250; 276; 2; 1; 179
215; 281; 1; 2; 180
240; 152; 2; 1; 182
159; 246; 1; 2; 187
218; 269; 2; 1; 191
220; 213; 1; 2; 199
246; 245; 1; 2; 208
222; 237; 2; 1; 211
204; 255; 1; 2; 214
248; 236; 2; 1; 219
261; 206; 1; 2; 219
272; 240; 2; 1; 230
246; 289; 2; 1; 233
265; 182; 2; 1; 233
278; 151; 2; 1; 239
249; 213; 2; 1; 244
210; 201; 2; 1; 246
286; 237; 2; 1; 254
175; 273; 2; 1; 260
230; 161; 1; 2; 260
211; 276; 2; 1; 279
203; 168; 2; 1; 284
264; 177; 2; 1; 296
152; 157; 2; 1; 299
199; 288; 2; 1; 322
236; 197; 1; 2; 330
243; 277; 1; 2; 333
212; 241; 1; 2; 347
176; 168; 1; 2; 351
194; 264; 1; 2; 354
250; 238; 2; 1; 356
268; 216; 1; 2; 361
189; 286; 2; 1; 364
241; 179; 2; 1; 365
221; 224; 1; 2; 371
188; 281; 2; 1; 374
212; 171; 1; 2; 388
256; 221; 1; 2; 403
152; 267; 1; 2; 410
178; 268; 2; 1; 415
18
11; 1; 41; 12
1; 1; 11; 93
2; 1; 26; 2061
7; 1; 13; 2413
16; 1; 41; 2997
4; 1; 22; 4518
15; 1; 20; 7505
3; 1; 38; 8145
13; 1; 13; 8247
12; 1; 49; 9745
17; 1; 21; 10730
0; 1; 10; 12082
10; 1; 13; 12910
9; 1; 16; 14056
5; 1; 45; 14415
8; 1; 16; 14820
6; 1; 26; 14958
14; 1; 48; 17588
