**** 332 ****
80
233; 286; 1; 2; 22
255; 211; 1; 2; 22
281; 161; 1; 2; 30
191; 262; 2; 1; 42
226; 176; 2; 1; 48
165; 254; 2; 1; 51
176; 273; 1; 2; 54
171; 211; 2; 1; 55
288; 272; 2; 1; 56
205; 180; 1; 2; 60
256; 211; 1; 2; 66
218; 192; 1; 2; 73
182; 263; 2; 1; 78
186; 281; 2; 1; 87
212; 187; 2; 1; 98
271; 239; 1; 2; 103
219; 278; 1; 2; 103
178; 184; 1; 2; 105
160; 215; 1; 2; 111
217; 277; 1; 2; 112
273; 208; 1; 2; 112
165; 246; 2; 1; 114
175; 280; 2; 1; 119
239; 202; 2; 1; 119
170; 206; 1; 2; 123
223; 223; 2; 1; 142
228; 226; 2; 1; 145
232; 262; 1; 2; 147
201; 211; 1; 2; 152
258; 203; 2; 1; 155
238; 252; 1; 2; 162
289; 268; 2; 1; 168
254; 260; 2; 1; 170
175; 154; 2; 1; 171
269; 174; 2; 1; 178
255; 161; 1; 2; 181
206; 280; 1; 2; 187
190; 203; 1; 2; 189
175; 161; 1; 2; 190
179; 268; 2; 1; 198
269; 271; 1; 2; 207
237; 289; 1; 2; 207
199; 228; 1; 2; 209
234; 168; 1; 2; 221
239; 248; 1; 2; 223
221; 179; 1; 2; 230
155; 196; 2; 1; 240
157; 285; 1; 2; 247
253; 218; 1; 2; 248
264; 261; 1; 2; 258
222; 158; 1; 2; 258
170; 165; 1; 2; 274
191; 264; 2; 1; 284
225; 244; 2; 1; 284
231; 169; 1; 2; 285
151; 265; 2; 1; 291
231; 155; 1; 2; 298
190; 276; 1; 2; 301
192; 231; 2; 1; 303
191; 249; 2; 1; 307
244; 286; 2; 1; 311
185; 177; 1; 2; 315
216; 278; 1; 2; 316
275; 206; 1; 2; 317
256; 189; 2; 1; 322
288; 197; 1; 2; 330
222; 210; 1; 2; 334
194; 219; 1; 2; 335
152; 253; 1; 2; 340
223; 195; 2; 1; 343
187; 196; 2; 1; 351
185; 208; 2; 1; 352
217; 193; 1; 2; 364
256; 199; 1; 2; 366
261; 289; 2; 1; 382
219; 288; 1; 2; 385
287; 196; 2; 1; 395
240; 279; 1; 2; 411
289; 160; 1; 2; 426
224; 234; 1; 2; 429
18
7; 1; 46; 2094
16; 1; 13; 2674
8; 1; 16; 2699
5; 1; 12; 3308
11; 1; 22; 4007
12; 1; 23; 4161
3; 1; 40; 4473
14; 1; 21; 4661
0; 1; 48; 6592
1; 1; 34; 7948
10; 1; 28; 8498
6; 1; 40; 12461
15; 1; 48; 13508
13; 1; 36; 14781
9; 1; 12; 15131
4; 1; 41; 15985
17; 1; 19; 16418
2; 1; 29; 16961
