**** 333 ****
80
200; 156; 1; 2; 7
215; 212; 1; 2; 18
278; 264; 2; 1; 22
235; 247; 1; 2; 30
257; 231; 1; 2; 43
223; 225; 1; 2; 43
264; 237; 2; 1; 44
256; 232; 1; 2; 46
184; 188; 1; 2; 48
194; 195; 2; 1; 52
278; 178; 2; 1; 56
174; 170; 2; 1; 65
228; 244; 2; 1; 67
192; 259; 1; 2; 71
177; 167; 1; 2; 92
194; 244; 2; 1; 103
154; 182; 1; 2; 104
182; 202; 2; 1; 107
169; 214; 2; 1; 109
220; 172; 1; 2; 113
280; 186; 1; 2; 121
167; 279; 1; 2; 125
249; 196; 1; 2; 127
223; 281; 1; 2; 133
155; 237; 1; 2; 134
190; 274; 1; 2; 138
231; 209; 2; 1; 139
216; 224; 2; 1; 156
173; 175; 1; 2; 163
151; 288; 2; 1; 165
238; 175; 1; 2; 167
278; 172; 1; 2; 171
191; 151; 1; 2; 186
170; 224; 2; 1; 187
164; 244; 1; 2; 190
160; 256; 2; 1; 197
248; 264; 1; 2; 199
260; 217; 1; 2; 213
244; 167; 2; 1; 228
280; 216; 1; 2; 228
184; 224; 1; 2; 228
196; 206; 1; 2; 234
221; 177; 1; 2; 236
187; 212; 2; 1; 236
199; 217; 1; 2; 244
230; 224; 2; 1; 259
269; 268; 1; 2; 266
183; 258; 1; 2; 276
184; 241; 1; 2; 281
282; 282; 1; 2; 294
229; 173; 1; 2; 304
241; 176; 1; 2; 308
281; 187; 1; 2; 311
211; 169; 1; 2; 313
270; 283; 2; 1; 319
223; 188; 2; 1; 325
172; 188; 1; 2; 329
230; 226; 2; 1; 332
181; 269; 2; 1; 335
258; 242; 1; 2; 338
288; 156; 1; 2; 344
190; 284; 2; 1; 344
219; 282; 1; 2; 355
159; 157; 2; 1; 356
255; 273; 1; 2; 361
188; 161; 1; 2; 362
247; 278; 2; 1; 375
214; 251; 2; 1; 376
182; 179; 2; 1; 388
266; 269; 1; 2; 389
155; 268; 1; 2; 393
228; 277; 2; 1; 395
195; 241; 2; 1; 396
195; 289; 1; 2; 397
252; 153; 2; 1; 410
228; 205; 2; 1; 415
254; 241; 1; 2; 419
223; 195; 1; 2; 422
229; 178; 1; 2; 424
196; 222; 1; 2; 430
18
11; 1; 49; 304
10; 1; 15; 704
9; 1; 45; 3234
3; 1; 46; 3291
13; 1; 11; 4241
6; 1; 25; 4325
2; 1; 15; 4374
0; 1; 6; 5044
16; 1; 37; 7061
15; 1; 24; 9359
17; 1; 14; 10655
14; 1; 30; 10737
7; 1; 19; 12853
4; 1; 28; 13077
12; 1; 3; 13512
8; 1; 23; 15673
5; 1; 46; 15723
1; 1; 29; 16172
