**** 334 ****
80
233; 168; 2; 1; 4
242; 166; 2; 1; 12
236; 219; 2; 1; 13
287; 261; 2; 1; 17
257; 176; 2; 1; 17
262; 205; 1; 2; 38
288; 244; 2; 1; 40
206; 261; 1; 2; 43
276; 271; 1; 2; 50
234; 222; 1; 2; 50
255; 229; 1; 2; 51
153; 181; 2; 1; 59
247; 254; 1; 2; 60
177; 255; 1; 2; 87
272; 252; 2; 1; 89
262; 232; 2; 1; 91
200; 217; 2; 1; 96
241; 202; 1; 2; 97
210; 288; 1; 2; 98
288; 205; 2; 1; 98
282; 184; 2; 1; 104
269; 276; 2; 1; 105
211; 272; 1; 2; 110
254; 274; 2; 1; 119
227; 277; 2; 1; 119
171; 252; 1; 2; 122
276; 154; 1; 2; 138
285; 163; 2; 1; 141
155; 183; 1; 2; 150
262; 189; 1; 2; 152
189; 219; 1; 2; 153
200; 240; 1; 2; 181
165; 182; 1; 2; 183
265; 151; 2; 1; 184
288; 174; 2; 1; 185
221; 265; 1; 2; 190
221; 181; 1; 2; 192
168; 151; 2; 1; 195
167; 209; 2; 1; 206
202; 202; 1; 2; 212
220; 279; 1; 2; 215
213; 153; 2; 1; 217
207; 288; 2; 1; 219
177; 151; 2; 1; 223
181; 247; 1; 2; 227
276; 267; 1; 2; 231
276; 277; 2; 1; 233
227; 181; 2; 1; 237
249; 259; 2; 1; 244
287; 182; 1; 2; 247
288; 259; 2; 1; 247
191; 153; 1; 2; 250
196; 193; 2; 1; 268
283; 182; 2; 1; 273
232; 223; 1; 2; 283
272; 174; 1; 2; 287
278; 240; 2; 1; 294
152; 153; 2; 1; 295
203; 283; 2; 1; 295
227; 268; 1; 2; 299
195; 247; 1; 2; 300
284; 155; 1; 2; 301
201; 214; 1; 2; 304
186; 213; 2; 1; 316
194; 243; 1; 2; 318
184; 166; 1; 2; 318
244; 239; 1; 2; 319
201; 169; 1; 2; 320
246; 174; 2; 1; 322
225; 266; 1; 2; 331
213; 177; 1; 2; 361
276; 224; 1; 2; 363
214; 251; 2; 1; 379
197; 277; 2; 1; 390
247; 222; 2; 1; 407
275; 185; 2; 1; 411
157; 242; 2; 1; 421
216; 274; 2; 1; 424
230; 245; 2; 1; 427
226; 237; 2; 1; 430
18
11; 1; 27; 1509
17; 1; 12; 1597
3; 1; 18; 2331
10; 1; 11; 2871
4; 1; 6; 3213
1; 1; 14; 3971
13; 1; 2; 4665
12; 1; 18; 5469
7; 1; 38; 6164
0; 1; 17; 6575
15; 1; 18; 7462
16; 1; 46; 8349
5; 1; 12; 8829
8; 1; 25; 10449
6; 1; 4; 13174
9; 1; 49; 15696
2; 1; 44; 16054
14; 1; 6; 17960
