**** 335 ****
80
160; 236; 1; 2; 1
239; 206; 2; 1; 1
173; 266; 2; 1; 17
220; 167; 2; 1; 19
212; 175; 2; 1; 23
198; 257; 2; 1; 24
284; 175; 1; 2; 28
169; 248; 1; 2; 44
185; 257; 2; 1; 53
281; 162; 1; 2; 57
285; 239; 2; 1; 61
233; 160; 2; 1; 63
257; 275; 1; 2; 65
267; 155; 2; 1; 67
165; 203; 2; 1; 70
227; 164; 2; 1; 70
270; 287; 2; 1; 72
270; 263; 2; 1; 72
178; 189; 1; 2; 74
165; 235; 1; 2; 76
288; 273; 1; 2; 76
196; 285; 1; 2; 83
221; 275; 2; 1; 88
163; 283; 1; 2; 92
176; 167; 1; 2; 95
245; 204; 1; 2; 118
210; 170; 2; 1; 118
196; 215; 1; 2; 127
158; 269; 1; 2; 128
275; 205; 1; 2; 128
214; 214; 2; 1; 133
183; 260; 2; 1; 140
207; 185; 2; 1; 140
252; 168; 1; 2; 142
175; 197; 1; 2; 150
198; 151; 2; 1; 156
167; 206; 1; 2; 157
277; 183; 2; 1; 162
266; 156; 1; 2; 169
163; 162; 1; 2; 175
226; 287; 1; 2; 179
250; 207; 1; 2; 187
243; 281; 2; 1; 191
182; 270; 1; 2; 193
287; 162; 2; 1; 198
166; 176; 1; 2; 205
167; 176; 2; 1; 222
281; 277; 1; 2; 225
194; 161; 2; 1; 232
269; 240; 2; 1; 233
170; 236; 2; 1; 239
179; 253; 1; 2; 243
222; 240; 1; 2; 257
281; 152; 1; 2; 261
204; 237; 1; 2; 264
219; 203; 2; 1; 266
158; 286; 1; 2; 273
193; 200; 2; 1; 284
259; 217; 1; 2; 288
273; 245; 2; 1; 293
262; 196; 2; 1; 293
263; 178; 2; 1; 294
253; 283; 1; 2; 304
154; 267; 2; 1; 305
181; 190; 1; 2; 307
158; 212; 2; 1; 310
232; 261; 2; 1; 319
236; 213; 1; 2; 324
208; 276; 1; 2; 357
171; 193; 2; 1; 366
265; 172; 2; 1; 366
217; 159; 1; 2; 387
199; 182; 2; 1; 389
268; 280; 1; 2; 401
273; 235; 1; 2; 406
289; 184; 1; 2; 409
247; 229; 1; 2; 411
243; 156; 2; 1; 415
238; 164; 1; 2; 418
203; 271; 2; 1; 424
18
10; 1; 3; 846
0; 1; 11; 945
3; 1; 47; 3251
14; 1; 11; 4767
4; 1; 41; 5012
1; 1; 3; 5319
2; 1; 48; 5358
5; 1; 11; 6784
15; 1; 31; 7032
13; 1; 8; 8200
9; 1; 36; 8739
8; 1; 35; 9281
17; 1; 47; 9328
12; 1; 48; 10256
7; 1; 17; 11177
11; 1; 45; 11577
6; 1; 22; 14571
16; 1; 40; 17983
