**** 336 ****
80
251; 238; 2; 1; 0
250; 223; 1; 2; 12
201; 236; 2; 1; 23
175; 191; 1; 2; 40
251; 230; 1; 2; 42
171; 281; 2; 1; 43
281; 252; 1; 2; 43
273; 258; 1; 2; 49
229; 160; 2; 1; 65
287; 238; 1; 2; 71
201; 162; 1; 2; 73
197; 176; 1; 2; 74
216; 273; 1; 2; 79
198; 289; 1; 2; 80
164; 226; 1; 2; 83
176; 196; 1; 2; 83
223; 258; 2; 1; 85
287; 280; 2; 1; 86
188; 260; 1; 2; 100
274; 289; 2; 1; 100
195; 193; 1; 2; 102
196; 282; 2; 1; 111
227; 279; 1; 2; 111
241; 280; 1; 2; 112
254; 192; 2; 1; 122
251; 244; 1; 2; 127
154; 286; 1; 2; 132
254; 154; 2; 1; 133
257; 256; 1; 2; 140
163; 175; 1; 2; 143
262; 153; 1; 2; 144
197; 206; 2; 1; 146
193; 241; 1; 2; 148
219; 261; 2; 1; 151
188; 261; 1; 2; 157
262; 288; 1; 2; 166
251; 251; 2; 1; 167
288; 259; 2; 1; 169
273; 235; 2; 1; 172
179; 266; 2; 1; 179
269; 242; 2; 1; 179
248; 266; 2; 1; 195
192; 182; 1; 2; 202
240; 170; 1; 2; 204
265; 251; 1; 2; 206
181; 277; 2; 1; 207
200; 174; 2; 1; 208
223; 172; 2; 1; 224
288; 207; 1; 2; 228
206; 168; 1; 2; 228
180; 158; 2; 1; 235
235; 201; 1; 2; 241
182; 278; 2; 1; 247
264; 217; 2; 1; 250
244; 165; 2; 1; 251
225; 282; 2; 1; 262
199; 185; 2; 1; 266
157; 266; 1; 2; 283
182; 277; 1; 2; 286
207; 263; 1; 2; 290
170; 171; 1; 2; 294
182; 166; 2; 1; 302
269; 285; 1; 2; 309
152; 166; 2; 1; 309
267; 252; 2; 1; 325
160; 284; 1; 2; 327
246; 252; 2; 1; 328
281; 278; 2; 1; 330
153; 208; 2; 1; 339
257; 209; 1; 2; 349
175; 279; 2; 1; 352
159; 171; 1; 2; 359
215; 253; 1; 2; 368
194; 231; 2; 1; 394
197; 258; 2; 1; 404
189; 251; 1; 2; 416
177; 274; 2; 1; 417
231; 180; 1; 2; 419
188; 184; 2; 1; 423
232; 231; 1; 2; 428
18
17; 1; 2; 864
0; 1; 7; 1769
4; 1; 39; 3482
6; 1; 1; 3960
13; 1; 44; 5524
10; 1; 28; 5823
14; 1; 19; 6551
12; 1; 41; 7418
8; 1; 2; 9146
2; 1; 19; 9633
3; 1; 4; 10136
7; 1; 14; 11202
11; 1; 21; 12028
16; 1; 27; 12281
15; 1; 41; 13013
1; 1; 20; 15932
5; 1; 1; 16573
9; 1; 23; 16612
