**** 337 ****
80
183; 243; 2; 1; 12
270; 161; 2; 1; 15
183; 262; 2; 1; 17
224; 168; 1; 2; 23
287; 266; 1; 2; 26
251; 168; 1; 2; 31
153; 222; 2; 1; 34
174; 157; 1; 2; 43
242; 263; 1; 2; 59
239; 221; 2; 1; 59
281; 289; 1; 2; 60
216; 250; 2; 1; 60
274; 264; 2; 1; 67
239; 277; 2; 1; 71
271; 250; 1; 2; 71
166; 226; 1; 2; 72
181; 241; 2; 1; 73
175; 247; 1; 2; 78
151; 166; 2; 1; 79
204; 160; 1; 2; 85
220; 229; 2; 1; 87
194; 161; 2; 1; 87
152; 282; 2; 1; 90
212; 229; 2; 1; 91
218; 280; 1; 2; 94
223; 273; 2; 1; 114
151; 275; 2; 1; 114
245; 229; 1; 2; 121
160; 182; 1; 2; 125
210; 271; 1; 2; 129
237; 179; 2; 1; 131
152; 172; 1; 2; 139
184; 282; 1; 2; 141
224; 235; 1; 2; 172
287; 280; 2; 1; 175
220; 223; 2; 1; 178
219; 210; 2; 1; 178
205; 157; 1; 2; 192
248; 232; 2; 1; 199
166; 259; 2; 1; 199
175; 245; 1; 2; 201
230; 272; 1; 2; 207
279; 285; 1; 2; 214
266; 249; 1; 2; 219
216; 202; 1; 2; 222
161; 165; 2; 1; 232
256; 248; 1; 2; 243
287; 280; 1; 2; 249
170; 286; 1; 2; 256
198; 209; 2; 1; 280
288; 242; 1; 2; 283
261; 237; 1; 2; 283
195; 229; 1; 2; 293
260; 215; 1; 2; 301
227; 228; 2; 1; 320
202; 270; 1; 2; 330
260; 180; 2; 1; 333
201; 249; 2; 1; 338
210; 243; 2; 1; 345
177; 267; 1; 2; 348
266; 196; 2; 1; 355
289; 185; 2; 1; 359
242; 172; 2; 1; 365
186; 256; 1; 2; 368
195; 223; 2; 1; 369
234; 261; 1; 2; 378
284; 190; 2; 1; 379
275; 186; 2; 1; 380
252; 288; 1; 2; 390
234; 161; 2; 1; 392
169; 279; 2; 1; 397
250; 186; 2; 1; 399
205; 253; 2; 1; 402
287; 162; 1; 2; 407
289; 281; 1; 2; 411
206; 183; 2; 1; 412
280; 289; 1; 2; 415
229; 212; 2; 1; 433
230; 258; 2; 1; 434
230; 210; 1; 2; 435
18
4; 1; 45; 503
3; 1; 17; 618
16; 1; 33; 874
15; 1; 46; 2196
14; 1; 32; 2483
5; 1; 19; 2626
9; 1; 30; 3237
11; 1; 22; 3558
2; 1; 14; 7016
17; 1; 42; 8083
13; 1; 11; 9524
6; 1; 7; 9623
12; 1; 32; 10453
8; 1; 49; 13758
0; 1; 17; 14324
1; 1; 40; 16663
7; 1; 8; 16772
10; 1; 16; 17657
