**** 338 ****
80
154; 283; 2; 1; 1
180; 179; 2; 1; 7
179; 152; 1; 2; 27
287; 160; 1; 2; 32
249; 227; 2; 1; 42
274; 217; 1; 2; 43
268; 203; 1; 2; 56
238; 222; 2; 1; 62
227; 253; 2; 1; 66
287; 204; 1; 2; 68
198; 212; 2; 1; 78
241; 210; 2; 1; 82
243; 273; 2; 1; 83
161; 246; 1; 2; 86
267; 248; 1; 2; 88
166; 211; 2; 1; 91
287; 281; 2; 1; 93
194; 172; 2; 1; 98
217; 234; 1; 2; 107
213; 249; 2; 1; 110
151; 186; 2; 1; 110
206; 272; 2; 1; 111
153; 269; 1; 2; 124
198; 177; 1; 2; 128
195; 173; 2; 1; 128
246; 156; 2; 1; 130
190; 248; 1; 2; 133
213; 182; 2; 1; 138
256; 203; 2; 1; 152
197; 289; 1; 2; 163
267; 261; 2; 1; 168
184; 271; 1; 2; 173
191; 182; 2; 1; 177
162; 254; 1; 2; 178
278; 285; 1; 2; 193
179; 188; 2; 1; 205
256; 253; 2; 1; 209
267; 159; 1; 2; 211
159; 221; 2; 1; 213
287; 256; 1; 2; 213
247; 285; 2; 1; 225
257; 184; 2; 1; 231
181; 191; 2; 1; 232
154; 157; 1; 2; 234
163; 233; 1; 2; 235
172; 247; 1; 2; 243
250; 180; 2; 1; 246
221; 244; 2; 1; 250
235; 224; 2; 1; 273
269; 287; 1; 2; 277
232; 174; 2; 1; 281
248; 197; 2; 1; 282
287; 273; 1; 2; 284
168; 282; 2; 1; 285
278; 176; 2; 1; 285
256; 192; 2; 1; 294
156; 197; 2; 1; 309
203; 196; 1; 2; 314
171; 177; 1; 2; 317
260; 278; 1; 2; 320
217; 184; 2; 1; 325
184; 225; 1; 2; 337
174; 285; 2; 1; 343
207; 215; 1; 2; 346
233; 160; 2; 1; 347
193; 190; 2; 1; 351
254; 284; 2; 1; 363
220; 179; 2; 1; 369
162; 261; 2; 1; 370
225; 280; 1; 2; 371
257; 267; 1; 2; 376
233; 152; 2; 1; 378
239; 265; 1; 2; 379
261; 189; 1; 2; 392
192; 217; 2; 1; 419
165; 178; 2; 1; 420
277; 167; 1; 2; 424
216; 266; 1; 2; 428
182; 214; 1; 2; 430
226; 246; 1; 2; 434
18
17; 1; 41; 1679
11; 1; 18; 2004
15; 1; 25; 2715
4; 1; 28; 3510
14; 1; 15; 4375
16; 1; 32; 4802
10; 1; 29; 5142
7; 1; 29; 6102
3; 1; 30; 6274
8; 1; 26; 8647
5; 1; 43; 9335
12; 1; 3; 9770
0; 1; 8; 9920
2; 1; 3; 11330
13; 1; 19; 11645
9; 1; 32; 11783
1; 1; 1; 15718
6; 1; 42; 17299
