**** 339 ****
80
198; 227; 2; 1; 1
252; 185; 2; 1; 24
263; 200; 2; 1; 31
199; 196; 2; 1; 38
275; 158; 1; 2; 48
232; 266; 2; 1; 49
157; 172; 2; 1; 52
234; 175; 1; 2; 61
201; 241; 1; 2; 66
167; 181; 1; 2; 71
175; 197; 2; 1; 85
161; 199; 2; 1; 89
256; 245; 2; 1; 90
196; 164; 2; 1; 94
267; 212; 1; 2; 97
160; 215; 2; 1; 100
252; 200; 1; 2; 102
172; 248; 1; 2; 107
205; 174; 2; 1; 110
195; 232; 2; 1; 110
204; 262; 2; 1; 113
286; 245; 2; 1; 114
176; 193; 2; 1; 115
196; 176; 2; 1; 117
233; 162; 2; 1; 118
195; 241; 2; 1; 120
222; 269; 2; 1; 125
186; 206; 1; 2; 132
198; 193; 2; 1; 140
253; 164; 1; 2; 140
259; 272; 2; 1; 155
188; 255; 1; 2; 162
286; 207; 2; 1; 169
208; 165; 2; 1; 175
260; 170; 1; 2; 186
178; 225; 1; 2; 186
211; 158; 1; 2; 188
273; 262; 1; 2; 196
178; 185; 2; 1; 202
256; 218; 2; 1; 206
247; 188; 1; 2; 217
284; 166; 2; 1; 220
163; 214; 2; 1; 252
160; 198; 2; 1; 252
175; 243; 2; 1; 253
277; 195; 2; 1; 254
288; 257; 1; 2; 259
253; 229; 2; 1; 260
281; 175; 1; 2; 274
253; 225; 2; 1; 274
207; 195; 1; 2; 280
287; 166; 2; 1; 282
289; 165; 2; 1; 284
191; 158; 1; 2; 291
276; 270; 2; 1; 294
261; 261; 2; 1; 294
194; 210; 2; 1; 297
275; 211; 1; 2; 301
222; 178; 2; 1; 301
222; 249; 2; 1; 312
276; 168; 2; 1; 326
253; 174; 1; 2; 349
242; 170; 1; 2; 353
252; 220; 1; 2; 360
287; 206; 1; 2; 362
195; 218; 2; 1; 362
231; 196; 1; 2; 363
203; 177; 2; 1; 366
194; 198; 1; 2; 377
256; 166; 2; 1; 380
168; 170; 2; 1; 380
210; 210; 1; 2; 381
240; 204; 1; 2; 392
251; 189; 1; 2; 400
194; 164; 2; 1; 414
207; 167; 1; 2; 424
250; 164; 2; 1; 429
264; 244; 2; 1; 432
257; 223; 2; 1; 433
187; 170; 1; 2; 435
18
5; 1; 16; 129
3; 1; 2; 1563
12; 1; 13; 1722
2; 1; 31; 2907
8; 1; 20; 3909
17; 1; 38; 5208
11; 1; 49; 5914
16; 1; 26; 6876
14; 1; 18; 7355
6; 1; 21; 8613
4; 1; 12; 10323
15; 1; 46; 10470
7; 1; 31; 11712
0; 1; 11; 13810
13; 1; 33; 14326
1; 1; 18; 16559
10; 1; 33; 16863
9; 1; 11; 17912
