**** 34 ****
53
67; 21; 2; 1; 0
25; 45; 1; 2; 5
37; 28; 1; 2; 9
60; 31; 2; 1; 9
25; 49; 1; 2; 12
62; 59; 1; 2; 12
29; 50; 2; 1; 14
45; 66; 2; 1; 18
34; 66; 2; 1; 20
32; 60; 2; 1; 21
21; 37; 1; 2; 23
40; 65; 2; 1; 24
35; 42; 1; 2; 27
32; 19; 2; 1; 27
19; 42; 2; 1; 39
39; 37; 1; 2; 40
40; 61; 2; 1; 40
53; 58; 1; 2; 44
23; 44; 2; 1; 44
18; 21; 1; 2; 47
58; 72; 1; 2; 53
29; 35; 1; 2; 54
19; 21; 1; 2; 62
44; 18; 2; 1; 67
61; 44; 1; 2; 70
66; 63; 2; 1; 71
29; 20; 2; 1; 72
63; 57; 2; 1; 73
41; 70; 1; 2; 76
35; 56; 2; 1; 76
59; 30; 2; 1; 77
16; 60; 2; 1; 77
19; 69; 2; 1; 78
46; 44; 1; 2; 81
59; 44; 2; 1; 82
73; 49; 2; 1; 84
27; 23; 2; 1; 85
45; 30; 1; 2; 86
19; 35; 1; 2; 87
55; 26; 2; 1; 91
70; 51; 1; 2; 91
32; 42; 2; 1; 95
29; 39; 1; 2; 98
66; 65; 1; 2; 99
60; 69; 2; 1; 99
70; 60; 2; 1; 100
30; 69; 1; 2; 115
20; 25; 2; 1; 116
48; 16; 2; 1; 118
42; 28; 1; 2; 125
30; 70; 1; 2; 126
60; 45; 2; 1; 127
62; 49; 2; 1; 128
13
0; 1; 47; 67
1; 1; 1; 298
2; 1; 36; 332
3; 1; 1; 420
10; 1; 33; 462
7; 1; 29; 1111
9; 1; 19; 1415
5; 1; 17; 1664
4; 1; 20; 1703
6; 1; 18; 1925
11; 1; 7; 2120
12; 1; 40; 2224
8; 1; 31; 2402
