**** 340 ****
80
171; 173; 1; 2; 7
240; 227; 2; 1; 8
195; 243; 2; 1; 9
289; 158; 1; 2; 11
288; 249; 2; 1; 17
199; 218; 1; 2; 19
156; 196; 2; 1; 23
262; 187; 1; 2; 27
251; 266; 1; 2; 33
154; 233; 1; 2; 37
202; 270; 1; 2; 38
167; 169; 1; 2; 45
284; 249; 1; 2; 62
278; 178; 1; 2; 76
202; 252; 1; 2; 79
192; 155; 2; 1; 79
289; 285; 2; 1; 80
256; 280; 1; 2; 81
205; 202; 2; 1; 81
188; 278; 2; 1; 89
175; 245; 2; 1; 91
173; 186; 1; 2; 93
232; 180; 1; 2; 94
154; 199; 1; 2; 97
232; 224; 2; 1; 103
261; 157; 1; 2; 106
217; 213; 1; 2; 108
228; 283; 1; 2; 121
235; 226; 2; 1; 121
186; 202; 2; 1; 127
235; 202; 2; 1; 130
179; 180; 2; 1; 131
202; 254; 1; 2; 132
177; 214; 1; 2; 139
182; 178; 1; 2; 153
169; 212; 2; 1; 165
220; 212; 1; 2; 168
210; 211; 2; 1; 187
239; 177; 1; 2; 188
211; 170; 1; 2; 190
151; 233; 1; 2; 202
272; 258; 1; 2; 202
286; 171; 2; 1; 207
216; 288; 1; 2; 222
151; 281; 2; 1; 229
273; 200; 2; 1; 235
255; 239; 2; 1; 237
274; 231; 1; 2; 240
248; 272; 1; 2; 240
194; 169; 1; 2; 246
286; 270; 2; 1; 251
288; 198; 1; 2; 253
246; 219; 1; 2; 259
209; 229; 1; 2; 262
222; 227; 2; 1; 275
277; 172; 1; 2; 277
244; 273; 1; 2; 287
165; 183; 2; 1; 288
202; 242; 2; 1; 292
210; 234; 2; 1; 302
260; 201; 1; 2; 303
193; 163; 2; 1; 314
240; 228; 2; 1; 326
238; 248; 1; 2; 329
195; 239; 1; 2; 351
243; 199; 1; 2; 357
194; 227; 1; 2; 362
169; 246; 2; 1; 375
168; 153; 2; 1; 377
246; 164; 1; 2; 379
158; 205; 1; 2; 387
193; 208; 2; 1; 387
263; 206; 1; 2; 389
280; 280; 2; 1; 391
195; 245; 1; 2; 401
285; 208; 2; 1; 405
238; 255; 2; 1; 405
164; 272; 2; 1; 406
175; 185; 2; 1; 425
256; 271; 1; 2; 432
18
13; 1; 17; 45
15; 1; 31; 4947
17; 1; 14; 5160
5; 1; 41; 7738
10; 1; 16; 8901
2; 1; 31; 9138
11; 1; 39; 11659
14; 1; 1; 11899
1; 1; 3; 11903
3; 1; 42; 11956
7; 1; 47; 12889
4; 1; 7; 13154
0; 1; 18; 13726
8; 1; 2; 14776
12; 1; 49; 14782
9; 1; 19; 14839
6; 1; 35; 15489
16; 1; 33; 15921
