**** 341 ****
81
278; 241; 2; 1; 13
257; 229; 2; 1; 18
281; 293; 1; 2; 22
225; 270; 2; 1; 31
290; 173; 2; 1; 41
225; 176; 2; 1; 44
184; 221; 1; 2; 45
211; 257; 2; 1; 47
220; 228; 1; 2; 52
160; 198; 2; 1; 60
227; 297; 1; 2; 67
213; 200; 1; 2; 70
234; 258; 2; 1; 72
252; 269; 1; 2; 74
281; 287; 1; 2; 84
256; 254; 1; 2; 118
224; 188; 1; 2; 124
230; 224; 1; 2; 131
234; 236; 2; 1; 134
272; 162; 2; 1; 135
232; 280; 1; 2; 143
213; 266; 1; 2; 143
183; 180; 2; 1; 144
202; 190; 1; 2; 147
281; 180; 2; 1; 152
217; 270; 1; 2; 159
166; 258; 1; 2; 168
227; 296; 2; 1; 170
254; 184; 2; 1; 176
257; 276; 1; 2; 177
263; 242; 2; 1; 183
156; 234; 2; 1; 208
181; 204; 2; 1; 209
165; 190; 1; 2; 220
223; 248; 1; 2; 230
234; 170; 2; 1; 239
255; 215; 1; 2; 244
193; 236; 2; 1; 253
156; 276; 1; 2; 260
158; 285; 2; 1; 264
279; 156; 2; 1; 265
181; 163; 2; 1; 266
212; 279; 2; 1; 269
169; 159; 1; 2; 270
226; 172; 1; 2; 273
285; 265; 1; 2; 282
294; 252; 1; 2; 282
272; 160; 2; 1; 292
252; 204; 1; 2; 296
164; 162; 2; 1; 299
252; 294; 2; 1; 300
161; 284; 1; 2; 301
297; 225; 2; 1; 311
168; 164; 1; 2; 317
286; 273; 2; 1; 325
222; 279; 2; 1; 333
190; 248; 2; 1; 334
184; 177; 1; 2; 336
197; 207; 1; 2; 336
220; 260; 1; 2; 337
287; 167; 2; 1; 341
294; 297; 2; 1; 344
199; 285; 2; 1; 344
231; 202; 2; 1; 346
222; 212; 1; 2; 349
180; 223; 2; 1; 352
233; 276; 2; 1; 356
264; 171; 1; 2; 358
182; 211; 2; 1; 364
166; 217; 2; 1; 378
280; 184; 1; 2; 394
278; 163; 2; 1; 398
265; 165; 1; 2; 403
294; 190; 1; 2; 404
195; 225; 1; 2; 412
269; 287; 2; 1; 418
159; 162; 2; 1; 420
211; 180; 1; 2; 425
192; 193; 2; 1; 431
243; 176; 1; 2; 439
165; 178; 2; 1; 439
19
10; 1; 46; 773
11; 1; 11; 2451
12; 1; 15; 2689
14; 1; 31; 2793
7; 1; 42; 4702
4; 1; 18; 5403
6; 1; 1; 6650
2; 1; 11; 10256
1; 1; 33; 11562
8; 1; 8; 12329
16; 1; 17; 14243
13; 1; 6; 14807
3; 1; 33; 14831
5; 1; 22; 14871
0; 1; 28; 15076
17; 1; 12; 15209
15; 1; 25; 15659
9; 1; 16; 17891
18; 1; 39; 18668
