**** 342 ****
81
265; 173; 1; 2; 0
183; 250; 1; 2; 10
225; 250; 1; 2; 11
235; 166; 2; 1; 17
276; 264; 2; 1; 21
199; 268; 2; 1; 23
254; 182; 1; 2; 24
182; 251; 1; 2; 28
184; 171; 2; 1; 31
179; 248; 1; 2; 45
220; 221; 2; 1; 48
232; 255; 2; 1; 52
276; 215; 1; 2; 54
263; 224; 1; 2; 65
207; 173; 2; 1; 94
195; 204; 1; 2; 96
256; 277; 2; 1; 98
198; 221; 1; 2; 107
237; 271; 2; 1; 108
190; 176; 2; 1; 110
293; 180; 2; 1; 117
164; 263; 1; 2; 125
255; 228; 2; 1; 129
185; 217; 2; 1; 140
290; 193; 2; 1; 142
216; 247; 1; 2; 175
276; 182; 2; 1; 177
241; 230; 1; 2; 187
239; 244; 2; 1; 213
256; 215; 2; 1; 218
200; 234; 2; 1; 218
209; 203; 2; 1; 234
163; 226; 2; 1; 239
192; 277; 2; 1; 243
163; 250; 2; 1; 245
290; 291; 2; 1; 252
179; 278; 2; 1; 254
195; 275; 2; 1; 258
261; 228; 2; 1; 260
262; 270; 2; 1; 260
204; 200; 1; 2; 262
214; 180; 2; 1; 263
191; 244; 1; 2; 263
234; 203; 2; 1; 264
192; 187; 1; 2; 269
174; 222; 1; 2; 276
187; 186; 1; 2; 291
202; 254; 2; 1; 292
262; 286; 2; 1; 294
205; 232; 2; 1; 295
178; 228; 1; 2; 302
204; 296; 2; 1; 307
163; 234; 1; 2; 320
185; 190; 1; 2; 323
286; 231; 1; 2; 331
234; 232; 2; 1; 333
237; 195; 2; 1; 338
281; 166; 2; 1; 343
219; 185; 1; 2; 348
210; 203; 1; 2; 360
279; 207; 2; 1; 363
163; 200; 1; 2; 377
216; 160; 1; 2; 379
179; 213; 1; 2; 380
202; 261; 1; 2; 387
278; 259; 1; 2; 400
293; 160; 2; 1; 401
272; 267; 2; 1; 403
284; 210; 2; 1; 405
236; 280; 1; 2; 412
196; 226; 2; 1; 415
206; 273; 2; 1; 415
190; 256; 2; 1; 417
295; 160; 1; 2; 418
156; 246; 2; 1; 420
284; 167; 2; 1; 423
188; 169; 1; 2; 424
169; 242; 1; 2; 426
266; 205; 1; 2; 430
269; 184; 1; 2; 433
220; 241; 2; 1; 434
19
10; 1; 47; 290
15; 1; 45; 842
5; 1; 4; 1240
4; 1; 40; 2860
2; 1; 41; 3537
3; 1; 16; 4128
14; 1; 39; 4389
17; 1; 23; 6440
13; 1; 16; 7598
6; 1; 30; 8230
18; 1; 14; 10435
12; 1; 45; 10800
16; 1; 2; 10918
9; 1; 15; 12249
7; 1; 10; 12679
8; 1; 15; 13519
11; 1; 26; 13873
0; 1; 7; 14696
1; 1; 45; 17688
