**** 343 ****
81
294; 295; 1; 2; 8
215; 284; 1; 2; 12
264; 269; 1; 2; 22
187; 228; 1; 2; 26
272; 209; 1; 2; 27
239; 182; 2; 1; 39
266; 192; 2; 1; 42
294; 228; 2; 1; 49
215; 212; 2; 1; 73
194; 207; 1; 2; 82
169; 269; 2; 1; 85
189; 270; 1; 2; 92
163; 275; 2; 1; 102
245; 270; 2; 1; 103
245; 177; 2; 1; 105
186; 205; 2; 1; 112
243; 279; 2; 1; 115
168; 274; 2; 1; 117
272; 282; 2; 1; 120
227; 216; 1; 2; 122
222; 276; 2; 1; 125
185; 198; 2; 1; 130
261; 241; 2; 1; 131
214; 239; 1; 2; 133
212; 246; 2; 1; 136
173; 245; 2; 1; 143
207; 206; 1; 2; 150
249; 296; 1; 2; 152
256; 227; 2; 1; 155
193; 226; 2; 1; 161
243; 160; 2; 1; 171
204; 172; 1; 2; 173
283; 242; 1; 2; 186
266; 276; 2; 1; 192
215; 269; 2; 1; 201
256; 205; 2; 1; 201
288; 163; 1; 2; 208
187; 185; 2; 1; 212
164; 259; 1; 2; 216
272; 205; 1; 2; 223
269; 277; 1; 2; 227
262; 278; 2; 1; 228
235; 264; 1; 2; 235
241; 183; 2; 1; 238
278; 220; 2; 1; 239
266; 179; 1; 2; 242
289; 199; 1; 2; 242
287; 294; 2; 1; 251
294; 297; 1; 2; 254
289; 206; 2; 1; 262
194; 288; 2; 1; 263
232; 207; 2; 1; 266
227; 201; 2; 1; 267
180; 192; 1; 2; 271
278; 179; 1; 2; 276
250; 241; 1; 2; 281
167; 179; 2; 1; 283
188; 290; 2; 1; 300
158; 279; 1; 2; 308
250; 174; 2; 1; 313
170; 168; 1; 2; 315
209; 253; 2; 1; 327
172; 292; 1; 2; 328
167; 167; 1; 2; 328
290; 201; 1; 2; 329
242; 167; 2; 1; 329
225; 195; 2; 1; 338
166; 282; 2; 1; 338
199; 281; 1; 2; 339
224; 267; 2; 1; 343
245; 244; 2; 1; 345
266; 244; 2; 1; 348
251; 243; 2; 1; 358
176; 156; 1; 2; 359
217; 228; 2; 1; 366
267; 198; 2; 1; 383
223; 272; 2; 1; 397
291; 168; 1; 2; 398
217; 230; 1; 2; 404
291; 195; 2; 1; 430
238; 266; 2; 1; 437
19
0; 1; 29; 2097
17; 1; 18; 2143
5; 1; 12; 2241
9; 1; 20; 2857
8; 1; 30; 3231
11; 1; 4; 7608
18; 1; 19; 9252
2; 1; 12; 9827
12; 1; 35; 10303
3; 1; 36; 13389
13; 1; 47; 13623
16; 1; 7; 13778
10; 1; 30; 13882
1; 1; 29; 14210
7; 1; 4; 14647
4; 1; 32; 15132
6; 1; 5; 15663
15; 1; 9; 17066
14; 1; 5; 17387
