**** 344 ****
81
230; 229; 2; 1; 2
271; 208; 2; 1; 12
286; 235; 2; 1; 15
258; 258; 2; 1; 17
273; 295; 2; 1; 24
156; 243; 1; 2; 31
293; 159; 2; 1; 33
288; 208; 1; 2; 35
256; 288; 2; 1; 56
215; 296; 2; 1; 67
183; 207; 1; 2; 70
268; 168; 1; 2; 70
245; 273; 1; 2; 73
262; 272; 2; 1; 76
257; 280; 1; 2; 83
159; 296; 2; 1; 93
187; 179; 2; 1; 97
246; 269; 1; 2; 99
285; 291; 2; 1; 100
262; 184; 2; 1; 101
213; 281; 2; 1; 102
278; 193; 2; 1; 105
215; 208; 1; 2; 115
176; 172; 2; 1; 116
267; 203; 1; 2; 117
258; 166; 1; 2; 123
178; 199; 1; 2; 125
229; 279; 2; 1; 131
201; 289; 1; 2; 145
263; 245; 1; 2; 170
277; 221; 2; 1; 181
206; 164; 2; 1; 190
200; 222; 1; 2; 190
172; 280; 2; 1; 193
270; 176; 1; 2; 198
293; 231; 1; 2; 204
211; 200; 2; 1; 210
217; 169; 2; 1; 212
219; 218; 2; 1; 215
205; 272; 1; 2; 221
174; 180; 1; 2; 222
179; 262; 1; 2; 232
284; 284; 1; 2; 239
287; 181; 1; 2; 259
266; 236; 1; 2; 260
179; 177; 1; 2; 265
250; 219; 2; 1; 267
227; 234; 2; 1; 272
178; 238; 2; 1; 278
234; 174; 2; 1; 287
225; 260; 1; 2; 301
297; 188; 2; 1; 308
156; 162; 1; 2; 311
272; 291; 1; 2; 313
194; 245; 2; 1; 315
177; 161; 2; 1; 329
263; 233; 2; 1; 332
276; 229; 2; 1; 341
253; 257; 2; 1; 342
256; 217; 1; 2; 345
293; 168; 1; 2; 357
235; 224; 2; 1; 357
226; 178; 1; 2; 368
280; 196; 1; 2; 369
162; 199; 1; 2; 369
265; 265; 2; 1; 369
253; 172; 1; 2; 370
241; 290; 2; 1; 371
159; 189; 2; 1; 371
203; 249; 2; 1; 371
157; 241; 1; 2; 373
202; 254; 2; 1; 379
277; 231; 1; 2; 379
201; 198; 1; 2; 391
293; 174; 1; 2; 395
273; 291; 2; 1; 411
232; 234; 1; 2; 417
211; 214; 1; 2; 431
183; 189; 2; 1; 436
213; 180; 1; 2; 437
173; 172; 1; 2; 441
19
8; 1; 42; 3376
6; 1; 34; 4661
0; 1; 35; 5236
17; 1; 2; 6181
7; 1; 2; 6285
3; 1; 31; 6955
14; 1; 49; 9425
2; 1; 13; 10014
13; 1; 24; 10033
15; 1; 42; 10865
4; 1; 15; 11450
1; 1; 5; 11946
5; 1; 12; 12437
12; 1; 16; 14534
10; 1; 42; 14589
9; 1; 10; 15604
11; 1; 12; 16071
16; 1; 7; 18327
18; 1; 14; 18459
