**** 345 ****
81
209; 193; 1; 2; 0
253; 157; 1; 2; 0
219; 197; 1; 2; 6
195; 199; 2; 1; 10
284; 186; 1; 2; 13
163; 160; 1; 2; 13
195; 259; 1; 2; 37
213; 245; 2; 1; 40
161; 266; 1; 2; 40
233; 251; 2; 1; 52
169; 160; 1; 2; 75
218; 167; 2; 1; 83
230; 273; 2; 1; 96
258; 188; 2; 1; 106
167; 177; 1; 2; 110
198; 188; 1; 2; 115
191; 166; 1; 2; 130
266; 170; 1; 2; 134
183; 290; 1; 2; 138
193; 283; 2; 1; 138
287; 292; 1; 2; 140
275; 200; 1; 2; 142
173; 292; 2; 1; 147
185; 234; 1; 2; 149
241; 199; 1; 2; 163
277; 296; 2; 1; 167
265; 212; 1; 2; 168
237; 239; 2; 1; 175
265; 207; 1; 2; 182
212; 193; 1; 2; 183
243; 241; 2; 1; 184
248; 245; 2; 1; 194
223; 201; 1; 2; 197
268; 268; 2; 1; 199
223; 217; 2; 1; 200
256; 180; 2; 1; 202
229; 276; 1; 2; 205
175; 219; 2; 1; 210
235; 209; 1; 2; 231
194; 248; 1; 2; 252
192; 273; 1; 2; 255
220; 259; 2; 1; 261
239; 233; 1; 2; 267
287; 268; 1; 2; 273
206; 196; 2; 1; 282
259; 271; 1; 2; 285
158; 172; 1; 2; 289
295; 174; 1; 2; 301
246; 169; 2; 1; 305
234; 200; 2; 1; 312
203; 158; 1; 2; 314
295; 160; 1; 2; 316
179; 156; 1; 2; 316
211; 238; 2; 1; 322
175; 278; 1; 2; 335
199; 264; 2; 1; 340
292; 255; 2; 1; 346
295; 246; 1; 2; 348
169; 230; 2; 1; 348
284; 208; 1; 2; 350
292; 176; 2; 1; 351
156; 297; 2; 1; 357
221; 236; 1; 2; 362
183; 207; 2; 1; 365
216; 233; 1; 2; 368
170; 290; 1; 2; 368
156; 164; 2; 1; 372
279; 188; 2; 1; 378
195; 271; 1; 2; 397
290; 201; 2; 1; 403
165; 279; 1; 2; 406
229; 203; 2; 1; 409
241; 236; 2; 1; 422
256; 293; 1; 2; 422
162; 297; 1; 2; 423
168; 291; 1; 2; 425
284; 176; 1; 2; 426
262; 278; 2; 1; 428
157; 292; 1; 2; 433
260; 297; 2; 1; 434
176; 164; 1; 2; 440
19
8; 1; 21; 301
16; 1; 30; 571
9; 1; 49; 2079
11; 1; 18; 2310
0; 1; 30; 3568
7; 1; 32; 3608
10; 1; 7; 5992
2; 1; 35; 6951
4; 1; 7; 9147
15; 1; 46; 9601
17; 1; 38; 10829
18; 1; 43; 11064
5; 1; 24; 11306
13; 1; 42; 11493
14; 1; 4; 11595
3; 1; 49; 11887
1; 1; 44; 12705
6; 1; 18; 12788
12; 1; 13; 15691
