**** 346 ****
81
216; 195; 2; 1; 2
206; 204; 1; 2; 6
200; 271; 1; 2; 8
188; 163; 2; 1; 15
274; 181; 1; 2; 20
171; 178; 2; 1; 27
288; 246; 1; 2; 33
247; 165; 1; 2; 34
185; 235; 2; 1; 39
203; 239; 2; 1; 41
225; 179; 1; 2; 44
269; 278; 2; 1; 52
264; 227; 2; 1; 57
219; 277; 1; 2; 65
163; 274; 1; 2; 73
265; 197; 1; 2; 74
263; 233; 1; 2; 91
268; 275; 1; 2; 94
163; 185; 2; 1; 95
234; 187; 1; 2; 100
203; 269; 2; 1; 102
171; 294; 2; 1; 107
197; 223; 2; 1; 115
172; 241; 1; 2; 116
164; 227; 1; 2; 119
226; 253; 1; 2; 120
249; 256; 2; 1; 121
210; 210; 2; 1; 131
175; 280; 2; 1; 139
289; 249; 1; 2; 141
273; 227; 2; 1; 147
220; 225; 1; 2; 154
189; 258; 1; 2; 161
179; 200; 2; 1; 166
285; 224; 1; 2; 170
276; 171; 2; 1; 173
164; 232; 1; 2; 175
270; 253; 1; 2; 175
178; 189; 2; 1; 186
264; 165; 1; 2; 193
202; 267; 1; 2; 210
260; 262; 2; 1; 214
196; 252; 2; 1; 218
226; 285; 1; 2; 225
199; 232; 2; 1; 229
175; 185; 2; 1; 230
263; 206; 1; 2; 234
219; 265; 2; 1; 241
281; 237; 2; 1; 244
231; 257; 2; 1; 247
261; 296; 2; 1; 249
282; 297; 2; 1; 256
219; 227; 1; 2; 277
169; 296; 1; 2; 279
254; 159; 2; 1; 287
260; 157; 2; 1; 288
236; 277; 1; 2; 289
185; 288; 2; 1; 291
179; 232; 1; 2; 301
251; 233; 2; 1; 308
194; 254; 1; 2; 312
279; 246; 1; 2; 316
215; 287; 1; 2; 323
214; 278; 1; 2; 328
195; 289; 2; 1; 334
280; 179; 2; 1; 338
205; 268; 1; 2; 348
242; 296; 2; 1; 348
262; 237; 1; 2; 351
157; 218; 2; 1; 351
263; 190; 2; 1; 352
181; 221; 1; 2; 385
255; 290; 1; 2; 389
191; 275; 2; 1; 398
184; 223; 2; 1; 399
283; 278; 2; 1; 411
265; 256; 2; 1; 415
230; 212; 2; 1; 417
185; 251; 2; 1; 417
247; 228; 2; 1; 421
182; 273; 1; 2; 439
19
7; 1; 34; 174
0; 1; 48; 930
2; 1; 30; 1327
4; 1; 8; 5191
15; 1; 19; 5494
8; 1; 32; 6446
17; 1; 15; 6632
16; 1; 28; 6951
13; 1; 34; 9425
10; 1; 45; 10330
14; 1; 45; 10521
3; 1; 29; 10580
1; 1; 3; 10656
11; 1; 38; 10786
5; 1; 40; 12993
18; 1; 7; 14237
12; 1; 26; 14460
9; 1; 38; 15292
6; 1; 34; 15382
