**** 347 ****
81
255; 279; 1; 2; 4
264; 281; 2; 1; 6
291; 267; 1; 2; 9
172; 248; 2; 1; 14
292; 214; 2; 1; 25
185; 267; 2; 1; 26
267; 248; 2; 1; 30
292; 193; 1; 2; 39
232; 184; 2; 1; 49
246; 265; 2; 1; 55
269; 198; 2; 1; 61
180; 215; 2; 1; 70
215; 269; 2; 1; 85
293; 185; 1; 2; 88
289; 173; 1; 2; 90
208; 290; 2; 1; 92
257; 289; 1; 2; 93
288; 248; 1; 2; 95
239; 165; 2; 1; 97
293; 202; 1; 2; 99
235; 200; 1; 2; 104
210; 244; 1; 2; 105
228; 279; 1; 2; 109
202; 257; 2; 1; 110
210; 231; 2; 1; 114
294; 226; 2; 1; 116
228; 177; 2; 1; 131
204; 262; 1; 2; 145
242; 163; 1; 2; 150
158; 276; 1; 2; 150
221; 189; 1; 2; 154
204; 230; 1; 2; 156
199; 229; 1; 2; 160
261; 228; 2; 1; 165
190; 225; 2; 1; 171
259; 205; 2; 1; 172
181; 271; 2; 1; 183
167; 163; 1; 2; 193
182; 236; 2; 1; 194
293; 202; 1; 2; 195
197; 191; 2; 1; 200
266; 202; 2; 1; 208
289; 224; 2; 1; 217
292; 232; 1; 2; 218
285; 239; 2; 1; 224
203; 255; 1; 2; 228
249; 181; 1; 2; 230
162; 231; 1; 2; 234
290; 280; 1; 2; 235
172; 173; 1; 2; 235
272; 276; 2; 1; 236
260; 160; 2; 1; 265
279; 156; 2; 1; 279
165; 271; 1; 2; 284
196; 225; 1; 2; 289
234; 223; 1; 2; 294
167; 291; 1; 2; 295
276; 235; 1; 2; 305
166; 284; 2; 1; 307
225; 263; 1; 2; 312
157; 232; 1; 2; 316
255; 239; 2; 1; 320
277; 285; 2; 1; 322
193; 284; 1; 2; 326
250; 292; 1; 2; 329
287; 188; 2; 1; 341
272; 207; 1; 2; 359
229; 234; 2; 1; 365
201; 229; 2; 1; 366
157; 236; 2; 1; 368
251; 191; 1; 2; 381
262; 240; 1; 2; 385
234; 180; 2; 1; 406
255; 236; 1; 2; 418
209; 265; 2; 1; 419
175; 172; 2; 1; 419
177; 197; 2; 1; 423
252; 295; 1; 2; 427
289; 276; 1; 2; 429
157; 167; 2; 1; 429
274; 257; 1; 2; 432
19
4; 1; 23; 31
18; 1; 40; 2345
11; 1; 37; 2630
12; 1; 22; 3893
16; 1; 28; 4491
3; 1; 21; 5008
2; 1; 18; 5403
9; 1; 32; 5530
17; 1; 22; 5923
0; 1; 7; 7335
15; 1; 44; 8148
6; 1; 20; 8400
7; 1; 22; 8428
14; 1; 7; 10695
5; 1; 47; 11125
1; 1; 44; 13652
13; 1; 6; 15829
8; 1; 42; 15881
10; 1; 32; 18607
