**** 348 ****
81
200; 261; 2; 1; 1
212; 192; 2; 1; 9
198; 196; 1; 2; 12
260; 245; 2; 1; 14
270; 197; 1; 2; 17
223; 271; 2; 1; 18
198; 238; 2; 1; 21
258; 269; 1; 2; 24
262; 196; 2; 1; 24
266; 235; 2; 1; 33
183; 188; 2; 1; 43
290; 200; 1; 2; 44
282; 193; 2; 1; 51
215; 184; 2; 1; 56
263; 232; 1; 2; 66
289; 265; 2; 1; 78
259; 238; 1; 2; 80
179; 269; 2; 1; 81
280; 158; 2; 1; 91
201; 291; 1; 2; 100
265; 216; 1; 2; 103
223; 184; 2; 1; 108
171; 230; 1; 2; 122
286; 266; 1; 2; 125
263; 244; 1; 2; 139
279; 209; 1; 2; 156
196; 275; 2; 1; 172
208; 287; 2; 1; 180
236; 257; 1; 2; 186
228; 255; 2; 1; 197
223; 257; 2; 1; 197
163; 195; 2; 1; 198
244; 285; 2; 1; 208
226; 287; 2; 1; 212
156; 179; 2; 1; 215
224; 265; 1; 2; 218
186; 259; 1; 2; 222
267; 292; 2; 1; 226
208; 204; 1; 2; 234
205; 187; 1; 2; 252
246; 255; 2; 1; 255
238; 266; 2; 1; 260
213; 230; 1; 2; 262
232; 170; 2; 1; 274
223; 250; 1; 2; 281
169; 290; 2; 1; 287
282; 274; 2; 1; 299
264; 267; 1; 2; 306
243; 230; 2; 1; 313
233; 284; 2; 1; 315
287; 177; 2; 1; 316
265; 246; 1; 2; 325
193; 174; 1; 2; 325
211; 202; 1; 2; 329
238; 201; 2; 1; 333
225; 178; 2; 1; 345
261; 266; 2; 1; 347
158; 187; 1; 2; 355
275; 206; 1; 2; 357
199; 161; 1; 2; 359
264; 261; 1; 2; 361
176; 221; 1; 2; 363
189; 187; 2; 1; 365
195; 208; 2; 1; 387
247; 218; 2; 1; 388
274; 199; 2; 1; 394
178; 245; 2; 1; 396
182; 214; 2; 1; 398
191; 292; 1; 2; 402
192; 205; 1; 2; 408
256; 175; 2; 1; 412
228; 283; 2; 1; 416
164; 185; 2; 1; 417
178; 237; 2; 1; 425
202; 287; 1; 2; 427
206; 238; 1; 2; 427
177; 196; 2; 1; 435
222; 228; 1; 2; 435
252; 208; 2; 1; 443
294; 252; 2; 1; 445
275; 163; 1; 2; 446
19
18; 1; 38; 358
15; 1; 35; 1606
3; 1; 38; 3339
6; 1; 41; 4917
9; 1; 36; 6162
17; 1; 27; 6223
1; 1; 18; 7290
0; 1; 3; 8196
13; 1; 37; 10538
8; 1; 9; 11429
5; 1; 45; 11503
2; 1; 30; 12529
16; 1; 7; 12570
4; 1; 37; 13524
7; 1; 38; 14512
11; 1; 15; 14765
14; 1; 26; 15147
10; 1; 33; 15987
12; 1; 49; 18136
