**** 349 ****
81
282; 275; 1; 2; 7
291; 213; 1; 2; 15
164; 250; 1; 2; 15
295; 229; 1; 2; 37
215; 217; 2; 1; 37
275; 249; 2; 1; 39
286; 292; 2; 1; 39
172; 275; 2; 1; 44
253; 224; 1; 2; 54
193; 289; 1; 2; 57
210; 264; 2; 1; 61
204; 202; 2; 1; 64
166; 222; 1; 2; 74
296; 162; 1; 2; 83
289; 290; 2; 1; 84
162; 193; 2; 1; 88
231; 263; 2; 1; 95
213; 246; 1; 2; 110
210; 215; 2; 1; 113
268; 173; 1; 2; 119
288; 243; 2; 1; 123
279; 195; 2; 1; 133
203; 236; 1; 2; 133
296; 288; 1; 2; 135
272; 169; 1; 2; 141
158; 253; 1; 2; 158
227; 227; 1; 2; 170
205; 212; 1; 2; 173
248; 223; 2; 1; 173
200; 238; 2; 1; 182
195; 260; 2; 1; 182
288; 295; 2; 1; 183
279; 183; 1; 2; 185
231; 216; 1; 2; 187
278; 172; 2; 1; 189
266; 245; 1; 2; 192
215; 208; 1; 2; 198
265; 222; 2; 1; 205
221; 280; 1; 2; 209
166; 191; 2; 1; 217
283; 295; 2; 1; 228
235; 252; 1; 2; 233
272; 200; 2; 1; 233
164; 216; 1; 2; 234
234; 212; 1; 2; 241
237; 214; 1; 2; 247
165; 180; 2; 1; 249
292; 181; 1; 2; 250
242; 297; 2; 1; 262
212; 169; 2; 1; 270
253; 181; 2; 1; 273
279; 230; 1; 2; 292
289; 178; 2; 1; 301
269; 186; 2; 1; 302
225; 268; 1; 2; 302
238; 225; 1; 2; 305
188; 275; 2; 1; 316
156; 185; 2; 1; 318
241; 282; 2; 1; 321
228; 283; 1; 2; 323
196; 294; 2; 1; 348
289; 166; 2; 1; 348
236; 213; 2; 1; 359
224; 181; 1; 2; 363
169; 291; 2; 1; 366
249; 297; 1; 2; 367
161; 256; 1; 2; 371
292; 262; 1; 2; 375
280; 236; 1; 2; 376
214; 199; 1; 2; 378
262; 199; 1; 2; 380
266; 282; 1; 2; 387
185; 286; 2; 1; 391
156; 235; 1; 2; 412
284; 296; 1; 2; 421
179; 271; 1; 2; 421
191; 259; 1; 2; 422
234; 286; 1; 2; 426
279; 273; 2; 1; 431
270; 166; 2; 1; 437
224; 249; 1; 2; 443
19
11; 1; 25; 564
18; 1; 32; 974
3; 1; 8; 1057
17; 1; 43; 1224
5; 1; 47; 1661
13; 1; 44; 3361
12; 1; 22; 3725
4; 1; 31; 4324
0; 1; 28; 4635
14; 1; 41; 5923
16; 1; 1; 6470
2; 1; 14; 6704
15; 1; 49; 12788
10; 1; 30; 14736
9; 1; 12; 15519
6; 1; 20; 16152
8; 1; 27; 18225
1; 1; 12; 18660
7; 1; 41; 18897
