**** 35 ****
53
47; 17; 2; 1; 4
58; 61; 1; 2; 15
63; 53; 1; 2; 16
27; 31; 1; 2; 17
48; 42; 2; 1; 20
22; 30; 2; 1; 25
71; 16; 2; 1; 25
60; 49; 2; 1; 30
61; 49; 1; 2; 33
50; 27; 1; 2; 34
43; 29; 2; 1; 36
70; 18; 2; 1; 37
20; 66; 1; 2; 38
62; 36; 2; 1; 40
35; 42; 2; 1; 44
19; 51; 2; 1; 45
34; 70; 2; 1; 48
41; 33; 2; 1; 49
37; 27; 2; 1; 50
36; 58; 1; 2; 51
68; 26; 1; 2; 55
16; 35; 1; 2; 55
73; 25; 1; 2; 56
42; 20; 1; 2; 60
18; 52; 2; 1; 62
62; 26; 1; 2; 63
38; 44; 1; 2; 65
66; 73; 2; 1; 68
64; 56; 1; 2; 72
25; 16; 2; 1; 73
66; 21; 2; 1; 74
55; 16; 1; 2; 78
64; 27; 2; 1; 80
19; 24; 1; 2; 81
22; 65; 2; 1; 81
30; 26; 2; 1; 87
49; 64; 2; 1; 88
35; 31; 1; 2; 104
59; 26; 2; 1; 105
44; 38; 1; 2; 106
45; 30; 1; 2; 107
65; 27; 1; 2; 110
44; 41; 1; 2; 110
19; 26; 2; 1; 114
55; 50; 1; 2; 114
66; 65; 2; 1; 117
64; 57; 1; 2; 118
63; 62; 2; 1; 126
25; 44; 2; 1; 128
35; 25; 2; 1; 129
26; 37; 1; 2; 132
52; 47; 2; 1; 133
38; 63; 1; 2; 133
13
10; 1; 45; 190
5; 1; 19; 309
0; 1; 35; 401
3; 1; 1; 816
12; 1; 39; 995
8; 1; 21; 1126
11; 1; 1; 1179
9; 1; 9; 1522
7; 1; 7; 1565
2; 1; 35; 1582
1; 1; 5; 1811
6; 1; 21; 2231
4; 1; 30; 2339
