**** 350 ****
81
177; 186; 2; 1; 3
213; 230; 2; 1; 3
175; 282; 2; 1; 9
162; 167; 2; 1; 19
213; 185; 1; 2; 28
279; 196; 1; 2; 32
217; 271; 2; 1; 42
211; 286; 1; 2; 43
214; 208; 2; 1; 46
285; 198; 1; 2; 51
197; 223; 1; 2; 52
223; 192; 2; 1; 59
281; 183; 2; 1; 60
282; 246; 2; 1; 67
243; 216; 2; 1; 69
249; 178; 1; 2; 74
202; 288; 1; 2; 77
189; 165; 2; 1; 101
192; 175; 1; 2; 118
160; 241; 1; 2; 119
173; 188; 1; 2; 119
227; 196; 2; 1; 122
246; 218; 1; 2; 130
217; 214; 1; 2; 131
215; 268; 2; 1; 135
194; 171; 2; 1; 138
183; 184; 1; 2; 147
183; 245; 2; 1; 148
168; 277; 2; 1; 149
195; 261; 2; 1; 150
283; 281; 1; 2; 151
296; 195; 2; 1; 185
231; 196; 2; 1; 191
184; 284; 1; 2; 202
208; 191; 2; 1; 207
253; 168; 2; 1; 216
196; 261; 2; 1; 229
194; 204; 2; 1; 229
257; 210; 1; 2; 230
252; 195; 1; 2; 239
215; 244; 1; 2; 248
206; 228; 2; 1; 252
270; 243; 2; 1; 253
200; 231; 2; 1; 255
175; 163; 2; 1; 257
164; 252; 2; 1; 257
254; 266; 2; 1; 257
236; 169; 1; 2; 258
228; 216; 2; 1; 269
284; 281; 2; 1; 270
213; 290; 2; 1; 273
296; 246; 1; 2; 274
250; 176; 1; 2; 283
243; 244; 2; 1; 285
197; 253; 1; 2; 296
167; 190; 2; 1; 302
171; 197; 2; 1; 303
191; 248; 1; 2; 307
244; 223; 1; 2; 317
203; 235; 2; 1; 324
160; 174; 2; 1; 326
278; 185; 2; 1; 329
212; 220; 2; 1; 329
172; 246; 1; 2; 340
176; 272; 1; 2; 344
208; 204; 2; 1; 350
264; 173; 2; 1; 350
239; 173; 1; 2; 352
290; 241; 1; 2; 353
156; 262; 1; 2; 375
235; 180; 1; 2; 387
185; 217; 1; 2; 398
293; 221; 2; 1; 400
272; 276; 1; 2; 403
276; 253; 1; 2; 424
213; 173; 1; 2; 432
165; 255; 1; 2; 434
192; 215; 1; 2; 442
285; 250; 2; 1; 445
189; 213; 1; 2; 445
197; 193; 2; 1; 447
19
5; 1; 26; 2382
17; 1; 24; 5311
2; 1; 3; 5577
11; 1; 22; 5935
18; 1; 28; 6200
13; 1; 27; 6586
16; 1; 19; 6628
8; 1; 21; 8442
7; 1; 30; 9625
10; 1; 46; 11024
3; 1; 38; 12079
0; 1; 21; 13682
6; 1; 42; 13739
9; 1; 48; 13955
1; 1; 48; 14928
14; 1; 37; 16348
15; 1; 16; 16648
4; 1; 8; 17292
12; 1; 29; 18021
