**** 351 ****
81
226; 165; 2; 1; 0
195; 250; 1; 2; 0
254; 286; 1; 2; 14
164; 264; 1; 2; 14
260; 196; 1; 2; 23
290; 296; 1; 2; 24
229; 279; 1; 2; 30
170; 217; 2; 1; 31
242; 178; 2; 1; 35
219; 255; 2; 1; 36
261; 172; 1; 2; 52
157; 249; 1; 2; 53
293; 223; 1; 2; 54
280; 248; 2; 1; 58
257; 176; 2; 1; 66
172; 297; 1; 2; 69
205; 174; 1; 2; 70
170; 248; 2; 1; 72
285; 233; 2; 1; 89
255; 275; 1; 2; 101
282; 290; 1; 2; 103
174; 255; 1; 2; 104
288; 170; 1; 2; 104
209; 195; 1; 2; 107
180; 203; 1; 2; 108
277; 175; 2; 1; 111
194; 225; 1; 2; 113
237; 176; 1; 2; 116
175; 165; 1; 2; 118
193; 159; 2; 1; 124
262; 171; 2; 1; 129
199; 174; 1; 2; 131
239; 164; 1; 2; 135
248; 196; 1; 2; 156
217; 283; 2; 1; 156
238; 227; 1; 2; 162
160; 194; 1; 2; 165
199; 205; 1; 2; 181
243; 213; 1; 2; 185
273; 180; 2; 1; 187
224; 266; 1; 2; 196
292; 263; 2; 1; 203
274; 291; 1; 2; 204
234; 189; 2; 1; 205
161; 293; 2; 1; 213
269; 195; 2; 1; 220
292; 198; 2; 1; 234
280; 267; 2; 1; 252
252; 255; 2; 1; 258
267; 212; 1; 2; 263
186; 289; 1; 2; 271
221; 209; 2; 1; 274
284; 223; 1; 2; 275
219; 278; 2; 1; 276
180; 229; 1; 2; 294
216; 293; 1; 2; 311
228; 164; 2; 1; 316
245; 157; 1; 2; 320
238; 178; 1; 2; 324
160; 203; 2; 1; 328
235; 258; 2; 1; 331
292; 258; 1; 2; 333
220; 224; 1; 2; 343
216; 219; 2; 1; 348
265; 212; 1; 2; 351
267; 297; 1; 2; 361
170; 233; 1; 2; 367
200; 278; 2; 1; 377
267; 274; 2; 1; 379
253; 183; 2; 1; 388
186; 263; 2; 1; 390
286; 224; 2; 1; 390
213; 279; 2; 1; 411
209; 214; 1; 2; 412
226; 233; 2; 1; 412
241; 222; 2; 1; 414
227; 278; 1; 2; 415
202; 201; 1; 2; 421
271; 228; 2; 1; 433
179; 292; 1; 2; 441
175; 172; 2; 1; 446
19
4; 1; 15; 809
18; 1; 10; 1058
8; 1; 39; 1579
5; 1; 9; 4013
1; 1; 5; 6109
0; 1; 31; 6378
2; 1; 36; 6647
16; 1; 31; 8535
15; 1; 31; 9313
6; 1; 22; 9794
12; 1; 37; 11574
9; 1; 39; 12413
17; 1; 30; 13552
7; 1; 6; 14079
3; 1; 22; 14725
14; 1; 46; 15085
13; 1; 2; 15197
11; 1; 43; 16241
10; 1; 17; 18548
