**** 352 ****
82
271; 290; 1; 2; 4
163; 219; 2; 1; 17
289; 198; 2; 1; 23
280; 164; 1; 2; 26
176; 186; 2; 1; 40
240; 236; 1; 2; 43
191; 190; 2; 1; 45
210; 172; 1; 2; 50
302; 287; 2; 1; 62
293; 270; 2; 1; 64
198; 179; 1; 2; 66
200; 195; 2; 1; 100
242; 164; 2; 1; 109
220; 199; 2; 1; 111
220; 216; 2; 1; 115
273; 247; 2; 1; 117
291; 187; 1; 2; 132
237; 221; 1; 2; 133
271; 194; 2; 1; 144
167; 245; 1; 2; 147
161; 162; 2; 1; 150
259; 272; 1; 2; 172
195; 219; 2; 1; 172
243; 275; 2; 1; 174
164; 268; 2; 1; 175
231; 197; 1; 2; 177
220; 176; 2; 1; 179
217; 224; 1; 2; 186
191; 227; 2; 1; 189
258; 178; 1; 2; 198
260; 219; 1; 2; 201
250; 188; 1; 2; 202
254; 176; 1; 2; 208
217; 179; 2; 1; 210
191; 296; 1; 2; 213
254; 228; 1; 2; 231
173; 283; 1; 2; 232
202; 245; 1; 2; 235
175; 295; 2; 1; 239
182; 241; 1; 2; 241
198; 225; 1; 2; 244
266; 169; 1; 2; 246
218; 198; 2; 1; 248
286; 260; 2; 1; 249
181; 276; 2; 1; 250
252; 296; 1; 2; 251
193; 226; 2; 1; 265
298; 269; 2; 1; 266
167; 273; 2; 1; 268
259; 167; 1; 2; 276
291; 216; 1; 2; 276
216; 263; 2; 1; 284
212; 213; 1; 2; 292
167; 190; 1; 2; 292
173; 190; 2; 1; 292
236; 214; 1; 2; 293
224; 234; 2; 1; 302
290; 214; 1; 2; 308
218; 213; 1; 2; 312
188; 281; 1; 2; 323
252; 251; 2; 1; 326
238; 271; 2; 1; 332
163; 186; 1; 2; 332
275; 240; 2; 1; 333
166; 216; 2; 1; 335
249; 162; 2; 1; 337
263; 217; 2; 1; 351
231; 271; 2; 1; 359
184; 289; 2; 1; 375
282; 283; 1; 2; 384
292; 238; 2; 1; 387
207; 229; 1; 2; 393
286; 239; 2; 1; 395
168; 206; 2; 1; 396
182; 248; 2; 1; 405
182; 173; 1; 2; 412
219; 251; 1; 2; 415
191; 234; 1; 2; 420
188; 251; 2; 1; 424
190; 215; 2; 1; 431
274; 301; 1; 2; 434
236; 174; 2; 1; 438
19
3; 1; 4; 278
13; 1; 27; 413
11; 1; 22; 1054
9; 1; 47; 1388
5; 1; 12; 2798
0; 1; 37; 4862
18; 1; 9; 6364
10; 1; 26; 7031
8; 1; 35; 7811
16; 1; 24; 8752
15; 1; 7; 9088
2; 1; 33; 9996
12; 1; 46; 11348
1; 1; 18; 12150
7; 1; 48; 12431
6; 1; 17; 15831
14; 1; 37; 16400
4; 1; 18; 17433
17; 1; 38; 17785
