**** 353 ****
82
219; 254; 2; 1; 1
277; 200; 2; 1; 3
163; 191; 1; 2; 5
217; 205; 1; 2; 21
300; 192; 2; 1; 31
186; 243; 1; 2; 35
191; 296; 2; 1; 35
184; 272; 1; 2; 45
180; 169; 2; 1; 49
251; 183; 2; 1; 50
289; 253; 1; 2; 54
229; 199; 1; 2; 82
279; 295; 1; 2; 85
265; 255; 1; 2; 90
178; 265; 2; 1; 94
186; 249; 2; 1; 98
292; 289; 1; 2; 105
219; 213; 1; 2; 105
293; 199; 1; 2; 115
274; 186; 2; 1; 115
178; 201; 1; 2; 116
227; 212; 1; 2; 121
186; 220; 1; 2; 141
184; 258; 2; 1; 147
184; 251; 1; 2; 154
244; 190; 2; 1; 155
280; 212; 1; 2; 157
173; 234; 1; 2; 167
275; 257; 1; 2; 169
203; 296; 2; 1; 171
200; 290; 2; 1; 179
267; 299; 1; 2; 201
206; 213; 2; 1; 207
297; 265; 2; 1; 213
177; 284; 1; 2; 214
271; 269; 2; 1; 216
266; 245; 2; 1; 221
211; 222; 1; 2; 221
253; 161; 2; 1; 226
162; 260; 2; 1; 227
301; 231; 2; 1; 227
225; 295; 2; 1; 228
179; 226; 1; 2; 237
250; 301; 2; 1; 240
231; 229; 2; 1; 243
184; 236; 2; 1; 243
270; 261; 1; 2; 251
220; 258; 1; 2; 259
300; 279; 2; 1; 264
163; 297; 1; 2; 266
301; 266; 1; 2; 271
300; 246; 2; 1; 271
274; 179; 1; 2; 279
303; 235; 2; 1; 282
247; 297; 1; 2; 289
252; 164; 2; 1; 292
194; 254; 2; 1; 311
236; 198; 1; 2; 321
258; 185; 1; 2; 323
284; 299; 1; 2; 324
242; 256; 2; 1; 325
254; 236; 2; 1; 330
276; 277; 1; 2; 335
239; 250; 2; 1; 337
254; 189; 1; 2; 338
291; 205; 2; 1; 340
199; 248; 1; 2; 341
186; 204; 2; 1; 344
242; 287; 1; 2; 344
262; 283; 1; 2; 348
274; 255; 1; 2; 350
225; 293; 2; 1; 352
206; 237; 2; 1; 373
203; 161; 1; 2; 382
208; 282; 1; 2; 394
241; 247; 2; 1; 406
193; 213; 1; 2; 417
182; 227; 2; 1; 423
213; 244; 2; 1; 436
174; 207; 2; 1; 437
198; 170; 1; 2; 442
223; 251; 2; 1; 445
19
6; 1; 12; 741
1; 1; 9; 1516
5; 1; 18; 2687
3; 1; 23; 3326
9; 1; 21; 3789
18; 1; 29; 4583
7; 1; 4; 5643
0; 1; 35; 9005
4; 1; 45; 10068
15; 1; 44; 11914
8; 1; 30; 12015
16; 1; 42; 12233
10; 1; 2; 12598
2; 1; 20; 13225
12; 1; 41; 13899
14; 1; 14; 15823
17; 1; 42; 15867
13; 1; 8; 18934
11; 1; 18; 19241
