**** 354 ****
82
244; 178; 2; 1; 1
165; 249; 2; 1; 1
297; 179; 1; 2; 16
228; 267; 1; 2; 17
203; 205; 2; 1; 21
266; 250; 1; 2; 23
201; 235; 1; 2; 25
181; 175; 2; 1; 40
201; 244; 1; 2; 40
257; 210; 1; 2; 47
182; 271; 1; 2; 82
233; 218; 2; 1; 87
257; 197; 1; 2; 90
206; 267; 1; 2; 95
201; 164; 2; 1; 95
161; 222; 1; 2; 102
263; 270; 1; 2; 103
200; 249; 2; 1; 105
275; 268; 2; 1; 119
204; 226; 2; 1; 131
246; 257; 2; 1; 137
200; 193; 2; 1; 138
244; 274; 2; 1; 144
303; 234; 1; 2; 144
262; 305; 1; 2; 152
214; 240; 2; 1; 152
242; 233; 1; 2; 154
292; 304; 1; 2; 164
274; 165; 1; 2; 165
255; 193; 2; 1; 179
249; 256; 1; 2; 182
187; 208; 1; 2; 186
164; 171; 1; 2; 188
252; 250; 2; 1; 189
217; 187; 1; 2; 190
226; 243; 2; 1; 194
244; 304; 2; 1; 202
305; 180; 1; 2; 205
181; 262; 2; 1; 224
229; 301; 1; 2; 229
219; 185; 2; 1; 246
163; 268; 2; 1; 259
172; 164; 1; 2; 269
227; 179; 2; 1; 269
224; 300; 1; 2; 273
218; 215; 2; 1; 274
228; 194; 1; 2; 275
255; 296; 2; 1; 276
280; 271; 1; 2; 282
266; 195; 2; 1; 286
300; 175; 1; 2; 289
226; 254; 1; 2; 291
200; 249; 1; 2; 299
217; 237; 2; 1; 300
218; 184; 1; 2; 308
274; 170; 1; 2; 312
298; 242; 2; 1; 317
303; 280; 2; 1; 317
279; 265; 2; 1; 330
291; 207; 1; 2; 342
180; 205; 2; 1; 343
236; 299; 2; 1; 348
282; 279; 1; 2; 349
223; 173; 1; 2; 355
270; 270; 2; 1; 355
193; 190; 2; 1; 362
301; 208; 2; 1; 377
218; 205; 2; 1; 383
292; 229; 1; 2; 385
188; 165; 1; 2; 397
250; 215; 1; 2; 399
296; 285; 1; 2; 400
216; 175; 1; 2; 401
225; 242; 1; 2; 403
185; 222; 1; 2; 407
187; 287; 2; 1; 413
247; 279; 2; 1; 420
236; 291; 1; 2; 422
192; 194; 2; 1; 434
299; 253; 1; 2; 439
303; 201; 2; 1; 446
207; 212; 2; 1; 452
19
0; 1; 32; 799
11; 1; 10; 1254
14; 1; 14; 3509
18; 1; 8; 3578
4; 1; 32; 4606
16; 1; 20; 4740
5; 1; 2; 5158
10; 1; 38; 6159
17; 1; 27; 8865
3; 1; 15; 9039
12; 1; 24; 10653
6; 1; 29; 10980
15; 1; 32; 11024
2; 1; 46; 13249
1; 1; 11; 14141
13; 1; 4; 16288
9; 1; 43; 16777
7; 1; 11; 17445
8; 1; 49; 19512
