**** 355 ****
82
275; 183; 2; 1; 3
216; 281; 1; 2; 4
284; 262; 2; 1; 32
274; 235; 1; 2; 46
180; 221; 2; 1; 57
212; 297; 1; 2; 62
172; 224; 2; 1; 62
293; 282; 2; 1; 64
233; 197; 2; 1; 73
215; 253; 1; 2; 76
205; 208; 2; 1; 83
305; 238; 2; 1; 87
233; 205; 1; 2; 87
274; 305; 1; 2; 95
165; 183; 2; 1; 103
187; 292; 2; 1; 103
221; 207; 2; 1; 108
273; 163; 1; 2; 123
260; 219; 2; 1; 124
272; 230; 1; 2; 125
242; 167; 2; 1; 130
277; 234; 2; 1; 132
189; 256; 2; 1; 138
168; 208; 2; 1; 138
170; 164; 2; 1; 143
222; 301; 1; 2; 170
273; 203; 2; 1; 182
216; 277; 1; 2; 191
237; 223; 1; 2; 192
305; 297; 1; 2; 202
258; 263; 2; 1; 214
243; 217; 1; 2; 220
202; 291; 2; 1; 224
164; 198; 1; 2; 227
289; 246; 2; 1; 237
215; 280; 2; 1; 250
237; 254; 2; 1; 252
263; 223; 2; 1; 253
224; 250; 1; 2; 257
267; 243; 2; 1; 257
193; 299; 1; 2; 258
245; 231; 2; 1; 258
190; 300; 2; 1; 274
259; 185; 1; 2; 285
300; 282; 2; 1; 293
216; 191; 2; 1; 293
175; 267; 1; 2; 297
198; 211; 1; 2; 307
216; 274; 2; 1; 308
234; 292; 2; 1; 308
164; 305; 2; 1; 311
194; 298; 1; 2; 313
247; 172; 2; 1; 315
166; 283; 1; 2; 317
224; 220; 1; 2; 328
262; 275; 2; 1; 333
172; 164; 2; 1; 338
168; 203; 1; 2; 344
275; 258; 2; 1; 374
304; 229; 2; 1; 378
177; 295; 2; 1; 381
249; 261; 1; 2; 384
298; 194; 2; 1; 386
229; 229; 2; 1; 393
202; 221; 2; 1; 393
260; 257; 2; 1; 394
169; 197; 2; 1; 400
244; 247; 1; 2; 406
188; 243; 2; 1; 407
274; 274; 2; 1; 408
284; 239; 1; 2; 409
178; 221; 2; 1; 412
284; 180; 2; 1; 415
196; 293; 2; 1; 416
189; 301; 1; 2; 417
254; 275; 1; 2; 421
305; 184; 2; 1; 424
268; 255; 2; 1; 430
172; 239; 1; 2; 440
178; 185; 1; 2; 442
272; 278; 1; 2; 443
168; 215; 1; 2; 445
19
7; 1; 34; 553
8; 1; 10; 1850
10; 1; 15; 2778
11; 1; 45; 4635
9; 1; 34; 5875
6; 1; 40; 6321
18; 1; 8; 8146
1; 1; 8; 8409
14; 1; 6; 8589
5; 1; 4; 10087
3; 1; 39; 10933
16; 1; 15; 10988
15; 1; 25; 13063
2; 1; 32; 14840
0; 1; 24; 14943
17; 1; 17; 15880
13; 1; 29; 17265
4; 1; 49; 17664
12; 1; 10; 18693
