**** 356 ****
82
219; 276; 2; 1; 6
211; 251; 2; 1; 8
242; 215; 2; 1; 18
186; 276; 2; 1; 19
181; 184; 1; 2; 29
229; 225; 2; 1; 31
292; 239; 1; 2; 32
210; 176; 1; 2; 36
255; 170; 2; 1; 45
257; 198; 2; 1; 55
190; 198; 2; 1; 65
274; 275; 2; 1; 65
304; 226; 1; 2; 72
169; 174; 2; 1; 77
217; 303; 1; 2; 82
183; 181; 1; 2; 83
229; 179; 1; 2; 89
260; 295; 1; 2; 99
237; 192; 1; 2; 115
302; 183; 1; 2; 117
175; 196; 2; 1; 123
274; 198; 2; 1; 123
162; 220; 2; 1; 127
282; 179; 2; 1; 129
171; 290; 2; 1; 132
261; 287; 2; 1; 143
261; 178; 1; 2; 143
197; 225; 1; 2; 149
221; 216; 2; 1; 164
244; 166; 1; 2; 167
235; 259; 2; 1; 169
296; 253; 1; 2; 173
223; 198; 1; 2; 182
250; 209; 2; 1; 185
208; 267; 2; 1; 186
280; 187; 2; 1; 186
185; 212; 2; 1; 193
166; 171; 1; 2; 194
241; 293; 2; 1; 206
165; 183; 2; 1; 209
176; 229; 2; 1; 214
202; 240; 2; 1; 215
191; 300; 2; 1; 216
252; 255; 1; 2; 219
207; 233; 1; 2; 227
305; 182; 2; 1; 238
162; 285; 1; 2; 239
209; 283; 1; 2; 240
167; 200; 2; 1; 248
216; 206; 1; 2; 252
211; 252; 2; 1; 256
218; 231; 2; 1; 259
295; 272; 2; 1; 267
236; 243; 2; 1; 270
271; 259; 2; 1; 278
228; 251; 2; 1; 292
289; 241; 2; 1; 295
253; 297; 2; 1; 299
200; 167; 2; 1; 300
286; 279; 1; 2; 321
297; 270; 1; 2; 322
292; 200; 2; 1; 325
223; 224; 2; 1; 329
161; 225; 2; 1; 339
283; 204; 1; 2; 347
229; 164; 1; 2; 351
257; 257; 1; 2; 369
234; 267; 1; 2; 369
284; 216; 1; 2; 369
257; 290; 1; 2; 379
256; 283; 2; 1; 382
164; 188; 1; 2; 385
214; 206; 1; 2; 400
296; 287; 1; 2; 417
234; 195; 1; 2; 418
201; 170; 1; 2; 423
225; 189; 1; 2; 424
211; 240; 1; 2; 440
260; 282; 1; 2; 444
284; 275; 2; 1; 446
215; 172; 1; 2; 447
226; 220; 2; 1; 450
19
2; 1; 39; 1996
18; 1; 17; 3029
1; 1; 7; 4049
4; 1; 20; 5231
14; 1; 47; 6224
7; 1; 40; 6513
10; 1; 44; 6829
13; 1; 16; 7311
0; 1; 17; 7915
3; 1; 46; 8407
6; 1; 49; 9696
9; 1; 46; 10397
12; 1; 36; 10471
17; 1; 41; 10508
8; 1; 40; 11094
11; 1; 30; 11136
16; 1; 15; 15822
5; 1; 35; 15840
15; 1; 22; 18443
