**** 357 ****
82
240; 279; 2; 1; 1
211; 286; 1; 2; 4
271; 293; 2; 1; 13
291; 167; 2; 1; 13
239; 256; 1; 2; 17
175; 293; 1; 2; 25
303; 212; 1; 2; 26
167; 225; 2; 1; 26
258; 200; 2; 1; 34
215; 286; 1; 2; 39
220; 192; 2; 1; 48
239; 251; 1; 2; 52
221; 177; 2; 1; 59
163; 190; 2; 1; 67
249; 249; 2; 1; 80
252; 274; 2; 1; 81
245; 294; 2; 1; 81
169; 223; 1; 2; 95
189; 201; 1; 2; 96
302; 215; 1; 2; 96
179; 211; 2; 1; 107
210; 217; 1; 2; 107
199; 257; 1; 2; 110
266; 277; 1; 2; 111
303; 255; 2; 1; 124
289; 173; 2; 1; 130
238; 259; 1; 2; 137
216; 221; 1; 2; 143
286; 270; 2; 1; 143
190; 248; 1; 2; 147
201; 218; 1; 2; 156
246; 164; 2; 1; 156
161; 164; 2; 1; 182
167; 216; 1; 2; 183
300; 297; 1; 2; 189
183; 282; 1; 2; 190
248; 255; 1; 2; 200
177; 292; 1; 2; 200
271; 294; 2; 1; 201
167; 183; 1; 2; 222
193; 177; 1; 2; 225
283; 163; 2; 1; 227
292; 292; 2; 1; 235
244; 185; 2; 1; 236
255; 290; 2; 1; 243
248; 279; 1; 2; 243
205; 217; 2; 1; 248
270; 185; 1; 2; 249
164; 214; 1; 2; 250
205; 169; 1; 2; 257
273; 205; 2; 1; 262
275; 208; 2; 1; 264
239; 165; 1; 2; 266
245; 285; 1; 2; 270
214; 298; 1; 2; 270
169; 264; 1; 2; 270
164; 277; 1; 2; 274
173; 224; 1; 2; 275
259; 285; 2; 1; 311
230; 255; 1; 2; 312
215; 167; 1; 2; 312
188; 286; 2; 1; 317
184; 195; 2; 1; 320
167; 304; 1; 2; 321
248; 279; 1; 2; 324
240; 290; 1; 2; 343
230; 267; 1; 2; 368
281; 305; 1; 2; 369
296; 190; 1; 2; 376
236; 287; 1; 2; 388
300; 288; 1; 2; 388
305; 299; 2; 1; 397
234; 270; 2; 1; 404
257; 285; 1; 2; 408
211; 264; 2; 1; 413
299; 296; 2; 1; 420
199; 205; 1; 2; 429
258; 206; 1; 2; 433
294; 228; 2; 1; 436
245; 284; 2; 1; 438
281; 170; 1; 2; 443
211; 274; 2; 1; 446
19
7; 1; 44; 2643
18; 1; 30; 5360
17; 1; 9; 5669
12; 1; 11; 7351
1; 1; 19; 7983
5; 1; 18; 12154
0; 1; 20; 13705
2; 1; 35; 14162
11; 1; 32; 14887
13; 1; 21; 14928
14; 1; 33; 14982
8; 1; 6; 15223
3; 1; 49; 15609
15; 1; 26; 16522
4; 1; 42; 16669
10; 1; 4; 16751
9; 1; 43; 17488
16; 1; 1; 18700
6; 1; 14; 19000
