**** 358 ****
82
284; 262; 1; 2; 9
209; 275; 2; 1; 10
218; 212; 2; 1; 13
167; 218; 1; 2; 14
292; 196; 2; 1; 17
246; 296; 2; 1; 18
224; 235; 1; 2; 26
274; 170; 2; 1; 56
186; 177; 1; 2; 57
170; 194; 1; 2; 63
237; 258; 2; 1; 66
288; 187; 2; 1; 73
176; 240; 2; 1; 76
194; 250; 1; 2; 81
216; 284; 1; 2; 87
278; 274; 1; 2; 89
241; 278; 2; 1; 90
222; 172; 2; 1; 95
299; 254; 2; 1; 121
210; 297; 2; 1; 123
287; 232; 1; 2; 125
289; 172; 2; 1; 127
204; 249; 1; 2; 152
191; 231; 1; 2; 155
243; 202; 2; 1; 163
294; 177; 2; 1; 173
228; 217; 2; 1; 174
257; 260; 2; 1; 182
246; 197; 2; 1; 186
243; 221; 2; 1; 191
206; 193; 2; 1; 194
297; 236; 1; 2; 194
277; 270; 1; 2; 202
220; 228; 1; 2; 206
222; 235; 1; 2; 206
281; 217; 1; 2; 207
227; 258; 1; 2; 216
240; 249; 1; 2; 219
222; 212; 2; 1; 222
245; 204; 2; 1; 225
292; 263; 1; 2; 225
245; 295; 1; 2; 229
166; 274; 2; 1; 241
191; 298; 1; 2; 250
164; 189; 2; 1; 253
281; 232; 2; 1; 270
179; 231; 1; 2; 272
244; 161; 2; 1; 279
214; 290; 1; 2; 279
293; 232; 1; 2; 284
199; 286; 1; 2; 284
269; 262; 2; 1; 287
184; 163; 2; 1; 288
168; 273; 2; 1; 288
201; 220; 1; 2; 289
182; 161; 2; 1; 290
175; 175; 2; 1; 291
292; 286; 1; 2; 292
196; 226; 1; 2; 302
186; 281; 2; 1; 305
273; 241; 1; 2; 312
238; 252; 2; 1; 315
254; 251; 1; 2; 326
212; 196; 1; 2; 332
275; 179; 1; 2; 341
281; 212; 1; 2; 371
196; 255; 2; 1; 377
247; 190; 1; 2; 381
254; 284; 2; 1; 383
178; 236; 2; 1; 387
203; 163; 1; 2; 393
264; 267; 2; 1; 396
180; 301; 2; 1; 397
224; 273; 1; 2; 397
223; 176; 2; 1; 399
163; 255; 2; 1; 400
236; 186; 2; 1; 402
301; 303; 1; 2; 416
183; 302; 1; 2; 423
303; 165; 2; 1; 425
285; 200; 1; 2; 446
167; 215; 1; 2; 451
19
5; 1; 19; 2501
13; 1; 46; 5522
16; 1; 10; 5656
4; 1; 40; 6233
0; 1; 4; 6526
8; 1; 45; 8459
3; 1; 36; 9515
2; 1; 28; 9585
17; 1; 19; 10603
18; 1; 48; 13187
9; 1; 9; 13629
10; 1; 20; 14057
11; 1; 43; 14314
12; 1; 16; 15712
7; 1; 38; 16942
6; 1; 5; 17572
15; 1; 10; 17658
14; 1; 48; 17747
1; 1; 49; 17820
