**** 359 ****
82
174; 302; 1; 2; 5
275; 202; 2; 1; 11
252; 288; 2; 1; 21
258; 244; 1; 2; 28
193; 265; 2; 1; 33
240; 191; 1; 2; 43
173; 254; 2; 1; 47
247; 206; 1; 2; 70
255; 254; 2; 1; 77
222; 164; 1; 2; 78
213; 167; 1; 2; 78
295; 168; 2; 1; 79
300; 166; 1; 2; 80
163; 196; 1; 2; 92
299; 175; 2; 1; 92
233; 204; 2; 1; 92
276; 252; 1; 2; 96
225; 209; 2; 1; 100
261; 198; 1; 2; 105
180; 304; 1; 2; 106
261; 278; 1; 2; 112
257; 240; 2; 1; 128
264; 212; 2; 1; 140
287; 237; 2; 1; 153
269; 284; 1; 2; 158
181; 233; 1; 2; 158
196; 274; 1; 2; 160
263; 231; 2; 1; 164
192; 270; 1; 2; 170
170; 287; 1; 2; 175
245; 168; 1; 2; 184
166; 240; 1; 2; 184
183; 252; 2; 1; 197
177; 256; 1; 2; 201
173; 176; 2; 1; 203
197; 253; 2; 1; 209
200; 216; 2; 1; 213
209; 288; 2; 1; 217
298; 281; 2; 1; 218
209; 268; 2; 1; 229
174; 268; 1; 2; 234
270; 233; 2; 1; 236
250; 220; 1; 2; 242
227; 222; 2; 1; 255
302; 196; 1; 2; 259
237; 237; 2; 1; 263
266; 276; 2; 1; 263
269; 164; 1; 2; 269
172; 267; 1; 2; 293
250; 189; 1; 2; 296
301; 227; 1; 2; 297
259; 268; 2; 1; 301
225; 270; 1; 2; 312
251; 203; 1; 2; 315
301; 262; 2; 1; 326
211; 246; 2; 1; 331
252; 286; 2; 1; 352
190; 220; 1; 2; 356
197; 285; 1; 2; 360
277; 302; 1; 2; 361
250; 189; 1; 2; 363
179; 237; 2; 1; 364
284; 203; 2; 1; 377
288; 209; 1; 2; 378
257; 214; 1; 2; 381
199; 295; 2; 1; 384
251; 264; 2; 1; 385
249; 237; 1; 2; 385
209; 281; 2; 1; 388
296; 216; 1; 2; 394
180; 239; 2; 1; 397
236; 188; 1; 2; 404
282; 213; 1; 2; 413
263; 291; 1; 2; 418
259; 224; 1; 2; 421
206; 298; 1; 2; 422
265; 237; 1; 2; 423
242; 226; 2; 1; 434
260; 190; 2; 1; 436
203; 228; 2; 1; 439
303; 206; 2; 1; 440
163; 293; 2; 1; 451
19
12; 1; 23; 1757
8; 1; 43; 2800
7; 1; 45; 5060
4; 1; 32; 5668
0; 1; 20; 6201
14; 1; 30; 6714
10; 1; 36; 7335
5; 1; 7; 7648
1; 1; 34; 8185
18; 1; 30; 9034
16; 1; 10; 10074
15; 1; 6; 10141
6; 1; 38; 11612
17; 1; 23; 11989
2; 1; 31; 15521
3; 1; 13; 17100
9; 1; 6; 17370
13; 1; 16; 18041
11; 1; 8; 18647
