**** 36 ****
53
72; 18; 1; 2; 0
16; 73; 2; 1; 1
62; 66; 1; 2; 5
28; 63; 1; 2; 18
16; 43; 1; 2; 20
72; 22; 2; 1; 25
61; 56; 2; 1; 26
31; 70; 1; 2; 35
73; 35; 1; 2; 35
24; 32; 1; 2; 36
38; 48; 2; 1; 39
50; 48; 1; 2; 45
17; 37; 1; 2; 46
49; 42; 1; 2; 46
55; 36; 2; 1; 49
34; 45; 2; 1; 50
17; 55; 1; 2; 50
16; 28; 2; 1; 53
54; 19; 1; 2; 54
63; 63; 2; 1; 56
28; 17; 1; 2; 57
25; 57; 1; 2; 60
20; 58; 1; 2; 60
71; 72; 2; 1; 62
70; 68; 1; 2; 70
50; 50; 1; 2; 71
49; 63; 2; 1; 72
29; 29; 1; 2; 72
66; 48; 1; 2; 73
40; 17; 2; 1; 74
68; 29; 1; 2; 74
35; 18; 2; 1; 75
41; 30; 2; 1; 75
70; 64; 1; 2; 79
63; 16; 2; 1; 84
71; 61; 2; 1; 88
28; 19; 1; 2; 89
70; 73; 2; 1; 91
48; 32; 1; 2; 93
61; 38; 1; 2; 95
71; 48; 2; 1; 95
48; 38; 2; 1; 96
72; 65; 1; 2; 96
52; 27; 1; 2; 98
52; 31; 2; 1; 99
25; 35; 1; 2; 102
27; 72; 1; 2; 109
22; 52; 1; 2; 112
56; 39; 1; 2; 121
57; 44; 1; 2; 123
41; 42; 2; 1; 127
43; 55; 1; 2; 129
52; 18; 1; 2; 132
13
1; 1; 42; 74
8; 1; 31; 369
6; 1; 35; 938
7; 1; 8; 1097
11; 1; 1; 1106
5; 1; 25; 1160
10; 1; 13; 1195
2; 1; 17; 1892
0; 1; 23; 1997
3; 1; 33; 2063
4; 1; 48; 2145
9; 1; 31; 2264
12; 1; 3; 2631
