**** 360 ****
82
171; 196; 2; 1; 1
236; 278; 1; 2; 3
198; 194; 2; 1; 5
224; 258; 2; 1; 9
173; 222; 1; 2; 12
276; 230; 1; 2; 27
285; 177; 2; 1; 28
292; 263; 1; 2; 31
228; 225; 1; 2; 33
230; 257; 2; 1; 41
185; 168; 2; 1; 57
226; 261; 2; 1; 60
201; 237; 2; 1; 73
216; 203; 1; 2; 73
196; 208; 1; 2; 75
240; 264; 1; 2; 84
256; 234; 1; 2; 89
290; 194; 1; 2; 107
246; 176; 1; 2; 114
247; 250; 1; 2; 118
289; 229; 2; 1; 119
278; 253; 1; 2; 137
211; 183; 1; 2; 137
203; 178; 2; 1; 138
229; 163; 1; 2; 138
175; 232; 1; 2; 148
207; 271; 1; 2; 151
238; 169; 2; 1; 156
197; 254; 2; 1; 158
195; 215; 1; 2; 158
185; 263; 1; 2; 162
237; 227; 2; 1; 165
195; 305; 1; 2; 168
226; 208; 1; 2; 169
227; 279; 1; 2; 174
209; 192; 1; 2; 174
262; 290; 2; 1; 175
236; 175; 1; 2; 175
254; 185; 1; 2; 191
191; 293; 1; 2; 194
209; 184; 1; 2; 198
225; 237; 1; 2; 213
188; 216; 2; 1; 219
256; 247; 1; 2; 222
230; 299; 1; 2; 226
200; 212; 1; 2; 234
184; 175; 1; 2; 235
189; 173; 1; 2; 253
193; 206; 1; 2; 253
303; 192; 1; 2; 254
254; 248; 2; 1; 255
272; 210; 2; 1; 261
258; 184; 1; 2; 262
267; 176; 1; 2; 283
273; 293; 2; 1; 287
206; 257; 1; 2; 291
297; 279; 2; 1; 293
261; 184; 2; 1; 304
166; 190; 2; 1; 322
230; 271; 2; 1; 324
238; 241; 2; 1; 326
222; 196; 2; 1; 339
299; 292; 2; 1; 348
281; 236; 2; 1; 358
164; 230; 2; 1; 367
287; 293; 1; 2; 370
296; 243; 2; 1; 380
269; 256; 1; 2; 380
292; 269; 1; 2; 383
304; 292; 2; 1; 387
265; 249; 1; 2; 387
213; 261; 1; 2; 403
244; 243; 1; 2; 414
229; 286; 2; 1; 418
203; 281; 2; 1; 419
259; 191; 2; 1; 422
184; 297; 2; 1; 426
171; 175; 1; 2; 428
242; 260; 2; 1; 431
230; 250; 1; 2; 431
169; 219; 1; 2; 446
211; 251; 2; 1; 458
19
14; 1; 48; 895
13; 1; 22; 1300
6; 1; 7; 1459
15; 1; 12; 1595
0; 1; 48; 2284
4; 1; 3; 3155
12; 1; 39; 3198
9; 1; 4; 3431
3; 1; 33; 3785
17; 1; 38; 5239
16; 1; 24; 6819
10; 1; 13; 10001
7; 1; 36; 10442
1; 1; 30; 11851
5; 1; 46; 14774
2; 1; 47; 16926
8; 1; 6; 17347
11; 1; 14; 17608
18; 1; 30; 19178
