**** 361 ****
82
268; 178; 1; 2; 6
195; 229; 2; 1; 6
280; 231; 2; 1; 6
169; 216; 2; 1; 29
303; 161; 2; 1; 37
304; 194; 2; 1; 39
253; 200; 1; 2; 44
173; 209; 2; 1; 45
282; 289; 1; 2; 47
186; 179; 1; 2; 51
205; 261; 2; 1; 57
264; 243; 1; 2; 60
221; 292; 2; 1; 61
211; 252; 1; 2; 64
291; 293; 1; 2; 66
177; 233; 2; 1; 68
303; 291; 1; 2; 71
253; 228; 1; 2; 88
246; 198; 1; 2; 93
269; 251; 1; 2; 99
195; 243; 2; 1; 111
211; 275; 2; 1; 118
285; 263; 2; 1; 124
285; 251; 1; 2; 127
302; 191; 2; 1; 128
223; 191; 2; 1; 133
209; 286; 2; 1; 136
195; 287; 2; 1; 141
195; 163; 1; 2; 143
173; 264; 1; 2; 144
234; 226; 2; 1; 147
234; 179; 1; 2; 151
287; 188; 1; 2; 152
279; 241; 2; 1; 157
286; 170; 2; 1; 173
176; 272; 1; 2; 176
280; 206; 1; 2; 182
297; 305; 1; 2; 188
189; 222; 2; 1; 189
303; 246; 2; 1; 202
258; 278; 2; 1; 205
176; 289; 1; 2; 207
237; 187; 1; 2; 209
285; 202; 1; 2; 219
276; 176; 2; 1; 225
300; 257; 1; 2; 225
201; 301; 2; 1; 229
258; 275; 1; 2; 229
212; 214; 2; 1; 231
204; 199; 1; 2; 232
303; 184; 2; 1; 241
170; 173; 1; 2; 243
191; 226; 1; 2; 277
215; 268; 1; 2; 279
235; 284; 1; 2; 280
207; 197; 1; 2; 283
230; 287; 1; 2; 289
250; 169; 2; 1; 290
169; 197; 2; 1; 296
304; 192; 2; 1; 298
289; 295; 2; 1; 299
241; 289; 2; 1; 318
273; 192; 2; 1; 325
289; 239; 2; 1; 326
207; 279; 2; 1; 328
195; 262; 1; 2; 333
262; 198; 2; 1; 348
161; 204; 2; 1; 364
266; 273; 2; 1; 365
182; 296; 1; 2; 371
213; 254; 1; 2; 373
227; 238; 2; 1; 377
277; 260; 1; 2; 407
244; 204; 2; 1; 409
261; 222; 1; 2; 418
302; 214; 2; 1; 422
184; 241; 2; 1; 427
251; 250; 1; 2; 435
238; 261; 1; 2; 440
262; 280; 2; 1; 443
284; 277; 1; 2; 452
179; 202; 2; 1; 459
19
18; 1; 12; 282
15; 1; 15; 323
13; 1; 36; 585
2; 1; 36; 2800
17; 1; 37; 2928
1; 1; 40; 3355
8; 1; 9; 3773
5; 1; 5; 3851
4; 1; 5; 4484
3; 1; 48; 6085
9; 1; 49; 8376
11; 1; 39; 12320
6; 1; 42; 13739
12; 1; 31; 14634
7; 1; 27; 14831
16; 1; 24; 15116
10; 1; 2; 16060
14; 1; 30; 18614
0; 1; 4; 18937
