**** 362 ****
82
288; 248; 2; 1; 7
261; 261; 1; 2; 8
304; 259; 1; 2; 14
283; 218; 1; 2; 15
267; 180; 2; 1; 30
174; 178; 2; 1; 30
179; 209; 2; 1; 39
276; 223; 2; 1; 51
248; 229; 2; 1; 51
266; 259; 2; 1; 75
286; 190; 2; 1; 89
233; 239; 1; 2; 90
260; 242; 1; 2; 93
178; 206; 2; 1; 97
246; 254; 2; 1; 97
278; 247; 2; 1; 98
176; 271; 2; 1; 100
209; 265; 1; 2; 117
222; 162; 2; 1; 119
262; 302; 2; 1; 119
217; 268; 2; 1; 125
271; 229; 1; 2; 136
170; 195; 1; 2; 140
215; 218; 2; 1; 155
281; 277; 1; 2; 162
303; 293; 2; 1; 165
252; 172; 1; 2; 167
240; 289; 2; 1; 168
251; 286; 1; 2; 176
279; 164; 1; 2; 182
255; 235; 1; 2; 187
199; 203; 2; 1; 189
282; 201; 1; 2; 189
166; 293; 1; 2; 194
302; 267; 2; 1; 198
205; 189; 2; 1; 203
190; 201; 2; 1; 204
182; 289; 1; 2; 209
169; 280; 1; 2; 214
167; 168; 1; 2; 222
175; 186; 2; 1; 228
247; 190; 1; 2; 236
238; 274; 2; 1; 237
303; 303; 2; 1; 238
304; 262; 2; 1; 244
169; 267; 1; 2; 265
194; 226; 2; 1; 265
253; 288; 1; 2; 267
193; 237; 1; 2; 269
187; 278; 1; 2; 289
275; 208; 2; 1; 294
171; 288; 2; 1; 294
302; 225; 2; 1; 295
294; 208; 1; 2; 304
269; 176; 1; 2; 308
226; 167; 2; 1; 308
293; 193; 2; 1; 315
211; 246; 2; 1; 322
295; 296; 2; 1; 325
230; 269; 2; 1; 325
200; 162; 2; 1; 338
166; 277; 2; 1; 346
210; 260; 1; 2; 352
207; 278; 1; 2; 354
284; 222; 1; 2; 357
269; 279; 1; 2; 359
230; 212; 2; 1; 361
285; 254; 1; 2; 363
213; 273; 1; 2; 367
185; 257; 1; 2; 376
175; 284; 2; 1; 388
302; 284; 2; 1; 390
187; 175; 1; 2; 404
195; 193; 2; 1; 405
260; 272; 2; 1; 406
279; 161; 1; 2; 409
246; 231; 1; 2; 423
299; 289; 2; 1; 429
237; 279; 2; 1; 429
222; 284; 1; 2; 435
301; 177; 2; 1; 449
177; 235; 2; 1; 459
19
0; 1; 25; 701
3; 1; 6; 953
1; 1; 16; 1901
5; 1; 27; 2872
2; 1; 35; 3881
18; 1; 22; 5302
15; 1; 27; 5821
8; 1; 35; 6184
9; 1; 21; 8508
12; 1; 19; 8711
17; 1; 7; 9936
14; 1; 6; 10326
16; 1; 12; 10338
7; 1; 17; 11173
13; 1; 25; 11517
11; 1; 20; 14473
4; 1; 8; 15030
6; 1; 16; 16919
10; 1; 49; 19644
