**** 363 ****
83
311; 274; 2; 1; 10
308; 242; 2; 1; 12
247; 295; 1; 2; 21
229; 216; 1; 2; 21
254; 293; 2; 1; 24
262; 187; 1; 2; 26
301; 296; 2; 1; 28
224; 289; 1; 2; 30
226; 272; 2; 1; 32
265; 280; 1; 2; 38
310; 209; 1; 2; 42
285; 246; 1; 2; 43
239; 246; 1; 2; 44
265; 235; 1; 2; 52
229; 224; 2; 1; 53
296; 180; 1; 2; 56
225; 296; 1; 2; 56
194; 193; 2; 1; 56
310; 243; 1; 2; 58
299; 279; 2; 1; 66
244; 190; 1; 2; 83
280; 177; 2; 1; 87
206; 210; 1; 2; 88
224; 295; 2; 1; 90
237; 169; 1; 2; 106
194; 216; 2; 1; 106
239; 309; 2; 1; 113
200; 264; 2; 1; 114
207; 244; 2; 1; 117
176; 188; 1; 2; 123
206; 283; 2; 1; 124
299; 267; 1; 2; 130
219; 170; 2; 1; 143
264; 170; 1; 2; 147
289; 239; 2; 1; 150
202; 192; 2; 1; 158
249; 271; 2; 1; 163
213; 249; 2; 1; 166
234; 263; 1; 2; 181
277; 273; 1; 2; 189
294; 231; 1; 2; 214
264; 199; 2; 1; 230
256; 238; 1; 2; 234
215; 256; 1; 2; 237
208; 199; 1; 2; 239
177; 230; 2; 1; 246
229; 303; 1; 2; 247
312; 305; 1; 2; 254
187; 235; 1; 2; 259
202; 291; 1; 2; 263
292; 269; 2; 1; 273
275; 250; 2; 1; 274
308; 202; 1; 2; 275
248; 293; 2; 1; 281
208; 185; 1; 2; 301
230; 311; 2; 1; 309
184; 186; 1; 2; 315
252; 221; 1; 2; 327
228; 252; 1; 2; 330
224; 221; 1; 2; 332
249; 243; 1; 2; 334
243; 238; 2; 1; 340
228; 249; 2; 1; 343
251; 278; 2; 1; 344
238; 173; 1; 2; 347
285; 166; 2; 1; 347
220; 286; 2; 1; 354
202; 230; 2; 1; 355
267; 305; 1; 2; 364
303; 286; 1; 2; 376
291; 266; 1; 2; 382
200; 218; 1; 2; 384
232; 218; 2; 1; 385
232; 310; 2; 1; 386
210; 170; 1; 2; 401
313; 253; 1; 2; 403
267; 194; 1; 2; 404
207; 222; 1; 2; 404
237; 301; 2; 1; 415
234; 239; 2; 1; 420
177; 285; 1; 2; 423
273; 271; 1; 2; 432
172; 268; 1; 2; 460
19
8; 1; 13; 2054
13; 1; 4; 3503
12; 1; 28; 4450
6; 1; 44; 6160
14; 1; 4; 6209
5; 1; 36; 6351
4; 1; 33; 7969
17; 1; 24; 8839
7; 1; 47; 9368
3; 1; 32; 9914
1; 1; 31; 14484
11; 1; 22; 16015
15; 1; 30; 16479
9; 1; 45; 17901
16; 1; 19; 19363
2; 1; 1; 19637
0; 1; 18; 20203
18; 1; 2; 20456
10; 1; 22; 20482
