**** 364 ****
83
225; 311; 2; 1; 5
190; 255; 1; 2; 11
217; 208; 1; 2; 11
246; 171; 1; 2; 15
229; 185; 2; 1; 16
228; 246; 2; 1; 20
247; 176; 2; 1; 26
305; 270; 1; 2; 32
210; 169; 2; 1; 36
312; 238; 1; 2; 37
201; 309; 2; 1; 38
222; 230; 1; 2; 38
223; 249; 1; 2; 62
259; 166; 2; 1; 66
238; 270; 1; 2; 66
280; 290; 1; 2; 69
301; 241; 1; 2; 69
234; 235; 2; 1; 70
288; 287; 1; 2; 70
286; 173; 1; 2; 72
303; 277; 2; 1; 74
310; 166; 1; 2; 77
287; 209; 1; 2; 81
310; 287; 1; 2; 84
189; 200; 1; 2; 87
276; 176; 1; 2; 99
173; 224; 1; 2; 105
309; 214; 2; 1; 105
222; 245; 1; 2; 133
243; 247; 2; 1; 136
220; 190; 1; 2; 146
275; 184; 2; 1; 148
299; 167; 1; 2; 152
302; 286; 2; 1; 169
234; 270; 2; 1; 176
244; 268; 1; 2; 181
211; 296; 1; 2; 185
169; 240; 2; 1; 196
236; 192; 2; 1; 214
223; 184; 1; 2; 228
185; 219; 1; 2; 230
169; 285; 2; 1; 233
228; 281; 2; 1; 241
294; 169; 1; 2; 243
249; 300; 2; 1; 258
186; 297; 2; 1; 259
240; 230; 2; 1; 273
205; 202; 2; 1; 276
187; 258; 1; 2; 276
179; 185; 1; 2; 284
270; 259; 2; 1; 286
202; 255; 2; 1; 293
223; 215; 1; 2; 293
219; 228; 2; 1; 299
256; 255; 2; 1; 301
253; 225; 2; 1; 306
202; 191; 1; 2; 322
192; 266; 2; 1; 326
300; 299; 1; 2; 346
198; 179; 1; 2; 351
267; 291; 1; 2; 353
251; 169; 1; 2; 354
256; 251; 2; 1; 357
312; 252; 1; 2; 362
215; 232; 1; 2; 371
174; 310; 1; 2; 372
218; 205; 1; 2; 373
172; 283; 2; 1; 382
304; 306; 1; 2; 382
313; 221; 2; 1; 382
172; 197; 1; 2; 384
225; 238; 2; 1; 386
272; 228; 1; 2; 391
300; 198; 2; 1; 396
244; 204; 1; 2; 401
252; 298; 1; 2; 404
245; 168; 1; 2; 411
232; 286; 2; 1; 419
301; 248; 1; 2; 425
201; 254; 2; 1; 426
203; 270; 1; 2; 426
284; 257; 2; 1; 457
260; 182; 1; 2; 460
19
0; 1; 33; 1231
2; 1; 33; 1993
14; 1; 40; 2288
7; 1; 21; 2659
11; 1; 49; 3972
4; 1; 9; 4129
10; 1; 36; 5663
6; 1; 5; 6809
1; 1; 24; 7342
12; 1; 46; 7505
13; 1; 17; 8241
9; 1; 45; 9583
17; 1; 3; 10315
15; 1; 23; 10733
16; 1; 27; 11605
3; 1; 11; 14051
8; 1; 19; 14130
18; 1; 21; 17731
5; 1; 7; 18438
