**** 365 ****
83
238; 179; 2; 1; 14
190; 247; 2; 1; 15
287; 185; 2; 1; 17
166; 232; 2; 1; 29
166; 275; 2; 1; 36
192; 216; 1; 2; 43
194; 237; 2; 1; 48
208; 240; 2; 1; 51
257; 198; 1; 2; 53
288; 264; 2; 1; 56
258; 259; 1; 2; 65
271; 224; 1; 2; 69
178; 307; 1; 2; 70
230; 186; 1; 2; 79
275; 291; 2; 1; 95
247; 257; 2; 1; 108
233; 281; 2; 1; 108
267; 310; 2; 1; 108
216; 234; 2; 1; 112
257; 196; 2; 1; 119
306; 307; 2; 1; 130
282; 281; 1; 2; 132
223; 170; 2; 1; 140
183; 166; 1; 2; 148
191; 176; 1; 2; 150
295; 267; 1; 2; 155
285; 219; 2; 1; 156
261; 190; 2; 1; 159
275; 191; 1; 2; 166
228; 199; 1; 2; 171
195; 200; 2; 1; 186
258; 244; 1; 2; 186
195; 256; 2; 1; 187
245; 167; 2; 1; 190
244; 250; 2; 1; 190
248; 176; 1; 2; 190
190; 291; 1; 2; 206
235; 184; 1; 2; 214
166; 272; 2; 1; 214
299; 268; 1; 2; 218
214; 219; 2; 1; 223
257; 298; 1; 2; 224
270; 304; 2; 1; 233
297; 292; 1; 2; 235
298; 199; 1; 2; 253
285; 177; 2; 1; 258
270; 233; 1; 2; 259
222; 174; 2; 1; 260
208; 221; 1; 2; 272
246; 268; 1; 2; 273
299; 245; 2; 1; 276
252; 294; 2; 1; 277
201; 262; 2; 1; 284
174; 277; 2; 1; 288
177; 271; 2; 1; 288
216; 266; 2; 1; 293
249; 226; 1; 2; 300
280; 187; 2; 1; 305
212; 221; 1; 2; 309
275; 249; 1; 2; 314
230; 200; 2; 1; 315
232; 255; 2; 1; 316
178; 293; 1; 2; 317
227; 208; 2; 1; 328
241; 308; 1; 2; 339
235; 257; 1; 2; 343
170; 189; 2; 1; 347
223; 232; 2; 1; 350
209; 258; 1; 2; 352
261; 239; 2; 1; 360
229; 309; 1; 2; 372
250; 203; 1; 2; 376
293; 309; 2; 1; 378
216; 213; 1; 2; 386
305; 180; 2; 1; 388
186; 256; 1; 2; 409
215; 265; 2; 1; 409
266; 218; 2; 1; 409
180; 212; 1; 2; 411
310; 285; 1; 2; 422
206; 196; 2; 1; 437
190; 255; 2; 1; 439
294; 277; 2; 1; 444
19
4; 1; 39; 364
17; 1; 35; 1118
8; 1; 35; 2509
10; 1; 9; 3593
0; 1; 49; 5579
15; 1; 4; 5632
6; 1; 19; 5848
3; 1; 13; 9264
7; 1; 49; 10596
1; 1; 5; 10697
11; 1; 49; 11341
9; 1; 25; 11687
5; 1; 33; 12206
12; 1; 22; 14782
16; 1; 26; 14831
2; 1; 27; 15870
13; 1; 18; 18116
18; 1; 40; 18402
14; 1; 28; 19217
