**** 366 ****
83
307; 296; 2; 1; 2
225; 244; 2; 1; 3
261; 306; 2; 1; 4
167; 298; 2; 1; 15
260; 283; 1; 2; 17
247; 255; 2; 1; 22
254; 198; 2; 1; 28
257; 233; 2; 1; 30
250; 281; 2; 1; 35
278; 308; 2; 1; 39
186; 173; 2; 1; 45
281; 222; 1; 2; 46
203; 174; 2; 1; 49
168; 168; 1; 2; 50
298; 288; 1; 2; 51
246; 232; 1; 2; 67
250; 176; 1; 2; 71
231; 169; 2; 1; 77
239; 182; 1; 2; 82
177; 273; 1; 2; 83
259; 225; 1; 2; 95
276; 293; 2; 1; 97
208; 309; 1; 2; 101
206; 269; 1; 2; 104
168; 182; 1; 2; 114
204; 229; 1; 2; 126
251; 281; 1; 2; 129
291; 203; 2; 1; 138
250; 262; 1; 2; 152
183; 265; 2; 1; 155
234; 176; 2; 1; 160
272; 313; 1; 2; 164
181; 177; 1; 2; 167
266; 168; 1; 2; 167
258; 201; 2; 1; 170
254; 242; 2; 1; 170
224; 215; 1; 2; 175
223; 242; 2; 1; 179
305; 247; 2; 1; 192
190; 214; 2; 1; 217
197; 237; 1; 2; 233
303; 241; 1; 2; 234
202; 201; 1; 2; 235
307; 247; 1; 2; 237
267; 294; 1; 2; 238
277; 295; 2; 1; 242
214; 264; 2; 1; 243
218; 213; 2; 1; 245
274; 247; 2; 1; 255
229; 309; 2; 1; 268
269; 197; 2; 1; 270
211; 267; 2; 1; 273
213; 178; 1; 2; 273
270; 305; 1; 2; 275
280; 191; 1; 2; 276
223; 264; 2; 1; 285
191; 168; 2; 1; 290
234; 241; 1; 2; 292
251; 253; 2; 1; 300
287; 264; 1; 2; 311
248; 291; 2; 1; 321
180; 303; 2; 1; 327
218; 194; 1; 2; 328
212; 297; 2; 1; 329
175; 275; 1; 2; 334
266; 179; 1; 2; 337
173; 293; 2; 1; 342
298; 296; 2; 1; 344
196; 311; 1; 2; 354
236; 294; 2; 1; 358
209; 309; 2; 1; 364
257; 234; 1; 2; 365
255; 313; 2; 1; 366
264; 233; 2; 1; 382
276; 199; 1; 2; 383
290; 232; 1; 2; 399
206; 289; 1; 2; 404
308; 221; 2; 1; 414
205; 274; 2; 1; 421
260; 166; 1; 2; 439
207; 195; 2; 1; 442
308; 217; 2; 1; 447
288; 231; 1; 2; 448
19
17; 1; 21; 241
12; 1; 22; 1184
14; 1; 28; 1214
18; 1; 13; 1513
2; 1; 23; 1719
4; 1; 46; 4801
7; 1; 11; 5568
5; 1; 7; 6072
6; 1; 48; 10843
16; 1; 38; 10935
3; 1; 39; 11136
13; 1; 16; 13110
15; 1; 20; 15275
9; 1; 1; 16125
8; 1; 47; 17369
0; 1; 28; 17518
1; 1; 7; 17567
10; 1; 23; 17989
11; 1; 30; 20133
