**** 367 ****
83
217; 268; 1; 2; 1
177; 201; 1; 2; 3
225; 203; 2; 1; 4
190; 284; 1; 2; 8
264; 214; 2; 1; 11
295; 275; 2; 1; 33
221; 260; 2; 1; 39
272; 282; 2; 1; 41
197; 302; 2; 1; 46
211; 183; 2; 1; 55
237; 235; 1; 2; 57
198; 198; 2; 1; 58
255; 261; 2; 1; 61
236; 203; 1; 2; 63
272; 285; 1; 2; 79
309; 271; 1; 2; 101
181; 282; 2; 1; 103
308; 293; 2; 1; 106
267; 183; 2; 1; 108
179; 264; 2; 1; 116
278; 241; 1; 2; 120
177; 253; 2; 1; 120
300; 214; 2; 1; 120
296; 176; 2; 1; 123
276; 291; 1; 2; 131
190; 231; 2; 1; 132
303; 169; 1; 2; 133
192; 222; 2; 1; 134
248; 191; 1; 2; 150
232; 262; 1; 2; 152
295; 183; 1; 2; 175
301; 188; 1; 2; 187
205; 219; 2; 1; 193
301; 218; 1; 2; 196
181; 301; 1; 2; 198
246; 311; 2; 1; 210
174; 200; 2; 1; 214
240; 206; 2; 1; 214
297; 278; 2; 1; 217
305; 246; 1; 2; 220
197; 173; 2; 1; 235
217; 251; 1; 2; 238
270; 188; 2; 1; 247
201; 181; 2; 1; 250
258; 304; 1; 2; 256
221; 238; 2; 1; 260
173; 210; 2; 1; 260
224; 286; 1; 2; 267
230; 261; 1; 2; 269
168; 281; 2; 1; 271
211; 273; 1; 2; 275
184; 259; 1; 2; 278
298; 266; 1; 2; 285
224; 284; 1; 2; 290
268; 194; 1; 2; 300
276; 189; 2; 1; 302
184; 234; 2; 1; 303
223; 234; 2; 1; 304
202; 186; 2; 1; 308
207; 228; 1; 2; 309
213; 201; 2; 1; 314
299; 267; 1; 2; 320
232; 221; 2; 1; 323
254; 283; 1; 2; 330
295; 191; 2; 1; 336
233; 306; 1; 2; 339
214; 212; 2; 1; 349
233; 219; 2; 1; 357
297; 178; 1; 2; 358
212; 204; 1; 2; 367
285; 291; 1; 2; 370
239; 283; 1; 2; 372
311; 199; 2; 1; 374
220; 306; 1; 2; 382
300; 166; 2; 1; 390
294; 167; 1; 2; 397
258; 198; 2; 1; 399
216; 284; 2; 1; 402
183; 199; 1; 2; 409
251; 215; 1; 2; 410
198; 212; 2; 1; 415
262; 182; 1; 2; 448
272; 245; 1; 2; 465
19
8; 1; 22; 1914
7; 1; 15; 3499
5; 1; 17; 4376
16; 1; 21; 5259
9; 1; 19; 7541
13; 1; 14; 7705
15; 1; 43; 7737
11; 1; 27; 8419
2; 1; 18; 9661
18; 1; 18; 10721
4; 1; 24; 13123
14; 1; 14; 14906
12; 1; 40; 16374
3; 1; 3; 16851
10; 1; 34; 17218
17; 1; 1; 17656
6; 1; 37; 17929
1; 1; 8; 18011
0; 1; 27; 19900
