**** 368 ****
83
180; 285; 2; 1; 12
298; 206; 2; 1; 16
239; 266; 2; 1; 27
184; 269; 1; 2; 38
294; 287; 2; 1; 42
189; 182; 1; 2; 50
263; 218; 2; 1; 55
286; 277; 1; 2; 62
213; 308; 1; 2; 64
214; 204; 1; 2; 74
183; 303; 1; 2; 76
251; 239; 1; 2; 87
221; 202; 1; 2; 105
235; 245; 2; 1; 111
276; 217; 2; 1; 114
214; 188; 1; 2; 116
184; 219; 1; 2; 118
203; 276; 2; 1; 119
251; 284; 2; 1; 137
190; 310; 1; 2; 143
194; 246; 1; 2; 145
190; 193; 1; 2; 148
184; 179; 2; 1; 149
279; 229; 2; 1; 154
192; 186; 2; 1; 160
283; 282; 2; 1; 165
252; 308; 1; 2; 168
252; 247; 2; 1; 169
258; 185; 1; 2; 173
209; 255; 2; 1; 182
198; 228; 1; 2; 183
281; 237; 2; 1; 185
301; 219; 2; 1; 192
235; 188; 2; 1; 195
295; 292; 1; 2; 195
216; 307; 1; 2; 195
208; 187; 2; 1; 197
271; 312; 2; 1; 198
260; 289; 1; 2; 205
297; 210; 2; 1; 206
202; 293; 1; 2; 210
231; 270; 2; 1; 222
169; 285; 1; 2; 226
259; 288; 1; 2; 226
185; 303; 1; 2; 230
224; 206; 1; 2; 234
284; 277; 1; 2; 237
300; 192; 1; 2; 238
190; 267; 1; 2; 242
234; 292; 2; 1; 243
168; 193; 1; 2; 246
204; 232; 2; 1; 252
239; 166; 1; 2; 258
266; 276; 2; 1; 268
188; 312; 2; 1; 276
293; 206; 1; 2; 283
221; 187; 2; 1; 284
252; 213; 1; 2; 285
225; 289; 1; 2; 289
312; 186; 1; 2; 292
277; 273; 1; 2; 292
218; 222; 2; 1; 293
185; 189; 2; 1; 309
211; 208; 1; 2; 342
191; 274; 1; 2; 342
242; 258; 1; 2; 345
224; 304; 1; 2; 353
209; 310; 1; 2; 375
293; 226; 2; 1; 389
269; 186; 2; 1; 395
225; 269; 2; 1; 399
290; 236; 2; 1; 400
213; 264; 2; 1; 401
234; 195; 1; 2; 406
290; 217; 1; 2; 407
276; 244; 1; 2; 416
203; 291; 1; 2; 426
289; 279; 1; 2; 428
227; 293; 1; 2; 443
197; 278; 1; 2; 448
178; 306; 2; 1; 455
169; 168; 2; 1; 457
263; 222; 2; 1; 462
19
5; 1; 10; 80
15; 1; 19; 271
9; 1; 24; 691
17; 1; 17; 751
14; 1; 21; 1290
16; 1; 33; 1328
11; 1; 29; 6308
2; 1; 21; 6721
10; 1; 12; 9873
7; 1; 11; 9944
4; 1; 47; 9992
18; 1; 26; 13829
13; 1; 43; 13915
3; 1; 47; 14456
0; 1; 36; 16923
12; 1; 3; 16960
8; 1; 45; 17350
6; 1; 12; 18682
1; 1; 33; 18924
