**** 369 ****
83
267; 220; 2; 1; 7
235; 279; 2; 1; 18
208; 306; 2; 1; 19
308; 281; 2; 1; 20
300; 205; 2; 1; 20
190; 179; 1; 2; 38
245; 250; 2; 1; 46
194; 204; 2; 1; 47
248; 186; 2; 1; 48
180; 238; 2; 1; 49
280; 167; 2; 1; 53
269; 266; 1; 2; 61
201; 217; 2; 1; 74
263; 290; 1; 2; 76
180; 240; 1; 2; 84
189; 287; 1; 2; 84
275; 275; 1; 2; 84
192; 231; 2; 1; 95
222; 232; 2; 1; 96
219; 191; 1; 2; 97
298; 302; 1; 2; 105
204; 216; 1; 2; 106
244; 204; 2; 1; 117
282; 303; 2; 1; 130
312; 209; 1; 2; 130
171; 269; 1; 2; 139
228; 203; 2; 1; 143
241; 205; 1; 2; 147
218; 274; 2; 1; 147
269; 196; 1; 2; 155
273; 237; 1; 2; 159
313; 313; 2; 1; 166
169; 237; 1; 2; 173
231; 193; 2; 1; 176
305; 180; 1; 2; 177
259; 259; 2; 1; 179
266; 220; 1; 2; 191
282; 213; 2; 1; 197
286; 179; 1; 2; 206
223; 207; 1; 2; 207
194; 309; 2; 1; 215
230; 294; 1; 2; 216
268; 309; 1; 2; 218
206; 167; 1; 2; 220
199; 301; 1; 2; 230
209; 238; 1; 2; 249
178; 256; 1; 2; 262
218; 172; 2; 1; 272
262; 211; 1; 2; 274
309; 231; 2; 1; 279
166; 309; 2; 1; 279
293; 187; 2; 1; 288
216; 299; 2; 1; 288
216; 274; 2; 1; 288
210; 301; 2; 1; 305
298; 206; 1; 2; 313
213; 286; 2; 1; 321
255; 199; 2; 1; 324
273; 282; 2; 1; 324
306; 211; 2; 1; 325
290; 244; 1; 2; 336
258; 289; 2; 1; 339
220; 169; 2; 1; 351
280; 274; 1; 2; 353
189; 277; 2; 1; 359
298; 234; 2; 1; 359
244; 265; 1; 2; 362
240; 182; 1; 2; 369
172; 220; 2; 1; 373
264; 261; 1; 2; 395
278; 182; 2; 1; 399
273; 179; 2; 1; 414
264; 184; 2; 1; 416
274; 294; 1; 2; 426
270; 215; 2; 1; 433
198; 168; 2; 1; 435
309; 231; 2; 1; 440
285; 266; 2; 1; 446
223; 189; 1; 2; 450
293; 306; 2; 1; 451
237; 284; 1; 2; 460
276; 291; 1; 2; 461
286; 200; 2; 1; 463
19
13; 1; 15; 498
0; 1; 9; 2897
12; 1; 11; 3114
4; 1; 32; 5618
18; 1; 45; 6912
1; 1; 23; 7111
8; 1; 49; 7694
2; 1; 36; 12245
6; 1; 27; 12825
7; 1; 7; 13220
10; 1; 36; 13391
5; 1; 46; 13628
3; 1; 1; 14209
15; 1; 6; 14293
17; 1; 9; 14379
14; 1; 34; 15693
16; 1; 10; 16826
9; 1; 25; 17643
11; 1; 12; 19919
