**** 37 ****
53
58; 55; 1; 2; 0
23; 26; 2; 1; 4
72; 62; 2; 1; 4
68; 45; 1; 2; 4
27; 24; 1; 2; 5
19; 66; 2; 1; 7
31; 16; 1; 2; 10
22; 38; 2; 1; 12
26; 69; 1; 2; 22
20; 71; 1; 2; 23
39; 50; 1; 2; 24
69; 31; 1; 2; 26
56; 70; 1; 2; 28
34; 38; 2; 1; 29
17; 23; 2; 1; 30
43; 26; 1; 2; 32
54; 40; 1; 2; 33
43; 48; 2; 1; 35
71; 21; 2; 1; 36
53; 48; 2; 1; 36
40; 57; 2; 1; 39
20; 60; 1; 2; 41
56; 34; 1; 2; 42
21; 55; 2; 1; 42
41; 37; 1; 2; 44
25; 41; 1; 2; 45
52; 18; 2; 1; 45
59; 23; 2; 1; 51
20; 73; 1; 2; 52
21; 33; 2; 1; 53
39; 18; 2; 1; 61
65; 61; 2; 1; 63
47; 20; 1; 2; 65
41; 35; 1; 2; 67
29; 47; 2; 1; 69
31; 19; 1; 2; 74
18; 73; 2; 1; 75
70; 50; 1; 2; 85
16; 65; 1; 2; 90
41; 69; 1; 2; 91
20; 64; 1; 2; 96
45; 69; 2; 1; 101
72; 57; 2; 1; 102
67; 42; 1; 2; 104
68; 67; 1; 2; 106
68; 70; 2; 1; 109
45; 71; 1; 2; 109
25; 27; 1; 2; 110
26; 28; 2; 1; 111
67; 28; 1; 2; 111
41; 54; 2; 1; 121
69; 61; 2; 1; 122
24; 48; 2; 1; 135
13
6; 1; 46; 287
12; 1; 25; 481
1; 1; 6; 562
2; 1; 1; 624
5; 1; 35; 637
4; 1; 18; 746
0; 1; 36; 911
7; 1; 14; 979
9; 1; 14; 1008
10; 1; 38; 1028
11; 1; 35; 1448
8; 1; 15; 1923
3; 1; 40; 1942
