**** 370 ****
83
227; 308; 2; 1; 10
187; 307; 2; 1; 15
240; 198; 1; 2; 19
179; 223; 2; 1; 28
272; 308; 2; 1; 37
274; 264; 1; 2; 45
294; 221; 2; 1; 55
313; 264; 2; 1; 59
250; 181; 2; 1; 59
273; 198; 2; 1; 61
173; 236; 2; 1; 81
266; 236; 2; 1; 82
229; 205; 1; 2; 90
243; 291; 2; 1; 97
197; 222; 2; 1; 100
302; 305; 1; 2; 107
259; 269; 2; 1; 114
248; 247; 2; 1; 116
243; 309; 1; 2; 118
216; 281; 2; 1; 119
170; 247; 2; 1; 121
224; 283; 1; 2; 127
221; 300; 2; 1; 137
293; 225; 2; 1; 142
288; 271; 1; 2; 143
256; 239; 2; 1; 148
243; 258; 1; 2; 149
213; 258; 2; 1; 153
212; 276; 1; 2; 157
287; 285; 2; 1; 158
269; 217; 2; 1; 159
207; 168; 2; 1; 160
196; 311; 2; 1; 161
306; 259; 1; 2; 162
293; 237; 1; 2; 171
217; 290; 1; 2; 180
205; 213; 1; 2; 189
176; 289; 1; 2; 194
184; 191; 1; 2; 195
171; 263; 1; 2; 200
266; 310; 1; 2; 201
194; 181; 2; 1; 207
258; 190; 1; 2; 210
225; 183; 2; 1; 213
206; 231; 2; 1; 215
276; 297; 1; 2; 216
258; 236; 1; 2; 233
290; 226; 2; 1; 243
170; 196; 2; 1; 256
288; 243; 2; 1; 268
233; 236; 2; 1; 268
309; 223; 2; 1; 269
293; 226; 1; 2; 284
191; 257; 2; 1; 288
296; 236; 2; 1; 294
217; 228; 2; 1; 308
247; 198; 1; 2; 309
257; 237; 1; 2; 324
235; 286; 1; 2; 325
186; 246; 2; 1; 331
276; 313; 1; 2; 336
226; 178; 2; 1; 336
209; 251; 2; 1; 352
283; 236; 1; 2; 353
200; 216; 1; 2; 354
307; 209; 1; 2; 357
261; 273; 1; 2; 369
191; 262; 2; 1; 370
230; 232; 2; 1; 370
262; 240; 2; 1; 378
233; 232; 2; 1; 383
308; 183; 2; 1; 392
313; 192; 1; 2; 420
267; 295; 2; 1; 430
193; 252; 1; 2; 431
204; 175; 1; 2; 444
250; 281; 1; 2; 447
202; 290; 2; 1; 451
259; 210; 1; 2; 455
216; 274; 2; 1; 456
222; 283; 2; 1; 458
218; 174; 1; 2; 458
290; 222; 2; 1; 460
19
10; 1; 8; 750
0; 1; 12; 1246
12; 1; 44; 1277
16; 1; 34; 2236
7; 1; 13; 4822
3; 1; 24; 6212
15; 1; 41; 6250
17; 1; 16; 6459
2; 1; 33; 9490
13; 1; 14; 11928
6; 1; 29; 12189
5; 1; 5; 12531
8; 1; 15; 12670
14; 1; 19; 12847
4; 1; 46; 14186
9; 1; 25; 15141
11; 1; 24; 15917
1; 1; 29; 17893
18; 1; 22; 19101
