**** 371 ****
83
270; 192; 2; 1; 2
243; 234; 2; 1; 6
185; 293; 2; 1; 11
252; 213; 2; 1; 15
203; 207; 2; 1; 21
268; 174; 1; 2; 24
308; 245; 2; 1; 34
286; 269; 1; 2; 51
300; 302; 2; 1; 53
222; 171; 2; 1; 63
266; 200; 1; 2; 66
284; 300; 1; 2; 72
265; 313; 2; 1; 74
217; 252; 1; 2; 84
257; 220; 1; 2; 88
253; 199; 2; 1; 89
167; 285; 1; 2; 90
212; 214; 2; 1; 91
245; 247; 1; 2; 103
284; 237; 1; 2; 104
212; 206; 2; 1; 131
218; 235; 1; 2; 141
238; 196; 1; 2; 146
235; 199; 2; 1; 155
206; 308; 2; 1; 161
181; 277; 1; 2; 185
232; 263; 2; 1; 195
181; 195; 2; 1; 198
253; 225; 2; 1; 199
229; 189; 1; 2; 212
190; 234; 2; 1; 218
228; 249; 1; 2; 224
189; 298; 1; 2; 235
212; 201; 2; 1; 239
191; 267; 1; 2; 249
259; 206; 1; 2; 255
284; 256; 1; 2; 269
263; 209; 1; 2; 270
202; 247; 2; 1; 273
303; 248; 2; 1; 280
296; 184; 1; 2; 281
231; 208; 1; 2; 284
285; 288; 2; 1; 294
182; 187; 1; 2; 296
174; 170; 2; 1; 296
310; 269; 1; 2; 296
296; 260; 2; 1; 304
218; 304; 1; 2; 308
285; 205; 1; 2; 319
205; 289; 2; 1; 319
213; 297; 1; 2; 323
200; 262; 2; 1; 326
281; 186; 1; 2; 328
256; 234; 2; 1; 329
190; 207; 1; 2; 337
297; 190; 2; 1; 341
276; 281; 1; 2; 345
243; 289; 2; 1; 353
249; 218; 2; 1; 354
224; 219; 2; 1; 367
290; 167; 1; 2; 370
275; 185; 1; 2; 379
167; 311; 1; 2; 380
283; 180; 2; 1; 385
208; 305; 2; 1; 387
214; 304; 2; 1; 390
277; 288; 1; 2; 395
270; 195; 2; 1; 398
233; 212; 2; 1; 402
303; 237; 2; 1; 414
282; 276; 1; 2; 415
204; 289; 2; 1; 424
190; 191; 2; 1; 429
188; 295; 2; 1; 432
182; 191; 1; 2; 433
280; 194; 2; 1; 433
271; 251; 1; 2; 434
263; 237; 1; 2; 440
196; 311; 1; 2; 450
176; 280; 1; 2; 450
271; 290; 2; 1; 457
171; 277; 1; 2; 466
217; 258; 2; 1; 469
19
10; 1; 9; 59
16; 1; 38; 94
14; 1; 36; 1277
3; 1; 19; 3000
6; 1; 25; 3210
18; 1; 40; 3543
2; 1; 35; 4466
9; 1; 13; 5372
11; 1; 4; 5467
5; 1; 17; 6084
1; 1; 22; 7327
12; 1; 21; 8394
8; 1; 22; 10834
13; 1; 20; 10931
15; 1; 48; 11075
17; 1; 28; 13255
0; 1; 39; 16552
4; 1; 43; 17304
7; 1; 32; 18039
