**** 372 ****
83
214; 231; 1; 2; 8
237; 275; 2; 1; 19
287; 230; 1; 2; 20
214; 281; 2; 1; 32
274; 288; 2; 1; 37
288; 232; 1; 2; 39
269; 196; 1; 2; 43
291; 280; 2; 1; 53
286; 225; 1; 2; 59
223; 297; 2; 1; 62
207; 255; 1; 2; 74
209; 219; 2; 1; 82
223; 226; 2; 1; 85
188; 237; 1; 2; 90
236; 208; 2; 1; 93
221; 232; 2; 1; 102
168; 228; 1; 2; 113
182; 227; 1; 2; 114
283; 251; 2; 1; 116
242; 295; 1; 2; 127
232; 166; 2; 1; 129
282; 249; 2; 1; 135
255; 298; 2; 1; 135
303; 217; 1; 2; 142
221; 249; 1; 2; 144
280; 283; 1; 2; 149
251; 263; 2; 1; 151
276; 174; 2; 1; 180
306; 241; 1; 2; 186
256; 243; 2; 1; 188
289; 278; 1; 2; 190
167; 185; 2; 1; 191
281; 170; 2; 1; 192
225; 309; 2; 1; 195
275; 230; 1; 2; 199
254; 226; 2; 1; 205
190; 214; 2; 1; 208
171; 230; 2; 1; 219
206; 171; 1; 2; 227
281; 169; 2; 1; 232
225; 270; 1; 2; 250
275; 276; 2; 1; 250
296; 295; 1; 2; 254
241; 271; 2; 1; 265
290; 269; 1; 2; 271
272; 218; 2; 1; 277
219; 279; 1; 2; 284
196; 265; 1; 2; 312
258; 230; 2; 1; 325
307; 207; 2; 1; 328
182; 196; 1; 2; 336
194; 168; 1; 2; 338
251; 183; 2; 1; 345
203; 195; 2; 1; 359
265; 181; 1; 2; 364
296; 223; 1; 2; 367
173; 259; 2; 1; 377
204; 292; 2; 1; 378
234; 310; 2; 1; 382
285; 224; 2; 1; 383
266; 277; 2; 1; 386
234; 227; 1; 2; 393
218; 237; 1; 2; 393
310; 217; 1; 2; 399
198; 255; 1; 2; 401
200; 288; 2; 1; 410
212; 258; 2; 1; 424
224; 191; 1; 2; 426
210; 254; 1; 2; 428
260; 259; 1; 2; 434
308; 282; 1; 2; 435
166; 308; 1; 2; 438
264; 186; 2; 1; 441
289; 214; 2; 1; 443
286; 244; 2; 1; 447
279; 223; 1; 2; 448
200; 281; 1; 2; 451
237; 211; 1; 2; 454
167; 196; 1; 2; 456
258; 187; 2; 1; 458
212; 170; 1; 2; 467
275; 190; 1; 2; 470
238; 307; 2; 1; 470
19
12; 1; 14; 469
8; 1; 45; 770
10; 1; 2; 1078
4; 1; 18; 3671
14; 1; 24; 9264
6; 1; 12; 9642
0; 1; 6; 9660
17; 1; 28; 10758
2; 1; 42; 11076
16; 1; 40; 12447
9; 1; 48; 13028
11; 1; 10; 13213
5; 1; 19; 13914
1; 1; 14; 13997
3; 1; 17; 15148
15; 1; 45; 16416
18; 1; 3; 17447
7; 1; 23; 18156
13; 1; 10; 19167
