**** 373 ****
83
264; 234; 2; 1; 3
249; 255; 1; 2; 23
227; 311; 2; 1; 26
191; 285; 1; 2; 32
189; 242; 2; 1; 37
271; 207; 1; 2; 44
208; 278; 2; 1; 50
198; 307; 1; 2; 53
302; 186; 1; 2; 54
166; 187; 1; 2; 55
268; 291; 1; 2; 60
304; 266; 1; 2; 63
227; 189; 2; 1; 63
177; 312; 2; 1; 66
240; 270; 1; 2; 69
309; 239; 2; 1; 81
217; 225; 2; 1; 83
182; 299; 1; 2; 91
192; 205; 1; 2; 92
268; 294; 1; 2; 130
294; 232; 1; 2; 143
267; 233; 1; 2; 182
235; 308; 2; 1; 187
207; 220; 1; 2; 194
180; 174; 2; 1; 195
248; 279; 1; 2; 208
231; 207; 1; 2; 213
176; 240; 1; 2; 213
182; 238; 2; 1; 217
240; 176; 1; 2; 228
277; 304; 1; 2; 244
204; 181; 1; 2; 246
283; 231; 1; 2; 249
286; 210; 2; 1; 252
296; 306; 1; 2; 254
252; 302; 2; 1; 261
224; 295; 1; 2; 270
287; 169; 2; 1; 271
306; 192; 1; 2; 284
219; 212; 2; 1; 285
308; 192; 2; 1; 286
236; 195; 1; 2; 288
191; 262; 1; 2; 290
181; 217; 2; 1; 293
251; 299; 2; 1; 295
284; 296; 2; 1; 297
246; 261; 2; 1; 300
301; 173; 1; 2; 300
213; 250; 2; 1; 304
214; 177; 1; 2; 306
223; 208; 2; 1; 311
264; 313; 1; 2; 312
215; 243; 2; 1; 320
199; 254; 2; 1; 323
252; 288; 1; 2; 331
293; 215; 1; 2; 338
212; 236; 1; 2; 344
168; 205; 1; 2; 348
253; 242; 2; 1; 349
290; 249; 2; 1; 352
194; 215; 1; 2; 353
284; 254; 2; 1; 380
202; 168; 2; 1; 385
223; 228; 2; 1; 388
192; 246; 2; 1; 389
309; 191; 1; 2; 395
231; 200; 2; 1; 399
219; 245; 2; 1; 402
261; 245; 2; 1; 404
253; 172; 1; 2; 413
181; 185; 2; 1; 414
253; 253; 1; 2; 424
283; 252; 2; 1; 425
274; 313; 1; 2; 428
305; 175; 1; 2; 431
281; 295; 2; 1; 434
253; 235; 1; 2; 435
181; 183; 1; 2; 436
296; 282; 2; 1; 437
173; 277; 2; 1; 446
251; 269; 1; 2; 459
261; 180; 1; 2; 460
195; 175; 1; 2; 464
19
1; 1; 9; 678
8; 1; 19; 786
7; 1; 23; 1606
14; 1; 43; 1909
5; 1; 48; 2519
13; 1; 15; 2723
4; 1; 13; 4549
11; 1; 12; 6376
9; 1; 20; 7340
16; 1; 10; 8235
2; 1; 21; 9276
10; 1; 41; 10521
15; 1; 23; 10582
0; 1; 30; 13304
3; 1; 16; 14010
6; 1; 20; 14956
18; 1; 33; 16475
12; 1; 14; 16932
17; 1; 13; 18469
