**** 374 ****
84
226; 264; 2; 1; 7
307; 250; 2; 1; 12
212; 266; 2; 1; 14
233; 218; 1; 2; 14
260; 210; 2; 1; 20
184; 303; 2; 1; 21
242; 176; 2; 1; 21
259; 293; 1; 2; 31
228; 257; 1; 2; 35
310; 214; 1; 2; 46
179; 302; 1; 2; 57
250; 240; 2; 1; 59
320; 202; 1; 2; 67
273; 186; 2; 1; 81
278; 196; 1; 2; 86
219; 171; 1; 2; 94
242; 205; 1; 2; 95
204; 181; 2; 1; 101
317; 191; 1; 2; 118
308; 278; 1; 2; 119
300; 243; 1; 2; 120
247; 187; 2; 1; 127
194; 239; 2; 1; 130
284; 262; 1; 2; 137
312; 179; 2; 1; 141
281; 214; 1; 2; 144
295; 267; 2; 1; 147
209; 309; 2; 1; 154
280; 234; 1; 2; 156
310; 190; 2; 1; 164
210; 180; 2; 1; 178
222; 202; 2; 1; 189
275; 281; 1; 2; 193
203; 244; 1; 2; 193
200; 220; 2; 1; 196
289; 262; 2; 1; 198
206; 264; 1; 2; 206
231; 196; 2; 1; 208
204; 286; 2; 1; 212
317; 298; 2; 1; 215
305; 210; 1; 2; 226
258; 308; 1; 2; 227
182; 283; 2; 1; 232
178; 304; 2; 1; 237
283; 245; 2; 1; 240
295; 277; 1; 2; 243
305; 321; 2; 1; 262
291; 224; 1; 2; 263
293; 270; 2; 1; 282
183; 318; 2; 1; 283
183; 226; 2; 1; 284
186; 179; 1; 2; 296
186; 313; 2; 1; 300
209; 253; 2; 1; 308
215; 208; 2; 1; 312
318; 271; 1; 2; 314
253; 186; 2; 1; 315
219; 273; 2; 1; 320
186; 284; 1; 2; 326
172; 297; 1; 2; 348
242; 283; 1; 2; 371
197; 299; 2; 1; 376
192; 303; 1; 2; 382
182; 318; 1; 2; 388
196; 319; 2; 1; 390
191; 174; 1; 2; 395
302; 278; 1; 2; 396
218; 261; 2; 1; 396
312; 214; 1; 2; 402
290; 242; 1; 2; 406
184; 263; 1; 2; 420
297; 258; 1; 2; 421
174; 196; 1; 2; 423
183; 307; 1; 2; 431
180; 311; 1; 2; 435
209; 198; 1; 2; 436
187; 224; 2; 1; 439
236; 219; 1; 2; 440
254; 285; 2; 1; 462
237; 287; 2; 1; 462
304; 250; 2; 1; 464
315; 201; 2; 1; 464
224; 285; 2; 1; 467
247; 205; 1; 2; 470
19
12; 1; 48; 1250
16; 1; 29; 1594
3; 1; 30; 3001
17; 1; 15; 3378
18; 1; 13; 5819
15; 1; 3; 6181
10; 1; 39; 11439
2; 1; 26; 13457
11; 1; 23; 14552
0; 1; 3; 14694
4; 1; 32; 14883
6; 1; 33; 15188
14; 1; 9; 16912
1; 1; 22; 16985
13; 1; 20; 17517
9; 1; 11; 18083
5; 1; 31; 18917
8; 1; 17; 19434
7; 1; 23; 20206
