**** 375 ****
84
292; 214; 1; 2; 3
176; 273; 1; 2; 6
302; 258; 1; 2; 9
207; 276; 2; 1; 11
303; 298; 1; 2; 16
184; 290; 1; 2; 32
250; 295; 1; 2; 32
210; 297; 1; 2; 45
266; 192; 1; 2; 45
195; 314; 1; 2; 51
235; 187; 2; 1; 51
282; 179; 1; 2; 67
308; 256; 1; 2; 67
253; 281; 2; 1; 68
196; 248; 1; 2; 84
232; 191; 1; 2; 97
317; 195; 2; 1; 98
190; 261; 1; 2; 105
302; 216; 1; 2; 106
260; 269; 1; 2; 112
234; 284; 1; 2; 120
252; 312; 2; 1; 128
272; 256; 2; 1; 129
318; 245; 2; 1; 129
210; 178; 1; 2; 131
258; 182; 2; 1; 131
316; 237; 1; 2; 147
247; 175; 1; 2; 155
235; 237; 2; 1; 157
238; 308; 1; 2; 157
198; 314; 2; 1; 161
283; 250; 1; 2; 167
172; 240; 2; 1; 172
230; 293; 1; 2; 174
184; 230; 1; 2; 186
285; 194; 2; 1; 189
301; 286; 1; 2; 190
229; 306; 1; 2; 190
306; 300; 1; 2; 192
271; 261; 1; 2; 201
260; 231; 2; 1; 201
225; 271; 2; 1; 202
196; 289; 2; 1; 208
252; 305; 2; 1; 211
307; 316; 1; 2; 211
172; 174; 1; 2; 214
321; 211; 2; 1; 216
226; 284; 2; 1; 230
310; 311; 2; 1; 241
248; 176; 1; 2; 241
262; 296; 1; 2; 242
236; 229; 1; 2; 253
259; 244; 2; 1; 258
220; 173; 2; 1; 262
308; 206; 2; 1; 265
215; 313; 1; 2; 267
175; 196; 2; 1; 268
254; 263; 2; 1; 272
216; 182; 2; 1; 273
245; 270; 1; 2; 273
216; 231; 1; 2; 294
257; 303; 1; 2; 312
181; 321; 2; 1; 316
228; 279; 1; 2; 340
307; 189; 1; 2; 345
321; 185; 2; 1; 360
237; 288; 2; 1; 362
241; 224; 1; 2; 376
231; 298; 1; 2; 377
208; 234; 1; 2; 380
211; 311; 1; 2; 383
261; 286; 1; 2; 385
193; 265; 1; 2; 394
228; 179; 1; 2; 401
179; 310; 2; 1; 410
237; 251; 2; 1; 414
306; 235; 2; 1; 416
245; 178; 1; 2; 420
301; 242; 2; 1; 434
241; 171; 1; 2; 454
185; 304; 2; 1; 457
216; 233; 2; 1; 465
261; 250; 2; 1; 467
291; 281; 1; 2; 471
19
18; 1; 4; 653
12; 1; 6; 1792
14; 1; 35; 1869
8; 1; 45; 2600
17; 1; 14; 2656
5; 1; 42; 3238
15; 1; 20; 5200
13; 1; 44; 6436
2; 1; 49; 9509
6; 1; 17; 9656
3; 1; 28; 10002
0; 1; 36; 11237
9; 1; 25; 11635
7; 1; 10; 12189
11; 1; 1; 13464
16; 1; 27; 14752
10; 1; 6; 15637
1; 1; 1; 19118
4; 1; 40; 19606
