**** 376 ****
84
244; 184; 2; 1; 7
177; 248; 2; 1; 7
244; 317; 2; 1; 11
264; 307; 2; 1; 19
234; 288; 2; 1; 30
276; 298; 1; 2; 32
263; 205; 1; 2; 35
265; 202; 2; 1; 38
218; 243; 1; 2; 39
207; 202; 1; 2; 40
258; 216; 1; 2; 42
197; 266; 2; 1; 57
278; 320; 1; 2; 58
178; 309; 2; 1; 59
178; 304; 1; 2; 63
231; 303; 2; 1; 101
213; 304; 2; 1; 114
257; 215; 1; 2; 116
207; 245; 2; 1; 116
227; 282; 2; 1; 124
308; 172; 1; 2; 125
220; 285; 2; 1; 127
246; 255; 1; 2; 129
217; 238; 1; 2; 136
186; 200; 2; 1; 143
233; 310; 1; 2; 157
197; 218; 2; 1; 169
197; 298; 2; 1; 173
229; 300; 1; 2; 176
211; 211; 2; 1; 186
309; 308; 1; 2; 206
303; 267; 1; 2; 207
307; 194; 2; 1; 207
285; 311; 1; 2; 210
179; 313; 1; 2; 213
204; 313; 1; 2; 222
271; 313; 2; 1; 222
219; 210; 1; 2; 230
267; 229; 2; 1; 245
175; 175; 2; 1; 246
310; 210; 1; 2; 248
298; 298; 1; 2; 256
225; 305; 1; 2; 258
269; 213; 2; 1; 266
206; 172; 1; 2; 269
221; 172; 1; 2; 272
256; 247; 1; 2; 273
179; 201; 2; 1; 279
189; 190; 2; 1; 288
252; 263; 1; 2; 295
213; 188; 2; 1; 302
296; 300; 1; 2; 318
291; 312; 2; 1; 318
215; 290; 2; 1; 319
205; 316; 2; 1; 319
193; 265; 2; 1; 322
299; 289; 2; 1; 326
266; 226; 1; 2; 335
212; 230; 2; 1; 338
249; 202; 2; 1; 339
207; 228; 2; 1; 342
304; 208; 1; 2; 346
239; 276; 1; 2; 359
203; 279; 1; 2; 360
192; 195; 2; 1; 362
226; 262; 1; 2; 365
256; 306; 1; 2; 369
218; 266; 1; 2; 374
265; 314; 2; 1; 379
203; 176; 2; 1; 380
295; 309; 1; 2; 383
267; 230; 2; 1; 397
281; 302; 1; 2; 400
184; 224; 1; 2; 409
227; 232; 2; 1; 411
207; 262; 2; 1; 413
267; 288; 2; 1; 435
224; 178; 1; 2; 435
314; 230; 2; 1; 445
223; 239; 1; 2; 447
201; 304; 2; 1; 452
256; 202; 1; 2; 461
183; 202; 1; 2; 466
200; 251; 1; 2; 466
19
15; 1; 24; 1740
14; 1; 37; 2270
6; 1; 30; 4446
16; 1; 44; 5709
8; 1; 21; 6020
11; 1; 35; 6137
1; 1; 45; 10584
12; 1; 14; 11412
17; 1; 43; 12012
3; 1; 34; 14599
9; 1; 18; 14822
7; 1; 21; 15915
0; 1; 47; 16183
5; 1; 19; 16319
18; 1; 49; 16988
13; 1; 26; 19212
10; 1; 6; 19388
4; 1; 18; 19561
2; 1; 42; 19769
