**** 377 ****
84
254; 252; 2; 1; 3
205; 226; 1; 2; 9
242; 180; 1; 2; 9
228; 195; 1; 2; 17
174; 190; 2; 1; 24
245; 261; 2; 1; 28
277; 205; 2; 1; 30
227; 243; 2; 1; 37
312; 286; 2; 1; 38
280; 286; 2; 1; 44
260; 285; 2; 1; 48
287; 274; 1; 2; 75
308; 260; 2; 1; 76
282; 235; 1; 2; 77
287; 174; 2; 1; 84
181; 292; 2; 1; 91
218; 206; 1; 2; 96
259; 247; 2; 1; 100
278; 320; 2; 1; 106
270; 198; 1; 2; 123
172; 219; 1; 2; 131
287; 232; 2; 1; 138
254; 202; 2; 1; 146
202; 238; 2; 1; 150
196; 295; 2; 1; 153
181; 187; 2; 1; 155
221; 190; 1; 2; 173
177; 172; 1; 2; 174
222; 297; 2; 1; 177
278; 260; 2; 1; 179
190; 309; 2; 1; 181
289; 269; 2; 1; 193
302; 175; 2; 1; 195
227; 289; 1; 2; 196
311; 297; 2; 1; 201
222; 295; 1; 2; 212
202; 213; 1; 2; 213
171; 214; 1; 2; 213
224; 292; 2; 1; 214
305; 192; 2; 1; 214
292; 271; 2; 1; 216
310; 316; 1; 2; 229
220; 199; 1; 2; 229
321; 301; 1; 2; 245
191; 299; 1; 2; 248
291; 277; 2; 1; 248
234; 176; 1; 2; 257
240; 175; 2; 1; 267
194; 181; 1; 2; 268
298; 221; 2; 1; 279
267; 265; 2; 1; 282
301; 221; 1; 2; 283
299; 314; 1; 2; 294
291; 175; 1; 2; 305
310; 241; 1; 2; 306
209; 287; 2; 1; 311
186; 247; 1; 2; 318
179; 298; 2; 1; 338
193; 268; 2; 1; 340
267; 194; 1; 2; 345
186; 270; 2; 1; 352
207; 187; 2; 1; 352
253; 184; 1; 2; 361
308; 290; 2; 1; 362
212; 299; 1; 2; 386
231; 294; 2; 1; 387
200; 296; 2; 1; 391
236; 171; 2; 1; 391
178; 215; 2; 1; 393
175; 291; 1; 2; 399
242; 259; 1; 2; 405
208; 317; 2; 1; 413
242; 226; 1; 2; 414
236; 291; 2; 1; 419
306; 320; 1; 2; 432
279; 206; 2; 1; 435
234; 177; 1; 2; 440
210; 206; 1; 2; 451
186; 251; 2; 1; 452
257; 193; 1; 2; 457
172; 229; 2; 1; 459
245; 226; 1; 2; 460
232; 307; 1; 2; 466
281; 297; 1; 2; 474
19
2; 1; 41; 1265
1; 1; 38; 2007
7; 1; 17; 6829
15; 1; 18; 6864
4; 1; 21; 7473
0; 1; 48; 7813
14; 1; 4; 9636
5; 1; 26; 10357
10; 1; 45; 10526
6; 1; 29; 12045
8; 1; 1; 13411
16; 1; 38; 13748
9; 1; 39; 15466
17; 1; 17; 15517
13; 1; 36; 15754
12; 1; 14; 16179
11; 1; 40; 16278
18; 1; 5; 17407
3; 1; 44; 18001
