**** 378 ****
84
221; 302; 2; 1; 7
240; 306; 2; 1; 9
260; 274; 2; 1; 30
275; 216; 1; 2; 33
255; 186; 2; 1; 56
201; 188; 1; 2; 57
220; 310; 1; 2; 62
232; 274; 2; 1; 62
173; 235; 1; 2; 76
195; 228; 2; 1; 96
233; 291; 1; 2; 99
183; 265; 1; 2; 100
258; 193; 1; 2; 102
187; 207; 1; 2; 104
243; 175; 1; 2; 112
271; 194; 2; 1; 125
243; 289; 2; 1; 130
246; 300; 1; 2; 131
298; 293; 1; 2; 156
238; 298; 1; 2; 164
292; 264; 2; 1; 169
321; 289; 2; 1; 174
175; 208; 2; 1; 176
286; 216; 1; 2; 185
273; 289; 1; 2; 196
297; 188; 2; 1; 196
275; 232; 1; 2; 213
321; 292; 2; 1; 216
261; 259; 1; 2; 218
242; 229; 2; 1; 224
218; 227; 2; 1; 239
173; 284; 1; 2; 242
238; 282; 1; 2; 246
314; 186; 2; 1; 248
211; 234; 1; 2; 249
210; 238; 1; 2; 254
320; 190; 1; 2; 257
234; 256; 2; 1; 266
182; 249; 1; 2; 266
292; 314; 2; 1; 272
307; 320; 2; 1; 275
212; 256; 2; 1; 284
201; 309; 2; 1; 285
263; 209; 1; 2; 290
185; 310; 1; 2; 294
172; 179; 2; 1; 297
296; 249; 2; 1; 303
238; 221; 1; 2; 304
259; 299; 1; 2; 305
205; 215; 1; 2; 309
288; 197; 2; 1; 312
273; 237; 2; 1; 325
236; 225; 2; 1; 350
246; 284; 2; 1; 352
294; 263; 1; 2; 357
320; 195; 1; 2; 358
207; 221; 1; 2; 359
277; 227; 2; 1; 362
290; 253; 1; 2; 374
182; 196; 1; 2; 377
268; 269; 1; 2; 384
274; 233; 1; 2; 388
184; 220; 1; 2; 388
204; 245; 1; 2; 388
309; 212; 2; 1; 389
305; 180; 2; 1; 392
211; 317; 2; 1; 393
219; 278; 2; 1; 395
304; 300; 1; 2; 397
211; 293; 1; 2; 402
188; 220; 1; 2; 409
302; 238; 1; 2; 414
309; 193; 2; 1; 423
245; 310; 1; 2; 424
263; 224; 2; 1; 428
226; 214; 2; 1; 431
260; 218; 1; 2; 432
264; 232; 1; 2; 436
271; 272; 1; 2; 443
319; 238; 1; 2; 443
296; 231; 1; 2; 458
291; 213; 1; 2; 460
280; 206; 2; 1; 469
176; 246; 1; 2; 471
19
3; 1; 26; 517
15; 1; 39; 562
17; 1; 19; 1355
18; 1; 5; 4301
16; 1; 48; 6426
14; 1; 28; 7179
0; 1; 43; 8253
6; 1; 7; 8750
9; 1; 10; 10568
7; 1; 15; 11405
1; 1; 24; 12896
10; 1; 8; 13572
12; 1; 45; 15145
4; 1; 14; 15509
8; 1; 24; 15802
13; 1; 24; 17697
11; 1; 49; 18072
2; 1; 18; 18658
5; 1; 48; 20887
