**** 379 ****
84
177; 235; 1; 2; 1
308; 275; 1; 2; 1
229; 208; 2; 1; 2
254; 174; 2; 1; 20
250; 279; 1; 2; 21
197; 302; 1; 2; 22
232; 239; 2; 1; 26
223; 241; 1; 2; 28
314; 289; 1; 2; 34
265; 223; 2; 1; 35
292; 295; 2; 1; 39
246; 261; 2; 1; 51
308; 182; 1; 2; 52
179; 173; 2; 1; 53
269; 177; 1; 2; 76
213; 264; 1; 2; 86
233; 292; 1; 2; 89
281; 196; 2; 1; 99
230; 283; 2; 1; 105
320; 265; 2; 1; 105
276; 314; 2; 1; 110
314; 199; 1; 2; 116
192; 177; 1; 2; 123
277; 227; 2; 1; 125
230; 300; 2; 1; 136
310; 256; 1; 2; 146
190; 228; 1; 2; 148
301; 312; 2; 1; 163
305; 316; 1; 2; 166
315; 191; 1; 2; 170
239; 216; 1; 2; 179
246; 194; 1; 2; 179
305; 279; 1; 2; 186
234; 291; 2; 1; 188
284; 261; 1; 2; 193
303; 287; 2; 1; 197
268; 195; 1; 2; 216
318; 265; 2; 1; 223
209; 319; 2; 1; 225
177; 189; 1; 2; 241
318; 227; 1; 2; 243
257; 200; 2; 1; 249
202; 305; 2; 1; 251
303; 200; 1; 2; 254
227; 192; 1; 2; 255
200; 258; 2; 1; 263
304; 174; 2; 1; 277
198; 240; 1; 2; 280
278; 179; 1; 2; 289
304; 214; 1; 2; 297
180; 299; 1; 2; 299
202; 242; 1; 2; 300
191; 238; 1; 2; 302
266; 288; 1; 2; 304
239; 301; 2; 1; 306
298; 257; 2; 1; 307
220; 311; 2; 1; 310
178; 244; 1; 2; 320
321; 289; 2; 1; 320
313; 306; 2; 1; 330
298; 307; 1; 2; 334
271; 188; 1; 2; 341
305; 289; 2; 1; 375
181; 177; 1; 2; 388
180; 256; 2; 1; 392
318; 208; 2; 1; 400
176; 294; 1; 2; 403
212; 250; 2; 1; 403
202; 244; 1; 2; 408
204; 280; 1; 2; 412
237; 207; 2; 1; 416
297; 227; 1; 2; 419
304; 241; 2; 1; 421
241; 184; 2; 1; 430
306; 193; 1; 2; 445
302; 308; 1; 2; 450
220; 283; 2; 1; 456
299; 298; 1; 2; 457
308; 289; 1; 2; 459
209; 296; 1; 2; 460
178; 314; 2; 1; 461
257; 309; 2; 1; 464
258; 241; 2; 1; 468
214; 195; 2; 1; 475
19
7; 1; 47; 2184
2; 1; 28; 2896
17; 1; 39; 3307
8; 1; 31; 6965
9; 1; 21; 9589
6; 1; 36; 12385
1; 1; 10; 12601
16; 1; 2; 12851
12; 1; 43; 13605
0; 1; 47; 14501
3; 1; 20; 14823
15; 1; 44; 15105
13; 1; 4; 15158
10; 1; 11; 16128
11; 1; 11; 16149
14; 1; 3; 18101
5; 1; 8; 18818
18; 1; 16; 19158
4; 1; 49; 20342
