**** 38 ****
53
34; 54; 2; 1; 0
67; 40; 2; 1; 3
26; 59; 2; 1; 6
71; 19; 1; 2; 8
21; 50; 2; 1; 17
26; 27; 2; 1; 18
20; 40; 1; 2; 22
64; 48; 2; 1; 26
39; 51; 1; 2; 26
71; 59; 2; 1; 27
60; 62; 2; 1; 31
58; 52; 1; 2; 34
44; 42; 2; 1; 39
58; 67; 1; 2; 39
60; 30; 2; 1; 41
45; 59; 2; 1; 43
54; 39; 2; 1; 43
57; 54; 2; 1; 43
36; 56; 2; 1; 46
63; 59; 1; 2; 47
63; 59; 1; 2; 50
22; 54; 1; 2; 52
70; 18; 1; 2; 52
33; 31; 2; 1; 55
45; 45; 1; 2; 56
68; 72; 1; 2; 57
20; 48; 2; 1; 57
19; 46; 1; 2; 57
69; 63; 1; 2; 60
42; 66; 1; 2; 65
50; 30; 1; 2; 69
71; 25; 1; 2; 72
35; 32; 2; 1; 73
49; 25; 2; 1; 78
24; 59; 2; 1; 81
26; 21; 2; 1; 89
52; 40; 1; 2; 92
53; 62; 1; 2; 96
49; 58; 1; 2; 99
67; 36; 2; 1; 100
24; 65; 1; 2; 104
59; 63; 2; 1; 108
36; 40; 2; 1; 116
53; 65; 2; 1; 116
31; 69; 1; 2; 117
21; 63; 2; 1; 120
70; 59; 1; 2; 126
30; 19; 2; 1; 127
66; 21; 2; 1; 130
50; 41; 2; 1; 131
45; 29; 2; 1; 131
44; 59; 2; 1; 134
22; 27; 2; 1; 135
13
3; 1; 24; 176
7; 1; 37; 347
11; 1; 40; 388
0; 1; 23; 430
6; 1; 35; 494
1; 1; 27; 555
12; 1; 44; 982
10; 1; 49; 1236
9; 1; 6; 1351
2; 1; 49; 1467
5; 1; 39; 1968
8; 1; 34; 2160
4; 1; 38; 2585
