**** 380 ****
84
254; 309; 1; 2; 0
260; 299; 2; 1; 4
298; 272; 1; 2; 5
240; 218; 1; 2; 9
284; 298; 2; 1; 10
276; 223; 2; 1; 10
283; 243; 2; 1; 17
284; 262; 2; 1; 28
309; 313; 2; 1; 31
237; 241; 1; 2; 39
243; 239; 2; 1; 43
318; 213; 1; 2; 43
213; 188; 2; 1; 45
171; 299; 1; 2; 50
172; 178; 1; 2; 57
244; 224; 1; 2; 64
292; 210; 1; 2; 64
188; 306; 2; 1; 67
242; 213; 2; 1; 70
218; 280; 2; 1; 78
263; 254; 1; 2; 82
235; 234; 2; 1; 88
312; 177; 2; 1; 91
253; 270; 2; 1; 93
303; 176; 1; 2; 93
256; 272; 2; 1; 95
229; 320; 1; 2; 97
212; 217; 2; 1; 101
303; 195; 2; 1; 122
252; 236; 2; 1; 123
171; 227; 1; 2; 129
303; 213; 2; 1; 130
255; 299; 2; 1; 131
320; 245; 2; 1; 134
232; 318; 1; 2; 144
249; 196; 1; 2; 152
279; 228; 2; 1; 158
248; 186; 2; 1; 164
179; 244; 1; 2; 168
317; 290; 1; 2; 178
259; 263; 1; 2; 181
256; 211; 1; 2; 183
241; 207; 2; 1; 188
244; 194; 2; 1; 189
298; 285; 1; 2; 198
280; 285; 1; 2; 199
196; 192; 2; 1; 203
241; 288; 2; 1; 205
230; 178; 1; 2; 210
252; 314; 2; 1; 213
305; 257; 2; 1; 217
186; 181; 1; 2; 219
276; 266; 2; 1; 222
262; 281; 2; 1; 239
193; 267; 1; 2; 248
257; 253; 1; 2; 252
181; 268; 1; 2; 254
319; 214; 2; 1; 257
204; 261; 2; 1; 269
279; 208; 1; 2; 279
303; 258; 2; 1; 281
255; 247; 2; 1; 288
191; 297; 1; 2; 291
274; 311; 1; 2; 307
266; 216; 2; 1; 319
307; 192; 1; 2; 322
174; 252; 2; 1; 325
183; 173; 1; 2; 356
308; 311; 2; 1; 363
297; 269; 2; 1; 365
278; 191; 1; 2; 375
195; 307; 1; 2; 380
222; 290; 1; 2; 389
213; 249; 1; 2; 406
313; 198; 2; 1; 407
195; 257; 1; 2; 411
218; 190; 2; 1; 422
221; 191; 2; 1; 422
309; 252; 1; 2; 429
251; 243; 1; 2; 438
222; 183; 2; 1; 451
267; 232; 2; 1; 458
255; 271; 1; 2; 465
230; 211; 1; 2; 473
19
8; 1; 39; 2041
7; 1; 41; 2142
4; 1; 29; 2821
3; 1; 4; 3124
1; 1; 37; 7009
5; 1; 5; 8609
13; 1; 43; 9050
18; 1; 19; 10957
14; 1; 2; 12867
12; 1; 5; 13397
15; 1; 25; 15274
11; 1; 27; 16726
16; 1; 22; 17254
10; 1; 12; 17549
9; 1; 24; 18496
6; 1; 12; 18733
0; 1; 26; 19564
2; 1; 49; 19599
17; 1; 49; 20865
