**** 381 ****
84
201; 247; 1; 2; 12
313; 228; 1; 2; 13
258; 321; 1; 2; 19
188; 312; 1; 2; 26
179; 300; 1; 2; 26
183; 172; 2; 1; 28
205; 260; 1; 2; 36
188; 242; 1; 2; 40
298; 281; 1; 2; 40
221; 260; 1; 2; 43
263; 208; 2; 1; 47
186; 235; 1; 2; 50
261; 256; 2; 1; 52
214; 286; 1; 2; 63
246; 284; 2; 1; 64
280; 309; 2; 1; 65
272; 202; 1; 2; 67
284; 275; 2; 1; 78
199; 318; 1; 2; 90
274; 192; 2; 1; 96
248; 194; 1; 2; 116
316; 172; 2; 1; 124
314; 176; 2; 1; 127
284; 209; 2; 1; 133
310; 317; 1; 2; 146
291; 219; 1; 2; 153
248; 303; 2; 1; 162
245; 173; 2; 1; 162
304; 233; 1; 2; 164
213; 276; 1; 2; 167
262; 177; 1; 2; 168
221; 176; 2; 1; 193
218; 172; 1; 2; 200
300; 267; 1; 2; 206
204; 274; 2; 1; 209
253; 298; 1; 2; 211
321; 262; 1; 2; 226
248; 290; 2; 1; 244
200; 259; 2; 1; 245
249; 204; 1; 2; 252
189; 196; 1; 2; 258
172; 225; 2; 1; 264
196; 282; 1; 2; 265
274; 171; 2; 1; 268
241; 264; 1; 2; 270
188; 199; 1; 2; 270
201; 314; 2; 1; 281
221; 202; 1; 2; 282
184; 315; 2; 1; 289
271; 187; 1; 2; 296
268; 248; 1; 2; 304
269; 290; 2; 1; 306
223; 239; 2; 1; 311
223; 196; 1; 2; 318
210; 232; 1; 2; 326
280; 272; 1; 2; 330
179; 301; 2; 1; 336
313; 272; 2; 1; 338
262; 262; 1; 2; 341
276; 214; 1; 2; 342
222; 269; 1; 2; 342
273; 263; 1; 2; 350
198; 283; 2; 1; 356
284; 276; 1; 2; 370
271; 260; 1; 2; 372
177; 260; 1; 2; 374
269; 225; 2; 1; 374
192; 220; 2; 1; 377
182; 261; 1; 2; 384
234; 277; 2; 1; 387
197; 212; 2; 1; 393
204; 219; 1; 2; 400
242; 263; 2; 1; 415
209; 244; 1; 2; 424
307; 214; 2; 1; 425
226; 252; 1; 2; 426
256; 235; 1; 2; 428
258; 278; 1; 2; 434
260; 195; 1; 2; 437
319; 175; 1; 2; 452
276; 239; 1; 2; 453
311; 279; 1; 2; 461
177; 246; 2; 1; 468
227; 173; 1; 2; 475
19
8; 1; 43; 2779
12; 1; 38; 4163
11; 1; 47; 4286
1; 1; 37; 4373
2; 1; 14; 5069
10; 1; 47; 6096
16; 1; 45; 9041
6; 1; 18; 10186
3; 1; 45; 11993
18; 1; 44; 12806
14; 1; 34; 13050
4; 1; 14; 13984
5; 1; 31; 14699
13; 1; 43; 14748
9; 1; 28; 15141
0; 1; 19; 15552
7; 1; 15; 15804
15; 1; 24; 18942
17; 1; 38; 19966
