**** 382 ****
84
187; 192; 2; 1; 12
239; 231; 2; 1; 24
227; 290; 2; 1; 31
308; 212; 2; 1; 33
237; 297; 2; 1; 36
211; 297; 1; 2; 54
295; 217; 2; 1; 65
245; 197; 1; 2; 67
319; 221; 1; 2; 69
222; 242; 2; 1; 74
296; 247; 2; 1; 84
210; 304; 1; 2; 85
279; 248; 2; 1; 88
290; 174; 2; 1; 90
186; 201; 1; 2; 91
263; 301; 2; 1; 98
182; 304; 2; 1; 105
213; 217; 2; 1; 105
189; 220; 2; 1; 106
202; 238; 2; 1; 122
270; 187; 1; 2; 127
196; 307; 1; 2; 131
313; 235; 1; 2; 134
212; 271; 2; 1; 140
239; 188; 2; 1; 149
304; 280; 2; 1; 150
210; 290; 2; 1; 154
287; 214; 2; 1; 162
194; 204; 2; 1; 174
237; 249; 1; 2; 175
178; 209; 1; 2; 182
294; 198; 1; 2; 186
245; 321; 2; 1; 190
206; 280; 2; 1; 211
293; 274; 1; 2; 218
186; 232; 2; 1; 222
303; 297; 1; 2; 233
177; 179; 2; 1; 237
234; 204; 2; 1; 239
238; 231; 2; 1; 250
254; 257; 1; 2; 251
238; 298; 1; 2; 252
205; 239; 1; 2; 263
272; 185; 1; 2; 263
241; 187; 2; 1; 266
320; 271; 2; 1; 271
215; 194; 1; 2; 273
174; 251; 1; 2; 280
210; 304; 1; 2; 289
197; 315; 1; 2; 310
193; 293; 2; 1; 316
205; 223; 1; 2; 319
266; 246; 2; 1; 320
273; 254; 2; 1; 324
270; 211; 1; 2; 337
188; 214; 1; 2; 352
272; 282; 2; 1; 357
194; 239; 2; 1; 367
232; 221; 1; 2; 367
175; 204; 2; 1; 376
211; 251; 2; 1; 377
187; 177; 1; 2; 378
231; 220; 1; 2; 381
200; 282; 1; 2; 384
180; 221; 1; 2; 386
221; 231; 1; 2; 387
263; 254; 2; 1; 397
283; 276; 2; 1; 399
314; 279; 1; 2; 409
234; 216; 2; 1; 410
303; 250; 2; 1; 412
214; 264; 1; 2; 414
215; 302; 2; 1; 417
305; 291; 2; 1; 421
304; 184; 2; 1; 431
310; 185; 2; 1; 433
301; 242; 1; 2; 435
178; 249; 1; 2; 440
223; 304; 1; 2; 447
208; 289; 1; 2; 450
287; 265; 1; 2; 476
186; 233; 1; 2; 477
239; 287; 2; 1; 479
194; 207; 2; 1; 480
19
15; 1; 29; 1424
0; 1; 26; 3838
16; 1; 25; 4243
14; 1; 39; 5119
17; 1; 3; 5811
7; 1; 9; 5828
5; 1; 32; 5975
6; 1; 34; 6080
8; 1; 5; 6376
4; 1; 42; 6693
13; 1; 9; 6839
9; 1; 4; 7009
11; 1; 49; 7934
1; 1; 36; 9455
2; 1; 18; 13063
10; 1; 37; 13235
12; 1; 23; 13531
3; 1; 29; 14360
18; 1; 14; 16360
