**** 383 ****
84
258; 307; 1; 2; 5
270; 254; 2; 1; 27
201; 180; 2; 1; 29
317; 222; 2; 1; 32
235; 291; 1; 2; 32
186; 316; 2; 1; 32
184; 239; 1; 2; 33
174; 239; 1; 2; 42
265; 279; 1; 2; 52
251; 273; 1; 2; 61
197; 223; 1; 2; 62
189; 229; 1; 2; 63
194; 315; 2; 1; 71
231; 319; 2; 1; 77
247; 268; 2; 1; 79
287; 313; 1; 2; 80
306; 213; 2; 1; 85
224; 293; 2; 1; 96
293; 305; 1; 2; 100
220; 201; 2; 1; 106
219; 308; 1; 2; 110
304; 227; 1; 2; 114
238; 310; 2; 1; 124
245; 257; 2; 1; 128
310; 316; 2; 1; 143
247; 203; 1; 2; 146
221; 259; 2; 1; 155
171; 297; 2; 1; 160
314; 321; 1; 2; 163
215; 194; 2; 1; 171
183; 247; 2; 1; 174
282; 176; 1; 2; 179
199; 272; 1; 2; 191
229; 267; 2; 1; 197
313; 258; 2; 1; 204
235; 247; 2; 1; 206
279; 288; 1; 2; 207
224; 192; 1; 2; 218
207; 294; 1; 2; 226
230; 235; 2; 1; 228
270; 208; 1; 2; 229
243; 265; 2; 1; 230
319; 175; 2; 1; 233
207; 213; 2; 1; 246
180; 317; 2; 1; 252
311; 281; 1; 2; 255
245; 190; 2; 1; 261
180; 272; 2; 1; 265
255; 216; 1; 2; 266
262; 303; 1; 2; 273
198; 227; 2; 1; 274
258; 217; 1; 2; 274
258; 244; 1; 2; 277
250; 220; 1; 2; 278
250; 298; 1; 2; 283
319; 225; 1; 2; 285
272; 214; 2; 1; 286
178; 281; 2; 1; 289
242; 212; 1; 2; 296
188; 268; 2; 1; 302
263; 178; 1; 2; 306
214; 261; 2; 1; 309
252; 307; 1; 2; 311
222; 286; 2; 1; 316
303; 175; 1; 2; 340
282; 244; 2; 1; 348
278; 255; 2; 1; 376
314; 174; 1; 2; 379
212; 259; 2; 1; 392
205; 238; 2; 1; 394
225; 316; 1; 2; 402
226; 248; 2; 1; 404
232; 244; 1; 2; 412
301; 187; 1; 2; 412
310; 267; 2; 1; 425
187; 278; 2; 1; 438
232; 173; 2; 1; 441
230; 180; 1; 2; 442
243; 310; 1; 2; 443
198; 320; 1; 2; 456
263; 304; 2; 1; 465
171; 209; 1; 2; 465
240; 183; 1; 2; 465
224; 303; 1; 2; 481
19
6; 1; 25; 380
17; 1; 27; 2655
3; 1; 27; 3220
18; 1; 3; 3447
13; 1; 45; 3537
8; 1; 41; 3713
14; 1; 6; 4299
5; 1; 31; 6100
10; 1; 34; 8936
9; 1; 6; 11406
15; 1; 1; 11737
11; 1; 25; 11850
16; 1; 13; 12228
0; 1; 49; 13153
4; 1; 2; 13780
2; 1; 39; 14367
7; 1; 25; 14920
1; 1; 31; 15139
12; 1; 15; 19602
