**** 384 ****
84
274; 224; 2; 1; 2
276; 291; 2; 1; 3
253; 175; 1; 2; 4
289; 244; 1; 2; 11
277; 206; 1; 2; 12
239; 230; 1; 2; 15
214; 279; 1; 2; 19
186; 224; 1; 2; 24
176; 246; 1; 2; 25
199; 233; 1; 2; 26
228; 183; 1; 2; 36
178; 297; 2; 1; 37
266; 235; 2; 1; 37
307; 287; 2; 1; 45
201; 277; 1; 2; 47
231; 202; 2; 1; 51
174; 217; 1; 2; 62
298; 272; 1; 2; 63
212; 210; 2; 1; 78
183; 207; 2; 1; 84
208; 194; 1; 2; 91
188; 269; 2; 1; 95
306; 310; 1; 2; 95
294; 281; 2; 1; 110
176; 214; 1; 2; 119
180; 252; 1; 2; 120
304; 262; 2; 1; 126
217; 262; 2; 1; 128
233; 172; 2; 1; 139
216; 262; 1; 2; 142
300; 234; 2; 1; 156
300; 216; 1; 2; 157
216; 227; 2; 1; 170
264; 290; 1; 2; 172
179; 265; 2; 1; 184
251; 242; 2; 1; 192
284; 174; 1; 2; 198
214; 214; 2; 1; 206
220; 182; 1; 2; 211
283; 290; 1; 2; 231
255; 279; 1; 2; 240
248; 317; 2; 1; 240
233; 249; 2; 1; 243
239; 223; 1; 2; 254
311; 201; 2; 1; 257
279; 303; 2; 1; 270
284; 262; 2; 1; 274
275; 264; 1; 2; 284
285; 180; 2; 1; 286
186; 239; 1; 2; 288
219; 241; 1; 2; 309
252; 186; 1; 2; 309
238; 276; 2; 1; 311
235; 207; 2; 1; 324
260; 202; 2; 1; 328
256; 190; 1; 2; 333
194; 273; 2; 1; 340
243; 271; 2; 1; 349
237; 255; 1; 2; 357
271; 189; 1; 2; 360
265; 197; 2; 1; 361
243; 260; 2; 1; 363
201; 224; 2; 1; 371
171; 283; 1; 2; 371
316; 200; 2; 1; 377
192; 280; 2; 1; 392
242; 205; 2; 1; 393
263; 212; 1; 2; 394
241; 320; 1; 2; 395
186; 184; 1; 2; 402
236; 241; 2; 1; 404
177; 192; 2; 1; 409
199; 235; 2; 1; 423
267; 284; 1; 2; 425
205; 304; 1; 2; 426
189; 240; 2; 1; 431
239; 275; 2; 1; 439
257; 178; 1; 2; 444
293; 251; 2; 1; 449
277; 320; 1; 2; 460
253; 247; 1; 2; 462
225; 314; 1; 2; 473
257; 297; 1; 2; 475
285; 290; 1; 2; 478
19
7; 1; 14; 42
2; 1; 28; 320
6; 1; 37; 1344
17; 1; 26; 1594
14; 1; 29; 1671
18; 1; 33; 4821
5; 1; 6; 6219
13; 1; 7; 6550
12; 1; 18; 6724
10; 1; 31; 8365
11; 1; 13; 11780
16; 1; 27; 12912
1; 1; 9; 13536
0; 1; 44; 14694
8; 1; 33; 15299
9; 1; 6; 15439
4; 1; 3; 18667
15; 1; 23; 19945
3; 1; 23; 20158
