**** 385 ****
85
204; 300; 1; 2; 5
282; 285; 2; 1; 9
241; 214; 2; 1; 10
258; 182; 2; 1; 10
191; 323; 1; 2; 17
178; 238; 2; 1; 24
235; 319; 1; 2; 48
224; 177; 1; 2; 52
196; 299; 1; 2; 55
285; 216; 2; 1; 57
217; 307; 1; 2; 60
251; 207; 1; 2; 72
322; 207; 2; 1; 72
276; 305; 1; 2; 76
208; 271; 2; 1; 78
296; 251; 1; 2; 87
216; 322; 1; 2; 94
266; 192; 1; 2; 101
178; 212; 1; 2; 102
303; 247; 1; 2; 120
214; 213; 1; 2; 122
238; 329; 1; 2; 123
327; 232; 2; 1; 131
261; 296; 1; 2; 140
190; 235; 2; 1; 141
220; 319; 1; 2; 146
281; 196; 1; 2; 150
250; 244; 2; 1; 155
295; 186; 2; 1; 157
178; 309; 2; 1; 169
192; 209; 1; 2; 172
325; 257; 1; 2; 175
264; 231; 2; 1; 176
323; 199; 2; 1; 182
289; 245; 1; 2; 184
195; 214; 2; 1; 186
209; 213; 1; 2; 188
317; 200; 2; 1; 189
282; 274; 1; 2; 201
203; 201; 2; 1; 207
270; 289; 1; 2; 214
272; 242; 2; 1; 215
324; 304; 1; 2; 224
204; 195; 1; 2; 231
295; 232; 1; 2; 244
211; 216; 2; 1; 252
184; 206; 1; 2; 252
249; 272; 1; 2; 259
327; 215; 1; 2; 261
290; 322; 1; 2; 265
191; 285; 1; 2; 266
181; 276; 1; 2; 268
238; 298; 1; 2; 268
223; 310; 2; 1; 275
300; 186; 1; 2; 278
278; 306; 2; 1; 279
187; 194; 1; 2; 280
234; 198; 1; 2; 284
306; 300; 2; 1; 286
217; 231; 2; 1; 299
315; 263; 1; 2; 315
287; 317; 2; 1; 320
231; 197; 2; 1; 320
289; 242; 2; 1; 324
318; 279; 1; 2; 333
282; 289; 1; 2; 351
270; 324; 2; 1; 366
265; 279; 1; 2; 369
273; 204; 1; 2; 371
227; 243; 1; 2; 378
229; 250; 1; 2; 381
311; 311; 1; 2; 398
294; 266; 1; 2; 399
301; 236; 1; 2; 403
288; 293; 2; 1; 409
300; 187; 1; 2; 412
235; 243; 2; 1; 416
244; 258; 2; 1; 425
274; 198; 1; 2; 442
277; 292; 2; 1; 443
297; 179; 1; 2; 450
297; 208; 2; 1; 457
181; 228; 1; 2; 463
242; 225; 1; 2; 468
225; 322; 1; 2; 480
19
1; 1; 23; 1454
11; 1; 14; 2284
9; 1; 13; 2521
17; 1; 14; 3149
8; 1; 2; 3780
6; 1; 41; 3786
0; 1; 28; 4451
14; 1; 27; 5491
12; 1; 32; 5631
5; 1; 12; 6595
13; 1; 44; 7867
7; 1; 40; 8104
3; 1; 7; 8568
15; 1; 22; 9282
10; 1; 15; 10584
4; 1; 20; 12626
18; 1; 43; 15801
2; 1; 38; 18804
16; 1; 21; 21387
