**** 386 ****
85
325; 252; 2; 1; 3
251; 245; 2; 1; 7
268; 179; 1; 2; 9
295; 189; 1; 2; 10
270; 223; 2; 1; 18
315; 318; 1; 2; 27
329; 262; 1; 2; 31
223; 261; 1; 2; 46
177; 304; 1; 2; 51
193; 176; 1; 2; 52
247; 308; 2; 1; 55
255; 305; 2; 1; 56
289; 313; 1; 2; 58
213; 203; 2; 1; 59
214; 307; 1; 2; 86
259; 270; 1; 2; 86
288; 232; 2; 1; 90
291; 198; 2; 1; 92
273; 316; 1; 2; 93
265; 255; 2; 1; 96
282; 261; 2; 1; 99
329; 287; 2; 1; 101
306; 177; 1; 2; 101
226; 288; 2; 1; 111
247; 252; 1; 2; 114
251; 197; 2; 1; 116
203; 190; 1; 2; 127
300; 294; 1; 2; 127
180; 221; 1; 2; 142
227; 235; 1; 2; 163
259; 232; 1; 2; 178
280; 241; 2; 1; 184
275; 319; 1; 2; 186
273; 291; 1; 2; 190
298; 317; 2; 1; 190
235; 295; 1; 2; 195
241; 181; 2; 1; 202
231; 328; 2; 1; 208
182; 294; 1; 2; 210
261; 180; 1; 2; 211
234; 176; 2; 1; 212
232; 310; 2; 1; 219
312; 189; 2; 1; 220
309; 211; 1; 2; 221
280; 200; 2; 1; 226
270; 261; 1; 2; 232
224; 269; 2; 1; 235
312; 234; 1; 2; 239
299; 295; 2; 1; 244
274; 271; 1; 2; 247
253; 250; 1; 2; 254
257; 325; 2; 1; 257
286; 298; 2; 1; 259
177; 246; 1; 2; 270
237; 256; 1; 2; 275
310; 304; 1; 2; 279
182; 226; 1; 2; 281
296; 180; 2; 1; 297
304; 199; 2; 1; 299
301; 203; 2; 1; 300
240; 214; 1; 2; 305
236; 227; 2; 1; 312
214; 312; 2; 1; 319
217; 281; 1; 2; 325
254; 315; 2; 1; 328
267; 228; 2; 1; 332
325; 270; 2; 1; 341
222; 326; 1; 2; 346
260; 303; 2; 1; 385
297; 244; 1; 2; 389
320; 185; 1; 2; 397
318; 315; 2; 1; 397
197; 202; 2; 1; 414
299; 192; 2; 1; 415
281; 327; 2; 1; 419
232; 299; 1; 2; 422
190; 219; 2; 1; 422
326; 186; 2; 1; 426
234; 255; 1; 2; 429
239; 193; 2; 1; 433
309; 189; 2; 1; 433
258; 233; 2; 1; 456
267; 277; 1; 2; 462
314; 301; 1; 2; 481
237; 190; 2; 1; 483
19
4; 1; 12; 1854
2; 1; 5; 4011
6; 1; 31; 4118
7; 1; 19; 5672
0; 1; 30; 6675
10; 1; 13; 6748
12; 1; 39; 7478
18; 1; 31; 7600
5; 1; 1; 8133
9; 1; 48; 8519
3; 1; 34; 14273
16; 1; 1; 14589
8; 1; 19; 14978
15; 1; 43; 15802
17; 1; 42; 16917
13; 1; 20; 17627
1; 1; 38; 19092
14; 1; 19; 20202
11; 1; 38; 21130
