**** 387 ****
85
319; 302; 1; 2; 1
223; 187; 2; 1; 12
182; 260; 2; 1; 13
226; 282; 1; 2; 17
260; 305; 1; 2; 17
319; 316; 2; 1; 18
184; 266; 2; 1; 25
195; 267; 2; 1; 28
191; 250; 1; 2; 44
308; 223; 1; 2; 46
184; 235; 2; 1; 59
262; 199; 1; 2; 65
199; 205; 2; 1; 79
223; 303; 1; 2; 91
308; 188; 1; 2; 98
269; 247; 1; 2; 98
247; 283; 1; 2; 105
201; 219; 1; 2; 126
183; 256; 2; 1; 130
297; 260; 2; 1; 144
304; 286; 1; 2; 147
197; 254; 1; 2; 167
279; 235; 1; 2; 177
249; 261; 2; 1; 204
229; 293; 1; 2; 204
219; 279; 2; 1; 220
302; 251; 2; 1; 225
228; 190; 1; 2; 226
225; 189; 1; 2; 234
298; 212; 1; 2; 234
222; 281; 2; 1; 235
227; 204; 2; 1; 239
320; 242; 1; 2; 248
232; 224; 1; 2; 260
221; 254; 1; 2; 262
279; 190; 2; 1; 263
292; 194; 2; 1; 270
245; 279; 2; 1; 277
252; 234; 1; 2; 278
253; 202; 1; 2; 279
274; 258; 1; 2; 301
203; 279; 2; 1; 304
240; 303; 1; 2; 304
212; 184; 2; 1; 309
260; 253; 2; 1; 309
260; 288; 2; 1; 315
310; 299; 2; 1; 323
195; 269; 1; 2; 325
285; 203; 1; 2; 326
186; 252; 1; 2; 331
277; 196; 1; 2; 348
312; 271; 1; 2; 350
185; 245; 2; 1; 365
249; 291; 2; 1; 369
277; 329; 1; 2; 375
223; 237; 1; 2; 380
265; 315; 2; 1; 382
220; 302; 1; 2; 383
272; 217; 1; 2; 392
231; 216; 2; 1; 399
295; 245; 1; 2; 404
203; 191; 2; 1; 407
219; 266; 2; 1; 407
252; 293; 1; 2; 411
259; 221; 1; 2; 411
319; 279; 2; 1; 413
287; 300; 2; 1; 413
288; 222; 2; 1; 413
209; 294; 2; 1; 416
283; 186; 2; 1; 417
319; 280; 1; 2; 418
285; 212; 1; 2; 436
190; 302; 1; 2; 442
240; 241; 2; 1; 444
299; 177; 1; 2; 447
303; 247; 1; 2; 450
304; 237; 2; 1; 451
327; 195; 1; 2; 452
220; 209; 1; 2; 461
322; 223; 1; 2; 462
227; 322; 1; 2; 467
265; 270; 1; 2; 470
259; 191; 1; 2; 472
203; 201; 1; 2; 484
199; 206; 1; 2; 485
19
5; 1; 34; 753
14; 1; 17; 1981
2; 1; 40; 2409
3; 1; 32; 3008
6; 1; 45; 3055
4; 1; 25; 5177
18; 1; 48; 5273
9; 1; 20; 7041
15; 1; 41; 7894
7; 1; 2; 9700
11; 1; 42; 10397
12; 1; 5; 10619
16; 1; 27; 11416
0; 1; 40; 12362
13; 1; 36; 15336
8; 1; 15; 16877
10; 1; 19; 18574
17; 1; 42; 18689
1; 1; 43; 19580
