**** 388 ****
85
322; 270; 1; 2; 0
291; 283; 2; 1; 3
272; 325; 1; 2; 13
208; 254; 2; 1; 16
186; 303; 2; 1; 20
256; 240; 2; 1; 23
303; 299; 1; 2; 23
262; 210; 1; 2; 38
299; 314; 2; 1; 38
257; 243; 1; 2; 51
296; 323; 1; 2; 67
293; 216; 2; 1; 76
255; 262; 1; 2; 78
232; 278; 2; 1; 82
291; 291; 2; 1; 85
289; 216; 1; 2; 91
268; 242; 2; 1; 96
318; 232; 2; 1; 97
274; 263; 1; 2; 104
178; 194; 2; 1; 117
202; 267; 2; 1; 123
313; 199; 1; 2; 135
242; 323; 1; 2; 143
239; 242; 1; 2; 150
305; 267; 2; 1; 151
183; 304; 2; 1; 154
231; 308; 2; 1; 156
204; 304; 2; 1; 160
193; 288; 2; 1; 163
177; 196; 1; 2; 167
180; 299; 1; 2; 175
313; 192; 1; 2; 176
239; 178; 1; 2; 178
320; 320; 1; 2; 178
274; 321; 2; 1; 188
235; 178; 1; 2; 205
289; 282; 1; 2; 206
188; 256; 2; 1; 220
214; 253; 2; 1; 227
243; 307; 1; 2; 240
327; 255; 1; 2; 240
318; 256; 1; 2; 241
182; 245; 2; 1; 243
267; 291; 2; 1; 246
211; 237; 2; 1; 249
325; 264; 1; 2; 255
301; 220; 1; 2; 264
288; 323; 2; 1; 274
252; 254; 1; 2; 274
190; 266; 1; 2; 283
249; 303; 2; 1; 285
219; 223; 1; 2; 288
240; 218; 2; 1; 291
235; 312; 1; 2; 308
281; 324; 2; 1; 312
314; 206; 2; 1; 317
237; 296; 2; 1; 325
277; 205; 2; 1; 325
280; 238; 2; 1; 328
279; 294; 2; 1; 332
237; 234; 2; 1; 333
220; 290; 1; 2; 334
265; 286; 1; 2; 346
298; 205; 1; 2; 349
276; 180; 1; 2; 353
302; 239; 2; 1; 374
199; 292; 2; 1; 377
285; 325; 1; 2; 391
183; 243; 2; 1; 404
243; 303; 1; 2; 408
270; 288; 2; 1; 410
223; 225; 1; 2; 423
323; 210; 1; 2; 428
234; 296; 1; 2; 438
220; 326; 1; 2; 440
304; 245; 1; 2; 440
211; 178; 2; 1; 441
238; 210; 1; 2; 446
315; 211; 1; 2; 446
305; 296; 1; 2; 456
284; 283; 2; 1; 458
186; 232; 1; 2; 469
252; 263; 1; 2; 470
325; 218; 2; 1; 470
251; 250; 2; 1; 482
19
5; 1; 46; 276
15; 1; 47; 3349
18; 1; 43; 3990
9; 1; 9; 5721
8; 1; 24; 6511
10; 1; 24; 7517
16; 1; 21; 9228
6; 1; 32; 11866
3; 1; 9; 14641
13; 1; 3; 15027
17; 1; 5; 15692
2; 1; 49; 15734
4; 1; 39; 17264
12; 1; 27; 20263
11; 1; 30; 20425
0; 1; 41; 20551
14; 1; 38; 21063
7; 1; 14; 21102
1; 1; 10; 21445
