**** 389 ****
85
210; 188; 1; 2; 13
288; 254; 1; 2; 16
292; 316; 1; 2; 20
239; 177; 1; 2; 26
238; 251; 2; 1; 29
194; 283; 1; 2; 31
227; 214; 2; 1; 32
292; 216; 2; 1; 40
209; 318; 2; 1; 48
277; 324; 1; 2; 50
224; 263; 1; 2; 53
245; 294; 1; 2; 56
180; 280; 2; 1; 70
239; 250; 1; 2; 74
203; 186; 1; 2; 97
290; 209; 2; 1; 113
313; 323; 2; 1; 114
262; 229; 2; 1; 114
252; 210; 1; 2; 120
254; 243; 2; 1; 126
200; 307; 1; 2; 129
286; 186; 1; 2; 133
307; 243; 2; 1; 139
316; 310; 1; 2; 153
222; 219; 2; 1; 160
299; 319; 1; 2; 163
328; 185; 1; 2; 165
190; 185; 2; 1; 168
328; 284; 1; 2; 169
301; 260; 1; 2; 182
180; 301; 1; 2; 184
238; 199; 2; 1; 185
236; 299; 2; 1; 195
225; 190; 1; 2; 198
281; 309; 1; 2; 202
189; 227; 1; 2; 202
218; 213; 1; 2; 202
281; 180; 1; 2; 204
227; 281; 1; 2; 217
186; 287; 1; 2; 218
273; 265; 2; 1; 228
223; 270; 2; 1; 237
211; 254; 1; 2; 245
187; 302; 1; 2; 249
300; 200; 1; 2; 255
271; 214; 1; 2; 258
273; 229; 2; 1; 259
241; 264; 1; 2; 263
278; 193; 2; 1; 290
268; 286; 2; 1; 291
257; 258; 1; 2; 294
320; 196; 1; 2; 296
257; 298; 1; 2; 296
301; 238; 1; 2; 299
195; 221; 2; 1; 303
239; 297; 1; 2; 304
309; 224; 1; 2; 307
309; 326; 2; 1; 314
295; 244; 1; 2; 325
189; 225; 1; 2; 327
184; 269; 1; 2; 330
249; 177; 1; 2; 330
279; 262; 2; 1; 332
191; 293; 1; 2; 339
300; 315; 2; 1; 339
218; 268; 1; 2; 342
251; 229; 2; 1; 342
264; 281; 2; 1; 354
192; 183; 2; 1; 372
258; 193; 1; 2; 381
284; 226; 1; 2; 384
234; 253; 2; 1; 390
220; 189; 2; 1; 391
326; 264; 2; 1; 393
216; 185; 1; 2; 397
192; 232; 1; 2; 410
263; 224; 2; 1; 411
323; 251; 2; 1; 419
311; 208; 2; 1; 426
226; 203; 2; 1; 460
319; 321; 1; 2; 464
267; 217; 1; 2; 464
208; 247; 1; 2; 472
301; 294; 1; 2; 473
203; 182; 1; 2; 475
19
4; 1; 20; 816
7; 1; 26; 854
17; 1; 5; 2344
10; 1; 12; 2518
0; 1; 32; 2798
8; 1; 39; 2897
14; 1; 48; 2974
9; 1; 9; 3917
15; 1; 46; 4122
18; 1; 7; 6289
12; 1; 31; 8024
16; 1; 31; 8214
6; 1; 37; 11069
13; 1; 42; 11185
3; 1; 33; 14781
5; 1; 32; 15395
1; 1; 22; 16645
11; 1; 37; 18514
2; 1; 20; 20182
