**** 39 ****
53
73; 53; 1; 2; 2
47; 31; 2; 1; 5
57; 47; 2; 1; 6
66; 54; 1; 2; 7
52; 54; 1; 2; 9
17; 24; 1; 2; 10
71; 35; 1; 2; 11
60; 40; 2; 1; 12
70; 59; 2; 1; 19
40; 49; 2; 1; 21
44; 38; 1; 2; 21
64; 29; 1; 2; 23
47; 53; 2; 1; 26
63; 46; 1; 2; 27
25; 57; 1; 2; 28
38; 62; 1; 2; 28
22; 28; 1; 2; 35
60; 66; 2; 1; 43
66; 23; 2; 1; 46
22; 39; 2; 1; 52
48; 42; 2; 1; 59
50; 36; 2; 1; 60
46; 73; 2; 1; 61
58; 55; 2; 1; 67
71; 72; 2; 1; 68
47; 43; 1; 2; 68
32; 44; 1; 2; 70
59; 18; 1; 2; 71
55; 42; 2; 1; 72
47; 35; 1; 2; 75
59; 17; 1; 2; 78
50; 55; 2; 1; 79
56; 42; 2; 1; 82
56; 31; 1; 2; 83
23; 37; 1; 2; 86
27; 68; 1; 2; 86
60; 64; 1; 2; 88
19; 73; 1; 2; 94
40; 44; 2; 1; 94
65; 46; 2; 1; 95
66; 43; 2; 1; 98
30; 57; 2; 1; 108
39; 46; 2; 1; 109
38; 28; 2; 1; 112
30; 54; 2; 1; 113
67; 37; 2; 1; 117
49; 33; 2; 1; 118
65; 69; 1; 2; 118
34; 20; 2; 1; 118
32; 27; 1; 2; 120
37; 29; 2; 1; 125
17; 27; 2; 1; 130
44; 51; 2; 1; 131
13
3; 1; 14; 341
8; 1; 29; 375
1; 1; 41; 493
12; 1; 9; 609
4; 1; 11; 886
2; 1; 27; 953
6; 1; 34; 1006
0; 1; 40; 1531
7; 1; 31; 1577
11; 1; 43; 1678
9; 1; 32; 2470
5; 1; 49; 2588
10; 1; 9; 2638
