**** 390 ****
85
251; 200; 1; 2; 14
303; 193; 2; 1; 28
262; 306; 1; 2; 33
316; 277; 2; 1; 36
197; 274; 2; 1; 46
283; 230; 2; 1; 54
299; 305; 1; 2; 58
239; 276; 1; 2; 58
316; 226; 1; 2; 60
258; 302; 1; 2; 67
309; 239; 2; 1; 79
286; 210; 1; 2; 84
221; 325; 2; 1; 87
196; 298; 1; 2; 91
246; 216; 1; 2; 94
268; 235; 1; 2; 112
192; 195; 1; 2; 118
313; 294; 1; 2; 119
198; 288; 2; 1; 121
208; 300; 1; 2; 123
289; 276; 1; 2; 127
277; 190; 1; 2; 128
193; 315; 2; 1; 146
284; 259; 2; 1; 157
250; 310; 2; 1; 162
230; 199; 2; 1; 164
298; 261; 1; 2; 172
195; 197; 1; 2; 174
313; 273; 1; 2; 182
211; 327; 2; 1; 183
227; 195; 2; 1; 190
278; 312; 1; 2; 198
326; 214; 1; 2; 213
215; 210; 2; 1; 216
311; 232; 1; 2; 223
212; 277; 1; 2; 225
218; 266; 1; 2; 229
265; 324; 2; 1; 238
301; 296; 1; 2; 262
232; 227; 2; 1; 269
281; 180; 1; 2; 274
244; 279; 1; 2; 275
210; 323; 2; 1; 283
235; 301; 2; 1; 285
291; 265; 1; 2; 289
242; 243; 1; 2; 289
214; 213; 2; 1; 296
209; 206; 1; 2; 297
302; 305; 1; 2; 299
257; 258; 1; 2; 302
279; 251; 1; 2; 308
206; 214; 2; 1; 314
305; 191; 2; 1; 319
192; 261; 2; 1; 319
279; 243; 1; 2; 320
250; 232; 2; 1; 341
298; 319; 1; 2; 344
246; 231; 1; 2; 347
321; 190; 1; 2; 349
310; 197; 1; 2; 356
276; 238; 1; 2; 358
266; 227; 2; 1; 364
311; 235; 1; 2; 368
310; 192; 2; 1; 378
195; 272; 1; 2; 379
221; 191; 1; 2; 382
263; 192; 1; 2; 384
279; 263; 2; 1; 396
274; 203; 2; 1; 396
212; 261; 1; 2; 397
214; 290; 2; 1; 401
290; 305; 1; 2; 403
306; 213; 1; 2; 403
273; 252; 2; 1; 406
270; 269; 2; 1; 407
307; 249; 1; 2; 409
303; 287; 2; 1; 414
207; 199; 1; 2; 422
180; 240; 1; 2; 425
187; 214; 2; 1; 427
300; 184; 1; 2; 441
290; 298; 1; 2; 444
328; 264; 2; 1; 462
222; 270; 2; 1; 468
198; 203; 2; 1; 485
19
12; 1; 42; 122
10; 1; 14; 777
8; 1; 12; 871
9; 1; 43; 944
15; 1; 13; 2704
3; 1; 6; 6926
18; 1; 13; 7429
13; 1; 5; 8304
17; 1; 46; 11113
2; 1; 47; 12509
5; 1; 45; 12732
0; 1; 1; 14600
6; 1; 48; 16005
16; 1; 11; 17986
7; 1; 21; 19652
1; 1; 23; 19750
14; 1; 42; 19804
4; 1; 11; 21659
11; 1; 29; 22100
