**** 391 ****
85
268; 283; 1; 2; 4
308; 279; 1; 2; 7
300; 191; 2; 1; 9
267; 267; 2; 1; 24
185; 280; 1; 2; 28
294; 215; 2; 1; 37
220; 202; 2; 1; 43
269; 232; 2; 1; 45
304; 197; 2; 1; 57
323; 274; 2; 1; 58
274; 206; 2; 1; 60
190; 197; 2; 1; 67
289; 210; 1; 2; 69
222; 255; 2; 1; 71
301; 309; 2; 1; 84
217; 232; 1; 2; 86
183; 315; 2; 1; 88
182; 186; 1; 2; 90
271; 279; 1; 2; 93
187; 245; 1; 2; 97
211; 193; 1; 2; 123
286; 186; 1; 2; 130
289; 246; 1; 2; 130
179; 288; 2; 1; 132
228; 309; 1; 2; 132
317; 285; 1; 2; 147
303; 294; 1; 2; 168
178; 267; 2; 1; 174
264; 261; 2; 1; 177
273; 247; 1; 2; 180
282; 245; 2; 1; 182
211; 200; 2; 1; 190
315; 320; 2; 1; 196
178; 188; 1; 2; 197
305; 323; 2; 1; 198
255; 190; 2; 1; 201
300; 247; 1; 2; 203
252; 237; 1; 2; 204
290; 290; 2; 1; 216
177; 221; 2; 1; 216
325; 314; 2; 1; 217
272; 251; 1; 2; 223
306; 260; 2; 1; 239
308; 206; 1; 2; 242
281; 268; 1; 2; 245
286; 312; 2; 1; 245
259; 251; 2; 1; 248
244; 184; 1; 2; 249
230; 184; 2; 1; 252
288; 199; 2; 1; 253
265; 235; 1; 2; 254
327; 283; 1; 2; 285
304; 186; 2; 1; 289
233; 321; 1; 2; 295
250; 192; 2; 1; 302
272; 238; 1; 2; 306
242; 275; 2; 1; 306
282; 203; 1; 2; 307
276; 300; 1; 2; 316
249; 178; 1; 2; 332
271; 299; 1; 2; 334
318; 254; 2; 1; 336
207; 208; 2; 1; 342
197; 253; 1; 2; 344
236; 263; 1; 2; 345
220; 228; 1; 2; 347
256; 201; 2; 1; 352
261; 206; 1; 2; 354
307; 307; 1; 2; 391
248; 301; 1; 2; 393
305; 199; 2; 1; 400
240; 197; 2; 1; 429
231; 320; 1; 2; 431
184; 222; 2; 1; 431
177; 226; 1; 2; 433
197; 250; 1; 2; 438
296; 248; 1; 2; 439
326; 224; 2; 1; 447
262; 326; 1; 2; 455
309; 176; 1; 2; 460
187; 255; 1; 2; 462
185; 198; 2; 1; 463
286; 290; 1; 2; 476
329; 256; 1; 2; 481
213; 264; 2; 1; 484
19
7; 1; 47; 941
14; 1; 12; 1593
13; 1; 25; 1781
15; 1; 21; 4228
4; 1; 8; 5237
12; 1; 45; 8045
18; 1; 22; 9110
5; 1; 24; 11010
3; 1; 14; 11348
6; 1; 21; 14782
2; 1; 3; 15440
10; 1; 34; 15468
8; 1; 28; 16049
16; 1; 12; 16377
1; 1; 33; 17377
11; 1; 12; 19912
9; 1; 13; 20683
0; 1; 8; 21031
17; 1; 15; 22266
