**** 392 ****
85
203; 328; 1; 2; 0
192; 323; 2; 1; 0
312; 231; 2; 1; 15
251; 278; 1; 2; 30
264; 258; 2; 1; 34
200; 234; 1; 2; 34
311; 256; 1; 2; 35
211; 208; 2; 1; 36
289; 196; 1; 2; 36
324; 230; 2; 1; 37
237; 232; 1; 2; 53
202; 190; 2; 1; 57
311; 262; 1; 2; 59
243; 194; 1; 2; 61
290; 197; 1; 2; 62
252; 318; 1; 2; 68
186; 321; 2; 1; 68
226; 230; 1; 2; 69
225; 312; 2; 1; 69
271; 251; 2; 1; 78
242; 200; 2; 1; 78
222; 271; 1; 2; 82
291; 230; 2; 1; 89
196; 261; 2; 1; 91
186; 234; 2; 1; 98
264; 286; 1; 2; 101
299; 251; 1; 2; 103
323; 205; 1; 2; 104
243; 211; 1; 2; 104
251; 257; 1; 2; 114
196; 182; 2; 1; 115
188; 230; 1; 2; 136
245; 300; 2; 1; 141
250; 276; 2; 1; 141
252; 239; 2; 1; 144
180; 199; 2; 1; 151
326; 200; 1; 2; 153
230; 304; 1; 2; 165
251; 261; 2; 1; 173
189; 284; 2; 1; 188
325; 288; 2; 1; 196
263; 281; 2; 1; 198
181; 268; 2; 1; 198
193; 220; 2; 1; 207
245; 195; 2; 1; 211
297; 222; 2; 1; 212
274; 291; 2; 1; 215
300; 308; 2; 1; 224
194; 251; 2; 1; 236
184; 290; 1; 2; 238
243; 311; 1; 2; 239
302; 275; 2; 1; 257
209; 322; 2; 1; 258
304; 303; 1; 2; 276
220; 296; 2; 1; 302
189; 285; 2; 1; 304
216; 311; 1; 2; 312
227; 224; 2; 1; 316
316; 179; 2; 1; 326
272; 272; 2; 1; 334
324; 327; 1; 2; 336
319; 286; 2; 1; 340
328; 312; 2; 1; 344
216; 197; 1; 2; 347
273; 324; 1; 2; 370
193; 239; 1; 2; 373
293; 240; 2; 1; 373
326; 281; 1; 2; 374
269; 203; 1; 2; 381
315; 319; 2; 1; 387
290; 218; 1; 2; 388
227; 278; 2; 1; 389
285; 233; 2; 1; 389
293; 227; 2; 1; 392
271; 231; 1; 2; 393
292; 291; 2; 1; 400
236; 189; 1; 2; 401
299; 252; 2; 1; 418
237; 328; 2; 1; 432
229; 281; 2; 1; 450
268; 257; 2; 1; 451
242; 267; 1; 2; 453
194; 219; 2; 1; 473
226; 266; 2; 1; 479
318; 312; 2; 1; 480
19
1; 1; 32; 1744
0; 1; 8; 2000
5; 1; 5; 2518
4; 1; 33; 5647
12; 1; 31; 6669
15; 1; 36; 7971
14; 1; 26; 8081
6; 1; 4; 8901
17; 1; 24; 9987
2; 1; 16; 10243
18; 1; 25; 12582
3; 1; 28; 15305
7; 1; 2; 15489
16; 1; 49; 16818
13; 1; 4; 17076
8; 1; 30; 18461
9; 1; 35; 18929
11; 1; 11; 19111
10; 1; 33; 19951
