**** 393 ****
85
228; 316; 1; 2; 3
303; 190; 1; 2; 3
203; 282; 1; 2; 10
318; 272; 2; 1; 13
218; 297; 2; 1; 15
276; 299; 1; 2; 16
293; 281; 2; 1; 18
254; 309; 1; 2; 22
218; 322; 1; 2; 26
323; 266; 2; 1; 32
223; 237; 2; 1; 44
183; 279; 2; 1; 52
267; 240; 1; 2; 53
289; 225; 1; 2; 54
320; 181; 1; 2; 57
196; 291; 2; 1; 62
324; 207; 2; 1; 69
246; 290; 1; 2; 76
300; 188; 1; 2; 77
210; 275; 2; 1; 78
247; 284; 2; 1; 82
278; 206; 1; 2; 93
189; 315; 1; 2; 96
322; 269; 1; 2; 98
243; 244; 1; 2; 110
209; 246; 1; 2; 123
265; 319; 1; 2; 135
282; 181; 2; 1; 138
273; 302; 2; 1; 147
198; 282; 1; 2; 151
198; 213; 2; 1; 153
177; 306; 2; 1; 155
304; 318; 1; 2; 157
293; 218; 1; 2; 168
250; 265; 1; 2; 174
193; 312; 2; 1; 179
203; 192; 1; 2; 184
179; 197; 1; 2; 193
288; 307; 1; 2; 198
282; 293; 1; 2; 198
187; 267; 2; 1; 206
326; 228; 1; 2; 208
292; 185; 2; 1; 209
281; 231; 1; 2; 221
304; 303; 1; 2; 229
254; 268; 2; 1; 237
202; 295; 1; 2; 244
191; 254; 1; 2; 253
275; 323; 1; 2; 255
227; 257; 1; 2; 264
233; 275; 2; 1; 266
235; 216; 1; 2; 279
252; 208; 1; 2; 283
311; 259; 1; 2; 284
211; 274; 1; 2; 289
283; 326; 1; 2; 294
295; 283; 1; 2; 295
249; 261; 1; 2; 309
257; 198; 2; 1; 321
207; 248; 1; 2; 345
198; 189; 1; 2; 368
281; 328; 2; 1; 369
211; 284; 1; 2; 370
216; 203; 2; 1; 373
205; 261; 1; 2; 373
212; 230; 1; 2; 376
223; 185; 2; 1; 379
261; 283; 1; 2; 390
196; 244; 2; 1; 418
288; 228; 1; 2; 418
294; 223; 1; 2; 418
186; 283; 1; 2; 427
303; 214; 2; 1; 430
192; 222; 2; 1; 431
305; 194; 2; 1; 437
232; 223; 1; 2; 439
190; 181; 2; 1; 440
278; 210; 2; 1; 444
299; 318; 2; 1; 446
268; 211; 2; 1; 449
206; 253; 1; 2; 456
271; 187; 2; 1; 464
325; 260; 1; 2; 475
327; 176; 1; 2; 485
209; 279; 1; 2; 489
19
2; 1; 22; 4264
6; 1; 28; 4360
5; 1; 39; 4910
18; 1; 3; 5463
14; 1; 3; 7995
9; 1; 2; 8184
7; 1; 14; 9156
13; 1; 26; 11061
0; 1; 48; 11744
4; 1; 13; 11808
1; 1; 40; 11985
8; 1; 3; 12239
17; 1; 27; 13610
10; 1; 22; 13729
15; 1; 13; 13808
12; 1; 4; 15165
16; 1; 9; 17672
3; 1; 1; 18589
11; 1; 48; 19883
