**** 394 ****
85
288; 233; 1; 2; 0
180; 303; 1; 2; 13
177; 253; 2; 1; 24
252; 225; 1; 2; 29
188; 310; 1; 2; 30
257; 189; 2; 1; 32
176; 322; 1; 2; 37
293; 304; 2; 1; 39
246; 230; 2; 1; 40
204; 316; 2; 1; 41
310; 245; 2; 1; 53
303; 301; 1; 2; 54
293; 238; 1; 2; 57
227; 324; 2; 1; 57
190; 277; 1; 2; 59
212; 284; 2; 1; 62
215; 204; 1; 2; 64
246; 228; 2; 1; 64
188; 276; 1; 2; 67
208; 277; 2; 1; 73
220; 229; 2; 1; 74
201; 219; 1; 2; 75
315; 279; 2; 1; 79
226; 314; 2; 1; 82
300; 269; 2; 1; 84
210; 316; 1; 2; 96
204; 271; 2; 1; 97
310; 212; 2; 1; 97
206; 285; 2; 1; 104
291; 228; 2; 1; 105
321; 321; 2; 1; 106
300; 320; 1; 2; 112
248; 299; 1; 2; 123
286; 235; 1; 2; 128
320; 309; 1; 2; 138
294; 284; 2; 1; 144
261; 305; 1; 2; 155
184; 245; 2; 1; 163
202; 194; 1; 2; 166
249; 260; 1; 2; 166
288; 252; 1; 2; 169
295; 178; 1; 2; 187
260; 218; 2; 1; 187
260; 275; 2; 1; 190
220; 275; 2; 1; 194
255; 198; 1; 2; 198
316; 190; 2; 1; 200
203; 181; 2; 1; 214
318; 289; 1; 2; 217
230; 272; 2; 1; 220
221; 201; 1; 2; 223
284; 309; 2; 1; 233
307; 256; 2; 1; 240
282; 242; 2; 1; 246
311; 291; 2; 1; 247
207; 267; 1; 2; 250
262; 266; 1; 2; 255
319; 291; 2; 1; 261
277; 178; 1; 2; 273
239; 277; 1; 2; 281
198; 257; 2; 1; 283
184; 196; 2; 1; 301
200; 303; 2; 1; 318
303; 221; 1; 2; 341
286; 285; 2; 1; 345
293; 254; 1; 2; 352
257; 250; 2; 1; 353
190; 186; 2; 1; 357
195; 247; 2; 1; 360
327; 298; 2; 1; 367
323; 308; 1; 2; 368
283; 271; 1; 2; 370
261; 301; 2; 1; 392
220; 211; 1; 2; 403
272; 268; 1; 2; 410
219; 293; 1; 2; 414
273; 196; 1; 2; 418
218; 268; 1; 2; 425
312; 208; 2; 1; 433
298; 293; 1; 2; 456
293; 199; 2; 1; 482
285; 285; 1; 2; 487
328; 325; 1; 2; 487
314; 185; 2; 1; 489
328; 195; 1; 2; 491
19
7; 1; 2; 871
3; 1; 29; 1210
2; 1; 8; 3493
4; 1; 10; 4147
10; 1; 26; 4636
14; 1; 46; 5395
5; 1; 7; 5886
8; 1; 12; 8057
15; 1; 33; 12508
13; 1; 25; 12981
0; 1; 25; 14560
17; 1; 24; 14592
1; 1; 26; 18537
11; 1; 5; 19189
16; 1; 34; 19800
18; 1; 2; 20315
6; 1; 46; 21156
12; 1; 24; 21279
9; 1; 31; 21432
