**** 395 ****
85
306; 208; 2; 1; 0
193; 200; 1; 2; 1
202; 306; 1; 2; 11
281; 218; 2; 1; 16
318; 265; 2; 1; 19
258; 202; 1; 2; 29
297; 329; 2; 1; 34
268; 222; 1; 2; 42
198; 294; 2; 1; 44
220; 206; 1; 2; 58
325; 246; 2; 1; 75
247; 257; 2; 1; 80
196; 253; 2; 1; 86
209; 291; 1; 2; 87
289; 272; 2; 1; 94
260; 272; 1; 2; 103
226; 206; 2; 1; 106
249; 182; 1; 2; 114
277; 240; 1; 2; 121
185; 193; 1; 2; 125
287; 206; 2; 1; 126
228; 290; 2; 1; 127
271; 301; 2; 1; 131
313; 282; 1; 2; 136
287; 286; 1; 2; 143
300; 185; 2; 1; 147
326; 312; 1; 2; 150
291; 251; 2; 1; 150
287; 203; 2; 1; 152
279; 234; 1; 2; 154
212; 252; 2; 1; 167
257; 271; 1; 2; 181
218; 198; 2; 1; 181
314; 255; 1; 2; 189
276; 329; 1; 2; 200
220; 219; 2; 1; 209
211; 319; 2; 1; 211
228; 273; 2; 1; 212
277; 187; 2; 1; 217
255; 256; 2; 1; 220
272; 237; 1; 2; 222
241; 186; 1; 2; 230
177; 191; 2; 1; 231
192; 257; 1; 2; 233
259; 204; 1; 2; 242
281; 225; 1; 2; 247
302; 203; 2; 1; 251
308; 328; 2; 1; 254
217; 214; 1; 2; 256
177; 187; 2; 1; 257
288; 327; 1; 2; 265
275; 252; 2; 1; 270
176; 206; 2; 1; 271
297; 320; 2; 1; 287
311; 324; 2; 1; 290
208; 293; 1; 2; 312
234; 191; 1; 2; 316
199; 178; 2; 1; 321
286; 206; 2; 1; 342
216; 249; 1; 2; 351
191; 260; 1; 2; 368
263; 308; 1; 2; 369
245; 285; 2; 1; 371
231; 291; 1; 2; 377
177; 235; 1; 2; 382
287; 251; 1; 2; 385
214; 263; 1; 2; 391
202; 256; 1; 2; 403
252; 233; 1; 2; 413
198; 256; 2; 1; 417
314; 258; 1; 2; 419
302; 200; 2; 1; 424
194; 310; 2; 1; 425
178; 272; 2; 1; 432
245; 239; 1; 2; 439
319; 313; 1; 2; 449
298; 257; 1; 2; 456
327; 293; 2; 1; 474
262; 296; 2; 1; 478
227; 177; 1; 2; 479
313; 266; 1; 2; 479
254; 323; 2; 1; 480
250; 226; 1; 2; 481
259; 217; 2; 1; 482
277; 238; 2; 1; 493
19
4; 1; 36; 1194
2; 1; 44; 1521
5; 1; 23; 1629
6; 1; 23; 2539
17; 1; 49; 3706
3; 1; 44; 4674
13; 1; 28; 7010
9; 1; 29; 7049
8; 1; 11; 8046
18; 1; 15; 8894
16; 1; 44; 9629
14; 1; 4; 10441
10; 1; 34; 10684
11; 1; 43; 13228
0; 1; 46; 14314
12; 1; 10; 14807
15; 1; 29; 15231
1; 1; 37; 15633
7; 1; 45; 20915
