**** 396 ****
86
191; 272; 1; 2; 0
216; 225; 2; 1; 3
232; 198; 2; 1; 31
245; 289; 2; 1; 32
330; 276; 2; 1; 33
260; 194; 1; 2; 33
212; 331; 1; 2; 36
186; 285; 2; 1; 38
271; 199; 1; 2; 43
181; 241; 1; 2; 47
190; 258; 2; 1; 48
225; 257; 1; 2; 53
250; 327; 2; 1; 75
286; 280; 1; 2; 91
195; 189; 2; 1; 104
246; 245; 1; 2; 109
325; 217; 1; 2; 111
305; 217; 2; 1; 126
202; 185; 2; 1; 162
314; 314; 1; 2; 166
310; 328; 2; 1; 166
204; 242; 1; 2; 169
192; 283; 2; 1; 180
205; 327; 2; 1; 182
300; 236; 1; 2; 191
269; 247; 1; 2; 191
287; 240; 2; 1; 203
318; 313; 2; 1; 210
259; 266; 1; 2; 221
216; 307; 2; 1; 225
329; 261; 2; 1; 238
188; 205; 2; 1; 238
307; 283; 2; 1; 239
236; 235; 2; 1; 240
258; 240; 2; 1; 246
296; 298; 1; 2; 247
244; 184; 1; 2; 248
246; 218; 2; 1; 250
250; 214; 1; 2; 254
318; 303; 1; 2; 265
273; 281; 1; 2; 267
335; 318; 1; 2; 267
220; 239; 1; 2; 271
204; 203; 2; 1; 277
188; 329; 1; 2; 278
208; 277; 1; 2; 285
305; 192; 1; 2; 293
191; 188; 1; 2; 297
234; 300; 2; 1; 302
285; 302; 1; 2; 308
273; 254; 1; 2; 309
281; 312; 2; 1; 311
287; 296; 1; 2; 313
202; 203; 2; 1; 322
333; 253; 2; 1; 333
253; 258; 2; 1; 347
301; 240; 2; 1; 349
223; 318; 2; 1; 351
199; 255; 2; 1; 358
272; 198; 2; 1; 358
292; 277; 2; 1; 362
195; 265; 2; 1; 365
285; 201; 1; 2; 371
242; 317; 2; 1; 380
323; 319; 1; 2; 381
239; 245; 1; 2; 386
297; 335; 2; 1; 390
318; 270; 2; 1; 393
259; 282; 2; 1; 394
239; 215; 1; 2; 427
293; 296; 1; 2; 427
311; 322; 1; 2; 439
215; 322; 2; 1; 440
207; 306; 2; 1; 462
249; 335; 1; 2; 462
327; 262; 1; 2; 466
242; 296; 1; 2; 467
266; 238; 1; 2; 470
238; 200; 1; 2; 471
308; 255; 1; 2; 473
273; 306; 2; 1; 479
221; 325; 1; 2; 484
301; 216; 1; 2; 489
279; 301; 2; 1; 490
285; 289; 2; 1; 491
259; 294; 1; 2; 492
20
14; 1; 18; 1136
6; 1; 20; 1523
16; 1; 1; 4633
7; 1; 20; 4723
12; 1; 7; 7311
18; 1; 36; 8014
11; 1; 9; 8168
9; 1; 11; 8806
13; 1; 16; 13118
0; 1; 48; 14135
19; 1; 16; 14782
17; 1; 19; 15116
5; 1; 6; 17747
3; 1; 36; 18986
15; 1; 9; 19248
8; 1; 46; 19960
2; 1; 47; 20769
10; 1; 2; 20819
1; 1; 39; 21856
4; 1; 40; 22218
