**** 397 ****
86
274; 320; 1; 2; 1
258; 208; 1; 2; 17
311; 274; 1; 2; 21
223; 291; 2; 1; 25
289; 306; 2; 1; 25
228; 318; 2; 1; 28
184; 206; 1; 2; 51
278; 223; 2; 1; 56
265; 272; 1; 2; 58
206; 269; 1; 2; 61
193; 216; 1; 2; 61
287; 227; 1; 2; 64
314; 203; 2; 1; 64
262; 188; 1; 2; 67
310; 218; 2; 1; 69
300; 317; 2; 1; 70
280; 243; 2; 1; 76
188; 243; 1; 2; 79
199; 196; 1; 2; 84
320; 207; 2; 1; 85
211; 321; 2; 1; 88
321; 190; 1; 2; 99
324; 271; 1; 2; 111
203; 247; 1; 2; 117
194; 266; 2; 1; 119
319; 226; 1; 2; 127
206; 277; 2; 1; 132
261; 216; 1; 2; 141
326; 218; 1; 2; 145
207; 315; 1; 2; 148
255; 328; 1; 2; 165
283; 230; 1; 2; 166
209; 268; 2; 1; 168
276; 321; 1; 2; 177
192; 239; 1; 2; 179
236; 325; 1; 2; 181
295; 236; 1; 2; 184
293; 320; 2; 1; 185
275; 257; 2; 1; 188
184; 215; 2; 1; 198
190; 258; 2; 1; 211
193; 276; 2; 1; 221
278; 232; 1; 2; 253
194; 211; 1; 2; 255
218; 277; 2; 1; 256
232; 327; 1; 2; 259
234; 309; 2; 1; 274
213; 337; 2; 1; 276
261; 306; 2; 1; 277
304; 234; 1; 2; 285
184; 226; 1; 2; 287
272; 242; 1; 2; 296
259; 249; 1; 2; 301
256; 253; 1; 2; 301
188; 300; 1; 2; 302
307; 196; 2; 1; 304
288; 195; 1; 2; 309
219; 279; 2; 1; 313
272; 261; 2; 1; 319
249; 291; 2; 1; 324
309; 235; 1; 2; 329
206; 241; 1; 2; 336
226; 222; 1; 2; 344
285; 331; 1; 2; 345
271; 229; 2; 1; 352
203; 241; 2; 1; 353
206; 207; 2; 1; 357
328; 313; 1; 2; 362
293; 244; 1; 2; 363
220; 210; 2; 1; 364
303; 249; 1; 2; 366
263; 247; 1; 2; 374
333; 199; 1; 2; 380
257; 296; 2; 1; 390
229; 241; 2; 1; 393
199; 314; 2; 1; 412
202; 329; 1; 2; 415
336; 277; 2; 1; 424
223; 236; 2; 1; 431
295; 209; 1; 2; 432
268; 276; 2; 1; 438
313; 233; 2; 1; 456
230; 243; 2; 1; 457
290; 267; 2; 1; 462
276; 326; 2; 1; 464
226; 270; 1; 2; 474
20
19; 1; 25; 678
12; 1; 34; 1539
4; 1; 45; 2847
8; 1; 19; 3984
0; 1; 8; 5507
18; 1; 1; 7601
13; 1; 38; 8589
6; 1; 49; 10313
16; 1; 4; 10679
11; 1; 44; 10692
10; 1; 28; 12647
3; 1; 8; 12878
2; 1; 12; 13742
5; 1; 21; 14325
9; 1; 33; 15291
14; 1; 39; 17840
7; 1; 49; 20059
1; 1; 34; 21426
17; 1; 45; 21705
15; 1; 42; 22209
