**** 398 ****
86
324; 321; 2; 1; 1
250; 284; 1; 2; 2
195; 258; 2; 1; 3
324; 227; 1; 2; 29
228; 183; 2; 1; 31
242; 253; 2; 1; 50
192; 335; 1; 2; 56
301; 312; 1; 2; 66
270; 204; 1; 2; 71
234; 198; 1; 2; 88
212; 181; 1; 2; 95
324; 332; 2; 1; 110
283; 235; 1; 2; 112
249; 204; 1; 2; 112
269; 272; 2; 1; 122
302; 245; 1; 2; 130
278; 337; 2; 1; 131
206; 233; 2; 1; 136
314; 243; 2; 1; 138
190; 309; 1; 2; 146
185; 326; 1; 2; 154
224; 252; 1; 2; 162
187; 302; 2; 1; 163
228; 331; 2; 1; 170
211; 296; 2; 1; 175
261; 302; 2; 1; 180
264; 271; 1; 2; 181
186; 264; 1; 2; 200
201; 287; 2; 1; 220
284; 191; 2; 1; 221
218; 210; 2; 1; 229
212; 242; 2; 1; 231
309; 223; 1; 2; 232
213; 300; 2; 1; 235
237; 290; 2; 1; 247
252; 228; 1; 2; 264
306; 219; 1; 2; 278
268; 271; 2; 1; 279
308; 332; 2; 1; 286
332; 301; 1; 2; 292
243; 238; 1; 2; 293
229; 202; 2; 1; 296
246; 281; 2; 1; 299
210; 227; 2; 1; 304
219; 334; 1; 2; 308
228; 230; 1; 2; 315
269; 336; 2; 1; 318
253; 277; 2; 1; 321
209; 230; 2; 1; 324
334; 287; 2; 1; 326
234; 261; 2; 1; 329
204; 336; 2; 1; 355
283; 242; 2; 1; 355
236; 302; 1; 2; 356
251; 248; 2; 1; 357
281; 294; 2; 1; 358
312; 337; 2; 1; 361
290; 186; 2; 1; 366
277; 311; 2; 1; 379
319; 250; 2; 1; 382
201; 309; 2; 1; 383
335; 228; 2; 1; 383
299; 256; 1; 2; 385
210; 220; 1; 2; 386
234; 291; 2; 1; 388
312; 223; 1; 2; 396
217; 310; 1; 2; 403
297; 194; 2; 1; 411
251; 244; 2; 1; 419
239; 289; 2; 1; 419
219; 185; 2; 1; 423
242; 295; 1; 2; 433
222; 302; 2; 1; 437
258; 266; 2; 1; 438
196; 196; 2; 1; 455
301; 256; 2; 1; 455
189; 216; 2; 1; 460
254; 299; 1; 2; 460
248; 184; 1; 2; 475
294; 333; 1; 2; 477
333; 263; 2; 1; 481
292; 197; 1; 2; 483
195; 242; 1; 2; 484
194; 245; 2; 1; 485
296; 318; 1; 2; 488
322; 233; 1; 2; 496
20
5; 1; 36; 743
18; 1; 24; 1466
3; 1; 38; 2594
6; 1; 33; 3236
13; 1; 8; 3829
4; 1; 34; 3999
19; 1; 2; 5871
17; 1; 39; 6703
15; 1; 24; 7287
0; 1; 31; 8494
12; 1; 34; 11583
14; 1; 34; 13191
16; 1; 46; 13443
11; 1; 7; 15097
1; 1; 29; 15451
7; 1; 43; 15720
9; 1; 49; 16639
10; 1; 32; 18121
8; 1; 18; 20244
2; 1; 24; 21183
