**** 399 ****
86
335; 327; 2; 1; 6
233; 207; 1; 2; 26
325; 226; 2; 1; 26
268; 276; 2; 1; 34
306; 248; 1; 2; 39
297; 293; 1; 2; 45
250; 297; 2; 1; 48
271; 293; 1; 2; 53
285; 221; 1; 2; 65
281; 245; 1; 2; 73
302; 205; 1; 2; 73
197; 218; 1; 2; 74
201; 240; 2; 1; 74
294; 221; 1; 2; 75
194; 214; 1; 2; 80
210; 316; 1; 2; 92
314; 256; 1; 2; 99
202; 316; 2; 1; 101
195; 282; 1; 2; 105
236; 236; 1; 2; 107
304; 308; 1; 2; 131
312; 221; 1; 2; 131
308; 314; 1; 2; 137
212; 275; 1; 2; 143
217; 210; 2; 1; 147
199; 231; 2; 1; 152
215; 303; 1; 2; 158
255; 303; 1; 2; 161
319; 256; 2; 1; 164
302; 197; 2; 1; 165
313; 185; 1; 2; 168
244; 246; 1; 2; 171
201; 325; 2; 1; 181
247; 333; 1; 2; 192
252; 309; 1; 2; 193
284; 336; 1; 2; 194
332; 330; 2; 1; 195
239; 324; 1; 2; 197
256; 314; 2; 1; 197
237; 293; 2; 1; 212
194; 267; 1; 2; 217
183; 335; 2; 1; 218
212; 302; 1; 2; 224
310; 231; 2; 1; 237
322; 330; 1; 2; 261
301; 218; 2; 1; 264
335; 225; 2; 1; 279
288; 203; 1; 2; 288
232; 303; 1; 2; 299
307; 216; 1; 2; 307
258; 261; 1; 2; 309
243; 300; 2; 1; 310
182; 285; 1; 2; 312
334; 243; 2; 1; 318
321; 302; 1; 2; 319
223; 241; 1; 2; 325
185; 236; 1; 2; 351
292; 226; 2; 1; 358
337; 271; 1; 2; 361
210; 263; 1; 2; 366
258; 184; 1; 2; 367
213; 313; 1; 2; 372
243; 310; 1; 2; 373
199; 305; 2; 1; 385
275; 290; 1; 2; 386
208; 236; 2; 1; 394
203; 190; 2; 1; 412
317; 288; 1; 2; 413
330; 206; 2; 1; 419
227; 204; 2; 1; 421
208; 255; 1; 2; 427
186; 279; 2; 1; 429
319; 242; 1; 2; 430
184; 263; 1; 2; 439
233; 187; 2; 1; 440
267; 296; 2; 1; 445
221; 271; 2; 1; 446
236; 246; 2; 1; 469
268; 272; 2; 1; 472
275; 184; 1; 2; 475
292; 266; 2; 1; 477
229; 216; 2; 1; 481
189; 314; 1; 2; 482
260; 243; 2; 1; 485
271; 277; 2; 1; 495
331; 245; 2; 1; 496
20
5; 1; 20; 2255
6; 1; 43; 3313
10; 1; 15; 3982
9; 1; 49; 4567
13; 1; 14; 5170
11; 1; 43; 5436
2; 1; 11; 5733
15; 1; 48; 7975
18; 1; 4; 9112
16; 1; 13; 9997
0; 1; 22; 11141
4; 1; 2; 11775
19; 1; 12; 13934
7; 1; 38; 14222
3; 1; 9; 15964
17; 1; 20; 16189
12; 1; 29; 17122
14; 1; 7; 20168
8; 1; 40; 21781
1; 1; 35; 21996
