**** 4 ****
50
16; 25; 2; 1; 2
1; 12; 2; 1; 3
22; 40; 1; 2; 4
28; 38; 2; 1; 11
39; 29; 1; 2; 16
20; 41; 2; 1; 18
46; 1; 2; 1; 18
17; 9; 2; 1; 19
47; 40; 1; 2; 20
33; 4; 1; 2; 21
49; 10; 2; 1; 24
42; 18; 2; 1; 26
36; 6; 2; 1; 26
12; 45; 2; 1; 31
16; 47; 1; 2; 33
19; 8; 1; 2; 36
29; 13; 2; 1; 37
34; 47; 1; 2; 45
24; 9; 1; 2; 45
14; 19; 1; 2; 46
43; 45; 1; 2; 47
23; 31; 1; 2; 48
29; 19; 1; 2; 50
31; 43; 2; 1; 52
33; 13; 2; 1; 54
28; 48; 2; 1; 55
26; 41; 1; 2; 58
37; 39; 1; 2; 62
9; 37; 1; 2; 62
37; 2; 1; 2; 62
14; 14; 1; 2; 64
22; 39; 2; 1; 69
40; 16; 2; 1; 71
30; 44; 2; 1; 74
41; 14; 2; 1; 76
17; 41; 1; 2; 77
1; 32; 2; 1; 80
27; 40; 2; 1; 81
2; 41; 2; 1; 83
13; 20; 2; 1; 85
28; 18; 1; 2; 85
17; 24; 1; 2; 85
48; 38; 2; 1; 85
5; 44; 1; 2; 86
9; 26; 2; 1; 87
48; 8; 2; 1; 91
22; 47; 1; 2; 94
43; 32; 2; 1; 96
6; 16; 1; 2; 96
20; 18; 2; 1; 96
12
0; 1; 46; 211
10; 1; 5; 261
8; 1; 13; 316
3; 1; 18; 372
2; 1; 47; 474
11; 1; 47; 758
9; 1; 1; 881
4; 1; 2; 885
6; 1; 46; 922
7; 1; 23; 1101
1; 1; 29; 1216
5; 1; 7; 1274
