**** 40 ****
53
59; 37; 2; 1; 3
24; 28; 1; 2; 4
45; 47; 2; 1; 7
68; 20; 2; 1; 8
44; 72; 2; 1; 8
68; 20; 2; 1; 13
41; 31; 1; 2; 20
24; 73; 1; 2; 24
27; 35; 2; 1; 25
48; 52; 2; 1; 26
63; 21; 2; 1; 27
65; 45; 2; 1; 36
29; 23; 1; 2; 37
36; 54; 1; 2; 38
64; 52; 2; 1; 42
55; 65; 2; 1; 44
62; 49; 2; 1; 45
52; 69; 2; 1; 50
21; 71; 2; 1; 52
24; 55; 2; 1; 54
23; 32; 2; 1; 56
25; 39; 1; 2; 57
29; 18; 2; 1; 59
70; 68; 2; 1; 59
56; 48; 1; 2; 60
54; 17; 1; 2; 62
40; 22; 1; 2; 63
46; 24; 2; 1; 66
69; 45; 1; 2; 69
65; 43; 1; 2; 71
51; 26; 1; 2; 74
56; 16; 1; 2; 76
56; 22; 1; 2; 78
23; 17; 2; 1; 79
52; 69; 1; 2; 85
40; 66; 1; 2; 86
38; 26; 1; 2; 87
32; 49; 1; 2; 90
37; 17; 1; 2; 93
29; 72; 1; 2; 99
58; 47; 2; 1; 100
26; 35; 1; 2; 102
49; 35; 1; 2; 102
71; 36; 1; 2; 103
71; 49; 2; 1; 107
73; 44; 2; 1; 107
22; 49; 1; 2; 110
57; 26; 2; 1; 117
60; 47; 2; 1; 127
63; 55; 2; 1; 131
40; 30; 1; 2; 131
17; 73; 1; 2; 131
55; 20; 1; 2; 136
13
2; 1; 6; 39
4; 1; 13; 80
11; 1; 10; 327
3; 1; 38; 537
7; 1; 22; 822
0; 1; 37; 867
8; 1; 35; 1169
6; 1; 30; 1220
5; 1; 22; 1598
10; 1; 48; 1969
12; 1; 9; 2026
1; 1; 33; 2038
9; 1; 9; 2244
