**** 400 ****
86
237; 325; 1; 2; 6
213; 310; 1; 2; 7
305; 274; 2; 1; 27
194; 313; 1; 2; 30
199; 305; 1; 2; 31
309; 279; 1; 2; 33
231; 280; 2; 1; 44
204; 209; 1; 2; 54
286; 335; 2; 1; 56
189; 182; 2; 1; 61
201; 259; 1; 2; 72
229; 319; 2; 1; 82
317; 181; 2; 1; 87
335; 256; 2; 1; 112
331; 256; 2; 1; 123
304; 235; 2; 1; 125
286; 219; 2; 1; 127
261; 293; 1; 2; 130
306; 256; 1; 2; 132
198; 299; 2; 1; 136
321; 315; 1; 2; 138
315; 245; 1; 2; 142
324; 256; 1; 2; 150
319; 251; 2; 1; 153
191; 200; 1; 2; 153
294; 260; 2; 1; 157
287; 321; 2; 1; 169
194; 324; 2; 1; 172
213; 213; 2; 1; 174
332; 323; 1; 2; 176
325; 285; 1; 2; 186
290; 331; 2; 1; 191
300; 231; 1; 2; 208
195; 332; 2; 1; 225
298; 314; 1; 2; 228
336; 182; 2; 1; 235
214; 293; 1; 2; 238
216; 290; 2; 1; 250
235; 333; 1; 2; 252
315; 207; 1; 2; 254
328; 211; 2; 1; 259
258; 326; 2; 1; 260
283; 313; 1; 2; 265
185; 217; 2; 1; 266
217; 232; 1; 2; 268
251; 323; 1; 2; 273
284; 278; 2; 1; 276
234; 241; 1; 2; 283
242; 318; 2; 1; 288
283; 243; 1; 2; 297
275; 315; 2; 1; 297
183; 184; 1; 2; 299
333; 314; 2; 1; 300
315; 236; 2; 1; 310
198; 286; 2; 1; 315
257; 330; 2; 1; 318
235; 309; 2; 1; 325
290; 228; 2; 1; 326
314; 200; 1; 2; 328
272; 206; 2; 1; 329
308; 257; 1; 2; 329
313; 308; 1; 2; 336
243; 257; 2; 1; 337
212; 291; 2; 1; 345
306; 333; 1; 2; 351
197; 232; 2; 1; 367
197; 276; 1; 2; 369
243; 322; 1; 2; 372
210; 192; 2; 1; 391
333; 302; 1; 2; 407
291; 287; 1; 2; 413
243; 297; 1; 2; 416
231; 197; 2; 1; 423
275; 256; 1; 2; 423
219; 327; 2; 1; 424
232; 192; 1; 2; 426
236; 336; 2; 1; 428
231; 310; 1; 2; 431
311; 205; 2; 1; 434
275; 267; 2; 1; 434
184; 303; 2; 1; 441
328; 238; 2; 1; 456
323; 316; 2; 1; 489
187; 333; 1; 2; 490
218; 275; 2; 1; 491
254; 307; 2; 1; 493
20
14; 1; 15; 41
2; 1; 28; 72
4; 1; 17; 740
13; 1; 46; 1960
3; 1; 36; 3258
11; 1; 18; 3380
0; 1; 19; 4044
9; 1; 48; 5281
5; 1; 34; 6527
10; 1; 5; 7495
16; 1; 4; 8531
19; 1; 24; 9371
6; 1; 20; 9919
15; 1; 44; 10396
17; 1; 25; 10850
7; 1; 49; 11811
8; 1; 8; 14903
18; 1; 40; 15882
1; 1; 23; 16397
12; 1; 44; 19570
