**** 401 ****
86
331; 298; 2; 1; 8
205; 305; 1; 2; 16
292; 316; 2; 1; 17
225; 238; 2; 1; 18
214; 333; 2; 1; 31
275; 258; 1; 2; 33
276; 184; 1; 2; 39
187; 273; 1; 2; 42
321; 267; 2; 1; 49
244; 234; 2; 1; 50
227; 262; 2; 1; 55
182; 302; 2; 1; 58
289; 228; 1; 2; 61
181; 185; 1; 2; 86
299; 181; 1; 2; 87
189; 307; 2; 1; 92
330; 216; 1; 2; 100
183; 210; 2; 1; 100
231; 227; 1; 2; 108
324; 330; 1; 2; 119
280; 191; 2; 1; 124
327; 257; 1; 2; 127
310; 184; 1; 2; 149
297; 216; 1; 2; 157
326; 228; 1; 2; 168
289; 238; 2; 1; 187
240; 260; 2; 1; 187
183; 214; 1; 2; 191
237; 231; 1; 2; 192
285; 251; 1; 2; 195
263; 281; 1; 2; 199
230; 332; 1; 2; 201
292; 299; 1; 2; 212
270; 200; 1; 2; 230
224; 312; 1; 2; 232
321; 292; 2; 1; 236
184; 299; 2; 1; 237
297; 291; 1; 2; 237
199; 329; 1; 2; 241
236; 229; 1; 2; 244
294; 206; 2; 1; 247
290; 215; 2; 1; 254
273; 185; 1; 2; 255
256; 330; 1; 2; 257
231; 184; 2; 1; 263
278; 313; 2; 1; 265
307; 256; 1; 2; 275
258; 316; 1; 2; 276
294; 282; 2; 1; 294
232; 267; 2; 1; 295
218; 182; 1; 2; 306
284; 276; 2; 1; 308
263; 252; 2; 1; 314
223; 297; 2; 1; 317
292; 216; 1; 2; 330
333; 325; 1; 2; 337
182; 206; 1; 2; 337
242; 202; 2; 1; 339
273; 234; 1; 2; 339
299; 196; 2; 1; 341
283; 261; 2; 1; 344
209; 241; 2; 1; 347
262; 258; 1; 2; 348
201; 185; 2; 1; 366
184; 269; 1; 2; 370
287; 241; 1; 2; 371
330; 258; 1; 2; 372
325; 225; 1; 2; 373
183; 204; 2; 1; 374
261; 210; 1; 2; 386
265; 192; 2; 1; 388
201; 223; 2; 1; 410
316; 247; 1; 2; 413
252; 303; 1; 2; 415
336; 309; 2; 1; 416
265; 200; 2; 1; 419
197; 313; 1; 2; 433
256; 213; 1; 2; 436
272; 312; 1; 2; 443
325; 278; 1; 2; 443
256; 224; 1; 2; 464
261; 189; 2; 1; 476
186; 319; 1; 2; 486
199; 325; 2; 1; 490
190; 217; 1; 2; 491
237; 337; 1; 2; 496
20
6; 1; 15; 1078
1; 1; 27; 1707
11; 1; 36; 3250
0; 1; 44; 3312
7; 1; 37; 5815
10; 1; 34; 6077
19; 1; 9; 6223
12; 1; 20; 6848
2; 1; 49; 8483
14; 1; 36; 11325
18; 1; 8; 13241
16; 1; 5; 14545
9; 1; 26; 15074
3; 1; 44; 15587
8; 1; 6; 17596
5; 1; 12; 17666
15; 1; 1; 19817
4; 1; 3; 21473
13; 1; 5; 21698
17; 1; 35; 21888
