**** 402 ****
86
308; 257; 1; 2; 2
306; 254; 1; 2; 22
188; 275; 2; 1; 24
335; 198; 1; 2; 29
311; 190; 1; 2; 40
274; 335; 1; 2; 48
332; 210; 2; 1; 58
256; 282; 1; 2; 71
272; 221; 2; 1; 74
188; 313; 2; 1; 75
226; 235; 2; 1; 79
196; 205; 1; 2; 81
217; 209; 2; 1; 82
316; 228; 2; 1; 85
320; 336; 2; 1; 88
249; 331; 2; 1; 89
216; 234; 2; 1; 89
195; 280; 2; 1; 90
318; 181; 1; 2; 100
277; 309; 1; 2; 105
243; 315; 1; 2; 106
188; 287; 2; 1; 113
239; 217; 1; 2; 113
316; 254; 2; 1; 114
297; 291; 2; 1; 123
333; 193; 2; 1; 124
311; 284; 2; 1; 133
190; 261; 1; 2; 143
301; 337; 1; 2; 149
254; 239; 2; 1; 163
202; 295; 2; 1; 164
308; 308; 1; 2; 178
203; 192; 1; 2; 182
236; 186; 2; 1; 185
197; 212; 2; 1; 187
193; 244; 2; 1; 197
226; 263; 2; 1; 201
291; 195; 2; 1; 201
265; 217; 2; 1; 211
335; 209; 2; 1; 211
246; 245; 1; 2; 215
199; 312; 2; 1; 217
193; 181; 1; 2; 222
234; 206; 1; 2; 225
326; 272; 1; 2; 230
324; 187; 2; 1; 232
272; 315; 1; 2; 234
328; 318; 2; 1; 236
194; 303; 1; 2; 236
309; 319; 2; 1; 241
250; 235; 2; 1; 248
232; 189; 2; 1; 258
196; 277; 1; 2; 277
201; 302; 2; 1; 294
186; 273; 1; 2; 297
236; 328; 2; 1; 300
270; 288; 1; 2; 322
241; 183; 1; 2; 331
197; 285; 1; 2; 338
245; 249; 2; 1; 341
317; 335; 2; 1; 344
225; 300; 1; 2; 346
213; 199; 2; 1; 362
320; 276; 2; 1; 368
194; 324; 1; 2; 376
290; 321; 1; 2; 386
282; 326; 1; 2; 386
266; 321; 2; 1; 396
291; 332; 2; 1; 397
318; 308; 1; 2; 409
249; 183; 1; 2; 412
247; 191; 2; 1; 418
232; 196; 2; 1; 421
259; 251; 1; 2; 424
197; 312; 1; 2; 428
313; 224; 2; 1; 429
197; 308; 1; 2; 431
202; 219; 1; 2; 433
221; 303; 2; 1; 435
251; 226; 2; 1; 435
289; 273; 1; 2; 451
283; 253; 2; 1; 453
222; 274; 1; 2; 456
231; 293; 2; 1; 469
213; 279; 1; 2; 488
262; 276; 1; 2; 494
20
0; 1; 22; 816
13; 1; 19; 1969
9; 1; 21; 2245
4; 1; 27; 2375
7; 1; 3; 3282
6; 1; 22; 3917
17; 1; 34; 6775
8; 1; 44; 8531
3; 1; 9; 9035
18; 1; 19; 11046
15; 1; 42; 11422
1; 1; 42; 12559
19; 1; 22; 13089
12; 1; 36; 13603
11; 1; 38; 13852
10; 1; 45; 14480
5; 1; 44; 17716
14; 1; 36; 18188
2; 1; 21; 20270
16; 1; 46; 21328
