**** 403 ****
86
205; 198; 1; 2; 2
223; 211; 2; 1; 8
226; 332; 1; 2; 9
222; 324; 1; 2; 10
198; 212; 2; 1; 16
241; 276; 2; 1; 30
224; 219; 1; 2; 33
231; 203; 2; 1; 33
221; 284; 1; 2; 44
286; 292; 2; 1; 46
203; 221; 1; 2; 50
235; 273; 2; 1; 50
251; 335; 1; 2; 61
183; 226; 2; 1; 83
233; 220; 2; 1; 84
290; 219; 2; 1; 87
336; 195; 2; 1; 95
249; 294; 2; 1; 99
245; 279; 1; 2; 103
192; 192; 2; 1; 121
256; 204; 2; 1; 125
321; 277; 1; 2; 126
292; 265; 1; 2; 128
221; 258; 1; 2; 128
236; 265; 1; 2; 138
243; 303; 2; 1; 138
307; 264; 2; 1; 142
294; 247; 1; 2; 147
207; 213; 2; 1; 152
326; 233; 2; 1; 154
324; 278; 1; 2; 164
218; 208; 1; 2; 168
258; 336; 2; 1; 169
207; 287; 2; 1; 171
224; 322; 2; 1; 175
294; 285; 2; 1; 180
183; 235; 2; 1; 180
281; 277; 1; 2; 181
267; 212; 2; 1; 181
200; 194; 1; 2; 185
288; 224; 1; 2; 185
256; 193; 2; 1; 192
224; 296; 1; 2; 205
201; 240; 1; 2; 212
227; 334; 2; 1; 215
211; 192; 2; 1; 219
333; 199; 1; 2; 220
275; 279; 1; 2; 237
212; 309; 2; 1; 242
212; 272; 1; 2; 243
198; 294; 2; 1; 269
278; 240; 1; 2; 299
189; 299; 1; 2; 299
312; 271; 1; 2; 310
217; 271; 2; 1; 314
317; 194; 1; 2; 327
182; 280; 1; 2; 335
303; 186; 1; 2; 337
194; 189; 1; 2; 350
261; 236; 2; 1; 354
194; 204; 1; 2; 356
218; 277; 1; 2; 358
256; 204; 1; 2; 359
335; 296; 1; 2; 370
236; 184; 2; 1; 389
322; 237; 1; 2; 392
291; 210; 1; 2; 392
214; 278; 1; 2; 398
333; 273; 1; 2; 401
276; 212; 2; 1; 403
281; 246; 2; 1; 408
334; 181; 2; 1; 417
228; 264; 2; 1; 426
298; 334; 1; 2; 426
228; 315; 2; 1; 438
334; 197; 2; 1; 448
204; 313; 1; 2; 449
233; 320; 1; 2; 469
223; 264; 1; 2; 470
192; 266; 2; 1; 472
308; 196; 2; 1; 473
336; 203; 2; 1; 473
337; 238; 1; 2; 474
192; 334; 2; 1; 478
281; 323; 1; 2; 488
337; 265; 2; 1; 490
20
19; 1; 25; 261
0; 1; 49; 3132
8; 1; 33; 3183
7; 1; 44; 4010
11; 1; 30; 7907
6; 1; 16; 8153
10; 1; 20; 8244
5; 1; 10; 8831
18; 1; 12; 8986
2; 1; 8; 10150
1; 1; 9; 11146
13; 1; 46; 11702
4; 1; 5; 12681
15; 1; 15; 13273
14; 1; 3; 13520
3; 1; 31; 15677
16; 1; 11; 16449
9; 1; 41; 18186
12; 1; 39; 19032
17; 1; 13; 19072
