**** 404 ****
86
214; 328; 1; 2; 1
275; 215; 2; 1; 5
306; 200; 2; 1; 8
229; 199; 1; 2; 26
296; 305; 1; 2; 30
332; 323; 2; 1; 31
297; 337; 1; 2; 36
260; 322; 2; 1; 37
247; 214; 1; 2; 43
326; 227; 2; 1; 45
222; 182; 1; 2; 57
288; 181; 2; 1; 58
290; 290; 1; 2; 62
237; 311; 1; 2; 81
221; 313; 2; 1; 86
300; 275; 1; 2; 92
240; 218; 2; 1; 95
229; 299; 2; 1; 95
298; 281; 1; 2; 99
293; 321; 2; 1; 101
192; 281; 1; 2; 102
304; 230; 2; 1; 106
277; 197; 2; 1; 110
266; 326; 1; 2; 117
232; 308; 2; 1; 136
209; 321; 2; 1; 138
200; 184; 2; 1; 140
297; 202; 1; 2; 142
219; 256; 1; 2; 145
224; 315; 2; 1; 160
322; 304; 1; 2; 166
286; 301; 1; 2; 170
331; 323; 2; 1; 171
325; 194; 1; 2; 176
291; 219; 1; 2; 178
183; 263; 2; 1; 195
314; 248; 1; 2; 198
194; 276; 1; 2; 205
292; 201; 1; 2; 222
231; 327; 2; 1; 225
208; 298; 2; 1; 236
325; 184; 1; 2; 237
337; 202; 1; 2; 240
321; 218; 2; 1; 241
247; 220; 2; 1; 243
210; 206; 2; 1; 246
182; 247; 1; 2; 249
241; 228; 1; 2; 252
336; 183; 2; 1; 252
285; 265; 2; 1; 253
207; 306; 2; 1; 260
274; 296; 2; 1; 279
267; 201; 1; 2; 297
296; 307; 2; 1; 298
332; 281; 2; 1; 298
199; 286; 1; 2; 304
259; 197; 1; 2; 305
185; 226; 1; 2; 313
272; 251; 2; 1; 336
241; 249; 1; 2; 341
228; 332; 1; 2; 343
195; 299; 1; 2; 352
257; 218; 2; 1; 353
202; 322; 1; 2; 353
274; 297; 2; 1; 375
231; 264; 2; 1; 381
222; 204; 2; 1; 390
258; 255; 1; 2; 394
195; 323; 2; 1; 396
332; 207; 2; 1; 401
270; 315; 1; 2; 403
222; 213; 1; 2; 404
295; 271; 2; 1; 424
311; 214; 2; 1; 440
201; 326; 1; 2; 451
306; 210; 1; 2; 451
289; 211; 1; 2; 452
191; 223; 2; 1; 453
213; 206; 1; 2; 460
306; 242; 2; 1; 473
286; 201; 2; 1; 475
206; 278; 1; 2; 485
333; 305; 1; 2; 491
325; 204; 2; 1; 496
329; 273; 2; 1; 497
286; 286; 2; 1; 499
20
16; 1; 17; 49
12; 1; 49; 1148
0; 1; 47; 1519
14; 1; 5; 1823
10; 1; 30; 3520
4; 1; 9; 6204
8; 1; 6; 6228
9; 1; 27; 8645
7; 1; 1; 9549
1; 1; 38; 9701
18; 1; 8; 9899
2; 1; 3; 12453
17; 1; 13; 12663
15; 1; 46; 13163
11; 1; 1; 14341
5; 1; 22; 15916
6; 1; 5; 16103
19; 1; 11; 17876
3; 1; 2; 19179
13; 1; 35; 20027
