**** 405 ****
86
182; 283; 2; 1; 1
305; 333; 1; 2; 8
261; 273; 2; 1; 9
192; 192; 2; 1; 10
269; 199; 1; 2; 12
209; 242; 1; 2; 20
240; 239; 1; 2; 25
245; 246; 1; 2; 25
275; 324; 2; 1; 28
254; 202; 1; 2; 35
329; 260; 2; 1; 36
275; 216; 2; 1; 36
270; 316; 1; 2; 37
306; 283; 2; 1; 38
204; 235; 1; 2; 44
235; 330; 2; 1; 54
325; 233; 2; 1; 75
300; 296; 1; 2; 77
208; 235; 1; 2; 91
307; 260; 2; 1; 100
245; 331; 2; 1; 114
308; 281; 2; 1; 115
241; 184; 2; 1; 120
257; 196; 2; 1; 132
264; 254; 2; 1; 141
210; 261; 2; 1; 147
286; 228; 2; 1; 152
238; 310; 2; 1; 158
255; 258; 1; 2; 167
262; 226; 2; 1; 167
324; 263; 1; 2; 173
192; 192; 1; 2; 184
214; 214; 2; 1; 191
269; 330; 1; 2; 199
329; 288; 1; 2; 202
181; 288; 1; 2; 209
225; 234; 1; 2; 223
308; 189; 2; 1; 224
256; 285; 2; 1; 230
270; 199; 2; 1; 233
294; 295; 2; 1; 234
279; 322; 1; 2; 248
240; 324; 1; 2; 251
187; 299; 2; 1; 261
258; 324; 1; 2; 263
244; 310; 1; 2; 270
259; 264; 2; 1; 276
305; 230; 2; 1; 282
252; 218; 1; 2; 286
253; 302; 1; 2; 289
200; 262; 2; 1; 290
241; 210; 2; 1; 293
302; 203; 2; 1; 304
283; 211; 2; 1; 311
201; 193; 1; 2; 321
193; 268; 2; 1; 348
244; 251; 1; 2; 350
310; 303; 1; 2; 351
297; 325; 1; 2; 355
317; 196; 2; 1; 356
205; 309; 2; 1; 358
334; 247; 2; 1; 362
293; 336; 1; 2; 381
193; 321; 1; 2; 384
285; 337; 1; 2; 385
187; 219; 2; 1; 387
294; 312; 2; 1; 394
220; 283; 2; 1; 405
311; 336; 1; 2; 407
205; 287; 2; 1; 408
284; 266; 1; 2; 410
282; 274; 1; 2; 422
210; 192; 2; 1; 424
287; 184; 1; 2; 439
206; 211; 1; 2; 448
196; 196; 1; 2; 448
268; 285; 2; 1; 450
226; 233; 1; 2; 452
234; 248; 1; 2; 456
253; 261; 2; 1; 469
271; 308; 1; 2; 475
253; 312; 1; 2; 479
222; 315; 1; 2; 486
333; 200; 1; 2; 499
241; 214; 1; 2; 502
269; 255; 1; 2; 503
20
2; 1; 26; 11
7; 1; 7; 1176
1; 1; 49; 2739
16; 1; 42; 2829
6; 1; 39; 6672
9; 1; 32; 8800
3; 1; 38; 12919
4; 1; 44; 13134
14; 1; 30; 13404
8; 1; 39; 13584
15; 1; 17; 15783
17; 1; 19; 15805
19; 1; 14; 15980
13; 1; 18; 16495
10; 1; 49; 17687
11; 1; 2; 19438
0; 1; 40; 20122
12; 1; 21; 21045
5; 1; 3; 21599
18; 1; 46; 21773
