**** 406 ****
86
269; 303; 1; 2; 8
242; 312; 2; 1; 16
192; 218; 2; 1; 19
226; 251; 1; 2; 22
274; 199; 1; 2; 34
248; 264; 1; 2; 37
306; 210; 2; 1; 41
266; 183; 2; 1; 43
328; 239; 1; 2; 48
199; 204; 1; 2; 53
236; 207; 1; 2; 63
320; 266; 1; 2; 69
209; 225; 1; 2; 72
238; 222; 1; 2; 73
254; 319; 2; 1; 80
220; 245; 1; 2; 83
274; 205; 1; 2; 91
304; 302; 2; 1; 102
315; 331; 1; 2; 110
203; 258; 1; 2; 115
327; 193; 2; 1; 118
291; 214; 2; 1; 120
195; 316; 1; 2; 121
231; 279; 1; 2; 123
215; 264; 1; 2; 125
318; 265; 1; 2; 130
262; 308; 2; 1; 133
206; 313; 1; 2; 161
270; 278; 1; 2; 166
295; 210; 1; 2; 173
334; 332; 2; 1; 174
213; 218; 2; 1; 183
207; 212; 2; 1; 192
252; 294; 1; 2; 195
300; 196; 2; 1; 202
193; 305; 1; 2; 208
224; 290; 1; 2; 212
278; 289; 1; 2; 213
286; 329; 2; 1; 214
305; 280; 2; 1; 215
210; 270; 2; 1; 218
237; 263; 1; 2; 222
184; 278; 1; 2; 228
314; 268; 2; 1; 251
295; 203; 1; 2; 264
269; 305; 1; 2; 285
196; 210; 1; 2; 297
335; 183; 1; 2; 305
183; 253; 2; 1; 307
229; 255; 1; 2; 317
264; 185; 1; 2; 321
308; 322; 2; 1; 322
280; 192; 2; 1; 324
324; 304; 1; 2; 329
257; 190; 1; 2; 332
244; 203; 2; 1; 333
319; 193; 2; 1; 334
187; 257; 1; 2; 345
204; 230; 2; 1; 358
217; 273; 2; 1; 362
194; 236; 1; 2; 363
219; 292; 1; 2; 374
253; 321; 1; 2; 376
208; 277; 2; 1; 381
240; 328; 2; 1; 383
220; 215; 1; 2; 386
200; 245; 1; 2; 389
313; 312; 2; 1; 392
244; 284; 1; 2; 396
270; 272; 2; 1; 398
295; 269; 1; 2; 404
286; 313; 2; 1; 419
217; 308; 2; 1; 422
312; 314; 2; 1; 425
231; 216; 2; 1; 438
295; 246; 1; 2; 440
262; 304; 2; 1; 455
238; 245; 1; 2; 467
188; 198; 1; 2; 475
196; 324; 1; 2; 482
224; 205; 1; 2; 483
273; 311; 2; 1; 487
199; 299; 1; 2; 491
256; 312; 2; 1; 493
261; 255; 2; 1; 495
258; 332; 2; 1; 498
20
5; 1; 47; 524
17; 1; 2; 587
9; 1; 46; 2757
0; 1; 11; 6813
19; 1; 37; 7940
16; 1; 47; 9051
12; 1; 10; 11042
6; 1; 38; 11131
2; 1; 32; 11283
14; 1; 20; 12888
7; 1; 25; 13360
15; 1; 7; 13504
18; 1; 2; 16978
11; 1; 36; 17270
3; 1; 33; 17606
4; 1; 9; 19024
8; 1; 27; 20539
1; 1; 5; 21331
13; 1; 16; 21805
10; 1; 1; 21912
