**** 407 ****
87
330; 279; 2; 1; 9
192; 278; 1; 2; 15
279; 254; 1; 2; 19
296; 200; 1; 2; 29
330; 332; 2; 1; 31
242; 340; 1; 2; 33
232; 238; 2; 1; 37
259; 215; 1; 2; 44
274; 189; 1; 2; 46
317; 309; 1; 2; 48
193; 238; 1; 2; 74
344; 205; 1; 2; 84
203; 285; 1; 2; 104
212; 271; 1; 2; 115
195; 340; 2; 1; 115
251; 196; 1; 2; 117
334; 203; 2; 1; 119
205; 191; 2; 1; 129
272; 344; 1; 2; 133
286; 289; 1; 2; 134
202; 278; 1; 2; 135
208; 260; 2; 1; 138
290; 296; 1; 2; 138
252; 205; 1; 2; 141
273; 325; 1; 2; 145
188; 318; 1; 2; 145
321; 230; 1; 2; 159
337; 221; 1; 2; 161
326; 301; 2; 1; 166
203; 285; 1; 2; 176
237; 318; 1; 2; 176
305; 220; 2; 1; 179
188; 312; 1; 2; 192
280; 288; 2; 1; 194
306; 281; 2; 1; 197
301; 196; 1; 2; 205
215; 321; 2; 1; 206
225; 217; 2; 1; 208
318; 254; 2; 1; 210
209; 215; 1; 2; 212
216; 338; 2; 1; 215
305; 191; 2; 1; 216
228; 209; 1; 2; 235
192; 337; 2; 1; 235
339; 336; 2; 1; 238
314; 270; 1; 2; 238
226; 338; 1; 2; 240
289; 189; 1; 2; 240
331; 241; 2; 1; 263
240; 343; 2; 1; 276
264; 334; 2; 1; 279
217; 275; 1; 2; 282
272; 280; 1; 2; 284
256; 233; 2; 1; 287
293; 339; 2; 1; 293
227; 229; 1; 2; 312
230; 195; 2; 1; 312
270; 193; 2; 1; 316
270; 255; 1; 2; 344
208; 257; 1; 2; 352
297; 237; 2; 1; 355
328; 246; 2; 1; 358
228; 246; 2; 1; 359
243; 317; 2; 1; 362
333; 313; 2; 1; 369
201; 215; 1; 2; 378
280; 274; 1; 2; 384
301; 215; 2; 1; 406
200; 233; 1; 2; 410
281; 269; 1; 2; 416
316; 197; 2; 1; 417
261; 311; 1; 2; 421
197; 303; 2; 1; 422
333; 217; 1; 2; 423
277; 227; 2; 1; 433
214; 204; 1; 2; 436
303; 275; 2; 1; 436
341; 319; 2; 1; 447
259; 265; 2; 1; 467
237; 248; 2; 1; 470
299; 204; 2; 1; 472
202; 194; 1; 2; 472
258; 236; 2; 1; 481
259; 237; 2; 1; 481
332; 343; 2; 1; 488
234; 198; 2; 1; 490
234; 255; 2; 1; 501
20
10; 1; 9; 1904
1; 1; 40; 2474
18; 1; 49; 3958
17; 1; 17; 4451
11; 1; 30; 4815
9; 1; 19; 5131
2; 1; 46; 5256
14; 1; 25; 5387
5; 1; 13; 5704
3; 1; 42; 6852
15; 1; 1; 7975
6; 1; 24; 8148
16; 1; 21; 8694
13; 1; 15; 10717
7; 1; 32; 12975
12; 1; 35; 13821
8; 1; 10; 14685
0; 1; 32; 16139
4; 1; 9; 20339
19; 1; 43; 22643
