**** 408 ****
87
248; 226; 2; 1; 0
261; 305; 1; 2; 1
201; 283; 1; 2; 2
247; 270; 2; 1; 5
309; 218; 2; 1; 10
279; 249; 1; 2; 18
318; 199; 2; 1; 21
292; 278; 2; 1; 27
212; 289; 2; 1; 32
296; 197; 2; 1; 34
315; 282; 1; 2; 38
200; 287; 2; 1; 41
332; 257; 1; 2; 46
316; 320; 1; 2; 52
251; 294; 2; 1; 52
305; 237; 2; 1; 52
287; 338; 1; 2; 62
308; 285; 2; 1; 66
326; 207; 1; 2; 67
262; 195; 2; 1; 75
322; 297; 2; 1; 79
188; 265; 2; 1; 83
251; 242; 2; 1; 90
323; 198; 1; 2; 91
281; 215; 2; 1; 91
335; 250; 2; 1; 94
220; 297; 1; 2; 94
231; 334; 2; 1; 127
203; 189; 2; 1; 144
296; 255; 2; 1; 147
254; 341; 2; 1; 153
255; 281; 1; 2; 158
218; 327; 2; 1; 162
253; 325; 2; 1; 170
272; 215; 2; 1; 182
275; 225; 1; 2; 190
240; 325; 1; 2; 198
324; 297; 1; 2; 215
329; 330; 1; 2; 217
330; 299; 1; 2; 219
298; 188; 2; 1; 223
198; 213; 1; 2; 225
259; 213; 1; 2; 227
197; 251; 1; 2; 231
317; 224; 1; 2; 247
267; 230; 2; 1; 256
188; 268; 1; 2; 278
201; 226; 1; 2; 279
243; 189; 1; 2; 290
234; 322; 1; 2; 299
245; 272; 2; 1; 305
264; 301; 1; 2; 309
339; 290; 1; 2; 312
292; 320; 1; 2; 328
290; 249; 1; 2; 343
267; 240; 1; 2; 345
199; 221; 2; 1; 354
190; 272; 1; 2; 354
319; 263; 1; 2; 362
290; 251; 1; 2; 373
309; 239; 2; 1; 382
314; 204; 2; 1; 383
233; 265; 1; 2; 396
209; 304; 2; 1; 405
280; 204; 1; 2; 408
223; 243; 1; 2; 411
331; 344; 2; 1; 417
199; 276; 2; 1; 420
261; 276; 2; 1; 421
334; 219; 2; 1; 422
334; 252; 1; 2; 430
302; 255; 1; 2; 433
282; 328; 2; 1; 438
341; 261; 2; 1; 441
218; 228; 2; 1; 441
229; 210; 1; 2; 443
253; 237; 1; 2; 444
278; 287; 1; 2; 444
297; 280; 1; 2; 452
272; 303; 1; 2; 457
270; 323; 1; 2; 460
196; 213; 2; 1; 460
307; 186; 1; 2; 462
262; 240; 2; 1; 473
282; 331; 1; 2; 473
252; 215; 2; 1; 504
325; 217; 2; 1; 504
20
3; 1; 37; 1643
9; 1; 43; 2326
14; 1; 19; 2790
13; 1; 4; 4038
15; 1; 25; 4218
16; 1; 48; 4467
18; 1; 7; 5359
2; 1; 26; 8095
6; 1; 26; 8218
10; 1; 40; 12785
11; 1; 33; 13170
8; 1; 38; 13795
17; 1; 23; 13943
12; 1; 33; 14944
4; 1; 6; 15060
5; 1; 30; 15229
7; 1; 33; 16850
0; 1; 48; 17420
1; 1; 28; 20125
19; 1; 43; 22027
