**** 409 ****
87
273; 316; 2; 1; 3
317; 198; 2; 1; 27
217; 265; 1; 2; 29
304; 241; 1; 2; 35
238; 188; 1; 2; 38
219; 277; 1; 2; 58
300; 221; 1; 2; 68
316; 271; 1; 2; 75
276; 277; 2; 1; 82
203; 299; 2; 1; 83
280; 264; 1; 2; 91
249; 345; 2; 1; 95
319; 200; 1; 2; 96
213; 268; 1; 2; 101
267; 264; 1; 2; 114
216; 293; 2; 1; 114
209; 330; 1; 2; 127
297; 274; 2; 1; 133
309; 194; 2; 1; 136
310; 199; 2; 1; 140
271; 220; 1; 2; 141
256; 226; 1; 2; 150
205; 279; 2; 1; 150
273; 219; 1; 2; 153
253; 223; 1; 2; 155
230; 261; 1; 2; 163
306; 331; 2; 1; 167
225; 218; 2; 1; 168
306; 333; 2; 1; 177
343; 314; 1; 2; 182
307; 212; 1; 2; 186
225; 250; 2; 1; 189
344; 332; 2; 1; 190
269; 314; 1; 2; 191
283; 280; 1; 2; 197
210; 250; 2; 1; 202
187; 208; 1; 2; 202
329; 266; 1; 2; 205
199; 319; 2; 1; 208
237; 334; 1; 2; 218
277; 186; 2; 1; 221
330; 221; 2; 1; 222
202; 238; 1; 2; 227
304; 209; 1; 2; 233
193; 311; 1; 2; 236
190; 261; 1; 2; 260
249; 344; 1; 2; 264
322; 226; 1; 2; 265
246; 315; 2; 1; 270
308; 188; 2; 1; 273
267; 257; 1; 2; 275
314; 212; 1; 2; 279
272; 228; 1; 2; 281
194; 189; 1; 2; 282
247; 317; 1; 2; 283
196; 318; 1; 2; 285
252; 247; 2; 1; 301
299; 262; 2; 1; 303
196; 205; 2; 1; 325
317; 263; 1; 2; 341
247; 231; 2; 1; 341
263; 240; 2; 1; 342
257; 204; 1; 2; 344
189; 213; 1; 2; 353
252; 230; 2; 1; 357
296; 262; 1; 2; 359
208; 294; 1; 2; 362
221; 344; 2; 1; 363
258; 257; 2; 1; 367
263; 301; 1; 2; 370
278; 330; 2; 1; 382
278; 262; 1; 2; 395
263; 277; 1; 2; 408
283; 323; 2; 1; 417
272; 217; 2; 1; 421
197; 248; 2; 1; 440
231; 296; 1; 2; 443
241; 240; 2; 1; 455
319; 235; 1; 2; 456
319; 272; 1; 2; 469
194; 246; 2; 1; 471
292; 327; 1; 2; 474
199; 322; 2; 1; 476
271; 311; 1; 2; 484
206; 262; 2; 1; 494
236; 247; 2; 1; 497
261; 317; 2; 1; 503
20
8; 1; 33; 184
3; 1; 47; 1298
9; 1; 9; 3317
5; 1; 23; 3344
14; 1; 23; 3585
18; 1; 11; 4801
15; 1; 8; 6994
0; 1; 11; 7864
7; 1; 27; 8354
17; 1; 10; 9887
4; 1; 6; 12414
1; 1; 33; 14032
12; 1; 30; 14258
11; 1; 9; 18079
19; 1; 16; 18624
6; 1; 45; 18690
10; 1; 27; 19701
13; 1; 21; 20811
16; 1; 3; 22354
2; 1; 45; 22501
