**** 41 ****
53
37; 36; 1; 2; 0
19; 68; 2; 1; 2
19; 35; 2; 1; 4
27; 58; 1; 2; 4
23; 16; 2; 1; 8
52; 37; 2; 1; 11
59; 54; 1; 2; 12
48; 30; 2; 1; 24
29; 30; 2; 1; 25
65; 49; 1; 2; 31
56; 32; 1; 2; 31
36; 55; 1; 2; 42
25; 50; 2; 1; 45
49; 22; 2; 1; 48
37; 59; 2; 1; 48
56; 45; 1; 2; 50
36; 61; 2; 1; 51
29; 36; 2; 1; 52
29; 68; 1; 2; 55
51; 35; 2; 1; 59
35; 21; 2; 1; 65
18; 19; 2; 1; 66
51; 50; 1; 2; 66
26; 18; 1; 2; 72
36; 16; 1; 2; 74
48; 55; 1; 2; 86
62; 53; 1; 2; 90
26; 52; 2; 1; 91
72; 19; 1; 2; 92
52; 35; 2; 1; 94
22; 53; 1; 2; 96
53; 53; 2; 1; 97
44; 59; 2; 1; 97
49; 44; 2; 1; 100
50; 22; 1; 2; 101
68; 38; 1; 2; 102
38; 65; 1; 2; 111
21; 50; 2; 1; 116
29; 62; 2; 1; 119
57; 64; 2; 1; 119
16; 27; 2; 1; 120
69; 51; 1; 2; 121
35; 28; 1; 2; 123
67; 29; 1; 2; 128
59; 70; 2; 1; 129
69; 43; 2; 1; 130
34; 66; 2; 1; 131
63; 20; 1; 2; 132
61; 16; 2; 1; 134
41; 63; 2; 1; 135
64; 70; 2; 1; 136
19; 39; 2; 1; 139
34; 56; 1; 2; 139
13
10; 1; 26; 221
1; 1; 29; 321
8; 1; 2; 352
0; 1; 46; 626
2; 1; 4; 677
9; 1; 46; 819
4; 1; 41; 910
7; 1; 47; 1223
11; 1; 34; 1329
5; 1; 14; 1404
6; 1; 45; 2007
3; 1; 48; 2098
12; 1; 2; 2493
