**** 410 ****
87
343; 190; 1; 2; 14
287; 231; 2; 1; 17
277; 251; 2; 1; 25
298; 283; 2; 1; 26
274; 324; 1; 2; 35
234; 241; 1; 2; 42
210; 328; 1; 2; 49
309; 258; 2; 1; 61
231; 320; 1; 2; 68
213; 241; 1; 2; 72
278; 261; 1; 2; 78
258; 325; 1; 2; 83
304; 188; 1; 2; 93
209; 281; 1; 2; 93
220; 203; 1; 2; 99
196; 286; 2; 1; 122
324; 258; 1; 2; 137
345; 325; 2; 1; 145
264; 198; 2; 1; 148
293; 307; 2; 1; 149
235; 339; 1; 2; 153
330; 308; 2; 1; 159
239; 283; 1; 2; 160
187; 230; 2; 1; 162
334; 244; 2; 1; 163
193; 216; 1; 2; 174
273; 206; 1; 2; 180
224; 254; 1; 2; 186
272; 213; 1; 2; 192
343; 295; 2; 1; 203
201; 320; 1; 2; 205
285; 310; 1; 2; 207
260; 245; 2; 1; 213
264; 190; 2; 1; 217
187; 193; 2; 1; 228
305; 241; 2; 1; 234
315; 331; 2; 1; 244
277; 269; 2; 1; 251
269; 228; 2; 1; 251
226; 235; 2; 1; 268
294; 298; 1; 2; 270
211; 235; 1; 2; 270
223; 195; 1; 2; 274
243; 261; 2; 1; 293
292; 204; 1; 2; 321
250; 251; 2; 1; 323
344; 256; 1; 2; 324
313; 202; 1; 2; 332
251; 245; 1; 2; 337
336; 190; 1; 2; 343
216; 200; 2; 1; 343
252; 224; 2; 1; 344
252; 208; 2; 1; 350
283; 288; 2; 1; 356
317; 268; 2; 1; 358
192; 296; 2; 1; 365
252; 244; 2; 1; 365
330; 294; 2; 1; 367
329; 242; 2; 1; 369
307; 287; 2; 1; 372
335; 255; 2; 1; 377
319; 203; 2; 1; 381
341; 325; 1; 2; 384
213; 268; 1; 2; 384
335; 275; 1; 2; 388
187; 280; 1; 2; 393
320; 251; 2; 1; 399
200; 286; 1; 2; 399
222; 225; 1; 2; 404
229; 323; 1; 2; 405
221; 320; 2; 1; 406
227; 268; 2; 1; 418
250; 300; 1; 2; 427
282; 214; 2; 1; 441
243; 186; 2; 1; 446
291; 341; 1; 2; 456
204; 277; 1; 2; 456
285; 234; 2; 1; 457
290; 238; 2; 1; 459
272; 199; 1; 2; 459
302; 294; 2; 1; 485
258; 331; 2; 1; 488
299; 244; 1; 2; 492
307; 304; 2; 1; 492
311; 294; 2; 1; 494
257; 236; 2; 1; 498
330; 235; 1; 2; 508
20
14; 1; 14; 1243
7; 1; 26; 2706
1; 1; 45; 3662
10; 1; 3; 4353
9; 1; 18; 5844
5; 1; 45; 10477
3; 1; 39; 11828
15; 1; 8; 11966
8; 1; 17; 16483
0; 1; 7; 16849
16; 1; 48; 17486
12; 1; 33; 18128
11; 1; 44; 18251
13; 1; 5; 19697
6; 1; 18; 21084
17; 1; 14; 21217
2; 1; 28; 21391
4; 1; 1; 21583
18; 1; 4; 22457
19; 1; 39; 22711
