**** 411 ****
87
209; 230; 2; 1; 3
240; 196; 1; 2; 9
327; 282; 2; 1; 11
343; 329; 1; 2; 11
308; 254; 2; 1; 20
240; 276; 1; 2; 27
305; 319; 2; 1; 28
314; 299; 1; 2; 30
298; 331; 2; 1; 34
275; 205; 1; 2; 56
270; 264; 1; 2; 57
192; 209; 1; 2; 61
229; 213; 1; 2; 65
190; 239; 1; 2; 75
226; 328; 2; 1; 99
208; 248; 2; 1; 118
247; 258; 1; 2; 127
311; 309; 2; 1; 133
285; 323; 1; 2; 134
293; 268; 1; 2; 138
264; 277; 2; 1; 141
214; 281; 1; 2; 143
253; 231; 2; 1; 144
289; 277; 1; 2; 168
289; 229; 1; 2; 171
244; 197; 2; 1; 172
242; 274; 1; 2; 177
246; 274; 1; 2; 180
344; 212; 1; 2; 185
294; 254; 2; 1; 187
334; 341; 2; 1; 188
218; 302; 1; 2; 188
210; 290; 1; 2; 191
233; 237; 2; 1; 193
324; 315; 2; 1; 217
230; 281; 1; 2; 218
335; 193; 2; 1; 220
276; 193; 2; 1; 228
231; 317; 2; 1; 237
233; 292; 1; 2; 242
214; 192; 2; 1; 244
250; 295; 1; 2; 244
201; 212; 2; 1; 253
342; 316; 2; 1; 261
256; 291; 2; 1; 261
190; 201; 1; 2; 264
281; 266; 2; 1; 265
236; 215; 2; 1; 266
310; 252; 1; 2; 269
239; 235; 1; 2; 274
211; 239; 2; 1; 290
290; 293; 1; 2; 300
229; 222; 2; 1; 302
266; 250; 1; 2; 324
304; 230; 1; 2; 327
294; 328; 2; 1; 332
203; 338; 2; 1; 342
252; 299; 1; 2; 346
272; 192; 1; 2; 350
197; 319; 1; 2; 361
215; 265; 2; 1; 363
282; 244; 1; 2; 373
223; 270; 1; 2; 385
338; 242; 1; 2; 386
335; 330; 1; 2; 399
220; 310; 1; 2; 399
211; 211; 2; 1; 403
297; 259; 1; 2; 405
232; 223; 2; 1; 407
219; 204; 1; 2; 407
298; 264; 1; 2; 409
260; 213; 2; 1; 416
234; 214; 1; 2; 425
297; 227; 1; 2; 436
277; 332; 1; 2; 440
219; 320; 2; 1; 453
260; 241; 1; 2; 456
300; 201; 2; 1; 456
274; 280; 1; 2; 460
325; 311; 1; 2; 463
238; 259; 2; 1; 464
300; 227; 1; 2; 471
299; 320; 1; 2; 479
191; 291; 2; 1; 492
192; 343; 1; 2; 499
237; 231; 1; 2; 500
215; 287; 2; 1; 505
20
4; 1; 31; 1667
11; 1; 5; 2337
10; 1; 29; 2508
19; 1; 3; 2930
5; 1; 2; 3445
15; 1; 5; 4266
0; 1; 5; 5451
1; 1; 28; 5717
18; 1; 6; 6037
16; 1; 30; 6202
3; 1; 48; 9782
6; 1; 20; 11191
13; 1; 28; 11840
14; 1; 17; 13536
8; 1; 26; 14613
2; 1; 43; 17785
17; 1; 47; 17838
7; 1; 2; 18194
9; 1; 24; 18923
12; 1; 21; 20321
