**** 412 ****
87
314; 321; 1; 2; 17
245; 271; 1; 2; 22
290; 279; 1; 2; 28
250; 307; 2; 1; 29
327; 277; 2; 1; 33
338; 307; 1; 2; 37
313; 292; 1; 2; 43
263; 188; 2; 1; 45
247; 258; 1; 2; 46
270; 305; 2; 1; 56
313; 296; 1; 2; 56
302; 189; 2; 1; 58
273; 189; 2; 1; 59
332; 229; 1; 2; 68
294; 209; 1; 2; 72
325; 328; 1; 2; 81
191; 339; 2; 1; 94
238; 277; 2; 1; 113
298; 266; 1; 2; 115
213; 256; 1; 2; 119
260; 221; 1; 2; 119
187; 217; 1; 2; 124
243; 227; 2; 1; 124
226; 345; 2; 1; 127
188; 245; 2; 1; 130
230; 257; 2; 1; 132
338; 329; 2; 1; 136
230; 256; 1; 2; 137
222; 208; 1; 2; 139
278; 318; 2; 1; 140
312; 191; 2; 1; 145
244; 317; 1; 2; 174
196; 293; 2; 1; 176
287; 278; 2; 1; 194
298; 329; 2; 1; 213
222; 192; 1; 2; 216
248; 290; 2; 1; 225
238; 246; 2; 1; 231
335; 187; 1; 2; 233
322; 238; 1; 2; 238
277; 325; 1; 2; 241
288; 239; 2; 1; 244
308; 276; 2; 1; 248
280; 314; 1; 2; 261
313; 225; 1; 2; 261
282; 262; 2; 1; 263
230; 329; 2; 1; 269
212; 317; 1; 2; 278
292; 284; 2; 1; 279
215; 238; 2; 1; 292
284; 287; 2; 1; 295
246; 261; 2; 1; 299
211; 218; 1; 2; 306
298; 295; 1; 2; 338
272; 213; 2; 1; 341
266; 270; 2; 1; 359
232; 264; 2; 1; 373
311; 197; 1; 2; 379
345; 252; 1; 2; 381
318; 263; 2; 1; 382
288; 297; 1; 2; 399
285; 268; 2; 1; 405
316; 253; 1; 2; 415
290; 231; 2; 1; 417
249; 221; 2; 1; 419
240; 344; 1; 2; 433
194; 240; 2; 1; 437
344; 190; 1; 2; 446
270; 304; 2; 1; 451
325; 258; 1; 2; 455
297; 283; 2; 1; 461
225; 248; 2; 1; 466
292; 311; 2; 1; 468
247; 189; 1; 2; 468
227; 203; 1; 2; 469
276; 328; 2; 1; 471
308; 243; 2; 1; 472
204; 288; 2; 1; 477
340; 321; 2; 1; 481
257; 290; 2; 1; 481
273; 279; 1; 2; 482
263; 206; 1; 2; 487
326; 209; 1; 2; 489
275; 297; 2; 1; 494
273; 192; 1; 2; 503
324; 196; 1; 2; 504
190; 236; 2; 1; 505
20
14; 1; 17; 124
5; 1; 18; 214
8; 1; 49; 784
6; 1; 46; 982
2; 1; 9; 4199
19; 1; 5; 4401
4; 1; 25; 7363
1; 1; 45; 8135
12; 1; 40; 9299
11; 1; 47; 9469
9; 1; 49; 11176
15; 1; 48; 11940
17; 1; 7; 12441
0; 1; 4; 14519
3; 1; 11; 14724
13; 1; 22; 15997
10; 1; 42; 16460
7; 1; 15; 17845
16; 1; 5; 18191
18; 1; 4; 19769
