**** 413 ****
87
330; 215; 2; 1; 1
208; 313; 1; 2; 5
212; 293; 2; 1; 14
317; 207; 2; 1; 14
308; 282; 1; 2; 20
197; 307; 2; 1; 27
322; 330; 2; 1; 35
232; 190; 1; 2; 38
246; 288; 1; 2; 64
242; 333; 1; 2; 65
263; 246; 1; 2; 73
227; 326; 2; 1; 74
192; 244; 2; 1; 76
342; 315; 2; 1; 79
191; 216; 2; 1; 81
273; 318; 1; 2; 81
314; 203; 1; 2; 82
281; 343; 2; 1; 84
328; 264; 1; 2; 95
321; 204; 2; 1; 111
280; 206; 1; 2; 112
281; 232; 2; 1; 112
215; 193; 1; 2; 116
229; 252; 1; 2; 145
286; 271; 1; 2; 150
229; 240; 2; 1; 164
244; 333; 2; 1; 166
329; 197; 2; 1; 173
237; 235; 2; 1; 176
342; 237; 2; 1; 182
261; 267; 1; 2; 182
235; 230; 1; 2; 189
199; 256; 1; 2; 191
240; 211; 2; 1; 195
241; 224; 2; 1; 198
280; 255; 1; 2; 210
259; 318; 2; 1; 213
246; 236; 1; 2; 218
337; 200; 2; 1; 220
335; 251; 1; 2; 235
193; 345; 1; 2; 239
213; 301; 2; 1; 242
214; 249; 1; 2; 248
188; 295; 2; 1; 250
203; 310; 1; 2; 254
330; 277; 1; 2; 254
221; 276; 2; 1; 261
311; 239; 1; 2; 279
231; 218; 2; 1; 286
341; 243; 1; 2; 307
279; 206; 2; 1; 308
315; 340; 1; 2; 313
341; 291; 1; 2; 313
192; 279; 1; 2; 314
197; 216; 1; 2; 322
264; 191; 1; 2; 323
234; 251; 1; 2; 328
288; 190; 2; 1; 333
246; 281; 1; 2; 340
186; 195; 2; 1; 340
313; 214; 1; 2; 340
221; 312; 1; 2; 342
307; 237; 2; 1; 344
197; 252; 1; 2; 353
194; 341; 2; 1; 357
306; 252; 2; 1; 359
222; 207; 1; 2; 360
238; 292; 1; 2; 362
222; 321; 2; 1; 365
195; 269; 1; 2; 367
313; 289; 2; 1; 369
204; 299; 2; 1; 371
197; 336; 2; 1; 372
226; 344; 2; 1; 387
276; 255; 1; 2; 401
196; 333; 1; 2; 415
222; 345; 2; 1; 416
329; 284; 2; 1; 420
267; 280; 2; 1; 427
268; 197; 1; 2; 439
320; 206; 2; 1; 444
215; 321; 2; 1; 448
218; 223; 1; 2; 455
327; 196; 1; 2; 457
233; 345; 1; 2; 461
254; 240; 2; 1; 471
280; 340; 2; 1; 502
20
8; 1; 34; 1169
15; 1; 48; 3012
10; 1; 36; 3730
0; 1; 9; 4308
14; 1; 33; 5411
7; 1; 14; 7807
1; 1; 24; 9672
11; 1; 44; 11123
9; 1; 31; 11316
6; 1; 39; 11433
5; 1; 40; 12324
18; 1; 16; 13102
12; 1; 13; 13927
2; 1; 46; 16609
3; 1; 37; 17222
19; 1; 18; 17927
17; 1; 23; 18134
16; 1; 30; 18686
4; 1; 36; 19954
13; 1; 44; 21947
