**** 414 ****
87
196; 243; 2; 1; 2
245; 214; 1; 2; 6
232; 292; 2; 1; 11
198; 288; 2; 1; 15
287; 270; 2; 1; 16
312; 205; 2; 1; 17
283; 322; 1; 2; 20
249; 270; 2; 1; 29
255; 279; 1; 2; 31
253; 207; 2; 1; 37
303; 264; 1; 2; 39
335; 191; 2; 1; 39
257; 203; 2; 1; 50
301; 273; 1; 2; 50
203; 276; 1; 2; 59
247; 330; 2; 1; 61
186; 293; 1; 2; 79
318; 341; 2; 1; 82
277; 256; 1; 2; 85
217; 196; 1; 2; 88
193; 228; 2; 1; 99
203; 274; 1; 2; 99
264; 301; 1; 2; 104
205; 195; 1; 2; 106
329; 301; 2; 1; 106
313; 345; 1; 2; 111
191; 250; 2; 1; 124
227; 302; 2; 1; 128
235; 235; 1; 2; 132
324; 266; 1; 2; 133
195; 217; 1; 2; 138
299; 260; 2; 1; 141
211; 279; 2; 1; 141
275; 188; 1; 2; 146
190; 188; 1; 2; 155
193; 207; 2; 1; 156
271; 337; 1; 2; 164
191; 225; 1; 2; 167
340; 338; 2; 1; 169
312; 273; 1; 2; 182
198; 326; 2; 1; 187
301; 261; 1; 2; 213
244; 308; 1; 2; 217
314; 324; 1; 2; 225
249; 339; 1; 2; 234
220; 322; 1; 2; 239
195; 274; 1; 2; 255
261; 226; 2; 1; 257
200; 232; 1; 2; 272
228; 337; 2; 1; 277
310; 298; 2; 1; 282
288; 202; 2; 1; 288
295; 254; 1; 2; 295
302; 215; 2; 1; 315
215; 323; 1; 2; 323
343; 323; 1; 2; 339
253; 212; 1; 2; 355
240; 222; 2; 1; 359
273; 320; 1; 2; 362
329; 250; 1; 2; 367
203; 229; 1; 2; 369
327; 339; 1; 2; 373
211; 323; 2; 1; 375
309; 284; 1; 2; 380
235; 222; 2; 1; 380
280; 290; 1; 2; 381
250; 289; 2; 1; 381
266; 291; 2; 1; 386
205; 280; 1; 2; 386
259; 340; 2; 1; 407
316; 305; 1; 2; 411
255; 258; 2; 1; 411
285; 307; 1; 2; 423
234; 330; 1; 2; 427
292; 255; 1; 2; 438
312; 297; 2; 1; 453
311; 314; 2; 1; 461
201; 260; 1; 2; 464
331; 264; 1; 2; 471
273; 227; 1; 2; 472
215; 241; 1; 2; 479
278; 276; 2; 1; 485
291; 307; 1; 2; 491
188; 335; 1; 2; 492
332; 240; 1; 2; 494
190; 341; 1; 2; 496
259; 261; 1; 2; 505
20
13; 1; 4; 142
19; 1; 31; 939
18; 1; 49; 2398
5; 1; 43; 3750
14; 1; 12; 3847
0; 1; 3; 5259
16; 1; 28; 6585
2; 1; 15; 7032
3; 1; 36; 7064
9; 1; 11; 7609
8; 1; 27; 7698
7; 1; 40; 11287
15; 1; 38; 11556
12; 1; 17; 12387
4; 1; 29; 16067
11; 1; 16; 17076
17; 1; 48; 17314
6; 1; 46; 20082
10; 1; 42; 20152
1; 1; 24; 21388
