**** 415 ****
87
186; 189; 2; 1; 5
234; 325; 2; 1; 6
319; 281; 2; 1; 23
289; 216; 2; 1; 36
306; 201; 2; 1; 38
313; 284; 1; 2; 45
301; 313; 1; 2; 48
285; 295; 2; 1; 58
274; 325; 2; 1; 69
264; 271; 2; 1; 70
225; 294; 1; 2; 110
219; 299; 1; 2; 114
316; 291; 1; 2; 120
207; 246; 2; 1; 126
308; 274; 2; 1; 127
257; 226; 1; 2; 134
229; 257; 2; 1; 137
232; 190; 1; 2; 138
233; 321; 2; 1; 139
218; 238; 2; 1; 140
307; 321; 1; 2; 145
269; 262; 2; 1; 151
286; 260; 2; 1; 162
293; 194; 1; 2; 177
334; 271; 1; 2; 196
225; 285; 1; 2; 198
285; 234; 1; 2; 205
192; 320; 1; 2; 205
236; 287; 1; 2; 208
261; 230; 2; 1; 209
207; 235; 2; 1; 212
209; 212; 1; 2; 220
334; 333; 1; 2; 220
207; 191; 2; 1; 223
268; 256; 2; 1; 223
263; 343; 2; 1; 227
330; 301; 2; 1; 228
214; 214; 2; 1; 235
299; 293; 2; 1; 239
247; 305; 1; 2; 246
229; 318; 2; 1; 255
276; 248; 2; 1; 266
332; 299; 2; 1; 272
306; 219; 2; 1; 273
269; 233; 2; 1; 273
260; 340; 1; 2; 294
209; 238; 2; 1; 296
198; 220; 1; 2; 297
224; 229; 2; 1; 300
237; 258; 1; 2; 302
344; 236; 2; 1; 308
221; 192; 2; 1; 328
305; 333; 2; 1; 328
301; 228; 1; 2; 330
329; 283; 2; 1; 335
290; 213; 1; 2; 339
221; 293; 1; 2; 339
330; 302; 2; 1; 356
190; 305; 1; 2; 370
336; 246; 2; 1; 375
280; 205; 1; 2; 391
322; 260; 1; 2; 396
241; 271; 1; 2; 399
264; 310; 2; 1; 399
251; 328; 2; 1; 399
299; 189; 2; 1; 414
304; 268; 2; 1; 417
310; 257; 2; 1; 418
270; 249; 2; 1; 422
241; 300; 2; 1; 423
219; 240; 2; 1; 424
283; 206; 2; 1; 441
340; 215; 1; 2; 458
293; 262; 2; 1; 466
272; 273; 2; 1; 481
276; 197; 1; 2; 483
291; 282; 1; 2; 484
269; 193; 1; 2; 486
295; 298; 2; 1; 488
189; 308; 2; 1; 491
238; 305; 1; 2; 496
308; 263; 1; 2; 496
269; 328; 1; 2; 501
234; 339; 2; 1; 504
194; 250; 1; 2; 509
321; 340; 2; 1; 509
304; 211; 1; 2; 509
20
1; 1; 24; 298
9; 1; 45; 1192
15; 1; 23; 1426
12; 1; 28; 2199
5; 1; 10; 4370
3; 1; 20; 6352
11; 1; 1; 7137
18; 1; 48; 8186
17; 1; 34; 8753
4; 1; 25; 9443
7; 1; 17; 9673
16; 1; 8; 10433
2; 1; 40; 11913
13; 1; 19; 13495
19; 1; 30; 14672
6; 1; 36; 17520
10; 1; 18; 17886
14; 1; 48; 20411
8; 1; 46; 20539
0; 1; 43; 21255
