**** 416 ****
87
319; 188; 1; 2; 5
263; 277; 2; 1; 8
297; 288; 1; 2; 11
223; 320; 1; 2; 15
192; 233; 1; 2; 16
246; 317; 1; 2; 22
296; 265; 2; 1; 24
193; 248; 2; 1; 25
284; 296; 2; 1; 35
290; 272; 2; 1; 36
308; 192; 1; 2; 41
313; 269; 1; 2; 48
239; 193; 1; 2; 49
214; 207; 2; 1; 59
301; 188; 2; 1; 62
204; 250; 2; 1; 70
249; 245; 1; 2; 72
231; 300; 2; 1; 72
223; 315; 1; 2; 77
292; 247; 1; 2; 80
224; 333; 1; 2; 85
285; 235; 1; 2; 88
299; 254; 1; 2; 99
247; 255; 1; 2; 102
231; 326; 1; 2; 104
255; 205; 1; 2; 109
287; 237; 1; 2; 121
311; 215; 2; 1; 137
230; 273; 2; 1; 144
343; 325; 2; 1; 146
204; 198; 2; 1; 147
236; 243; 1; 2; 154
261; 205; 2; 1; 164
271; 300; 1; 2; 188
199; 311; 2; 1; 190
291; 225; 1; 2; 199
315; 221; 1; 2; 205
267; 241; 2; 1; 210
268; 253; 2; 1; 218
301; 193; 2; 1; 219
205; 307; 2; 1; 224
214; 312; 1; 2; 229
323; 280; 2; 1; 234
329; 265; 2; 1; 237
198; 311; 1; 2; 242
199; 293; 1; 2; 245
190; 221; 2; 1; 260
232; 229; 1; 2; 267
336; 202; 2; 1; 269
202; 313; 2; 1; 278
334; 246; 1; 2; 282
326; 220; 1; 2; 287
273; 311; 1; 2; 296
269; 236; 1; 2; 296
325; 239; 1; 2; 297
223; 202; 1; 2; 319
244; 258; 2; 1; 326
190; 200; 2; 1; 343
243; 338; 2; 1; 351
314; 271; 1; 2; 352
266; 187; 1; 2; 362
315; 287; 2; 1; 363
321; 202; 2; 1; 371
226; 271; 1; 2; 373
295; 335; 1; 2; 375
335; 191; 2; 1; 379
291; 189; 1; 2; 381
220; 218; 2; 1; 391
329; 259; 2; 1; 397
301; 237; 1; 2; 408
298; 289; 1; 2; 415
192; 215; 1; 2; 426
271; 205; 1; 2; 428
238; 278; 1; 2; 432
187; 339; 2; 1; 435
198; 247; 1; 2; 437
325; 339; 2; 1; 442
233; 298; 1; 2; 453
291; 219; 2; 1; 468
190; 310; 1; 2; 491
286; 279; 1; 2; 492
301; 280; 1; 2; 499
342; 282; 2; 1; 507
299; 337; 2; 1; 508
328; 290; 1; 2; 508
242; 287; 1; 2; 513
278; 325; 2; 1; 513
20
2; 1; 21; 5099
1; 1; 20; 7483
15; 1; 27; 8550
3; 1; 40; 9157
16; 1; 28; 13063
12; 1; 49; 14162
6; 1; 28; 14304
13; 1; 7; 14875
5; 1; 31; 15910
19; 1; 25; 16464
0; 1; 23; 16844
14; 1; 4; 17132
10; 1; 40; 18674
8; 1; 4; 19370
11; 1; 18; 19984
17; 1; 28; 21074
4; 1; 7; 22028
7; 1; 20; 22039
9; 1; 46; 22165
18; 1; 11; 23114
