**** 417 ****
87
239; 338; 2; 1; 0
193; 218; 2; 1; 19
322; 270; 1; 2; 20
315; 194; 1; 2; 25
219; 186; 2; 1; 28
257; 288; 2; 1; 43
315; 310; 2; 1; 50
325; 344; 2; 1; 53
321; 222; 2; 1; 63
296; 286; 2; 1; 64
296; 202; 2; 1; 66
225; 290; 2; 1; 68
239; 332; 2; 1; 88
318; 262; 1; 2; 91
284; 188; 2; 1; 92
242; 250; 2; 1; 98
258; 234; 2; 1; 109
240; 218; 1; 2; 124
280; 212; 1; 2; 125
324; 253; 1; 2; 148
284; 263; 1; 2; 158
329; 305; 2; 1; 160
328; 256; 2; 1; 171
298; 323; 1; 2; 176
226; 320; 2; 1; 178
211; 193; 2; 1; 178
283; 199; 2; 1; 195
258; 284; 2; 1; 205
215; 304; 2; 1; 207
244; 221; 1; 2; 208
333; 206; 2; 1; 209
261; 263; 2; 1; 213
289; 271; 1; 2; 214
230; 287; 2; 1; 215
313; 341; 2; 1; 216
341; 246; 2; 1; 217
329; 249; 1; 2; 223
289; 288; 2; 1; 232
199; 188; 1; 2; 240
287; 307; 1; 2; 248
318; 314; 1; 2; 251
237; 197; 1; 2; 259
190; 207; 2; 1; 263
342; 226; 2; 1; 267
318; 320; 1; 2; 274
321; 273; 1; 2; 280
209; 277; 1; 2; 282
269; 342; 1; 2; 289
215; 335; 2; 1; 307
304; 195; 1; 2; 308
230; 315; 2; 1; 317
219; 245; 1; 2; 323
230; 261; 2; 1; 325
297; 218; 1; 2; 326
224; 336; 2; 1; 345
288; 309; 1; 2; 346
316; 254; 1; 2; 346
257; 345; 2; 1; 362
255; 247; 2; 1; 378
290; 332; 1; 2; 379
250; 269; 2; 1; 397
225; 227; 2; 1; 397
240; 345; 1; 2; 404
317; 222; 2; 1; 415
276; 250; 1; 2; 419
259; 317; 2; 1; 420
306; 277; 2; 1; 422
296; 259; 1; 2; 424
186; 274; 1; 2; 428
317; 310; 1; 2; 433
343; 221; 1; 2; 435
198; 266; 2; 1; 439
300; 187; 1; 2; 441
186; 241; 1; 2; 443
313; 307; 1; 2; 450
301; 283; 2; 1; 457
207; 330; 2; 1; 463
290; 272; 1; 2; 471
189; 333; 2; 1; 472
326; 337; 1; 2; 475
340; 196; 2; 1; 484
229; 240; 1; 2; 485
226; 196; 2; 1; 493
324; 303; 2; 1; 502
342; 309; 2; 1; 505
342; 252; 2; 1; 505
337; 188; 1; 2; 510
20
0; 1; 39; 25
9; 1; 36; 76
4; 1; 41; 740
12; 1; 47; 972
14; 1; 33; 1328
15; 1; 37; 1480
19; 1; 28; 1557
3; 1; 16; 2129
17; 1; 49; 6221
2; 1; 38; 9393
7; 1; 40; 9781
5; 1; 38; 11466
10; 1; 36; 11892
11; 1; 18; 12107
18; 1; 46; 12445
13; 1; 33; 18325
1; 1; 44; 19324
16; 1; 1; 20919
8; 1; 33; 23277
6; 1; 16; 23662
