**** 418 ****
88
334; 291; 1; 2; 15
281; 196; 2; 1; 18
260; 282; 2; 1; 27
253; 341; 1; 2; 30
274; 319; 2; 1; 35
345; 318; 1; 2; 39
285; 283; 1; 2; 40
237; 293; 1; 2; 41
236; 193; 2; 1; 44
334; 262; 2; 1; 53
203; 300; 1; 2; 56
293; 223; 1; 2; 59
321; 337; 2; 1; 69
201; 267; 1; 2; 78
343; 300; 2; 1; 85
331; 344; 2; 1; 91
261; 306; 1; 2; 94
324; 266; 2; 1; 105
257; 303; 1; 2; 113
217; 259; 1; 2; 113
250; 273; 2; 1; 114
279; 239; 2; 1; 122
273; 230; 2; 1; 127
192; 263; 2; 1; 129
279; 207; 1; 2; 135
300; 208; 2; 1; 138
312; 295; 1; 2; 140
316; 194; 1; 2; 144
351; 342; 1; 2; 151
254; 318; 1; 2; 153
330; 231; 2; 1; 161
279; 197; 1; 2; 166
234; 286; 1; 2; 169
254; 330; 1; 2; 171
247; 259; 2; 1; 179
224; 265; 1; 2; 185
288; 282; 1; 2; 188
270; 273; 2; 1; 188
250; 248; 1; 2; 188
314; 334; 2; 1; 193
324; 216; 2; 1; 193
251; 259; 2; 1; 195
216; 193; 2; 1; 200
213; 272; 1; 2; 227
242; 205; 1; 2; 238
255; 328; 1; 2; 241
211; 234; 2; 1; 253
223; 279; 2; 1; 257
262; 196; 1; 2; 257
287; 347; 2; 1; 266
274; 328; 2; 1; 274
290; 321; 1; 2; 284
311; 212; 2; 1; 285
304; 288; 1; 2; 296
233; 205; 1; 2; 297
311; 212; 1; 2; 298
217; 347; 2; 1; 300
278; 323; 1; 2; 309
241; 274; 2; 1; 310
211; 287; 1; 2; 313
311; 250; 2; 1; 319
341; 352; 2; 1; 322
198; 242; 2; 1; 326
209; 263; 1; 2; 328
304; 240; 1; 2; 332
206; 334; 1; 2; 334
215; 304; 1; 2; 338
218; 209; 2; 1; 353
353; 326; 1; 2; 367
202; 346; 2; 1; 379
334; 335; 2; 1; 379
278; 324; 1; 2; 406
330; 302; 2; 1; 410
244; 311; 1; 2; 411
348; 219; 1; 2; 413
225; 239; 2; 1; 414
218; 333; 1; 2; 417
349; 300; 2; 1; 424
197; 343; 1; 2; 432
323; 246; 2; 1; 438
335; 263; 2; 1; 438
244; 291; 2; 1; 442
214; 277; 2; 1; 471
345; 276; 1; 2; 483
315; 305; 2; 1; 483
327; 262; 1; 2; 493
349; 268; 1; 2; 501
220; 218; 1; 2; 507
20
10; 1; 39; 26
4; 1; 5; 452
7; 1; 42; 1471
17; 1; 8; 1649
2; 1; 10; 3745
1; 1; 12; 4285
11; 1; 37; 5058
18; 1; 28; 8631
19; 1; 39; 8784
6; 1; 2; 9244
3; 1; 35; 10530
0; 1; 19; 13403
5; 1; 22; 13637
8; 1; 34; 13743
14; 1; 19; 13995
15; 1; 11; 15767
13; 1; 23; 17171
16; 1; 19; 17430
9; 1; 29; 20152
12; 1; 7; 22059
