**** 419 ****
88
204; 237; 1; 2; 2
206; 255; 1; 2; 9
307; 319; 1; 2; 10
203; 194; 2; 1; 13
259; 217; 1; 2; 17
246; 267; 1; 2; 21
192; 351; 2; 1; 23
311; 255; 1; 2; 24
263; 198; 2; 1; 26
246; 199; 2; 1; 26
323; 273; 1; 2; 27
290; 320; 2; 1; 37
242; 320; 1; 2; 41
353; 275; 1; 2; 45
270; 351; 1; 2; 48
341; 338; 1; 2; 49
222; 317; 1; 2; 59
260; 226; 1; 2; 74
302; 307; 2; 1; 77
294; 299; 1; 2; 81
270; 192; 1; 2; 83
215; 303; 1; 2; 85
260; 289; 2; 1; 88
207; 221; 1; 2; 90
345; 212; 1; 2; 97
201; 324; 2; 1; 119
267; 303; 1; 2; 119
273; 207; 2; 1; 121
233; 214; 1; 2; 123
214; 219; 2; 1; 140
194; 285; 1; 2; 147
316; 220; 2; 1; 165
274; 318; 1; 2; 175
227; 218; 1; 2; 181
215; 227; 2; 1; 188
271; 207; 2; 1; 189
274; 281; 1; 2; 192
197; 251; 2; 1; 196
226; 325; 2; 1; 197
223; 325; 1; 2; 206
274; 323; 2; 1; 222
291; 269; 2; 1; 227
336; 296; 1; 2; 228
265; 264; 1; 2; 237
322; 308; 2; 1; 238
227; 287; 2; 1; 242
353; 255; 2; 1; 245
323; 328; 2; 1; 256
344; 209; 1; 2; 270
337; 325; 2; 1; 274
240; 199; 2; 1; 277
315; 247; 1; 2; 282
235; 302; 2; 1; 295
295; 295; 2; 1; 296
308; 283; 2; 1; 301
338; 202; 1; 2; 317
300; 295; 2; 1; 319
281; 253; 1; 2; 322
209; 204; 1; 2; 330
253; 278; 2; 1; 338
281; 225; 1; 2; 345
328; 319; 2; 1; 350
241; 273; 2; 1; 361
288; 310; 1; 2; 369
234; 276; 1; 2; 375
329; 215; 2; 1; 378
215; 240; 2; 1; 383
284; 304; 1; 2; 384
308; 318; 2; 1; 392
281; 333; 2; 1; 399
228; 258; 1; 2; 402
352; 307; 2; 1; 415
248; 261; 1; 2; 415
334; 353; 1; 2; 419
324; 320; 1; 2; 421
289; 350; 2; 1; 433
335; 300; 1; 2; 434
250; 324; 2; 1; 439
287; 223; 1; 2; 441
331; 277; 1; 2; 441
271; 252; 2; 1; 486
275; 237; 2; 1; 489
269; 265; 1; 2; 499
333; 245; 2; 1; 502
205; 265; 2; 1; 510
266; 270; 2; 1; 512
329; 349; 2; 1; 517
350; 297; 2; 1; 517
20
12; 1; 38; 947
17; 1; 41; 1091
0; 1; 49; 1916
3; 1; 49; 2763
10; 1; 19; 5618
19; 1; 4; 7252
11; 1; 36; 7293
7; 1; 39; 7517
2; 1; 35; 8808
16; 1; 31; 9546
8; 1; 4; 10147
18; 1; 19; 10498
5; 1; 37; 14640
15; 1; 17; 15125
13; 1; 18; 15235
14; 1; 31; 15267
1; 1; 23; 18113
4; 1; 17; 19431
6; 1; 32; 20106
9; 1; 46; 20983
