**** 42 ****
53
71; 23; 1; 2; 1
71; 54; 2; 1; 3
38; 58; 2; 1; 4
68; 35; 2; 1; 4
28; 56; 1; 2; 5
22; 60; 1; 2; 6
39; 65; 2; 1; 7
70; 65; 2; 1; 9
53; 45; 1; 2; 15
66; 66; 1; 2; 17
57; 53; 2; 1; 17
48; 50; 1; 2; 21
23; 43; 2; 1; 21
39; 62; 2; 1; 35
58; 20; 2; 1; 36
71; 17; 1; 2; 37
35; 73; 1; 2; 39
48; 59; 2; 1; 44
69; 20; 2; 1; 44
28; 42; 1; 2; 51
19; 20; 1; 2; 55
33; 52; 2; 1; 56
41; 21; 2; 1; 56
60; 24; 1; 2; 57
56; 57; 2; 1; 62
53; 35; 2; 1; 69
63; 26; 1; 2; 70
62; 48; 1; 2; 73
33; 47; 1; 2; 77
48; 63; 1; 2; 80
38; 68; 2; 1; 81
20; 42; 2; 1; 86
56; 64; 2; 1; 86
50; 25; 1; 2; 90
35; 42; 1; 2; 90
18; 55; 1; 2; 91
46; 32; 1; 2; 92
22; 22; 2; 1; 94
54; 69; 1; 2; 98
33; 29; 1; 2; 105
65; 50; 1; 2; 106
38; 52; 1; 2; 108
19; 72; 1; 2; 111
63; 25; 2; 1; 112
65; 35; 1; 2; 112
62; 63; 1; 2; 115
26; 72; 1; 2; 120
26; 49; 2; 1; 122
48; 40; 2; 1; 125
56; 55; 2; 1; 128
32; 72; 1; 2; 135
46; 37; 2; 1; 139
29; 63; 1; 2; 140
13
0; 1; 17; 86
3; 1; 7; 285
7; 1; 9; 431
10; 1; 48; 532
11; 1; 30; 766
2; 1; 43; 1073
1; 1; 39; 1508
9; 1; 38; 1588
8; 1; 32; 1997
5; 1; 40; 2043
6; 1; 20; 2240
4; 1; 27; 2546
12; 1; 26; 2592
