**** 420 ****
88
305; 246; 2; 1; 9
227; 192; 2; 1; 10
334; 254; 2; 1; 23
203; 235; 1; 2; 26
207; 235; 1; 2; 27
238; 231; 2; 1; 34
341; 317; 1; 2; 41
271; 272; 2; 1; 43
274; 328; 1; 2; 51
197; 204; 1; 2; 57
313; 270; 1; 2; 64
347; 216; 2; 1; 72
286; 268; 1; 2; 73
297; 294; 2; 1; 79
228; 222; 2; 1; 83
301; 331; 2; 1; 92
259; 248; 2; 1; 95
229; 277; 1; 2; 106
233; 347; 1; 2; 115
200; 297; 1; 2; 123
301; 203; 1; 2; 124
217; 211; 2; 1; 132
279; 201; 1; 2; 138
285; 230; 2; 1; 144
207; 300; 2; 1; 145
302; 326; 2; 1; 151
341; 246; 1; 2; 161
227; 290; 1; 2; 161
315; 220; 1; 2; 172
258; 308; 1; 2; 174
230; 244; 1; 2; 175
347; 224; 2; 1; 180
313; 302; 1; 2; 185
350; 267; 1; 2; 219
194; 274; 2; 1; 227
297; 272; 1; 2; 240
201; 243; 2; 1; 242
341; 325; 1; 2; 245
304; 283; 2; 1; 250
281; 208; 1; 2; 251
306; 346; 2; 1; 252
225; 255; 2; 1; 263
201; 262; 1; 2; 275
223; 312; 2; 1; 276
278; 199; 2; 1; 291
242; 317; 2; 1; 294
247; 259; 2; 1; 297
210; 230; 2; 1; 302
252; 244; 2; 1; 303
350; 241; 2; 1; 304
290; 291; 2; 1; 314
299; 202; 2; 1; 316
247; 268; 2; 1; 318
279; 317; 1; 2; 320
285; 284; 2; 1; 321
245; 316; 1; 2; 347
256; 274; 1; 2; 347
267; 273; 1; 2; 352
223; 251; 1; 2; 363
343; 296; 1; 2; 369
264; 311; 1; 2; 374
308; 262; 1; 2; 374
230; 272; 2; 1; 380
279; 276; 2; 1; 383
208; 302; 2; 1; 394
202; 232; 2; 1; 397
342; 287; 2; 1; 399
340; 327; 1; 2; 403
296; 257; 2; 1; 406
322; 213; 2; 1; 410
257; 310; 1; 2; 416
207; 193; 2; 1; 418
197; 295; 2; 1; 427
260; 337; 1; 2; 443
298; 199; 2; 1; 449
212; 323; 1; 2; 452
268; 230; 1; 2; 466
233; 340; 2; 1; 467
211; 345; 1; 2; 468
283; 283; 2; 1; 471
192; 224; 1; 2; 485
209; 341; 1; 2; 492
248; 270; 2; 1; 497
218; 305; 1; 2; 503
274; 233; 2; 1; 506
226; 273; 2; 1; 509
298; 238; 1; 2; 515
198; 333; 1; 2; 517
20
10; 1; 27; 438
7; 1; 12; 822
6; 1; 22; 1268
2; 1; 10; 1379
12; 1; 16; 4544
19; 1; 19; 5103
13; 1; 9; 5204
8; 1; 7; 7838
3; 1; 21; 8857
0; 1; 41; 11202
9; 1; 31; 11405
5; 1; 36; 15339
15; 1; 41; 19666
1; 1; 6; 20146
16; 1; 6; 20461
11; 1; 42; 20533
4; 1; 44; 20623
17; 1; 34; 20806
18; 1; 20; 21815
14; 1; 12; 21907
