**** 421 ****
88
344; 221; 2; 1; 0
254; 238; 2; 1; 2
302; 304; 1; 2; 3
339; 288; 1; 2; 16
317; 250; 2; 1; 24
336; 204; 1; 2; 35
307; 196; 2; 1; 35
287; 264; 2; 1; 42
339; 274; 1; 2; 47
315; 274; 2; 1; 55
342; 241; 2; 1; 59
248; 196; 1; 2; 65
237; 262; 1; 2; 68
248; 273; 2; 1; 73
222; 280; 1; 2; 79
232; 245; 2; 1; 84
193; 350; 1; 2; 99
258; 345; 1; 2; 109
205; 228; 1; 2; 113
244; 228; 1; 2; 113
292; 316; 1; 2; 118
239; 237; 2; 1; 119
275; 272; 1; 2; 119
217; 321; 2; 1; 135
338; 344; 2; 1; 146
218; 244; 1; 2; 153
232; 299; 2; 1; 157
343; 287; 1; 2; 158
265; 265; 2; 1; 163
220; 323; 2; 1; 170
282; 261; 2; 1; 179
252; 269; 1; 2; 181
239; 302; 1; 2; 181
345; 352; 2; 1; 182
216; 333; 1; 2; 188
206; 275; 2; 1; 194
237; 191; 2; 1; 197
264; 228; 1; 2; 200
200; 288; 1; 2; 204
277; 304; 1; 2; 211
244; 254; 2; 1; 218
271; 282; 2; 1; 231
232; 195; 2; 1; 242
280; 206; 1; 2; 245
195; 270; 1; 2; 250
299; 243; 2; 1; 253
275; 231; 2; 1; 256
278; 312; 2; 1; 256
277; 330; 2; 1; 264
262; 217; 2; 1; 264
299; 300; 2; 1; 266
193; 224; 2; 1; 267
240; 310; 2; 1; 268
344; 346; 2; 1; 288
261; 327; 2; 1; 295
225; 277; 2; 1; 298
341; 289; 1; 2; 302
318; 192; 2; 1; 312
224; 249; 1; 2; 326
306; 215; 2; 1; 326
257; 297; 1; 2; 339
268; 239; 1; 2; 342
204; 316; 2; 1; 346
208; 279; 2; 1; 348
267; 202; 1; 2; 350
210; 344; 2; 1; 357
342; 250; 2; 1; 364
265; 308; 1; 2; 365
312; 338; 1; 2; 369
253; 346; 2; 1; 379
293; 206; 1; 2; 380
225; 263; 2; 1; 382
284; 196; 1; 2; 396
221; 276; 1; 2; 398
274; 270; 2; 1; 405
310; 244; 2; 1; 406
194; 222; 2; 1; 420
350; 349; 2; 1; 433
294; 243; 2; 1; 437
307; 261; 1; 2; 448
192; 286; 1; 2; 451
257; 248; 2; 1; 464
259; 255; 2; 1; 468
191; 306; 1; 2; 485
352; 332; 1; 2; 496
317; 302; 1; 2; 499
281; 255; 2; 1; 506
312; 352; 2; 1; 513
20
18; 1; 25; 210
8; 1; 20; 488
13; 1; 47; 672
6; 1; 12; 2679
9; 1; 45; 3472
16; 1; 6; 4480
19; 1; 11; 4516
7; 1; 13; 5164
5; 1; 21; 5272
10; 1; 35; 7791
12; 1; 31; 8108
2; 1; 42; 10151
14; 1; 35; 10560
4; 1; 33; 11789
3; 1; 45; 16275
17; 1; 40; 18901
0; 1; 7; 19375
1; 1; 43; 21946
11; 1; 33; 22072
15; 1; 32; 23279
