**** 422 ****
88
289; 337; 2; 1; 4
275; 280; 1; 2; 6
330; 272; 2; 1; 7
262; 218; 2; 1; 9
308; 240; 2; 1; 12
259; 305; 2; 1; 13
244; 240; 1; 2; 21
222; 233; 1; 2; 28
330; 351; 2; 1; 42
221; 353; 1; 2; 46
264; 214; 1; 2; 54
215; 301; 1; 2; 55
325; 282; 1; 2; 61
294; 201; 2; 1; 72
274; 349; 2; 1; 86
333; 197; 1; 2; 95
259; 218; 2; 1; 104
236; 223; 2; 1; 108
325; 328; 2; 1; 120
346; 223; 1; 2; 128
323; 231; 1; 2; 130
325; 328; 2; 1; 136
312; 265; 2; 1; 137
349; 313; 2; 1; 152
283; 344; 2; 1; 160
307; 350; 1; 2; 165
297; 328; 2; 1; 183
307; 246; 1; 2; 184
332; 207; 2; 1; 184
243; 319; 2; 1; 193
255; 221; 1; 2; 214
213; 242; 2; 1; 218
304; 326; 2; 1; 219
253; 305; 1; 2; 222
305; 226; 1; 2; 225
290; 224; 2; 1; 229
308; 228; 2; 1; 233
300; 314; 1; 2; 244
284; 304; 2; 1; 261
325; 249; 1; 2; 265
333; 249; 1; 2; 267
210; 325; 2; 1; 267
233; 291; 1; 2; 268
289; 326; 2; 1; 270
223; 302; 1; 2; 278
258; 293; 2; 1; 283
326; 257; 1; 2; 284
285; 315; 1; 2; 289
262; 210; 2; 1; 298
215; 237; 1; 2; 305
342; 218; 2; 1; 313
263; 221; 2; 1; 314
329; 340; 2; 1; 315
202; 273; 2; 1; 317
276; 269; 1; 2; 318
225; 348; 1; 2; 324
324; 198; 2; 1; 328
251; 258; 1; 2; 330
219; 284; 2; 1; 332
258; 330; 2; 1; 335
272; 193; 2; 1; 338
193; 264; 2; 1; 338
235; 304; 2; 1; 338
267; 329; 2; 1; 342
330; 281; 2; 1; 344
197; 331; 2; 1; 352
312; 265; 2; 1; 375
242; 224; 1; 2; 379
262; 332; 1; 2; 383
238; 207; 2; 1; 395
297; 295; 2; 1; 397
332; 252; 1; 2; 398
203; 284; 1; 2; 398
266; 279; 2; 1; 402
232; 323; 2; 1; 409
296; 272; 1; 2; 424
213; 293; 2; 1; 426
273; 346; 1; 2; 434
306; 274; 2; 1; 435
259; 287; 1; 2; 445
209; 200; 1; 2; 448
218; 343; 1; 2; 457
256; 283; 1; 2; 459
329; 343; 2; 1; 470
335; 225; 1; 2; 483
275; 194; 1; 2; 497
272; 300; 2; 1; 503
268; 307; 2; 1; 506
20
7; 1; 35; 725
13; 1; 47; 1567
1; 1; 8; 1770
4; 1; 34; 2594
6; 1; 24; 3607
10; 1; 18; 4534
18; 1; 3; 5751
15; 1; 6; 6471
17; 1; 21; 6979
0; 1; 1; 7083
5; 1; 36; 9566
11; 1; 5; 9606
12; 1; 26; 10700
16; 1; 18; 13677
14; 1; 15; 14206
9; 1; 18; 15818
2; 1; 22; 16267
3; 1; 23; 17651
8; 1; 21; 20313
19; 1; 11; 21090
