**** 423 ****
88
297; 266; 2; 1; 6
343; 226; 1; 2; 7
191; 207; 1; 2; 16
315; 211; 2; 1; 17
284; 294; 1; 2; 22
338; 277; 2; 1; 26
208; 250; 2; 1; 33
265; 233; 1; 2; 34
201; 339; 2; 1; 47
333; 206; 2; 1; 54
288; 191; 1; 2; 54
339; 192; 1; 2; 54
275; 267; 2; 1; 59
340; 230; 1; 2; 62
351; 291; 2; 1; 79
344; 313; 2; 1; 79
296; 215; 1; 2; 85
193; 329; 2; 1; 86
234; 205; 2; 1; 89
263; 309; 1; 2; 93
318; 257; 1; 2; 95
317; 288; 1; 2; 116
264; 279; 1; 2; 131
346; 310; 1; 2; 147
273; 298; 1; 2; 150
305; 239; 2; 1; 152
233; 266; 2; 1; 178
280; 333; 2; 1; 182
241; 292; 2; 1; 186
338; 201; 1; 2; 194
297; 289; 1; 2; 201
316; 313; 2; 1; 212
294; 285; 2; 1; 218
353; 237; 1; 2; 219
251; 216; 2; 1; 228
218; 222; 1; 2; 237
275; 320; 1; 2; 237
248; 205; 1; 2; 241
286; 235; 2; 1; 247
349; 316; 1; 2; 247
251; 228; 2; 1; 248
232; 258; 2; 1; 250
222; 322; 1; 2; 266
222; 288; 1; 2; 269
250; 320; 2; 1; 270
239; 348; 1; 2; 274
219; 222; 2; 1; 275
198; 291; 2; 1; 282
335; 272; 2; 1; 294
286; 295; 1; 2; 302
279; 344; 1; 2; 303
220; 238; 1; 2; 304
221; 329; 1; 2; 307
253; 260; 1; 2; 310
275; 245; 1; 2; 319
305; 267; 2; 1; 322
312; 353; 2; 1; 322
292; 222; 2; 1; 330
307; 282; 1; 2; 337
346; 208; 1; 2; 338
245; 311; 2; 1; 350
282; 324; 1; 2; 358
261; 332; 2; 1; 365
328; 245; 2; 1; 367
337; 242; 1; 2; 375
296; 313; 1; 2; 385
211; 332; 1; 2; 394
245; 269; 2; 1; 398
289; 232; 2; 1; 398
197; 222; 1; 2; 402
218; 260; 1; 2; 423
305; 281; 2; 1; 426
318; 316; 2; 1; 427
319; 192; 1; 2; 449
309; 330; 1; 2; 460
323; 225; 1; 2; 462
241; 301; 2; 1; 472
343; 315; 2; 1; 483
346; 329; 1; 2; 485
220; 301; 1; 2; 485
245; 198; 2; 1; 491
308; 283; 2; 1; 501
257; 284; 1; 2; 502
342; 264; 2; 1; 504
321; 304; 2; 1; 506
279; 307; 1; 2; 512
352; 239; 1; 2; 513
209; 201; 1; 2; 515
20
19; 1; 26; 161
1; 1; 1; 396
15; 1; 17; 3245
6; 1; 7; 5231
13; 1; 18; 5329
17; 1; 10; 7993
12; 1; 46; 8929
7; 1; 44; 9329
0; 1; 31; 9703
10; 1; 43; 10187
11; 1; 25; 12315
18; 1; 32; 12475
3; 1; 45; 12855
8; 1; 21; 16896
9; 1; 37; 17175
2; 1; 36; 17831
4; 1; 20; 18438
5; 1; 38; 21122
16; 1; 8; 23929
14; 1; 6; 24243
