**** 424 ****
88
215; 285; 1; 2; 0
274; 206; 1; 2; 1
291; 236; 1; 2; 8
206; 340; 2; 1; 10
273; 200; 2; 1; 15
318; 264; 1; 2; 21
340; 342; 2; 1; 27
237; 261; 2; 1; 30
325; 193; 2; 1; 31
279; 232; 2; 1; 50
207; 274; 1; 2; 54
307; 267; 1; 2; 72
297; 303; 1; 2; 75
332; 252; 2; 1; 93
285; 269; 2; 1; 94
197; 205; 2; 1; 103
193; 197; 2; 1; 117
302; 262; 1; 2; 120
206; 254; 1; 2; 123
338; 335; 1; 2; 124
278; 273; 1; 2; 125
320; 216; 2; 1; 125
266; 259; 1; 2; 132
344; 341; 2; 1; 133
309; 327; 1; 2; 133
340; 226; 1; 2; 157
270; 229; 1; 2; 168
310; 236; 1; 2; 172
215; 290; 2; 1; 174
277; 234; 1; 2; 179
237; 323; 2; 1; 181
228; 269; 1; 2; 193
326; 334; 2; 1; 194
196; 202; 1; 2; 194
337; 206; 1; 2; 196
195; 213; 2; 1; 200
194; 320; 1; 2; 202
318; 235; 2; 1; 204
218; 208; 1; 2; 205
344; 268; 2; 1; 207
282; 200; 2; 1; 209
257; 339; 1; 2; 211
299; 300; 1; 2; 219
332; 329; 1; 2; 228
280; 327; 1; 2; 234
314; 271; 1; 2; 244
318; 292; 1; 2; 249
320; 235; 2; 1; 257
284; 259; 2; 1; 261
294; 332; 1; 2; 278
250; 265; 2; 1; 287
346; 194; 1; 2; 301
199; 273; 2; 1; 308
268; 245; 1; 2; 317
202; 317; 1; 2; 318
303; 318; 2; 1; 320
349; 217; 2; 1; 320
330; 252; 1; 2; 327
206; 225; 1; 2; 332
262; 344; 2; 1; 337
287; 333; 1; 2; 347
219; 195; 2; 1; 361
303; 209; 2; 1; 367
250; 255; 1; 2; 377
233; 218; 1; 2; 388
348; 289; 2; 1; 388
240; 322; 2; 1; 393
197; 350; 1; 2; 407
351; 201; 2; 1; 417
217; 309; 1; 2; 420
254; 269; 1; 2; 421
202; 319; 2; 1; 426
327; 256; 2; 1; 427
286; 269; 2; 1; 435
281; 249; 1; 2; 438
270; 305; 1; 2; 444
222; 191; 1; 2; 444
253; 267; 1; 2; 451
338; 262; 1; 2; 459
242; 325; 2; 1; 461
349; 281; 2; 1; 480
323; 322; 1; 2; 490
320; 288; 2; 1; 493
261; 206; 1; 2; 504
284; 283; 1; 2; 508
216; 216; 1; 2; 514
218; 263; 1; 2; 516
297; 297; 1; 2; 522
20
16; 1; 49; 844
3; 1; 33; 1134
11; 1; 11; 3549
15; 1; 12; 5035
2; 1; 38; 5572
0; 1; 44; 7740
9; 1; 23; 8381
18; 1; 27; 9841
19; 1; 38; 10783
1; 1; 35; 10847
7; 1; 4; 10972
4; 1; 40; 11417
5; 1; 24; 11958
17; 1; 23; 14684
8; 1; 42; 15996
13; 1; 26; 17598
10; 1; 1; 17744
14; 1; 36; 18188
6; 1; 45; 21679
12; 1; 39; 24559
