**** 425 ****
88
294; 350; 1; 2; 12
259; 334; 1; 2; 13
337; 255; 2; 1; 17
342; 275; 2; 1; 22
234; 297; 1; 2; 30
216; 339; 2; 1; 35
230; 214; 1; 2; 44
279; 344; 2; 1; 47
352; 260; 2; 1; 55
241; 272; 1; 2; 61
260; 221; 2; 1; 93
239; 208; 2; 1; 98
318; 222; 1; 2; 104
235; 290; 1; 2; 105
330; 223; 2; 1; 107
345; 253; 2; 1; 118
349; 305; 2; 1; 118
332; 310; 2; 1; 119
256; 232; 1; 2; 120
244; 223; 1; 2; 135
329; 265; 2; 1; 137
267; 327; 2; 1; 142
259; 299; 2; 1; 146
346; 315; 2; 1; 154
212; 318; 1; 2; 154
287; 247; 1; 2; 155
264; 252; 2; 1; 159
324; 269; 2; 1; 160
314; 297; 2; 1; 166
280; 243; 1; 2; 177
345; 270; 2; 1; 184
349; 193; 1; 2; 191
217; 267; 2; 1; 196
295; 329; 2; 1; 224
307; 324; 2; 1; 224
209; 296; 2; 1; 226
316; 250; 1; 2; 229
218; 306; 1; 2; 232
344; 231; 2; 1; 234
315; 342; 2; 1; 237
276; 241; 1; 2; 242
342; 352; 1; 2; 244
272; 309; 1; 2; 247
327; 214; 1; 2; 253
206; 213; 2; 1; 254
222; 340; 2; 1; 262
226; 201; 2; 1; 282
329; 294; 1; 2; 298
207; 259; 2; 1; 300
250; 301; 1; 2; 307
277; 217; 1; 2; 307
308; 283; 2; 1; 310
301; 247; 1; 2; 313
291; 237; 1; 2; 315
322; 350; 1; 2; 325
285; 257; 2; 1; 330
201; 319; 1; 2; 331
197; 311; 1; 2; 333
258; 204; 1; 2; 333
288; 348; 1; 2; 335
208; 203; 1; 2; 341
201; 239; 2; 1; 342
223; 348; 1; 2; 346
199; 276; 1; 2; 360
322; 260; 1; 2; 368
274; 255; 1; 2; 369
226; 271; 1; 2; 370
252; 271; 2; 1; 378
279; 228; 1; 2; 379
252; 292; 1; 2; 386
302; 343; 1; 2; 386
227; 323; 1; 2; 391
340; 255; 1; 2; 406
353; 207; 2; 1; 407
233; 315; 2; 1; 412
260; 279; 1; 2; 417
243; 283; 2; 1; 426
243; 249; 1; 2; 430
320; 270; 2; 1; 446
223; 209; 1; 2; 452
287; 197; 2; 1; 459
352; 250; 1; 2; 479
254; 329; 2; 1; 502
341; 239; 1; 2; 504
272; 195; 2; 1; 504
221; 288; 2; 1; 514
242; 244; 2; 1; 522
248; 353; 2; 1; 522
20
8; 1; 39; 5738
3; 1; 34; 5896
9; 1; 10; 7400
18; 1; 12; 8117
1; 1; 13; 8814
14; 1; 44; 10340
2; 1; 13; 11552
7; 1; 25; 12171
6; 1; 44; 13331
5; 1; 30; 14753
19; 1; 15; 15555
17; 1; 33; 17637
15; 1; 34; 19489
10; 1; 25; 19572
0; 1; 13; 20493
11; 1; 8; 21260
12; 1; 9; 22213
13; 1; 21; 23203
4; 1; 48; 23291
16; 1; 2; 23575
