**** 426 ****
88
242; 304; 2; 1; 2
347; 271; 1; 2; 6
246; 310; 1; 2; 21
343; 306; 1; 2; 27
353; 202; 2; 1; 28
227; 275; 1; 2; 29
232; 232; 1; 2; 37
343; 203; 2; 1; 40
240; 208; 1; 2; 48
304; 233; 1; 2; 58
290; 248; 2; 1; 59
196; 226; 1; 2; 60
276; 289; 1; 2; 67
223; 314; 1; 2; 72
238; 319; 1; 2; 76
215; 248; 2; 1; 85
347; 214; 1; 2; 86
307; 233; 2; 1; 88
309; 218; 1; 2; 89
269; 310; 2; 1; 99
309; 292; 2; 1; 100
291; 244; 1; 2; 103
348; 330; 1; 2; 113
219; 230; 1; 2; 114
246; 202; 1; 2; 121
301; 231; 1; 2; 131
343; 287; 2; 1; 135
308; 232; 1; 2; 148
288; 319; 1; 2; 149
290; 292; 1; 2; 151
256; 253; 2; 1; 154
348; 322; 1; 2; 161
277; 258; 2; 1; 170
348; 335; 1; 2; 172
257; 347; 1; 2; 173
269; 324; 1; 2; 185
297; 282; 1; 2; 192
329; 287; 2; 1; 194
196; 279; 1; 2; 195
319; 347; 2; 1; 196
347; 350; 1; 2; 197
319; 334; 1; 2; 199
290; 301; 2; 1; 205
246; 228; 1; 2; 206
293; 216; 1; 2; 206
289; 349; 2; 1; 209
216; 220; 1; 2; 227
318; 331; 1; 2; 229
314; 228; 2; 1; 257
251; 352; 1; 2; 258
294; 276; 1; 2; 263
318; 284; 1; 2; 265
216; 352; 1; 2; 277
251; 274; 1; 2; 289
194; 321; 2; 1; 294
262; 231; 1; 2; 303
248; 289; 2; 1; 304
292; 201; 1; 2; 306
352; 208; 2; 1; 312
234; 352; 2; 1; 318
286; 234; 1; 2; 321
265; 220; 2; 1; 323
250; 299; 1; 2; 324
302; 304; 1; 2; 329
321; 258; 2; 1; 329
196; 296; 1; 2; 346
275; 343; 2; 1; 347
264; 308; 1; 2; 349
329; 205; 2; 1; 370
225; 304; 2; 1; 370
306; 295; 2; 1; 389
336; 257; 2; 1; 398
258; 333; 2; 1; 400
269; 312; 2; 1; 410
317; 192; 2; 1; 410
285; 289; 2; 1; 419
347; 201; 2; 1; 424
247; 301; 1; 2; 428
336; 250; 2; 1; 430
326; 221; 1; 2; 437
218; 301; 1; 2; 442
200; 280; 2; 1; 447
281; 263; 1; 2; 448
239; 296; 1; 2; 457
229; 212; 2; 1; 475
260; 246; 2; 1; 485
224; 346; 2; 1; 488
299; 214; 2; 1; 509
20
9; 1; 19; 851
8; 1; 39; 1593
6; 1; 49; 1771
12; 1; 41; 4140
4; 1; 24; 6689
5; 1; 41; 7283
7; 1; 36; 9325
1; 1; 48; 11693
16; 1; 10; 11743
17; 1; 39; 13926
18; 1; 24; 14687
15; 1; 48; 15300
10; 1; 20; 16289
19; 1; 21; 16849
2; 1; 31; 18816
0; 1; 48; 20441
3; 1; 30; 20869
13; 1; 46; 20979
14; 1; 7; 22542
11; 1; 49; 24563
