**** 427 ****
88
256; 330; 2; 1; 6
288; 231; 2; 1; 11
213; 245; 2; 1; 22
270; 211; 1; 2; 27
296; 231; 2; 1; 27
275; 330; 2; 1; 39
291; 242; 2; 1; 41
202; 257; 2; 1; 43
237; 240; 1; 2; 57
322; 240; 1; 2; 60
217; 260; 1; 2; 65
348; 238; 2; 1; 76
307; 222; 1; 2; 77
227; 306; 1; 2; 84
323; 325; 2; 1; 84
242; 201; 1; 2; 96
256; 293; 1; 2; 100
332; 327; 2; 1; 100
279; 194; 2; 1; 114
258; 335; 1; 2; 117
248; 337; 2; 1; 120
210; 220; 2; 1; 124
301; 273; 1; 2; 139
200; 262; 1; 2; 158
343; 209; 1; 2; 165
191; 201; 2; 1; 165
320; 350; 2; 1; 171
261; 318; 1; 2; 173
310; 223; 2; 1; 173
323; 348; 1; 2; 177
239; 204; 1; 2; 182
271; 226; 1; 2; 190
274; 277; 2; 1; 196
293; 208; 1; 2; 199
253; 231; 1; 2; 208
303; 296; 1; 2; 215
341; 339; 1; 2; 216
316; 231; 2; 1; 218
329; 260; 2; 1; 220
262; 348; 1; 2; 225
245; 339; 1; 2; 238
340; 261; 1; 2; 244
290; 343; 2; 1; 250
311; 218; 1; 2; 251
228; 284; 1; 2; 268
330; 276; 2; 1; 284
251; 227; 1; 2; 285
199; 310; 2; 1; 289
233; 202; 1; 2; 292
206; 238; 2; 1; 293
333; 346; 1; 2; 294
231; 284; 1; 2; 296
349; 259; 1; 2; 300
245; 295; 1; 2; 302
232; 272; 1; 2; 306
300; 294; 1; 2; 312
246; 298; 1; 2; 322
308; 327; 1; 2; 323
268; 269; 1; 2; 323
322; 238; 1; 2; 331
231; 207; 2; 1; 337
193; 288; 2; 1; 337
203; 199; 1; 2; 338
256; 301; 1; 2; 341
244; 252; 1; 2; 342
322; 249; 1; 2; 347
345; 278; 2; 1; 350
322; 243; 2; 1; 355
263; 248; 1; 2; 359
217; 349; 1; 2; 363
207; 193; 1; 2; 377
270; 272; 2; 1; 387
212; 285; 1; 2; 388
283; 318; 2; 1; 404
256; 272; 2; 1; 411
330; 278; 2; 1; 417
249; 314; 2; 1; 426
251; 320; 2; 1; 431
305; 191; 1; 2; 447
198; 202; 1; 2; 455
294; 210; 1; 2; 459
288; 267; 1; 2; 461
337; 223; 2; 1; 463
343; 270; 2; 1; 497
209; 229; 1; 2; 499
283; 220; 1; 2; 501
342; 267; 1; 2; 504
281; 295; 2; 1; 520
20
1; 1; 1; 645
11; 1; 21; 4196
0; 1; 25; 6129
17; 1; 33; 7356
14; 1; 24; 8320
18; 1; 37; 8961
10; 1; 15; 10377
16; 1; 24; 11139
9; 1; 32; 13799
2; 1; 35; 14952
5; 1; 19; 16620
13; 1; 40; 16883
3; 1; 6; 17432
6; 1; 43; 18989
8; 1; 36; 19535
12; 1; 16; 19607
4; 1; 46; 20318
7; 1; 33; 21200
19; 1; 46; 21427
15; 1; 49; 22028
