**** 428 ****
88
212; 237; 2; 1; 3
256; 254; 1; 2; 14
276; 350; 1; 2; 18
235; 303; 2; 1; 19
277; 220; 2; 1; 31
346; 329; 2; 1; 33
283; 328; 1; 2; 39
222; 243; 2; 1; 41
266; 347; 2; 1; 54
324; 252; 1; 2; 54
308; 198; 2; 1; 66
327; 333; 1; 2; 70
255; 349; 1; 2; 73
269; 285; 1; 2; 85
262; 279; 1; 2; 90
317; 212; 2; 1; 91
255; 285; 1; 2; 91
328; 244; 1; 2; 110
212; 350; 2; 1; 117
266; 203; 1; 2; 122
244; 349; 1; 2; 122
277; 223; 1; 2; 133
227; 337; 1; 2; 140
227; 246; 1; 2; 152
215; 321; 2; 1; 163
202; 251; 2; 1; 163
273; 303; 1; 2; 166
279; 230; 2; 1; 167
200; 282; 1; 2; 173
297; 319; 2; 1; 175
201; 262; 1; 2; 194
344; 350; 2; 1; 208
312; 254; 1; 2; 208
241; 210; 1; 2; 213
246; 237; 2; 1; 214
207; 296; 1; 2; 222
342; 280; 2; 1; 223
287; 241; 2; 1; 233
326; 305; 2; 1; 241
199; 314; 1; 2; 244
299; 311; 2; 1; 245
318; 329; 2; 1; 247
203; 222; 1; 2; 255
244; 270; 1; 2; 263
293; 216; 2; 1; 264
292; 250; 2; 1; 269
339; 240; 1; 2; 271
317; 273; 1; 2; 273
298; 230; 2; 1; 285
317; 324; 1; 2; 313
314; 244; 1; 2; 325
249; 316; 2; 1; 338
329; 253; 2; 1; 338
212; 334; 2; 1; 343
330; 323; 1; 2; 352
321; 310; 2; 1; 356
191; 333; 2; 1; 364
272; 333; 2; 1; 365
319; 192; 1; 2; 365
212; 199; 2; 1; 368
264; 345; 2; 1; 373
248; 253; 1; 2; 384
275; 237; 2; 1; 386
191; 266; 2; 1; 397
323; 248; 2; 1; 399
219; 278; 2; 1; 400
258; 344; 2; 1; 401
330; 216; 2; 1; 402
279; 235; 1; 2; 409
233; 292; 1; 2; 412
271; 315; 1; 2; 429
246; 307; 1; 2; 434
291; 249; 2; 1; 443
333; 191; 1; 2; 445
301; 297; 2; 1; 448
298; 227; 1; 2; 459
328; 294; 1; 2; 465
282; 266; 2; 1; 465
298; 254; 1; 2; 466
271; 338; 2; 1; 470
299; 334; 2; 1; 482
204; 318; 1; 2; 487
196; 305; 1; 2; 490
227; 316; 1; 2; 500
268; 235; 1; 2; 510
263; 237; 2; 1; 518
235; 201; 1; 2; 519
296; 335; 1; 2; 520
20
9; 1; 46; 1254
0; 1; 40; 5881
5; 1; 45; 6952
7; 1; 17; 8560
17; 1; 35; 8664
12; 1; 11; 8908
2; 1; 13; 9432
16; 1; 43; 9783
14; 1; 26; 10439
10; 1; 45; 12647
8; 1; 14; 12889
19; 1; 12; 13229
1; 1; 7; 13719
4; 1; 41; 15180
13; 1; 12; 15925
11; 1; 32; 17385
3; 1; 46; 20692
18; 1; 29; 20831
6; 1; 41; 22491
15; 1; 38; 23462
