**** 429 ****
89
204; 315; 1; 2; 0
305; 357; 2; 1; 8
253; 286; 2; 1; 9
219; 203; 2; 1; 14
202; 225; 1; 2; 19
316; 338; 2; 1; 22
196; 274; 2; 1; 33
214; 310; 2; 1; 34
328; 289; 1; 2; 36
206; 356; 2; 1; 43
324; 234; 2; 1; 45
318; 196; 1; 2; 47
336; 287; 2; 1; 47
303; 350; 2; 1; 48
352; 281; 1; 2; 48
236; 220; 1; 2; 54
276; 353; 2; 1; 89
299; 352; 2; 1; 96
356; 329; 1; 2; 103
254; 324; 1; 2; 111
309; 199; 1; 2; 133
299; 296; 2; 1; 133
261; 247; 2; 1; 135
337; 335; 1; 2; 136
212; 225; 1; 2; 144
248; 230; 1; 2; 145
236; 230; 1; 2; 147
220; 268; 2; 1; 158
321; 209; 1; 2; 158
287; 245; 2; 1; 162
294; 272; 1; 2; 168
327; 261; 2; 1; 174
298; 338; 1; 2; 178
343; 361; 1; 2; 181
203; 310; 1; 2; 189
349; 317; 2; 1; 210
315; 273; 1; 2; 211
358; 297; 1; 2; 222
270; 325; 1; 2; 225
205; 312; 1; 2; 232
359; 245; 2; 1; 236
259; 242; 1; 2; 238
314; 305; 1; 2; 242
258; 222; 2; 1; 257
197; 208; 2; 1; 257
340; 239; 2; 1; 269
329; 326; 2; 1; 271
289; 289; 2; 1; 277
328; 231; 1; 2; 281
275; 290; 2; 1; 287
345; 350; 2; 1; 299
296; 356; 1; 2; 306
256; 306; 2; 1; 309
235; 260; 1; 2; 314
265; 246; 1; 2; 323
361; 228; 2; 1; 324
230; 304; 2; 1; 334
236; 306; 2; 1; 338
305; 354; 2; 1; 347
206; 340; 1; 2; 357
297; 207; 1; 2; 363
218; 330; 2; 1; 364
205; 260; 2; 1; 376
248; 247; 1; 2; 376
221; 249; 2; 1; 377
320; 348; 1; 2; 392
360; 231; 1; 2; 405
238; 299; 2; 1; 407
282; 277; 1; 2; 422
267; 209; 2; 1; 426
303; 270; 1; 2; 427
232; 239; 1; 2; 427
197; 202; 1; 2; 429
235; 306; 2; 1; 435
275; 309; 1; 2; 435
331; 276; 2; 1; 438
204; 240; 1; 2; 439
266; 204; 2; 1; 446
236; 277; 2; 1; 472
221; 254; 1; 2; 473
255; 339; 1; 2; 476
314; 271; 1; 2; 487
219; 277; 1; 2; 489
209; 359; 2; 1; 494
346; 356; 2; 1; 503
283; 352; 2; 1; 508
319; 267; 2; 1; 521
283; 240; 2; 1; 523
215; 231; 1; 2; 525
20
15; 1; 16; 2247
4; 1; 47; 3004
12; 1; 42; 4187
16; 1; 8; 4345
6; 1; 33; 5949
18; 1; 7; 5989
9; 1; 32; 8695
7; 1; 35; 9000
17; 1; 13; 9973
10; 1; 11; 10492
8; 1; 48; 14033
3; 1; 3; 14221
14; 1; 10; 15645
2; 1; 22; 16236
5; 1; 39; 18178
13; 1; 44; 19007
1; 1; 48; 20661
11; 1; 46; 20769
0; 1; 45; 22854
19; 1; 17; 23671
