**** 43 ****
53
62; 28; 2; 1; 2
61; 69; 2; 1; 3
46; 48; 2; 1; 4
41; 38; 1; 2; 5
45; 24; 2; 1; 7
59; 35; 1; 2; 19
72; 49; 2; 1; 19
63; 22; 1; 2; 20
27; 50; 1; 2; 22
39; 31; 1; 2; 22
18; 30; 1; 2; 25
57; 44; 2; 1; 26
19; 51; 2; 1; 29
59; 32; 2; 1; 30
58; 69; 2; 1; 34
32; 34; 1; 2; 36
35; 56; 2; 1; 38
72; 46; 1; 2; 40
56; 29; 2; 1; 41
28; 32; 2; 1; 42
38; 60; 1; 2; 43
59; 66; 1; 2; 43
36; 24; 1; 2; 44
19; 45; 1; 2; 52
42; 41; 2; 1; 55
41; 33; 1; 2; 56
47; 72; 1; 2; 57
36; 68; 2; 1; 63
17; 58; 1; 2; 66
65; 71; 2; 1; 72
69; 70; 2; 1; 77
45; 26; 2; 1; 79
52; 52; 1; 2; 81
41; 43; 1; 2; 82
70; 60; 2; 1; 89
27; 49; 1; 2; 90
33; 43; 2; 1; 91
27; 60; 2; 1; 96
31; 62; 2; 1; 104
32; 19; 1; 2; 116
25; 70; 1; 2; 117
73; 62; 1; 2; 117
62; 35; 2; 1; 119
16; 20; 1; 2; 121
70; 52; 1; 2; 121
66; 26; 2; 1; 123
61; 37; 2; 1; 123
54; 64; 1; 2; 126
27; 20; 1; 2; 132
41; 66; 1; 2; 136
30; 68; 2; 1; 136
23; 69; 1; 2; 138
47; 42; 1; 2; 139
13
7; 1; 4; 305
12; 1; 17; 408
4; 1; 37; 708
2; 1; 47; 947
0; 1; 22; 999
9; 1; 13; 1033
10; 1; 24; 1251
11; 1; 29; 1305
5; 1; 44; 1592
6; 1; 6; 1640
8; 1; 15; 1647
3; 1; 48; 1678
1; 1; 28; 2344
