**** 430 ****
89
357; 276; 2; 1; 3
273; 308; 1; 2; 8
308; 262; 2; 1; 10
338; 227; 2; 1; 12
208; 303; 2; 1; 16
358; 277; 2; 1; 18
240; 345; 1; 2; 39
266; 269; 2; 1; 54
299; 317; 1; 2; 63
214; 301; 2; 1; 70
259; 339; 1; 2; 80
238; 325; 2; 1; 80
331; 201; 1; 2; 88
347; 232; 1; 2; 95
236; 262; 2; 1; 99
245; 197; 1; 2; 109
284; 329; 2; 1; 111
314; 342; 1; 2; 118
340; 202; 2; 1; 122
286; 216; 1; 2; 129
329; 211; 2; 1; 137
328; 219; 2; 1; 139
282; 242; 1; 2; 140
318; 333; 1; 2; 143
200; 268; 2; 1; 145
251; 323; 1; 2; 147
356; 218; 2; 1; 147
239; 222; 1; 2; 162
350; 250; 1; 2; 166
330; 267; 1; 2; 172
356; 321; 1; 2; 173
323; 355; 2; 1; 181
290; 197; 2; 1; 187
361; 358; 1; 2; 190
266; 229; 1; 2; 194
260; 322; 2; 1; 213
355; 338; 1; 2; 226
262; 335; 1; 2; 235
307; 238; 2; 1; 239
336; 287; 2; 1; 253
204; 329; 1; 2; 264
360; 324; 2; 1; 272
268; 239; 2; 1; 275
252; 239; 2; 1; 276
317; 202; 1; 2; 283
314; 242; 1; 2; 289
265; 222; 1; 2; 306
211; 339; 1; 2; 311
350; 298; 2; 1; 311
322; 328; 2; 1; 316
334; 300; 1; 2; 317
248; 337; 2; 1; 330
311; 266; 2; 1; 330
232; 307; 2; 1; 341
304; 249; 1; 2; 343
330; 234; 1; 2; 353
220; 202; 1; 2; 361
328; 233; 2; 1; 368
347; 223; 1; 2; 380
201; 251; 1; 2; 387
300; 327; 1; 2; 388
241; 214; 2; 1; 396
231; 273; 1; 2; 406
349; 204; 2; 1; 409
349; 220; 1; 2; 410
331; 344; 1; 2; 414
204; 338; 2; 1; 415
241; 342; 1; 2; 429
333; 296; 2; 1; 434
318; 207; 1; 2; 436
263; 287; 1; 2; 437
317; 312; 1; 2; 447
224; 267; 2; 1; 469
304; 215; 1; 2; 477
358; 275; 2; 1; 483
282; 235; 2; 1; 485
338; 336; 2; 1; 490
259; 204; 1; 2; 492
202; 358; 1; 2; 494
352; 299; 2; 1; 502
259; 225; 1; 2; 504
316; 347; 2; 1; 505
240; 300; 2; 1; 508
196; 332; 2; 1; 508
360; 320; 2; 1; 510
361; 285; 2; 1; 511
293; 258; 1; 2; 515
342; 340; 2; 1; 522
296; 359; 2; 1; 525
20
3; 1; 9; 1814
1; 1; 44; 1999
0; 1; 34; 2148
10; 1; 42; 2223
2; 1; 43; 3808
12; 1; 2; 6119
11; 1; 5; 6708
6; 1; 30; 10367
4; 1; 35; 12107
19; 1; 23; 12449
14; 1; 4; 13764
7; 1; 27; 15318
17; 1; 6; 15631
8; 1; 13; 18421
16; 1; 17; 21114
15; 1; 14; 22371
9; 1; 34; 22623
5; 1; 24; 23353
18; 1; 16; 23431
13; 1; 37; 24417
