**** 431 ****
89
311; 285; 2; 1; 8
355; 214; 1; 2; 9
281; 235; 2; 1; 12
292; 301; 1; 2; 13
307; 325; 2; 1; 16
245; 307; 2; 1; 17
329; 204; 1; 2; 22
345; 311; 1; 2; 29
248; 298; 1; 2; 34
197; 299; 2; 1; 46
283; 246; 2; 1; 55
278; 260; 2; 1; 61
264; 296; 2; 1; 69
331; 280; 2; 1; 77
298; 270; 2; 1; 78
197; 340; 1; 2; 84
356; 301; 1; 2; 84
306; 345; 2; 1; 89
333; 312; 1; 2; 91
247; 300; 2; 1; 98
318; 215; 2; 1; 104
308; 331; 1; 2; 110
345; 243; 1; 2; 112
358; 314; 2; 1; 119
308; 225; 1; 2; 123
320; 352; 2; 1; 123
329; 256; 2; 1; 126
274; 242; 2; 1; 140
339; 318; 1; 2; 151
234; 339; 1; 2; 152
235; 227; 1; 2; 154
238; 240; 2; 1; 164
267; 332; 2; 1; 164
262; 214; 1; 2; 173
248; 317; 2; 1; 176
272; 300; 2; 1; 189
217; 268; 1; 2; 190
275; 325; 2; 1; 201
345; 354; 2; 1; 204
213; 283; 1; 2; 213
253; 254; 1; 2; 221
216; 336; 1; 2; 221
271; 314; 1; 2; 238
217; 203; 1; 2; 261
231; 312; 1; 2; 275
298; 355; 1; 2; 285
229; 313; 1; 2; 296
219; 214; 1; 2; 297
222; 339; 1; 2; 298
237; 269; 2; 1; 303
323; 315; 2; 1; 306
330; 290; 1; 2; 311
235; 242; 2; 1; 313
343; 266; 2; 1; 314
325; 344; 2; 1; 315
210; 286; 1; 2; 315
279; 245; 2; 1; 317
323; 284; 1; 2; 319
269; 275; 1; 2; 320
326; 270; 1; 2; 349
238; 327; 2; 1; 355
282; 258; 2; 1; 386
208; 240; 2; 1; 388
260; 326; 2; 1; 392
230; 314; 1; 2; 404
205; 200; 1; 2; 410
249; 327; 1; 2; 412
328; 275; 1; 2; 416
229; 240; 1; 2; 435
240; 352; 2; 1; 439
348; 319; 1; 2; 440
220; 261; 1; 2; 444
231; 248; 1; 2; 450
310; 263; 1; 2; 460
303; 256; 1; 2; 462
349; 327; 1; 2; 465
235; 217; 2; 1; 469
210; 341; 2; 1; 475
321; 282; 1; 2; 500
251; 243; 1; 2; 509
257; 264; 2; 1; 516
299; 276; 1; 2; 520
257; 257; 1; 2; 521
309; 275; 2; 1; 524
300; 286; 1; 2; 526
329; 287; 2; 1; 528
331; 306; 1; 2; 528
267; 317; 2; 1; 528
197; 245; 2; 1; 529
20
18; 1; 21; 2328
1; 1; 9; 2623
14; 1; 47; 3262
3; 1; 49; 3672
5; 1; 19; 4228
6; 1; 41; 4443
12; 1; 19; 5847
8; 1; 35; 6779
15; 1; 34; 10977
0; 1; 33; 11176
2; 1; 38; 13815
19; 1; 25; 14377
17; 1; 7; 16146
9; 1; 34; 18864
10; 1; 47; 19215
4; 1; 39; 19564
7; 1; 18; 20049
16; 1; 21; 20429
13; 1; 43; 24499
11; 1; 37; 24902
