**** 432 ****
89
201; 301; 1; 2; 3
356; 340; 1; 2; 14
337; 287; 1; 2; 17
327; 238; 1; 2; 38
268; 270; 1; 2; 42
204; 319; 1; 2; 46
235; 265; 2; 1; 54
285; 338; 1; 2; 58
205; 209; 1; 2; 60
326; 272; 2; 1; 86
322; 264; 2; 1; 88
354; 259; 1; 2; 101
200; 350; 1; 2; 102
286; 230; 1; 2; 103
241; 210; 2; 1; 106
241; 271; 2; 1; 108
284; 228; 1; 2; 112
311; 244; 2; 1; 115
287; 302; 1; 2; 115
254; 331; 1; 2; 117
318; 315; 1; 2; 119
341; 270; 2; 1; 136
281; 196; 2; 1; 138
358; 201; 2; 1; 145
358; 204; 2; 1; 145
260; 224; 2; 1; 155
341; 337; 2; 1; 159
227; 265; 1; 2; 161
354; 294; 2; 1; 177
230; 315; 1; 2; 182
321; 333; 1; 2; 182
201; 314; 1; 2; 182
233; 281; 2; 1; 182
275; 322; 1; 2; 185
344; 250; 2; 1; 197
239; 307; 1; 2; 198
295; 315; 1; 2; 198
212; 244; 2; 1; 205
263; 268; 1; 2; 207
333; 359; 2; 1; 207
273; 324; 1; 2; 217
336; 271; 2; 1; 231
214; 326; 2; 1; 234
266; 232; 2; 1; 244
237; 321; 2; 1; 245
232; 360; 1; 2; 266
207; 253; 2; 1; 270
307; 301; 2; 1; 278
273; 314; 2; 1; 282
228; 268; 1; 2; 287
199; 232; 2; 1; 293
269; 206; 2; 1; 309
218; 341; 2; 1; 324
225; 329; 1; 2; 345
280; 319; 1; 2; 351
334; 289; 2; 1; 355
351; 240; 1; 2; 357
227; 319; 1; 2; 367
282; 250; 1; 2; 369
266; 353; 2; 1; 375
216; 325; 2; 1; 376
270; 199; 2; 1; 401
205; 331; 1; 2; 403
238; 304; 1; 2; 405
289; 277; 1; 2; 406
280; 286; 1; 2; 420
272; 238; 1; 2; 421
201; 342; 1; 2; 425
265; 224; 2; 1; 428
281; 259; 1; 2; 428
340; 313; 1; 2; 428
333; 282; 2; 1; 428
303; 258; 2; 1; 431
244; 223; 2; 1; 431
290; 204; 1; 2; 437
197; 291; 2; 1; 443
209; 220; 2; 1; 450
310; 260; 2; 1; 455
340; 285; 2; 1; 461
218; 310; 2; 1; 465
269; 304; 1; 2; 472
265; 240; 1; 2; 473
264; 294; 1; 2; 480
353; 248; 2; 1; 482
227; 312; 1; 2; 485
329; 336; 2; 1; 489
196; 303; 2; 1; 492
314; 237; 2; 1; 507
354; 209; 1; 2; 522
20
12; 1; 25; 366
15; 1; 35; 651
5; 1; 38; 1801
10; 1; 3; 5025
16; 1; 37; 5551
7; 1; 48; 9982
14; 1; 44; 10673
0; 1; 4; 11018
9; 1; 38; 14314
2; 1; 48; 14918
4; 1; 10; 14967
6; 1; 43; 15339
13; 1; 33; 18513
8; 1; 6; 18752
17; 1; 28; 19012
19; 1; 33; 20792
18; 1; 25; 22082
1; 1; 7; 22463
11; 1; 29; 22479
3; 1; 42; 24212
