**** 433 ****
89
196; 256; 1; 2; 0
311; 224; 2; 1; 7
343; 225; 1; 2; 11
227; 301; 1; 2; 15
234; 236; 2; 1; 18
222; 283; 1; 2; 24
262; 246; 2; 1; 32
267; 316; 2; 1; 35
285; 208; 2; 1; 46
254; 352; 1; 2; 50
310; 245; 1; 2; 54
279; 202; 2; 1; 62
325; 361; 2; 1; 67
258; 278; 1; 2; 76
258; 197; 2; 1; 82
353; 349; 2; 1; 86
288; 214; 2; 1; 89
264; 199; 2; 1; 91
227; 331; 1; 2; 95
206; 326; 2; 1; 96
332; 253; 2; 1; 98
308; 221; 1; 2; 103
217; 311; 2; 1; 104
220; 332; 1; 2; 107
288; 201; 1; 2; 109
289; 203; 2; 1; 128
217; 214; 2; 1; 129
339; 250; 2; 1; 130
207; 214; 2; 1; 132
343; 271; 1; 2; 140
227; 325; 2; 1; 141
298; 282; 1; 2; 151
337; 268; 2; 1; 152
221; 197; 2; 1; 152
286; 257; 1; 2; 160
224; 208; 1; 2; 162
311; 214; 1; 2; 169
337; 275; 1; 2; 187
361; 328; 2; 1; 187
216; 199; 1; 2; 189
230; 233; 2; 1; 195
288; 324; 2; 1; 207
287; 233; 1; 2; 209
231; 279; 2; 1; 215
264; 216; 2; 1; 220
348; 311; 2; 1; 228
196; 265; 2; 1; 228
201; 284; 1; 2; 234
213; 213; 2; 1; 241
348; 246; 2; 1; 249
334; 333; 1; 2; 254
272; 256; 2; 1; 293
261; 199; 1; 2; 296
299; 242; 1; 2; 300
252; 345; 2; 1; 300
235; 354; 1; 2; 306
298; 204; 1; 2; 316
304; 265; 2; 1; 338
320; 310; 1; 2; 350
336; 359; 2; 1; 351
323; 297; 2; 1; 360
256; 205; 2; 1; 362
201; 351; 2; 1; 369
276; 267; 1; 2; 372
232; 308; 2; 1; 378
204; 201; 2; 1; 387
299; 358; 1; 2; 400
217; 333; 1; 2; 409
309; 263; 1; 2; 410
284; 341; 2; 1; 413
265; 205; 1; 2; 425
224; 300; 1; 2; 426
352; 286; 2; 1; 429
353; 357; 1; 2; 443
308; 225; 1; 2; 444
218; 260; 2; 1; 446
346; 228; 2; 1; 448
277; 269; 1; 2; 459
267; 228; 2; 1; 461
314; 352; 1; 2; 470
300; 239; 1; 2; 476
301; 208; 1; 2; 477
201; 327; 2; 1; 478
267; 331; 2; 1; 505
268; 262; 1; 2; 511
235; 247; 1; 2; 519
328; 221; 2; 1; 526
219; 222; 2; 1; 527
277; 326; 2; 1; 531
20
10; 1; 25; 905
7; 1; 10; 1292
17; 1; 14; 2574
12; 1; 4; 4754
8; 1; 34; 5711
9; 1; 8; 5753
13; 1; 24; 6052
18; 1; 40; 6560
19; 1; 17; 8078
11; 1; 41; 9077
15; 1; 24; 11332
14; 1; 24; 11581
1; 1; 38; 12063
0; 1; 44; 13925
16; 1; 46; 15537
2; 1; 32; 17649
5; 1; 37; 18365
3; 1; 28; 20570
6; 1; 19; 20773
4; 1; 24; 23654
