**** 434 ****
89
207; 243; 1; 2; 2
300; 313; 1; 2; 8
322; 303; 1; 2; 11
247; 217; 1; 2; 24
251; 230; 1; 2; 25
201; 198; 1; 2; 29
359; 210; 1; 2; 38
341; 236; 1; 2; 38
274; 252; 1; 2; 41
257; 347; 1; 2; 47
294; 266; 2; 1; 83
260; 217; 1; 2; 107
275; 250; 1; 2; 115
256; 265; 2; 1; 117
344; 284; 1; 2; 125
276; 244; 2; 1; 128
360; 236; 2; 1; 131
262; 299; 2; 1; 132
312; 234; 1; 2; 133
241; 268; 1; 2; 135
344; 360; 2; 1; 138
292; 291; 2; 1; 139
306; 361; 1; 2; 142
354; 294; 2; 1; 148
313; 329; 1; 2; 162
289; 350; 1; 2; 162
287; 329; 2; 1; 164
207; 266; 2; 1; 166
218; 300; 2; 1; 170
338; 225; 1; 2; 175
233; 329; 2; 1; 176
297; 211; 1; 2; 179
218; 207; 1; 2; 179
272; 334; 1; 2; 182
265; 328; 2; 1; 183
302; 334; 1; 2; 184
215; 243; 1; 2; 189
355; 275; 2; 1; 195
360; 294; 1; 2; 196
338; 259; 1; 2; 198
254; 233; 1; 2; 199
206; 355; 2; 1; 202
271; 280; 1; 2; 202
222; 287; 2; 1; 208
353; 293; 1; 2; 213
290; 329; 2; 1; 215
269; 308; 2; 1; 241
201; 288; 1; 2; 241
324; 203; 1; 2; 248
230; 313; 2; 1; 255
233; 305; 2; 1; 257
223; 220; 1; 2; 273
250; 345; 2; 1; 273
289; 260; 2; 1; 302
296; 346; 1; 2; 304
234; 300; 2; 1; 305
241; 291; 1; 2; 313
291; 334; 2; 1; 314
252; 196; 1; 2; 334
351; 343; 1; 2; 338
325; 338; 1; 2; 341
215; 360; 2; 1; 352
278; 291; 1; 2; 354
221; 314; 1; 2; 358
283; 274; 2; 1; 366
254; 246; 2; 1; 379
265; 238; 1; 2; 393
358; 224; 2; 1; 400
287; 231; 1; 2; 422
254; 256; 1; 2; 424
261; 305; 2; 1; 433
239; 305; 2; 1; 435
296; 272; 2; 1; 437
342; 342; 1; 2; 445
274; 243; 1; 2; 476
302; 253; 2; 1; 487
257; 246; 2; 1; 491
350; 200; 2; 1; 495
230; 226; 2; 1; 496
304; 214; 2; 1; 496
210; 250; 1; 2; 499
293; 224; 1; 2; 500
263; 310; 2; 1; 500
245; 343; 1; 2; 502
352; 350; 2; 1; 505
349; 337; 2; 1; 508
215; 196; 1; 2; 514
232; 299; 1; 2; 516
256; 220; 1; 2; 516
20
16; 1; 40; 515
1; 1; 18; 3698
7; 1; 34; 4076
6; 1; 24; 4304
14; 1; 44; 6347
9; 1; 9; 7197
3; 1; 42; 7942
10; 1; 34; 8199
4; 1; 17; 8264
13; 1; 13; 8782
5; 1; 31; 9620
12; 1; 2; 9978
17; 1; 36; 12602
15; 1; 43; 17506
11; 1; 9; 20827
0; 1; 37; 22425
18; 1; 45; 22475
2; 1; 34; 23225
8; 1; 45; 23932
19; 1; 9; 24436
