**** 435 ****
89
235; 249; 1; 2; 0
333; 309; 2; 1; 3
344; 349; 1; 2; 42
208; 248; 2; 1; 63
328; 323; 1; 2; 70
302; 268; 1; 2; 74
251; 269; 2; 1; 75
312; 224; 2; 1; 78
198; 304; 2; 1; 82
263; 304; 2; 1; 83
260; 227; 2; 1; 91
242; 238; 1; 2; 103
254; 196; 1; 2; 103
289; 321; 1; 2; 109
299; 336; 2; 1; 126
245; 282; 2; 1; 130
243; 254; 2; 1; 135
222; 248; 1; 2; 136
267; 209; 2; 1; 159
248; 305; 1; 2; 161
341; 278; 2; 1; 166
327; 356; 1; 2; 168
323; 210; 1; 2; 169
276; 353; 1; 2; 178
325; 222; 1; 2; 181
333; 321; 2; 1; 185
327; 226; 2; 1; 192
355; 298; 1; 2; 198
316; 356; 1; 2; 199
321; 298; 2; 1; 199
202; 273; 2; 1; 199
221; 211; 1; 2; 202
228; 303; 2; 1; 204
231; 248; 2; 1; 204
253; 296; 2; 1; 215
204; 315; 2; 1; 217
271; 302; 2; 1; 217
223; 299; 2; 1; 221
237; 243; 1; 2; 226
199; 337; 1; 2; 226
329; 205; 2; 1; 230
276; 203; 1; 2; 251
270; 295; 2; 1; 261
315; 309; 1; 2; 276
212; 257; 2; 1; 279
293; 338; 2; 1; 280
254; 352; 1; 2; 294
222; 279; 1; 2; 312
335; 262; 1; 2; 320
352; 315; 2; 1; 329
302; 353; 2; 1; 335
224; 219; 1; 2; 337
312; 313; 1; 2; 346
281; 350; 1; 2; 347
340; 281; 2; 1; 353
197; 208; 1; 2; 358
350; 297; 2; 1; 363
329; 199; 1; 2; 383
317; 280; 2; 1; 383
339; 221; 2; 1; 384
309; 355; 2; 1; 387
280; 342; 2; 1; 401
261; 224; 2; 1; 407
253; 236; 2; 1; 409
250; 309; 1; 2; 411
315; 321; 2; 1; 416
331; 266; 2; 1; 418
339; 322; 2; 1; 420
204; 339; 1; 2; 429
307; 344; 2; 1; 437
258; 321; 2; 1; 438
208; 238; 1; 2; 440
227; 310; 2; 1; 457
217; 256; 2; 1; 458
294; 216; 2; 1; 460
213; 234; 1; 2; 462
208; 333; 2; 1; 464
211; 341; 2; 1; 468
234; 225; 2; 1; 475
315; 229; 1; 2; 477
284; 308; 2; 1; 481
324; 244; 2; 1; 482
300; 332; 2; 1; 482
326; 253; 2; 1; 487
309; 309; 2; 1; 499
328; 200; 2; 1; 504
235; 359; 2; 1; 511
296; 245; 2; 1; 519
344; 351; 1; 2; 524
20
17; 1; 40; 4907
7; 1; 10; 7410
12; 1; 22; 7798
8; 1; 34; 7886
10; 1; 44; 9444
11; 1; 30; 11580
18; 1; 8; 12646
14; 1; 11; 12818
15; 1; 7; 14383
0; 1; 15; 15850
5; 1; 11; 17339
1; 1; 5; 17645
3; 1; 1; 17842
9; 1; 31; 19201
4; 1; 27; 19991
16; 1; 4; 21220
13; 1; 34; 21550
19; 1; 14; 21773
6; 1; 34; 23318
2; 1; 39; 24549
