**** 436 ****
89
352; 262; 2; 1; 4
278; 340; 2; 1; 9
200; 272; 1; 2; 18
301; 305; 2; 1; 19
254; 235; 1; 2; 19
359; 283; 2; 1; 20
349; 331; 1; 2; 25
250; 292; 1; 2; 27
211; 238; 1; 2; 27
270; 217; 2; 1; 28
233; 203; 2; 1; 47
216; 338; 2; 1; 49
348; 227; 2; 1; 52
298; 319; 1; 2; 61
225; 209; 1; 2; 65
212; 205; 2; 1; 82
359; 278; 2; 1; 88
273; 262; 1; 2; 92
215; 321; 1; 2; 107
210; 231; 1; 2; 110
214; 281; 1; 2; 112
347; 316; 1; 2; 115
316; 254; 2; 1; 116
357; 329; 1; 2; 117
329; 354; 1; 2; 127
224; 265; 2; 1; 141
255; 294; 2; 1; 147
299; 278; 2; 1; 149
206; 229; 1; 2; 150
295; 243; 1; 2; 153
316; 346; 2; 1; 154
322; 197; 1; 2; 168
246; 235; 1; 2; 181
288; 346; 2; 1; 185
197; 231; 2; 1; 188
359; 360; 2; 1; 191
277; 306; 1; 2; 192
307; 285; 2; 1; 198
227; 210; 1; 2; 200
316; 344; 1; 2; 220
216; 241; 1; 2; 224
278; 332; 2; 1; 224
290; 308; 2; 1; 234
349; 216; 2; 1; 245
224; 216; 1; 2; 247
358; 205; 2; 1; 261
203; 331; 1; 2; 265
215; 338; 2; 1; 271
332; 245; 1; 2; 274
296; 311; 1; 2; 278
318; 196; 2; 1; 284
212; 290; 2; 1; 284
197; 304; 1; 2; 289
341; 335; 1; 2; 307
243; 257; 2; 1; 317
229; 209; 1; 2; 317
221; 287; 2; 1; 318
233; 359; 1; 2; 330
251; 227; 1; 2; 337
315; 253; 1; 2; 338
250; 276; 1; 2; 339
344; 271; 1; 2; 347
304; 218; 1; 2; 351
291; 331; 1; 2; 361
241; 318; 1; 2; 362
333; 253; 2; 1; 366
358; 233; 1; 2; 372
199; 344; 1; 2; 373
339; 280; 2; 1; 377
346; 296; 2; 1; 421
206; 299; 2; 1; 427
322; 223; 1; 2; 429
340; 330; 1; 2; 430
197; 225; 2; 1; 438
279; 209; 2; 1; 454
225; 198; 1; 2; 456
312; 272; 1; 2; 461
277; 226; 1; 2; 476
331; 307; 2; 1; 482
312; 220; 2; 1; 487
265; 324; 2; 1; 488
315; 271; 2; 1; 506
356; 322; 2; 1; 510
202; 252; 2; 1; 514
242; 229; 2; 1; 518
201; 325; 1; 2; 521
287; 241; 1; 2; 525
200; 313; 1; 2; 526
274; 335; 1; 2; 528
20
6; 1; 13; 687
2; 1; 16; 730
14; 1; 6; 3314
13; 1; 32; 4695
5; 1; 44; 5801
15; 1; 21; 6849
17; 1; 21; 8830
9; 1; 33; 10931
8; 1; 19; 12101
1; 1; 40; 12835
11; 1; 12; 16357
7; 1; 45; 18170
0; 1; 13; 18520
16; 1; 32; 18820
18; 1; 12; 20145
12; 1; 4; 21239
4; 1; 10; 21430
10; 1; 41; 21783
3; 1; 27; 23261
19; 1; 7; 24742
