**** 437 ****
89
281; 333; 2; 1; 1
302; 308; 2; 1; 2
349; 225; 2; 1; 5
219; 219; 1; 2; 7
253; 343; 2; 1; 7
285; 237; 2; 1; 15
243; 333; 1; 2; 16
243; 320; 1; 2; 33
313; 253; 1; 2; 37
220; 245; 2; 1; 43
283; 206; 2; 1; 51
292; 293; 2; 1; 59
238; 337; 1; 2; 61
360; 309; 2; 1; 62
329; 306; 1; 2; 71
255; 287; 1; 2; 84
342; 284; 1; 2; 88
237; 293; 2; 1; 88
224; 316; 1; 2; 93
321; 236; 2; 1; 98
209; 241; 1; 2; 101
207; 330; 1; 2; 116
339; 254; 1; 2; 120
288; 340; 2; 1; 135
305; 342; 1; 2; 138
201; 325; 2; 1; 142
302; 303; 1; 2; 153
224; 321; 1; 2; 154
354; 285; 1; 2; 155
312; 272; 1; 2; 173
322; 360; 2; 1; 177
356; 212; 1; 2; 201
223; 286; 1; 2; 202
305; 224; 2; 1; 208
196; 241; 1; 2; 220
248; 305; 1; 2; 227
287; 354; 1; 2; 238
333; 311; 1; 2; 240
233; 287; 2; 1; 242
218; 305; 1; 2; 251
225; 237; 2; 1; 254
309; 326; 2; 1; 256
266; 349; 1; 2; 259
321; 228; 1; 2; 261
263; 232; 2; 1; 262
330; 211; 1; 2; 267
267; 306; 2; 1; 277
234; 207; 2; 1; 278
212; 222; 2; 1; 288
206; 261; 2; 1; 290
250; 316; 2; 1; 297
250; 206; 2; 1; 305
232; 230; 2; 1; 305
256; 296; 1; 2; 309
291; 237; 1; 2; 316
336; 253; 1; 2; 321
291; 246; 2; 1; 341
217; 221; 2; 1; 348
268; 260; 2; 1; 348
221; 336; 1; 2; 362
360; 260; 1; 2; 370
245; 328; 1; 2; 381
294; 261; 2; 1; 384
309; 206; 2; 1; 393
208; 316; 2; 1; 401
290; 287; 2; 1; 402
262; 301; 1; 2; 425
350; 295; 2; 1; 425
334; 305; 1; 2; 436
260; 245; 1; 2; 438
352; 296; 2; 1; 460
349; 290; 1; 2; 461
333; 203; 1; 2; 469
215; 287; 2; 1; 469
262; 208; 2; 1; 470
242; 237; 1; 2; 483
260; 272; 2; 1; 483
343; 300; 1; 2; 486
289; 275; 1; 2; 487
329; 297; 2; 1; 491
320; 196; 2; 1; 493
302; 260; 1; 2; 500
360; 337; 1; 2; 502
293; 256; 2; 1; 507
317; 301; 2; 1; 511
257; 225; 2; 1; 516
246; 332; 1; 2; 518
327; 300; 1; 2; 520
326; 355; 2; 1; 524
20
5; 1; 3; 779
4; 1; 27; 1011
12; 1; 46; 2587
14; 1; 44; 4885
15; 1; 23; 5124
3; 1; 45; 5179
17; 1; 43; 6169
8; 1; 22; 10567
10; 1; 17; 10593
6; 1; 3; 15164
1; 1; 13; 18122
7; 1; 42; 18222
9; 1; 26; 19311
19; 1; 28; 20379
2; 1; 8; 20436
0; 1; 5; 21160
16; 1; 19; 21768
18; 1; 27; 21799
11; 1; 2; 22744
13; 1; 46; 24292
