**** 438 ****
89
223; 247; 2; 1; 8
357; 330; 1; 2; 27
302; 203; 1; 2; 32
311; 228; 1; 2; 37
265; 351; 1; 2; 42
324; 313; 1; 2; 42
307; 253; 2; 1; 43
263; 272; 1; 2; 49
207; 254; 1; 2; 54
351; 221; 1; 2; 56
232; 327; 1; 2; 58
342; 239; 1; 2; 61
331; 213; 1; 2; 66
340; 303; 2; 1; 70
350; 328; 2; 1; 73
250; 287; 1; 2; 76
223; 246; 1; 2; 84
331; 292; 1; 2; 87
274; 311; 1; 2; 100
223; 361; 2; 1; 102
232; 302; 2; 1; 105
289; 327; 1; 2; 109
198; 239; 1; 2; 110
311; 277; 2; 1; 143
294; 290; 2; 1; 146
265; 297; 1; 2; 168
277; 275; 2; 1; 178
343; 252; 2; 1; 181
317; 254; 2; 1; 183
331; 344; 1; 2; 183
282; 284; 1; 2; 198
317; 279; 1; 2; 201
318; 266; 1; 2; 210
346; 296; 2; 1; 211
224; 341; 1; 2; 236
223; 238; 2; 1; 250
331; 319; 1; 2; 251
199; 297; 2; 1; 270
229; 268; 2; 1; 284
242; 302; 1; 2; 286
207; 207; 2; 1; 300
322; 296; 2; 1; 300
345; 282; 1; 2; 306
238; 294; 1; 2; 311
246; 202; 1; 2; 312
218; 341; 2; 1; 317
276; 253; 1; 2; 321
291; 231; 2; 1; 324
328; 262; 2; 1; 329
354; 307; 2; 1; 332
282; 290; 1; 2; 340
219; 336; 1; 2; 349
293; 290; 1; 2; 349
333; 315; 2; 1; 357
196; 267; 1; 2; 362
347; 320; 2; 1; 367
269; 268; 2; 1; 370
220; 323; 1; 2; 373
322; 316; 1; 2; 374
357; 201; 2; 1; 379
260; 359; 2; 1; 381
234; 298; 2; 1; 383
346; 261; 2; 1; 387
257; 350; 1; 2; 387
219; 307; 2; 1; 388
276; 244; 2; 1; 389
224; 261; 2; 1; 403
242; 239; 2; 1; 408
320; 198; 1; 2; 413
346; 309; 2; 1; 428
318; 286; 1; 2; 437
321; 311; 1; 2; 445
336; 301; 1; 2; 453
358; 336; 2; 1; 457
214; 256; 2; 1; 466
201; 235; 1; 2; 466
290; 269; 1; 2; 474
209; 197; 2; 1; 476
278; 274; 2; 1; 478
221; 206; 1; 2; 481
298; 236; 1; 2; 490
327; 238; 1; 2; 492
318; 298; 2; 1; 500
254; 287; 2; 1; 502
350; 330; 2; 1; 503
354; 211; 2; 1; 504
238; 278; 2; 1; 512
273; 206; 1; 2; 519
286; 234; 2; 1; 532
20
6; 1; 41; 2304
13; 1; 19; 3044
9; 1; 34; 3488
12; 1; 10; 4134
19; 1; 45; 5750
4; 1; 48; 7075
15; 1; 9; 8193
16; 1; 10; 8282
14; 1; 21; 9076
2; 1; 11; 12113
7; 1; 38; 12128
17; 1; 8; 13437
3; 1; 6; 13812
1; 1; 19; 15833
11; 1; 33; 18403
8; 1; 2; 18958
0; 1; 25; 20174
5; 1; 20; 20657
10; 1; 39; 21695
18; 1; 1; 22791
