**** 439 ****
89
296; 349; 1; 2; 10
296; 274; 1; 2; 15
323; 222; 2; 1; 22
238; 299; 2; 1; 36
314; 236; 1; 2; 37
340; 355; 1; 2; 37
230; 207; 2; 1; 38
313; 217; 1; 2; 47
247; 232; 2; 1; 60
353; 292; 1; 2; 70
305; 361; 1; 2; 74
297; 242; 2; 1; 83
278; 273; 2; 1; 84
235; 285; 1; 2; 91
323; 255; 2; 1; 92
283; 361; 1; 2; 92
247; 288; 1; 2; 96
317; 326; 1; 2; 108
277; 301; 2; 1; 112
313; 351; 2; 1; 116
199; 344; 1; 2; 116
286; 296; 1; 2; 118
275; 359; 1; 2; 131
324; 342; 2; 1; 136
276; 268; 2; 1; 136
261; 315; 1; 2; 141
287; 322; 2; 1; 150
346; 199; 1; 2; 152
312; 268; 2; 1; 161
228; 215; 1; 2; 165
229; 208; 1; 2; 171
333; 272; 2; 1; 172
254; 338; 2; 1; 184
254; 263; 1; 2; 185
260; 343; 1; 2; 198
360; 270; 2; 1; 209
332; 258; 2; 1; 211
293; 298; 1; 2; 221
233; 228; 1; 2; 226
360; 222; 2; 1; 229
310; 301; 1; 2; 235
196; 228; 1; 2; 236
338; 244; 1; 2; 237
335; 347; 1; 2; 245
224; 239; 1; 2; 248
235; 265; 1; 2; 257
291; 292; 1; 2; 259
206; 303; 2; 1; 259
251; 291; 2; 1; 263
265; 248; 1; 2; 265
352; 290; 2; 1; 270
256; 196; 1; 2; 277
212; 339; 2; 1; 278
207; 325; 2; 1; 280
311; 196; 1; 2; 283
351; 323; 2; 1; 283
291; 292; 2; 1; 297
287; 233; 2; 1; 321
302; 224; 1; 2; 340
249; 359; 2; 1; 340
213; 204; 2; 1; 342
258; 212; 1; 2; 347
360; 236; 1; 2; 358
308; 269; 2; 1; 379
298; 256; 2; 1; 384
350; 281; 1; 2; 392
217; 220; 1; 2; 393
272; 258; 2; 1; 413
312; 331; 1; 2; 418
343; 200; 2; 1; 433
296; 202; 2; 1; 433
239; 301; 1; 2; 433
277; 336; 1; 2; 434
305; 218; 2; 1; 442
202; 340; 1; 2; 448
277; 202; 1; 2; 467
352; 350; 2; 1; 486
285; 315; 2; 1; 491
226; 258; 1; 2; 497
265; 269; 1; 2; 498
265; 317; 2; 1; 499
320; 246; 2; 1; 501
331; 231; 1; 2; 505
315; 281; 2; 1; 512
285; 345; 1; 2; 513
322; 249; 2; 1; 521
257; 273; 2; 1; 522
357; 229; 1; 2; 524
234; 252; 2; 1; 529
20
17; 1; 37; 603
14; 1; 16; 2331
18; 1; 18; 2591
1; 1; 43; 4336
10; 1; 4; 4874
15; 1; 10; 5587
13; 1; 31; 7229
11; 1; 19; 7270
3; 1; 32; 8716
2; 1; 35; 9810
16; 1; 42; 14050
7; 1; 3; 15134
4; 1; 27; 15185
12; 1; 42; 15221
19; 1; 42; 15836
6; 1; 15; 16331
8; 1; 32; 16491
9; 1; 26; 16977
5; 1; 11; 22474
0; 1; 12; 23230
