**** 44 ****
54
60; 37; 1; 2; 0
28; 68; 2; 1; 4
37; 37; 1; 2; 10
42; 71; 2; 1; 10
77; 35; 1; 2; 16
23; 67; 1; 2; 18
58; 75; 1; 2; 19
46; 43; 2; 1; 28
79; 26; 1; 2; 29
73; 43; 1; 2; 29
54; 52; 1; 2; 32
46; 51; 1; 2; 33
25; 55; 2; 1; 33
76; 78; 1; 2; 35
37; 63; 2; 1; 37
66; 54; 1; 2; 43
47; 74; 2; 1; 45
26; 47; 2; 1; 50
78; 47; 1; 2; 53
67; 31; 1; 2; 57
52; 81; 2; 1; 57
24; 40; 2; 1; 59
29; 39; 2; 1; 59
77; 41; 2; 1; 62
77; 25; 1; 2; 62
37; 65; 1; 2; 65
66; 68; 2; 1; 69
45; 37; 1; 2; 70
36; 68; 2; 1; 80
35; 51; 1; 2; 83
59; 36; 1; 2; 85
24; 54; 2; 1; 87
70; 29; 1; 2; 92
46; 37; 1; 2; 97
30; 61; 1; 2; 100
38; 53; 1; 2; 100
38; 26; 1; 2; 101
56; 34; 2; 1; 102
62; 28; 2; 1; 103
56; 78; 2; 1; 104
29; 41; 1; 2; 106
25; 26; 2; 1; 106
33; 48; 2; 1; 107
29; 32; 2; 1; 107
66; 62; 2; 1; 107
48; 69; 1; 2; 108
56; 70; 2; 1; 117
49; 66; 2; 1; 118
81; 67; 2; 1; 125
81; 21; 1; 2; 128
36; 60; 2; 1; 130
72; 70; 1; 2; 138
34; 52; 1; 2; 141
28; 24; 2; 1; 141
13
12; 1; 7; 165
2; 1; 32; 406
11; 1; 35; 565
5; 1; 18; 627
0; 1; 13; 655
3; 1; 4; 837
8; 1; 20; 1019
10; 1; 16; 1175
4; 1; 2; 1682
6; 1; 48; 2098
9; 1; 49; 2413
1; 1; 5; 2500
7; 1; 6; 2507
