**** 440 ****
90
360; 248; 1; 2; 10
279; 206; 1; 2; 11
204; 347; 1; 2; 45
329; 288; 2; 1; 53
230; 246; 2; 1; 60
290; 232; 2; 1; 62
324; 261; 2; 1; 62
233; 233; 1; 2; 66
335; 263; 1; 2; 72
265; 301; 1; 2; 74
353; 245; 1; 2; 85
318; 369; 1; 2; 85
244; 318; 2; 1; 93
255; 321; 2; 1; 96
331; 280; 1; 2; 98
213; 283; 2; 1; 101
302; 303; 2; 1; 111
295; 310; 2; 1; 112
323; 274; 1; 2; 145
301; 242; 1; 2; 148
299; 267; 2; 1; 156
314; 348; 1; 2; 162
368; 277; 1; 2; 163
213; 317; 2; 1; 176
205; 257; 2; 1; 180
242; 211; 1; 2; 180
232; 347; 1; 2; 184
201; 302; 1; 2; 191
250; 234; 2; 1; 196
328; 345; 2; 1; 197
251; 351; 1; 2; 200
275; 214; 1; 2; 208
322; 311; 2; 1; 219
333; 347; 2; 1; 230
353; 262; 2; 1; 237
240; 228; 2; 1; 239
206; 224; 2; 1; 242
287; 315; 2; 1; 255
315; 249; 2; 1; 267
209; 352; 1; 2; 268
305; 285; 2; 1; 273
223; 270; 2; 1; 274
242; 307; 1; 2; 274
308; 362; 2; 1; 289
321; 246; 1; 2; 303
285; 249; 2; 1; 312
352; 353; 2; 1; 315
250; 225; 2; 1; 317
350; 211; 1; 2; 341
216; 250; 1; 2; 342
294; 329; 2; 1; 343
203; 277; 2; 1; 344
332; 221; 2; 1; 348
341; 319; 2; 1; 349
278; 363; 1; 2; 356
281; 221; 1; 2; 357
203; 264; 1; 2; 368
275; 279; 1; 2; 379
238; 269; 1; 2; 389
217; 234; 2; 1; 396
311; 233; 1; 2; 407
284; 235; 2; 1; 411
309; 215; 2; 1; 417
218; 278; 1; 2; 417
294; 251; 1; 2; 420
317; 358; 1; 2; 423
265; 281; 1; 2; 427
231; 260; 2; 1; 436
292; 354; 2; 1; 444
256; 328; 2; 1; 445
252; 210; 2; 1; 458
273; 257; 2; 1; 466
317; 280; 2; 1; 476
330; 359; 1; 2; 478
234; 236; 1; 2; 483
290; 332; 2; 1; 484
292; 283; 1; 2; 484
239; 205; 2; 1; 485
347; 260; 1; 2; 491
317; 294; 1; 2; 496
299; 317; 1; 2; 500
209; 241; 1; 2; 502
357; 211; 2; 1; 506
205; 216; 1; 2; 508
310; 201; 2; 1; 509
318; 254; 1; 2; 515
297; 226; 2; 1; 518
344; 338; 1; 2; 518
283; 245; 2; 1; 525
293; 337; 1; 2; 527
20
11; 1; 14; 206
10; 1; 48; 1288
6; 1; 3; 1697
7; 1; 23; 2839
0; 1; 5; 4027
9; 1; 17; 4051
15; 1; 7; 5561
5; 1; 49; 7508
19; 1; 34; 9788
18; 1; 31; 12706
16; 1; 43; 12799
14; 1; 40; 14907
1; 1; 14; 15133
12; 1; 22; 17569
13; 1; 33; 18257
2; 1; 47; 18927
3; 1; 21; 19720
8; 1; 16; 21359
17; 1; 38; 23564
4; 1; 22; 23886
