**** 441 ****
90
304; 366; 1; 2; 0
225; 259; 2; 1; 19
220; 266; 1; 2; 29
345; 209; 1; 2; 32
255; 285; 2; 1; 34
332; 335; 1; 2; 43
282; 244; 2; 1; 47
201; 284; 2; 1; 49
297; 249; 2; 1; 54
322; 334; 2; 1; 63
266; 258; 1; 2; 71
293; 343; 2; 1; 72
261; 266; 1; 2; 73
259; 223; 1; 2; 94
228; 345; 1; 2; 100
224; 343; 1; 2; 104
284; 302; 2; 1; 127
320; 244; 2; 1; 148
347; 311; 1; 2; 158
321; 333; 2; 1; 180
288; 353; 1; 2; 186
327; 334; 1; 2; 201
279; 293; 2; 1; 203
340; 223; 1; 2; 208
305; 238; 2; 1; 212
349; 254; 1; 2; 221
303; 246; 2; 1; 221
205; 267; 2; 1; 222
228; 223; 2; 1; 230
219; 218; 1; 2; 233
290; 239; 2; 1; 237
313; 270; 2; 1; 244
289; 235; 1; 2; 245
325; 337; 2; 1; 249
217; 304; 1; 2; 252
290; 301; 1; 2; 256
344; 326; 2; 1; 258
235; 351; 2; 1; 259
245; 310; 2; 1; 263
306; 353; 2; 1; 266
310; 348; 1; 2; 268
318; 254; 2; 1; 269
215; 290; 1; 2; 273
299; 314; 2; 1; 292
210; 202; 1; 2; 300
209; 257; 1; 2; 301
313; 357; 1; 2; 308
257; 296; 1; 2; 313
298; 255; 1; 2; 314
226; 265; 1; 2; 314
338; 350; 2; 1; 318
348; 284; 2; 1; 325
327; 204; 2; 1; 335
214; 353; 2; 1; 340
320; 293; 1; 2; 343
352; 325; 2; 1; 356
341; 355; 1; 2; 363
363; 221; 2; 1; 369
319; 232; 2; 1; 371
290; 234; 1; 2; 377
208; 286; 1; 2; 377
323; 247; 1; 2; 378
207; 269; 1; 2; 384
343; 338; 1; 2; 384
263; 209; 2; 1; 393
310; 270; 1; 2; 393
250; 243; 2; 1; 397
342; 368; 1; 2; 399
317; 227; 1; 2; 411
339; 291; 1; 2; 418
332; 211; 1; 2; 418
309; 223; 2; 1; 424
323; 353; 1; 2; 432
209; 289; 1; 2; 435
356; 203; 1; 2; 437
349; 225; 2; 1; 444
357; 339; 1; 2; 444
232; 311; 2; 1; 462
241; 246; 1; 2; 462
280; 242; 2; 1; 462
224; 363; 2; 1; 471
238; 275; 2; 1; 481
219; 285; 1; 2; 481
312; 274; 1; 2; 500
350; 303; 2; 1; 510
321; 219; 1; 2; 513
271; 359; 1; 2; 514
275; 225; 2; 1; 528
287; 290; 2; 1; 530
286; 305; 1; 2; 531
20
16; 1; 31; 4193
6; 1; 48; 5721
18; 1; 9; 6478
12; 1; 32; 7129
19; 1; 20; 7614
7; 1; 14; 8020
2; 1; 41; 8414
17; 1; 7; 8859
5; 1; 13; 8942
0; 1; 17; 11345
3; 1; 24; 11926
8; 1; 37; 11960
15; 1; 12; 16965
14; 1; 20; 17857
11; 1; 20; 18858
13; 1; 5; 20375
9; 1; 41; 20665
4; 1; 1; 22181
10; 1; 21; 22773
1; 1; 38; 23911
