**** 442 ****
90
317; 286; 2; 1; 9
231; 205; 1; 2; 10
347; 210; 2; 1; 27
290; 352; 1; 2; 30
250; 296; 2; 1; 45
359; 224; 1; 2; 46
202; 323; 2; 1; 46
313; 281; 2; 1; 51
292; 247; 2; 1; 52
262; 276; 1; 2; 67
263; 339; 1; 2; 67
310; 225; 1; 2; 71
306; 366; 1; 2; 92
303; 216; 2; 1; 94
265; 368; 1; 2; 98
251; 253; 1; 2; 99
284; 330; 1; 2; 102
273; 257; 1; 2; 109
312; 224; 1; 2; 110
206; 252; 1; 2; 111
276; 334; 2; 1; 117
227; 280; 2; 1; 118
217; 253; 2; 1; 119
220; 315; 1; 2; 120
324; 341; 2; 1; 126
315; 345; 2; 1; 138
230; 345; 1; 2; 140
361; 369; 2; 1; 144
272; 211; 1; 2; 169
255; 334; 2; 1; 183
238; 365; 2; 1; 189
299; 300; 2; 1; 192
298; 297; 2; 1; 200
283; 206; 2; 1; 209
312; 231; 1; 2; 213
312; 330; 1; 2; 219
364; 288; 2; 1; 225
288; 309; 1; 2; 226
347; 296; 2; 1; 227
229; 351; 2; 1; 227
264; 246; 1; 2; 238
279; 224; 2; 1; 247
286; 279; 1; 2; 248
267; 357; 2; 1; 249
302; 240; 1; 2; 249
359; 241; 1; 2; 259
277; 202; 1; 2; 259
323; 292; 1; 2; 262
272; 283; 1; 2; 279
281; 251; 2; 1; 282
286; 239; 1; 2; 312
348; 251; 2; 1; 323
304; 334; 1; 2; 330
237; 249; 1; 2; 332
335; 326; 1; 2; 335
339; 302; 2; 1; 348
325; 234; 2; 1; 349
329; 282; 2; 1; 358
208; 240; 1; 2; 360
226; 307; 2; 1; 379
207; 320; 1; 2; 384
358; 238; 1; 2; 386
244; 281; 1; 2; 390
271; 269; 2; 1; 398
357; 309; 2; 1; 400
243; 295; 2; 1; 405
314; 284; 2; 1; 406
239; 236; 2; 1; 407
347; 273; 1; 2; 412
339; 240; 1; 2; 416
274; 293; 1; 2; 420
317; 312; 1; 2; 428
231; 328; 2; 1; 438
289; 216; 2; 1; 452
224; 362; 1; 2; 459
297; 275; 1; 2; 466
282; 311; 1; 2; 472
275; 215; 1; 2; 481
263; 277; 1; 2; 484
299; 365; 2; 1; 485
298; 361; 1; 2; 485
264; 288; 2; 1; 491
282; 305; 2; 1; 493
263; 233; 2; 1; 502
300; 305; 2; 1; 507
218; 351; 1; 2; 508
300; 228; 1; 2; 513
270; 317; 2; 1; 519
296; 341; 1; 2; 533
290; 335; 2; 1; 540
20
14; 1; 45; 3093
5; 1; 10; 3226
15; 1; 13; 6971
4; 1; 31; 7493
13; 1; 7; 7748
6; 1; 25; 8546
3; 1; 36; 12740
0; 1; 27; 14505
18; 1; 34; 16606
11; 1; 27; 17376
16; 1; 16; 18974
10; 1; 15; 19034
8; 1; 27; 19090
1; 1; 27; 19648
2; 1; 39; 20046
7; 1; 41; 20179
17; 1; 14; 20440
9; 1; 25; 21991
12; 1; 3; 23828
19; 1; 2; 25913
