**** 443 ****
90
264; 335; 2; 1; 10
266; 316; 2; 1; 15
225; 220; 2; 1; 16
369; 328; 1; 2; 18
207; 288; 2; 1; 25
292; 248; 2; 1; 26
314; 276; 1; 2; 27
229; 319; 1; 2; 31
222; 300; 2; 1; 38
310; 346; 2; 1; 40
208; 353; 2; 1; 41
330; 306; 2; 1; 42
307; 224; 2; 1; 47
334; 238; 1; 2; 51
291; 338; 2; 1; 52
215; 271; 2; 1; 58
203; 365; 1; 2; 60
365; 261; 2; 1; 75
358; 268; 1; 2; 79
336; 221; 1; 2; 93
205; 341; 2; 1; 94
233; 310; 1; 2; 108
297; 312; 1; 2; 113
248; 274; 1; 2; 116
214; 313; 2; 1; 117
261; 204; 2; 1; 119
329; 336; 2; 1; 123
359; 302; 2; 1; 123
245; 332; 1; 2; 159
323; 321; 2; 1; 160
317; 230; 1; 2; 163
293; 330; 2; 1; 163
333; 348; 2; 1; 180
213; 303; 1; 2; 181
262; 354; 1; 2; 182
323; 312; 2; 1; 185
288; 328; 1; 2; 194
329; 237; 1; 2; 197
250; 278; 1; 2; 198
206; 364; 2; 1; 202
352; 310; 1; 2; 204
256; 206; 1; 2; 207
236; 279; 2; 1; 212
254; 318; 1; 2; 213
293; 350; 1; 2; 214
285; 363; 1; 2; 220
275; 262; 2; 1; 222
347; 238; 2; 1; 230
264; 353; 1; 2; 231
320; 237; 2; 1; 236
282; 336; 2; 1; 237
261; 273; 2; 1; 245
314; 290; 2; 1; 246
223; 351; 2; 1; 249
366; 359; 1; 2; 266
368; 287; 2; 1; 284
291; 340; 2; 1; 290
281; 341; 1; 2; 295
243; 339; 1; 2; 313
250; 327; 2; 1; 329
309; 365; 1; 2; 332
274; 212; 1; 2; 335
232; 344; 2; 1; 345
238; 281; 1; 2; 353
366; 307; 2; 1; 357
356; 255; 1; 2; 361
365; 368; 1; 2; 376
354; 213; 1; 2; 387
305; 342; 1; 2; 398
299; 363; 2; 1; 404
254; 221; 2; 1; 406
330; 243; 1; 2; 407
319; 340; 1; 2; 414
330; 290; 1; 2; 443
270; 257; 1; 2; 446
303; 278; 1; 2; 448
233; 333; 1; 2; 448
225; 346; 2; 1; 449
339; 268; 1; 2; 473
336; 308; 1; 2; 474
338; 327; 1; 2; 480
226; 281; 2; 1; 494
257; 357; 2; 1; 498
335; 358; 2; 1; 503
202; 290; 1; 2; 518
225; 296; 2; 1; 527
319; 238; 1; 2; 528
273; 251; 1; 2; 529
297; 325; 1; 2; 531
330; 223; 2; 1; 538
20
9; 1; 6; 2096
15; 1; 12; 2193
7; 1; 8; 3441
10; 1; 36; 3664
1; 1; 16; 5356
19; 1; 8; 7206
2; 1; 20; 7457
11; 1; 28; 7749
4; 1; 14; 8482
18; 1; 29; 8873
14; 1; 1; 9474
6; 1; 36; 9930
12; 1; 26; 9993
17; 1; 48; 10045
13; 1; 1; 16250
8; 1; 3; 17675
3; 1; 15; 18743
0; 1; 16; 20426
5; 1; 38; 20782
16; 1; 7; 25745
