**** 444 ****
90
276; 328; 2; 1; 3
264; 351; 1; 2; 3
357; 288; 1; 2; 7
358; 261; 1; 2; 11
257; 314; 1; 2; 14
286; 311; 1; 2; 36
272; 346; 1; 2; 39
360; 341; 2; 1; 42
254; 280; 1; 2; 50
288; 362; 2; 1; 59
231; 268; 1; 2; 63
290; 322; 2; 1; 79
335; 272; 2; 1; 80
293; 223; 2; 1; 89
209; 280; 1; 2; 95
290; 363; 1; 2; 102
253; 204; 2; 1; 104
320; 209; 2; 1; 108
246; 332; 1; 2; 112
335; 356; 2; 1; 112
213; 262; 1; 2; 129
237; 298; 1; 2; 131
358; 339; 1; 2; 132
364; 272; 2; 1; 136
299; 341; 1; 2; 146
324; 359; 1; 2; 147
246; 333; 1; 2; 161
364; 260; 2; 1; 174
223; 210; 1; 2; 175
341; 244; 1; 2; 177
253; 215; 1; 2; 177
240; 243; 2; 1; 187
220; 301; 1; 2; 188
359; 255; 2; 1; 191
261; 315; 1; 2; 201
244; 234; 1; 2; 210
316; 326; 1; 2; 215
305; 298; 2; 1; 218
294; 362; 1; 2; 222
214; 229; 1; 2; 222
211; 307; 2; 1; 223
328; 349; 2; 1; 242
321; 292; 1; 2; 245
317; 204; 2; 1; 250
213; 339; 2; 1; 256
261; 233; 1; 2; 269
360; 246; 2; 1; 270
208; 209; 2; 1; 275
365; 366; 1; 2; 283
205; 212; 2; 1; 292
279; 220; 2; 1; 296
348; 209; 1; 2; 318
230; 270; 2; 1; 327
274; 313; 1; 2; 328
281; 345; 2; 1; 342
350; 360; 2; 1; 349
253; 331; 1; 2; 363
278; 214; 2; 1; 366
294; 294; 2; 1; 367
266; 211; 1; 2; 367
208; 299; 2; 1; 388
312; 297; 2; 1; 397
213; 286; 1; 2; 399
281; 340; 1; 2; 404
261; 245; 1; 2; 413
304; 230; 1; 2; 415
235; 261; 2; 1; 423
227; 254; 2; 1; 429
252; 332; 2; 1; 435
231; 357; 1; 2; 437
336; 273; 1; 2; 438
211; 244; 2; 1; 451
251; 277; 2; 1; 461
276; 218; 1; 2; 465
269; 302; 1; 2; 470
338; 287; 2; 1; 476
208; 359; 1; 2; 483
254; 304; 1; 2; 485
333; 360; 1; 2; 487
358; 248; 2; 1; 491
264; 240; 1; 2; 499
327; 276; 2; 1; 501
228; 284; 2; 1; 502
280; 223; 1; 2; 507
279; 268; 1; 2; 514
257; 273; 1; 2; 514
309; 278; 1; 2; 518
294; 250; 2; 1; 518
294; 261; 2; 1; 524
224; 299; 2; 1; 525
20
1; 1; 26; 8
13; 1; 19; 542
16; 1; 9; 1276
4; 1; 38; 2342
9; 1; 9; 2738
0; 1; 10; 2956
7; 1; 1; 3679
17; 1; 44; 4075
2; 1; 10; 4678
11; 1; 28; 5724
12; 1; 27; 8937
8; 1; 48; 9614
5; 1; 14; 11934
6; 1; 2; 15579
19; 1; 11; 20653
18; 1; 4; 21281
15; 1; 37; 21367
14; 1; 33; 21800
10; 1; 35; 23702
3; 1; 14; 25169
