**** 445 ****
90
330; 281; 1; 2; 1
292; 307; 2; 1; 8
209; 355; 1; 2; 15
250; 343; 1; 2; 16
267; 243; 1; 2; 18
321; 244; 2; 1; 44
302; 226; 1; 2; 48
255; 369; 1; 2; 52
211; 347; 2; 1; 52
316; 327; 1; 2; 60
292; 293; 1; 2; 64
266; 368; 2; 1; 66
333; 263; 2; 1; 73
292; 344; 2; 1; 73
293; 205; 1; 2; 87
361; 246; 1; 2; 88
356; 249; 1; 2; 101
344; 314; 2; 1; 117
235; 206; 1; 2; 120
287; 355; 1; 2; 126
355; 262; 1; 2; 128
242; 272; 2; 1; 153
333; 293; 2; 1; 159
280; 308; 1; 2; 172
269; 237; 1; 2; 178
329; 323; 2; 1; 184
245; 296; 2; 1; 191
205; 316; 1; 2; 196
233; 352; 1; 2; 201
288; 224; 1; 2; 206
252; 326; 2; 1; 207
269; 309; 2; 1; 216
314; 355; 1; 2; 217
229; 202; 1; 2; 219
361; 344; 2; 1; 227
238; 209; 2; 1; 231
224; 242; 1; 2; 243
241; 238; 2; 1; 247
351; 297; 1; 2; 250
299; 249; 2; 1; 253
342; 295; 1; 2; 257
300; 232; 1; 2; 287
209; 230; 2; 1; 295
285; 295; 2; 1; 297
296; 273; 1; 2; 298
353; 317; 1; 2; 303
316; 259; 2; 1; 306
222; 227; 2; 1; 317
201; 216; 2; 1; 323
206; 308; 1; 2; 338
307; 233; 1; 2; 345
297; 307; 2; 1; 346
313; 249; 1; 2; 354
328; 270; 2; 1; 359
213; 221; 1; 2; 375
264; 332; 1; 2; 378
235; 301; 1; 2; 383
260; 297; 1; 2; 386
272; 298; 2; 1; 387
245; 297; 2; 1; 394
247; 275; 2; 1; 395
244; 358; 1; 2; 399
272; 280; 2; 1; 400
319; 311; 2; 1; 405
354; 269; 1; 2; 412
285; 270; 1; 2; 423
216; 341; 1; 2; 438
239; 331; 1; 2; 440
319; 310; 1; 2; 444
207; 274; 1; 2; 446
236; 317; 1; 2; 451
310; 262; 2; 1; 457
356; 347; 1; 2; 458
337; 305; 1; 2; 467
313; 366; 2; 1; 470
347; 272; 1; 2; 471
288; 359; 2; 1; 480
213; 333; 1; 2; 480
341; 275; 2; 1; 481
205; 268; 1; 2; 482
312; 336; 2; 1; 482
251; 209; 2; 1; 484
277; 315; 2; 1; 503
280; 362; 2; 1; 515
358; 341; 1; 2; 516
271; 273; 1; 2; 520
325; 323; 1; 2; 526
297; 206; 1; 2; 532
271; 237; 1; 2; 533
334; 367; 1; 2; 534
20
10; 1; 11; 1832
4; 1; 8; 7687
13; 1; 36; 8238
7; 1; 28; 9705
3; 1; 42; 9880
1; 1; 35; 12151
9; 1; 5; 12287
11; 1; 25; 13317
18; 1; 42; 16567
12; 1; 42; 17279
16; 1; 20; 21946
19; 1; 20; 22814
2; 1; 44; 22861
14; 1; 13; 23267
8; 1; 10; 23444
6; 1; 13; 24308
0; 1; 16; 24918
15; 1; 2; 24937
5; 1; 45; 25105
17; 1; 16; 25196
