**** 446 ****
90
253; 332; 2; 1; 3
283; 291; 2; 1; 9
260; 313; 1; 2; 15
358; 265; 1; 2; 28
219; 216; 1; 2; 29
344; 259; 2; 1; 41
333; 238; 2; 1; 46
218; 202; 1; 2; 56
352; 290; 2; 1; 58
286; 358; 2; 1; 61
265; 309; 1; 2; 64
347; 359; 1; 2; 71
253; 313; 2; 1; 76
352; 279; 1; 2; 99
227; 341; 2; 1; 99
234; 326; 2; 1; 103
266; 240; 2; 1; 109
204; 219; 2; 1; 112
236; 203; 1; 2; 115
342; 283; 1; 2; 119
240; 260; 1; 2; 121
329; 356; 2; 1; 127
318; 285; 1; 2; 127
223; 299; 1; 2; 134
301; 367; 1; 2; 134
338; 247; 1; 2; 136
306; 346; 2; 1; 137
246; 311; 1; 2; 142
348; 365; 1; 2; 149
267; 369; 2; 1; 152
320; 240; 1; 2; 156
261; 238; 1; 2; 175
302; 226; 1; 2; 182
220; 253; 2; 1; 183
282; 314; 2; 1; 188
256; 362; 2; 1; 198
340; 284; 1; 2; 204
243; 201; 1; 2; 217
222; 293; 1; 2; 218
328; 287; 2; 1; 220
315; 303; 2; 1; 222
211; 287; 2; 1; 225
267; 267; 2; 1; 228
344; 306; 2; 1; 234
230; 303; 2; 1; 250
365; 258; 1; 2; 253
212; 308; 1; 2; 253
293; 255; 1; 2; 255
330; 275; 1; 2; 263
293; 208; 2; 1; 271
287; 365; 2; 1; 288
226; 258; 1; 2; 293
343; 261; 1; 2; 295
294; 275; 2; 1; 296
222; 353; 2; 1; 301
235; 253; 2; 1; 310
244; 219; 1; 2; 312
339; 275; 2; 1; 315
210; 355; 2; 1; 320
331; 317; 2; 1; 325
217; 322; 2; 1; 337
317; 304; 2; 1; 345
257; 220; 1; 2; 350
274; 279; 2; 1; 351
215; 329; 1; 2; 351
360; 343; 1; 2; 357
220; 273; 2; 1; 362
322; 356; 2; 1; 389
350; 203; 1; 2; 395
228; 204; 1; 2; 407
208; 292; 2; 1; 408
256; 240; 1; 2; 411
257; 254; 2; 1; 419
352; 279; 1; 2; 425
216; 274; 2; 1; 429
317; 281; 2; 1; 431
255; 330; 1; 2; 452
234; 357; 2; 1; 452
350; 259; 2; 1; 452
297; 287; 1; 2; 458
241; 293; 1; 2; 476
236; 307; 1; 2; 484
345; 362; 2; 1; 502
285; 313; 2; 1; 511
284; 227; 1; 2; 518
355; 353; 2; 1; 521
264; 323; 2; 1; 522
291; 296; 2; 1; 533
308; 364; 2; 1; 542
352; 309; 1; 2; 542
20
19; 1; 36; 494
18; 1; 5; 1471
0; 1; 29; 2478
3; 1; 30; 4546
9; 1; 38; 4781
16; 1; 35; 5192
12; 1; 36; 9856
2; 1; 9; 12097
14; 1; 6; 12199
6; 1; 24; 13336
7; 1; 37; 13390
10; 1; 15; 13474
5; 1; 5; 14979
15; 1; 6; 15452
4; 1; 5; 16281
17; 1; 45; 17632
13; 1; 14; 19280
11; 1; 16; 21276
1; 1; 26; 23604
8; 1; 26; 25140
