**** 447 ****
90
240; 279; 1; 2; 3
217; 213; 2; 1; 3
242; 279; 1; 2; 4
289; 223; 2; 1; 9
223; 223; 2; 1; 11
215; 314; 2; 1; 13
314; 223; 2; 1; 17
267; 252; 2; 1; 21
205; 273; 1; 2; 24
365; 210; 1; 2; 32
285; 327; 2; 1; 35
329; 360; 1; 2; 50
353; 226; 1; 2; 72
220; 293; 2; 1; 90
301; 353; 1; 2; 112
230; 210; 2; 1; 119
329; 307; 1; 2; 140
322; 220; 2; 1; 141
205; 253; 2; 1; 146
212; 236; 2; 1; 165
292; 266; 1; 2; 180
292; 230; 1; 2; 190
362; 317; 2; 1; 205
313; 346; 1; 2; 210
261; 268; 2; 1; 216
220; 268; 1; 2; 222
217; 241; 2; 1; 222
251; 234; 1; 2; 240
299; 274; 1; 2; 240
360; 292; 1; 2; 251
333; 318; 1; 2; 256
340; 356; 2; 1; 259
309; 221; 1; 2; 261
286; 292; 1; 2; 264
280; 250; 2; 1; 268
273; 297; 1; 2; 270
241; 300; 1; 2; 272
360; 320; 2; 1; 274
307; 263; 2; 1; 277
355; 342; 2; 1; 279
212; 367; 2; 1; 281
366; 305; 2; 1; 288
210; 243; 2; 1; 290
267; 226; 1; 2; 294
233; 231; 1; 2; 296
209; 213; 2; 1; 300
236; 358; 1; 2; 300
264; 308; 2; 1; 308
300; 347; 1; 2; 317
237; 310; 2; 1; 322
210; 297; 2; 1; 326
356; 363; 2; 1; 337
276; 228; 1; 2; 343
298; 350; 2; 1; 343
309; 229; 2; 1; 348
203; 268; 2; 1; 350
319; 251; 1; 2; 353
340; 358; 2; 1; 353
226; 355; 1; 2; 361
294; 336; 2; 1; 364
329; 241; 1; 2; 369
322; 240; 2; 1; 370
313; 233; 2; 1; 378
368; 316; 2; 1; 388
237; 340; 2; 1; 390
252; 340; 2; 1; 390
287; 343; 1; 2; 399
249; 209; 2; 1; 406
292; 212; 1; 2; 411
271; 273; 2; 1; 420
342; 238; 1; 2; 422
362; 204; 2; 1; 425
217; 203; 2; 1; 426
282; 298; 2; 1; 428
292; 358; 2; 1; 429
237; 269; 1; 2; 433
247; 237; 2; 1; 438
315; 314; 1; 2; 440
283; 228; 2; 1; 469
280; 255; 2; 1; 470
241; 236; 1; 2; 484
351; 275; 1; 2; 484
335; 291; 2; 1; 492
285; 249; 2; 1; 494
258; 278; 1; 2; 508
220; 302; 1; 2; 510
273; 312; 2; 1; 511
228; 317; 2; 1; 512
368; 290; 1; 2; 537
211; 214; 1; 2; 538
20
0; 1; 26; 1871
13; 1; 5; 3889
17; 1; 23; 4535
6; 1; 22; 9039
2; 1; 30; 9173
11; 1; 18; 12851
10; 1; 47; 13562
12; 1; 29; 14874
1; 1; 28; 15850
3; 1; 3; 15880
14; 1; 28; 16783
9; 1; 32; 17253
7; 1; 30; 17544
8; 1; 17; 18914
5; 1; 5; 19532
19; 1; 12; 20027
15; 1; 6; 20729
4; 1; 17; 24416
18; 1; 21; 24971
16; 1; 6; 25222
