**** 448 ****
90
276; 333; 2; 1; 5
230; 261; 2; 1; 8
325; 257; 2; 1; 16
204; 255; 1; 2; 34
311; 316; 2; 1; 41
367; 231; 1; 2; 49
204; 306; 2; 1; 54
230; 285; 1; 2; 69
341; 369; 1; 2; 109
222; 269; 2; 1; 114
366; 328; 2; 1; 130
210; 283; 2; 1; 130
323; 318; 1; 2; 131
203; 315; 2; 1; 136
212; 250; 2; 1; 139
263; 328; 2; 1; 157
310; 234; 2; 1; 157
359; 322; 2; 1; 159
368; 221; 1; 2; 166
310; 350; 2; 1; 170
363; 201; 1; 2; 171
307; 235; 1; 2; 172
315; 215; 1; 2; 174
276; 214; 2; 1; 183
347; 244; 1; 2; 189
361; 280; 1; 2; 199
288; 271; 2; 1; 201
337; 340; 2; 1; 207
235; 361; 1; 2; 212
353; 344; 1; 2; 217
259; 201; 1; 2; 219
349; 214; 1; 2; 225
255; 324; 1; 2; 229
223; 311; 1; 2; 230
266; 273; 1; 2; 232
284; 316; 1; 2; 241
205; 206; 1; 2; 259
319; 276; 2; 1; 260
357; 205; 1; 2; 262
337; 332; 1; 2; 268
343; 342; 1; 2; 275
335; 349; 2; 1; 278
349; 259; 2; 1; 285
327; 270; 2; 1; 290
287; 236; 1; 2; 305
227; 219; 2; 1; 305
269; 319; 2; 1; 311
312; 243; 2; 1; 320
280; 334; 1; 2; 340
213; 362; 1; 2; 349
248; 227; 2; 1; 352
270; 290; 1; 2; 353
285; 343; 1; 2; 355
294; 320; 2; 1; 359
317; 205; 2; 1; 364
312; 313; 1; 2; 373
328; 274; 2; 1; 374
244; 222; 2; 1; 374
349; 237; 1; 2; 383
212; 331; 2; 1; 411
261; 234; 2; 1; 413
209; 205; 2; 1; 421
340; 307; 1; 2; 423
226; 345; 1; 2; 427
281; 285; 1; 2; 432
345; 290; 2; 1; 436
327; 212; 1; 2; 440
259; 265; 1; 2; 440
358; 215; 1; 2; 444
268; 227; 2; 1; 449
365; 339; 1; 2; 451
341; 257; 2; 1; 453
298; 264; 1; 2; 456
315; 365; 2; 1; 463
239; 344; 1; 2; 466
316; 293; 2; 1; 479
319; 344; 2; 1; 481
234; 340; 1; 2; 484
325; 303; 2; 1; 487
298; 312; 1; 2; 502
318; 208; 2; 1; 526
228; 293; 2; 1; 528
356; 272; 1; 2; 528
309; 364; 1; 2; 530
306; 202; 1; 2; 530
216; 311; 1; 2; 531
240; 202; 2; 1; 532
220; 245; 2; 1; 534
328; 348; 1; 2; 546
305; 288; 1; 2; 546
20
6; 1; 23; 1192
9; 1; 9; 1392
2; 1; 20; 2377
3; 1; 6; 3183
19; 1; 17; 5293
10; 1; 17; 6887
12; 1; 44; 10834
8; 1; 40; 11030
4; 1; 18; 11381
7; 1; 7; 14591
13; 1; 9; 14781
16; 1; 8; 15675
15; 1; 4; 15938
0; 1; 48; 17683
1; 1; 38; 19323
17; 1; 14; 20947
14; 1; 26; 22150
18; 1; 24; 23225
11; 1; 20; 24183
5; 1; 34; 24347
