**** 449 ****
90
214; 228; 2; 1; 8
316; 270; 2; 1; 11
277; 259; 2; 1; 12
311; 273; 2; 1; 21
278; 291; 1; 2; 23
244; 252; 1; 2; 27
203; 218; 2; 1; 32
329; 299; 2; 1; 33
364; 300; 2; 1; 50
332; 243; 2; 1; 53
295; 244; 1; 2; 57
208; 298; 1; 2; 68
206; 265; 1; 2; 70
219; 290; 2; 1; 74
366; 275; 1; 2; 79
367; 331; 2; 1; 82
236; 311; 2; 1; 84
295; 293; 2; 1; 86
250; 247; 2; 1; 102
307; 249; 2; 1; 103
267; 206; 2; 1; 108
248; 297; 1; 2; 110
303; 310; 2; 1; 126
201; 292; 1; 2; 135
216; 229; 1; 2; 144
360; 212; 2; 1; 145
347; 207; 1; 2; 163
255; 339; 2; 1; 163
222; 213; 2; 1; 173
296; 281; 2; 1; 184
237; 343; 1; 2; 192
253; 331; 1; 2; 205
316; 254; 1; 2; 208
255; 301; 1; 2; 222
262; 238; 2; 1; 229
222; 339; 2; 1; 239
303; 323; 1; 2; 239
227; 348; 1; 2; 245
202; 334; 2; 1; 268
230; 227; 1; 2; 268
212; 220; 2; 1; 291
360; 336; 2; 1; 294
299; 313; 1; 2; 295
360; 342; 1; 2; 298
206; 261; 1; 2; 300
336; 345; 2; 1; 301
220; 297; 1; 2; 303
342; 325; 1; 2; 303
213; 215; 1; 2; 317
320; 280; 2; 1; 319
288; 305; 2; 1; 321
287; 206; 2; 1; 329
274; 244; 1; 2; 339
213; 257; 1; 2; 346
231; 206; 2; 1; 348
240; 285; 1; 2; 352
236; 264; 1; 2; 360
250; 294; 2; 1; 363
247; 361; 1; 2; 364
306; 245; 2; 1; 364
321; 292; 2; 1; 386
369; 368; 2; 1; 386
260; 366; 2; 1; 386
252; 267; 2; 1; 392
238; 268; 1; 2; 406
285; 254; 2; 1; 411
307; 228; 2; 1; 413
335; 265; 1; 2; 414
344; 269; 1; 2; 423
241; 233; 2; 1; 426
312; 229; 1; 2; 435
273; 286; 2; 1; 440
339; 337; 1; 2; 440
268; 357; 2; 1; 442
369; 367; 2; 1; 442
339; 364; 2; 1; 443
360; 289; 1; 2; 445
229; 224; 2; 1; 464
298; 213; 1; 2; 466
211; 281; 2; 1; 477
277; 296; 1; 2; 485
258; 261; 2; 1; 485
243; 222; 1; 2; 486
252; 324; 1; 2; 488
231; 352; 1; 2; 506
216; 290; 1; 2; 510
306; 231; 1; 2; 516
302; 344; 2; 1; 535
248; 364; 2; 1; 539
325; 342; 1; 2; 541
20
10; 1; 2; 874
1; 1; 31; 4450
17; 1; 4; 4515
12; 1; 40; 5558
15; 1; 30; 6333
18; 1; 31; 6843
8; 1; 21; 7621
9; 1; 2; 8282
11; 1; 48; 10520
7; 1; 20; 10668
6; 1; 26; 17193
19; 1; 15; 18226
13; 1; 37; 18350
0; 1; 39; 18768
3; 1; 37; 19159
2; 1; 37; 19892
4; 1; 46; 20832
5; 1; 24; 21052
16; 1; 38; 21311
14; 1; 41; 21403
