**** 45 ****
54
65; 65; 2; 1; 0
64; 77; 1; 2; 7
72; 57; 1; 2; 9
73; 75; 1; 2; 12
70; 80; 2; 1; 16
67; 68; 1; 2; 18
77; 44; 1; 2; 19
47; 75; 2; 1; 23
30; 36; 1; 2; 24
54; 70; 2; 1; 27
70; 34; 1; 2; 28
36; 27; 2; 1; 31
46; 39; 2; 1; 32
44; 25; 1; 2; 33
71; 40; 2; 1; 33
74; 32; 1; 2; 34
59; 74; 1; 2; 35
53; 27; 2; 1; 39
36; 69; 1; 2; 45
49; 68; 2; 1; 45
63; 81; 2; 1; 48
57; 53; 1; 2; 53
37; 49; 2; 1; 59
63; 27; 2; 1; 65
52; 37; 2; 1; 69
61; 70; 1; 2; 69
32; 69; 1; 2; 70
41; 29; 1; 2; 71
32; 26; 1; 2; 71
25; 59; 2; 1; 72
52; 37; 1; 2; 74
53; 70; 1; 2; 77
23; 25; 2; 1; 81
40; 71; 2; 1; 85
71; 55; 1; 2; 86
73; 24; 1; 2; 90
61; 60; 1; 2; 90
21; 54; 2; 1; 92
39; 65; 1; 2; 97
30; 53; 2; 1; 99
42; 60; 2; 1; 99
33; 64; 1; 2; 99
62; 66; 2; 1; 102
47; 78; 1; 2; 104
69; 78; 1; 2; 105
40; 23; 2; 1; 107
31; 74; 2; 1; 110
42; 38; 2; 1; 129
51; 79; 1; 2; 130
31; 52; 1; 2; 131
55; 29; 1; 2; 133
40; 70; 2; 1; 134
46; 43; 1; 2; 137
41; 48; 1; 2; 141
13
9; 1; 46; 153
8; 1; 16; 658
2; 1; 46; 1235
4; 1; 47; 1318
10; 1; 18; 1375
3; 1; 19; 1577
6; 1; 31; 2033
0; 1; 20; 2226
1; 1; 46; 2266
5; 1; 9; 2671
7; 1; 36; 2819
11; 1; 49; 2875
12; 1; 25; 3024
