**** 450 ****
90
214; 212; 1; 2; 11
321; 284; 2; 1; 13
350; 284; 2; 1; 18
328; 353; 2; 1; 28
276; 357; 1; 2; 32
310; 313; 2; 1; 42
369; 251; 2; 1; 51
316; 297; 2; 1; 62
323; 256; 2; 1; 73
264; 295; 2; 1; 74
280; 210; 2; 1; 78
311; 251; 1; 2; 83
208; 210; 1; 2; 84
214; 227; 2; 1; 85
215; 318; 2; 1; 86
236; 285; 1; 2; 95
235; 222; 1; 2; 97
251; 308; 1; 2; 101
266; 356; 1; 2; 108
210; 209; 1; 2; 110
328; 360; 2; 1; 115
229; 314; 1; 2; 130
238; 341; 1; 2; 132
235; 345; 1; 2; 141
313; 268; 1; 2; 145
341; 215; 2; 1; 146
224; 275; 1; 2; 147
293; 307; 1; 2; 149
208; 348; 2; 1; 156
338; 296; 2; 1; 159
279; 349; 1; 2; 171
301; 220; 2; 1; 172
322; 247; 2; 1; 197
205; 300; 1; 2; 200
329; 338; 2; 1; 213
235; 208; 1; 2; 226
364; 334; 2; 1; 229
300; 346; 2; 1; 229
364; 241; 2; 1; 236
273; 355; 1; 2; 242
337; 294; 2; 1; 243
344; 330; 2; 1; 245
237; 321; 1; 2; 245
204; 267; 2; 1; 247
349; 272; 2; 1; 252
365; 320; 2; 1; 267
249; 367; 1; 2; 271
359; 203; 1; 2; 273
340; 220; 2; 1; 281
315; 314; 1; 2; 290
236; 218; 1; 2; 295
350; 335; 2; 1; 298
267; 210; 2; 1; 301
348; 361; 1; 2; 304
257; 317; 2; 1; 323
229; 338; 1; 2; 327
297; 240; 2; 1; 338
312; 214; 2; 1; 353
346; 348; 1; 2; 389
252; 341; 1; 2; 393
321; 223; 1; 2; 398
219; 339; 1; 2; 402
350; 206; 1; 2; 402
255; 296; 1; 2; 414
359; 298; 1; 2; 417
255; 332; 1; 2; 420
223; 209; 1; 2; 430
211; 347; 2; 1; 445
285; 226; 2; 1; 456
251; 252; 2; 1; 458
324; 268; 1; 2; 466
328; 219; 1; 2; 482
315; 345; 2; 1; 483
225; 338; 1; 2; 484
313; 354; 1; 2; 500
308; 355; 1; 2; 502
299; 250; 1; 2; 507
238; 357; 1; 2; 510
358; 287; 2; 1; 511
307; 281; 2; 1; 513
336; 245; 1; 2; 519
219; 227; 1; 2; 523
346; 361; 2; 1; 528
309; 268; 2; 1; 529
236; 239; 1; 2; 531
344; 204; 2; 1; 535
285; 344; 1; 2; 539
339; 235; 1; 2; 539
289; 353; 1; 2; 539
319; 360; 1; 2; 542
20
1; 1; 34; 3906
8; 1; 22; 6256
3; 1; 38; 6814
0; 1; 14; 6998
6; 1; 21; 8109
5; 1; 4; 8395
10; 1; 21; 8828
17; 1; 19; 8854
9; 1; 29; 11884
14; 1; 3; 13206
2; 1; 14; 13262
7; 1; 35; 13924
19; 1; 39; 16911
18; 1; 11; 17591
4; 1; 29; 18449
15; 1; 21; 20850
13; 1; 30; 21095
16; 1; 3; 21210
12; 1; 31; 23279
11; 1; 10; 23859
