**** 451 ****
91
216; 332; 2; 1; 14
239; 304; 2; 1; 18
266; 342; 2; 1; 26
352; 371; 1; 2; 31
273; 345; 2; 1; 33
373; 271; 1; 2; 38
360; 245; 2; 1; 46
284; 314; 2; 1; 47
345; 321; 1; 2; 49
282; 361; 2; 1; 49
325; 370; 2; 1; 51
275; 276; 1; 2; 60
215; 259; 2; 1; 65
264; 337; 2; 1; 66
376; 353; 2; 1; 74
212; 317; 2; 1; 76
362; 376; 1; 2; 79
353; 306; 2; 1; 82
305; 277; 1; 2; 84
361; 208; 2; 1; 93
292; 347; 2; 1; 104
257; 210; 1; 2; 109
314; 304; 1; 2; 113
273; 270; 2; 1; 114
231; 264; 1; 2; 119
349; 224; 2; 1; 122
253; 234; 1; 2; 124
373; 257; 2; 1; 127
268; 288; 2; 1; 139
320; 375; 1; 2; 146
361; 245; 1; 2; 177
300; 338; 1; 2; 199
248; 344; 1; 2; 210
296; 372; 2; 1; 211
269; 361; 1; 2; 218
226; 301; 1; 2; 220
226; 246; 2; 1; 222
375; 276; 1; 2; 225
288; 236; 1; 2; 240
282; 241; 1; 2; 244
261; 307; 1; 2; 257
354; 235; 2; 1; 264
343; 305; 2; 1; 281
321; 223; 2; 1; 294
318; 277; 1; 2; 295
228; 249; 2; 1; 304
244; 286; 1; 2; 305
229; 232; 2; 1; 308
327; 348; 2; 1; 311
294; 289; 1; 2; 311
358; 223; 1; 2; 314
327; 252; 1; 2; 322
356; 294; 1; 2; 327
312; 328; 1; 2; 331
290; 257; 2; 1; 337
222; 220; 1; 2; 344
364; 248; 1; 2; 349
342; 287; 1; 2; 363
266; 249; 2; 1; 369
305; 294; 1; 2; 372
293; 207; 2; 1; 377
335; 347; 1; 2; 379
349; 324; 2; 1; 383
234; 362; 2; 1; 387
361; 278; 2; 1; 387
329; 330; 1; 2; 390
335; 373; 1; 2; 391
282; 314; 2; 1; 397
258; 271; 2; 1; 397
225; 366; 2; 1; 397
277; 211; 2; 1; 398
295; 243; 1; 2; 399
360; 235; 2; 1; 404
282; 296; 2; 1; 411
329; 355; 2; 1; 425
340; 303; 2; 1; 429
338; 282; 2; 1; 441
354; 309; 2; 1; 447
368; 249; 1; 2; 453
286; 258; 2; 1; 455
248; 307; 2; 1; 470
342; 240; 1; 2; 480
227; 219; 1; 2; 488
269; 301; 2; 1; 497
319; 317; 1; 2; 508
359; 208; 1; 2; 510
317; 221; 1; 2; 518
340; 313; 1; 2; 524
270; 357; 1; 2; 524
314; 319; 1; 2; 526
331; 226; 2; 1; 531
21
11; 1; 17; 454
14; 1; 39; 555
15; 1; 49; 1682
3; 1; 18; 1738
10; 1; 8; 4678
7; 1; 49; 5181
8; 1; 18; 6270
19; 1; 32; 6302
17; 1; 26; 7102
18; 1; 2; 8734
2; 1; 26; 14820
9; 1; 39; 15688
12; 1; 33; 16587
16; 1; 49; 16793
4; 1; 2; 16897
6; 1; 18; 18497
5; 1; 6; 21164
20; 1; 7; 21693
0; 1; 5; 24419
13; 1; 35; 26272
1; 1; 22; 27006
