**** 452 ****
91
312; 332; 1; 2; 17
271; 326; 2; 1; 24
350; 212; 1; 2; 37
330; 355; 1; 2; 45
350; 344; 2; 1; 45
209; 315; 1; 2; 47
254; 217; 1; 2; 47
349; 257; 2; 1; 56
270; 249; 2; 1; 63
363; 347; 1; 2; 65
287; 332; 1; 2; 66
287; 346; 2; 1; 77
332; 295; 1; 2; 81
243; 370; 1; 2; 85
341; 296; 1; 2; 89
290; 331; 1; 2; 91
301; 305; 2; 1; 100
339; 372; 1; 2; 112
336; 291; 2; 1; 122
300; 342; 1; 2; 126
263; 335; 1; 2; 127
217; 282; 1; 2; 139
367; 256; 1; 2; 148
355; 298; 1; 2; 149
342; 231; 1; 2; 166
321; 302; 1; 2; 174
358; 211; 2; 1; 181
314; 265; 1; 2; 182
273; 315; 2; 1; 192
292; 300; 2; 1; 198
214; 235; 1; 2; 204
371; 262; 2; 1; 223
252; 285; 1; 2; 226
331; 229; 2; 1; 240
216; 346; 1; 2; 243
207; 265; 1; 2; 252
344; 303; 1; 2; 265
369; 253; 1; 2; 270
262; 305; 2; 1; 284
241; 224; 2; 1; 286
234; 363; 2; 1; 288
277; 331; 1; 2; 293
372; 301; 1; 2; 296
300; 367; 2; 1; 296
345; 214; 1; 2; 303
223; 238; 1; 2; 305
286; 301; 2; 1; 306
228; 209; 1; 2; 311
340; 207; 2; 1; 315
232; 300; 1; 2; 325
309; 271; 1; 2; 328
283; 304; 1; 2; 337
237; 371; 2; 1; 352
212; 327; 1; 2; 359
281; 320; 2; 1; 359
375; 251; 2; 1; 361
283; 216; 1; 2; 363
270; 306; 2; 1; 365
373; 249; 1; 2; 385
311; 210; 1; 2; 399
326; 238; 1; 2; 417
274; 243; 1; 2; 424
326; 262; 1; 2; 427
303; 344; 2; 1; 430
317; 227; 1; 2; 431
261; 338; 2; 1; 432
214; 270; 2; 1; 432
259; 326; 2; 1; 433
237; 328; 1; 2; 435
350; 347; 2; 1; 436
256; 270; 1; 2; 440
235; 268; 1; 2; 467
261; 259; 1; 2; 480
317; 221; 2; 1; 481
275; 313; 2; 1; 486
347; 320; 1; 2; 487
369; 336; 1; 2; 489
283; 226; 1; 2; 491
209; 225; 1; 2; 492
213; 275; 2; 1; 503
343; 276; 2; 1; 504
293; 302; 2; 1; 515
304; 214; 1; 2; 518
333; 319; 2; 1; 527
221; 350; 2; 1; 529
317; 216; 1; 2; 531
208; 373; 2; 1; 532
323; 341; 2; 1; 533
361; 231; 2; 1; 545
270; 357; 1; 2; 545
356; 223; 2; 1; 550
21
8; 1; 3; 562
2; 1; 1; 1014
3; 1; 46; 1251
4; 1; 23; 1979
9; 1; 47; 2151
20; 1; 34; 3205
19; 1; 22; 8038
7; 1; 39; 8298
10; 1; 35; 9838
16; 1; 26; 9957
0; 1; 39; 14409
15; 1; 12; 15776
12; 1; 25; 16938
6; 1; 38; 20141
14; 1; 1; 21298
13; 1; 23; 22505
1; 1; 16; 23491
18; 1; 11; 23974
11; 1; 5; 24121
17; 1; 8; 24809
5; 1; 20; 26118
