**** 453 ****
91
304; 288; 1; 2; 4
328; 290; 2; 1; 5
312; 235; 1; 2; 7
348; 240; 1; 2; 9
303; 299; 1; 2; 11
317; 277; 2; 1; 25
235; 301; 1; 2; 29
276; 321; 1; 2; 30
271; 228; 2; 1; 38
280; 212; 2; 1; 62
357; 317; 1; 2; 66
335; 291; 2; 1; 97
271; 365; 1; 2; 99
250; 261; 2; 1; 111
303; 344; 2; 1; 112
333; 288; 2; 1; 113
246; 311; 1; 2; 117
241; 236; 1; 2; 154
361; 347; 2; 1; 166
292; 241; 2; 1; 168
215; 351; 1; 2; 168
265; 329; 1; 2; 172
265; 263; 1; 2; 178
316; 358; 2; 1; 192
217; 237; 2; 1; 196
335; 350; 1; 2; 196
288; 314; 2; 1; 199
257; 252; 2; 1; 210
262; 373; 2; 1; 213
258; 309; 2; 1; 218
375; 307; 1; 2; 229
293; 341; 1; 2; 232
210; 372; 2; 1; 235
351; 227; 1; 2; 235
213; 319; 2; 1; 243
207; 307; 2; 1; 246
286; 369; 1; 2; 251
283; 312; 1; 2; 254
352; 226; 2; 1; 258
223; 361; 1; 2; 260
367; 227; 1; 2; 261
279; 321; 2; 1; 268
305; 367; 2; 1; 279
217; 331; 1; 2; 294
231; 230; 1; 2; 317
216; 214; 2; 1; 321
330; 267; 1; 2; 333
375; 310; 1; 2; 335
313; 261; 1; 2; 340
211; 315; 1; 2; 348
348; 336; 2; 1; 354
299; 298; 1; 2; 356
341; 255; 1; 2; 359
338; 339; 1; 2; 364
326; 315; 1; 2; 368
302; 331; 1; 2; 370
291; 368; 1; 2; 373
272; 251; 2; 1; 375
261; 296; 1; 2; 379
363; 269; 2; 1; 380
212; 330; 1; 2; 381
217; 340; 1; 2; 384
290; 311; 2; 1; 390
267; 263; 2; 1; 393
340; 210; 1; 2; 395
228; 339; 1; 2; 405
239; 328; 1; 2; 406
244; 250; 2; 1; 409
309; 212; 2; 1; 410
281; 338; 2; 1; 419
361; 236; 2; 1; 425
286; 258; 1; 2; 428
319; 294; 1; 2; 434
355; 296; 2; 1; 439
242; 268; 2; 1; 440
356; 352; 2; 1; 446
297; 364; 1; 2; 454
366; 273; 2; 1; 463
362; 257; 2; 1; 486
235; 315; 1; 2; 487
236; 251; 2; 1; 494
291; 253; 1; 2; 500
355; 208; 1; 2; 501
337; 294; 1; 2; 514
234; 325; 2; 1; 515
351; 358; 2; 1; 529
332; 325; 2; 1; 536
332; 258; 1; 2; 538
278; 330; 1; 2; 539
283; 267; 1; 2; 544
228; 361; 1; 2; 551
21
3; 1; 24; 1002
16; 1; 39; 5866
19; 1; 49; 6343
11; 1; 39; 6954
2; 1; 40; 7003
8; 1; 3; 8332
0; 1; 2; 8344
14; 1; 27; 10181
6; 1; 30; 14210
5; 1; 42; 14494
18; 1; 49; 16624
1; 1; 43; 16806
20; 1; 40; 18076
15; 1; 4; 18117
13; 1; 45; 19044
9; 1; 31; 20055
12; 1; 42; 20181
4; 1; 21; 21397
7; 1; 4; 21498
10; 1; 12; 25378
17; 1; 39; 26456
