**** 454 ****
91
349; 357; 2; 1; 4
364; 366; 2; 1; 7
271; 338; 2; 1; 12
291; 230; 2; 1; 14
209; 334; 1; 2; 28
214; 345; 1; 2; 29
243; 299; 1; 2; 33
283; 377; 2; 1; 38
296; 261; 1; 2; 57
328; 215; 2; 1; 58
234; 325; 1; 2; 72
217; 290; 1; 2; 76
240; 345; 2; 1; 89
281; 319; 1; 2; 89
225; 213; 2; 1; 103
247; 308; 1; 2; 106
251; 353; 1; 2; 113
317; 368; 2; 1; 120
297; 332; 2; 1; 120
354; 276; 1; 2; 127
248; 364; 2; 1; 157
252; 240; 1; 2; 182
287; 336; 1; 2; 187
282; 221; 2; 1; 190
252; 208; 2; 1; 205
217; 296; 1; 2; 211
249; 258; 2; 1; 212
264; 224; 2; 1; 212
302; 237; 2; 1; 215
292; 367; 1; 2; 217
254; 365; 1; 2; 219
280; 295; 2; 1; 229
292; 351; 2; 1; 229
245; 369; 1; 2; 235
348; 313; 1; 2; 237
306; 305; 1; 2; 239
340; 364; 2; 1; 245
255; 285; 2; 1; 248
271; 290; 2; 1; 267
269; 275; 1; 2; 269
346; 277; 2; 1; 290
281; 210; 1; 2; 292
361; 227; 2; 1; 296
335; 271; 1; 2; 311
279; 339; 2; 1; 320
305; 236; 1; 2; 322
210; 359; 2; 1; 326
356; 264; 1; 2; 328
377; 333; 2; 1; 334
296; 215; 2; 1; 335
307; 365; 2; 1; 343
264; 214; 2; 1; 347
372; 283; 1; 2; 351
361; 333; 1; 2; 360
307; 329; 2; 1; 364
323; 328; 1; 2; 366
289; 226; 1; 2; 372
215; 338; 1; 2; 375
290; 255; 1; 2; 380
322; 359; 1; 2; 389
233; 291; 2; 1; 392
224; 297; 1; 2; 393
265; 227; 2; 1; 399
246; 301; 1; 2; 405
309; 272; 1; 2; 406
335; 309; 1; 2; 409
334; 340; 2; 1; 416
363; 369; 1; 2; 421
350; 335; 1; 2; 440
222; 342; 1; 2; 449
376; 336; 2; 1; 452
338; 373; 2; 1; 458
254; 233; 2; 1; 458
308; 252; 2; 1; 462
316; 228; 1; 2; 465
300; 373; 2; 1; 470
349; 363; 2; 1; 472
350; 288; 1; 2; 475
284; 324; 2; 1; 475
350; 214; 1; 2; 476
237; 342; 2; 1; 483
340; 299; 2; 1; 488
270; 278; 2; 1; 490
337; 371; 2; 1; 501
217; 309; 1; 2; 509
342; 361; 1; 2; 512
321; 221; 2; 1; 522
242; 265; 2; 1; 532
284; 302; 2; 1; 534
252; 312; 1; 2; 538
244; 242; 1; 2; 545
21
7; 1; 28; 2500
4; 1; 15; 3108
6; 1; 16; 3340
15; 1; 26; 3418
3; 1; 2; 7547
19; 1; 11; 7981
9; 1; 29; 8660
10; 1; 39; 10357
13; 1; 26; 11939
0; 1; 34; 12944
12; 1; 11; 13776
14; 1; 15; 15155
11; 1; 46; 15282
2; 1; 18; 17124
1; 1; 7; 17285
18; 1; 40; 17912
5; 1; 17; 19644
17; 1; 18; 23169
8; 1; 43; 25605
16; 1; 40; 26215
20; 1; 24; 26263
