**** 455 ****
91
238; 346; 2; 1; 3
286; 354; 1; 2; 8
243; 324; 2; 1; 21
248; 297; 2; 1; 25
312; 369; 2; 1; 38
371; 228; 2; 1; 39
303; 319; 1; 2; 40
231; 340; 2; 1; 54
361; 309; 2; 1; 58
293; 225; 1; 2; 59
289; 253; 1; 2; 59
320; 349; 2; 1; 69
331; 347; 1; 2; 82
292; 262; 2; 1; 91
372; 306; 2; 1; 104
344; 363; 2; 1; 108
233; 320; 1; 2; 114
334; 226; 2; 1; 128
365; 330; 2; 1; 138
284; 224; 1; 2; 140
270; 339; 1; 2; 144
211; 350; 2; 1; 145
288; 231; 2; 1; 154
290; 269; 1; 2; 158
227; 304; 2; 1; 159
359; 227; 2; 1; 177
244; 282; 2; 1; 178
254; 342; 1; 2; 179
363; 290; 2; 1; 190
276; 329; 2; 1; 191
289; 301; 2; 1; 194
269; 222; 1; 2; 194
376; 308; 1; 2; 196
279; 254; 1; 2; 201
314; 233; 1; 2; 213
341; 273; 1; 2; 214
336; 219; 1; 2; 216
239; 236; 2; 1; 218
282; 260; 2; 1; 237
292; 305; 2; 1; 242
241; 239; 1; 2; 248
210; 310; 1; 2; 256
315; 300; 1; 2; 264
238; 335; 1; 2; 266
322; 375; 1; 2; 282
239; 319; 1; 2; 283
374; 267; 2; 1; 286
356; 344; 2; 1; 306
307; 220; 1; 2; 312
326; 287; 2; 1; 316
235; 328; 1; 2; 321
363; 369; 2; 1; 330
372; 309; 1; 2; 332
241; 309; 2; 1; 333
334; 216; 2; 1; 341
226; 245; 2; 1; 343
256; 286; 2; 1; 346
375; 209; 1; 2; 347
319; 283; 1; 2; 350
259; 314; 2; 1; 353
367; 307; 2; 1; 373
218; 318; 2; 1; 373
304; 266; 1; 2; 374
371; 262; 1; 2; 377
277; 314; 2; 1; 382
348; 335; 1; 2; 385
223; 362; 2; 1; 387
268; 322; 1; 2; 390
299; 284; 2; 1; 393
278; 225; 2; 1; 399
240; 348; 1; 2; 410
207; 279; 2; 1; 427
308; 221; 1; 2; 428
293; 373; 1; 2; 435
255; 240; 2; 1; 442
344; 374; 1; 2; 444
277; 268; 2; 1; 451
274; 288; 2; 1; 453
372; 226; 2; 1; 461
336; 218; 2; 1; 463
215; 370; 2; 1; 468
282; 325; 2; 1; 468
261; 274; 1; 2; 482
287; 358; 2; 1; 503
237; 213; 2; 1; 510
212; 339; 1; 2; 513
278; 220; 1; 2; 521
214; 338; 1; 2; 536
340; 306; 2; 1; 540
307; 237; 2; 1; 543
324; 312; 2; 1; 550
21
2; 1; 22; 295
5; 1; 5; 2396
18; 1; 45; 2434
14; 1; 22; 5011
12; 1; 24; 5141
1; 1; 47; 6084
3; 1; 22; 9915
13; 1; 33; 10050
8; 1; 33; 13290
20; 1; 21; 14423
15; 1; 35; 16206
0; 1; 21; 17683
16; 1; 20; 18763
7; 1; 42; 21088
17; 1; 4; 21342
19; 1; 16; 22808
4; 1; 26; 22953
9; 1; 6; 23317
10; 1; 5; 23868
11; 1; 32; 23987
6; 1; 49; 26719
