**** 456 ****
91
226; 335; 2; 1; 2
298; 224; 1; 2; 6
330; 358; 1; 2; 7
371; 368; 2; 1; 13
314; 225; 2; 1; 26
250; 301; 1; 2; 32
375; 229; 1; 2; 34
355; 219; 2; 1; 51
352; 302; 2; 1; 53
311; 366; 1; 2; 53
217; 363; 2; 1; 71
228; 217; 2; 1; 72
247; 256; 1; 2; 86
273; 373; 1; 2; 91
303; 279; 1; 2; 91
330; 284; 1; 2; 102
274; 215; 1; 2; 105
231; 294; 1; 2; 109
232; 263; 2; 1; 121
221; 270; 2; 1; 127
365; 351; 1; 2; 130
331; 306; 1; 2; 134
242; 244; 1; 2; 151
332; 293; 1; 2; 152
286; 329; 1; 2; 157
233; 207; 1; 2; 162
368; 347; 2; 1; 166
318; 236; 2; 1; 186
277; 298; 2; 1; 190
347; 239; 1; 2; 193
231; 275; 1; 2; 194
334; 331; 2; 1; 198
219; 287; 1; 2; 210
248; 350; 1; 2; 213
233; 352; 2; 1; 233
316; 338; 2; 1; 244
307; 345; 1; 2; 245
269; 358; 1; 2; 248
301; 357; 1; 2; 265
265; 216; 2; 1; 275
341; 243; 2; 1; 277
324; 296; 1; 2; 282
316; 209; 2; 1; 284
309; 302; 1; 2; 286
297; 256; 1; 2; 287
262; 281; 1; 2; 292
218; 371; 1; 2; 294
339; 216; 2; 1; 319
354; 287; 1; 2; 322
339; 234; 2; 1; 326
363; 296; 2; 1; 331
374; 220; 2; 1; 331
303; 283; 1; 2; 336
326; 316; 2; 1; 340
355; 302; 2; 1; 353
230; 231; 2; 1; 358
362; 331; 2; 1; 359
297; 249; 2; 1; 359
229; 246; 2; 1; 360
276; 266; 1; 2; 369
327; 265; 2; 1; 371
219; 327; 1; 2; 371
363; 324; 1; 2; 378
275; 211; 1; 2; 390
250; 318; 2; 1; 403
224; 258; 2; 1; 409
290; 347; 1; 2; 409
276; 362; 1; 2; 410
355; 271; 1; 2; 412
303; 311; 1; 2; 415
217; 288; 2; 1; 415
340; 345; 1; 2; 420
325; 234; 2; 1; 430
260; 268; 2; 1; 438
346; 304; 1; 2; 443
336; 210; 1; 2; 454
332; 257; 2; 1; 457
312; 263; 2; 1; 464
268; 307; 1; 2; 466
316; 264; 2; 1; 468
280; 311; 1; 2; 476
250; 325; 2; 1; 476
372; 367; 2; 1; 490
369; 240; 1; 2; 518
271; 371; 2; 1; 523
265; 307; 2; 1; 527
221; 361; 2; 1; 531
257; 231; 1; 2; 536
246; 285; 2; 1; 537
305; 280; 1; 2; 549
225; 354; 2; 1; 554
21
15; 1; 5; 198
11; 1; 39; 1385
19; 1; 24; 1660
7; 1; 27; 1958
14; 1; 19; 4118
9; 1; 9; 5695
4; 1; 37; 5933
2; 1; 28; 9119
8; 1; 7; 10624
10; 1; 47; 10835
20; 1; 46; 11772
17; 1; 3; 12457
12; 1; 21; 13043
13; 1; 37; 14457
18; 1; 32; 15353
1; 1; 39; 15504
3; 1; 12; 17195
16; 1; 31; 17442
5; 1; 40; 19701
6; 1; 28; 19742
0; 1; 10; 25654
