**** 457 ****
91
354; 354; 2; 1; 5
299; 272; 1; 2; 11
254; 254; 1; 2; 17
344; 223; 1; 2; 27
324; 221; 2; 1; 28
258; 271; 2; 1; 40
325; 255; 1; 2; 55
312; 371; 1; 2; 58
245; 352; 2; 1; 79
272; 317; 2; 1; 81
234; 227; 1; 2; 83
258; 211; 1; 2; 84
364; 208; 2; 1; 96
287; 343; 2; 1; 101
215; 247; 1; 2; 109
214; 226; 2; 1; 110
341; 254; 2; 1; 112
295; 213; 2; 1; 123
361; 214; 1; 2; 124
242; 230; 2; 1; 135
355; 314; 1; 2; 140
236; 261; 1; 2; 143
219; 300; 1; 2; 149
331; 262; 1; 2; 151
215; 211; 1; 2; 158
290; 275; 1; 2; 161
227; 304; 2; 1; 166
261; 253; 2; 1; 168
348; 281; 1; 2; 171
253; 248; 2; 1; 176
283; 208; 2; 1; 179
376; 284; 1; 2; 183
283; 361; 2; 1; 192
286; 310; 2; 1; 203
338; 350; 1; 2; 204
348; 345; 1; 2; 209
253; 254; 2; 1; 212
295; 226; 1; 2; 212
262; 209; 1; 2; 225
250; 277; 2; 1; 229
373; 292; 1; 2; 231
353; 221; 1; 2; 233
341; 237; 2; 1; 239
361; 229; 1; 2; 245
302; 370; 2; 1; 247
256; 286; 2; 1; 249
245; 258; 1; 2; 253
295; 217; 2; 1; 257
318; 224; 2; 1; 258
341; 371; 2; 1; 271
266; 347; 2; 1; 271
238; 351; 1; 2; 276
365; 271; 2; 1; 278
239; 231; 1; 2; 283
375; 303; 1; 2; 298
271; 295; 1; 2; 322
373; 344; 1; 2; 322
289; 336; 1; 2; 331
260; 225; 2; 1; 340
286; 292; 1; 2; 353
296; 345; 1; 2; 355
241; 349; 1; 2; 370
235; 333; 2; 1; 370
323; 233; 1; 2; 375
245; 368; 2; 1; 376
359; 317; 1; 2; 387
376; 290; 1; 2; 388
363; 305; 1; 2; 406
236; 288; 1; 2; 407
278; 223; 2; 1; 419
375; 280; 1; 2; 419
315; 210; 1; 2; 422
216; 277; 2; 1; 428
346; 342; 1; 2; 435
358; 334; 1; 2; 437
243; 250; 1; 2; 440
351; 377; 2; 1; 457
316; 243; 2; 1; 459
333; 314; 1; 2; 464
251; 258; 1; 2; 474
220; 279; 1; 2; 484
327; 241; 2; 1; 495
208; 217; 2; 1; 496
239; 328; 1; 2; 501
239; 212; 1; 2; 505
278; 231; 2; 1; 508
356; 258; 2; 1; 510
376; 215; 1; 2; 514
212; 296; 2; 1; 527
353; 256; 2; 1; 539
335; 295; 2; 1; 552
21
5; 1; 16; 1240
4; 1; 28; 4319
6; 1; 22; 7324
18; 1; 45; 8095
20; 1; 48; 9272
3; 1; 33; 10847
9; 1; 8; 12021
17; 1; 8; 13084
1; 1; 1; 15021
12; 1; 36; 17669
10; 1; 25; 17952
14; 1; 20; 19332
7; 1; 29; 19490
15; 1; 7; 20970
11; 1; 37; 22714
8; 1; 44; 22801
2; 1; 37; 24475
16; 1; 6; 24541
13; 1; 24; 24698
0; 1; 20; 25686
19; 1; 37; 26459
