**** 458 ****
91
349; 306; 1; 2; 3
348; 294; 1; 2; 4
207; 227; 1; 2; 8
332; 341; 2; 1; 17
266; 347; 1; 2; 32
369; 323; 1; 2; 50
216; 336; 2; 1; 58
334; 274; 2; 1; 60
265; 227; 1; 2; 67
349; 222; 1; 2; 74
280; 345; 1; 2; 75
274; 289; 2; 1; 83
263; 245; 2; 1; 91
366; 354; 2; 1; 93
325; 211; 1; 2; 106
341; 319; 2; 1; 124
284; 226; 1; 2; 136
209; 294; 2; 1; 137
229; 294; 1; 2; 139
217; 218; 2; 1; 144
336; 373; 1; 2; 156
274; 313; 2; 1; 157
363; 265; 1; 2; 161
220; 312; 1; 2; 161
206; 373; 2; 1; 162
361; 305; 2; 1; 172
221; 268; 2; 1; 178
214; 283; 2; 1; 181
256; 362; 1; 2; 184
230; 215; 2; 1; 191
308; 343; 2; 1; 195
308; 284; 1; 2; 195
314; 255; 1; 2; 196
293; 231; 2; 1; 197
333; 314; 1; 2; 212
231; 367; 2; 1; 212
237; 251; 1; 2; 218
311; 299; 1; 2; 225
322; 364; 1; 2; 229
328; 215; 1; 2; 233
322; 333; 2; 1; 234
216; 224; 1; 2; 237
239; 377; 1; 2; 238
368; 277; 2; 1; 239
270; 350; 1; 2; 241
324; 246; 1; 2; 241
243; 303; 2; 1; 257
207; 257; 1; 2; 262
264; 237; 2; 1; 279
327; 212; 1; 2; 281
225; 216; 2; 1; 287
297; 206; 1; 2; 289
299; 294; 2; 1; 308
268; 288; 2; 1; 329
237; 210; 2; 1; 341
281; 252; 1; 2; 352
325; 220; 2; 1; 354
319; 233; 2; 1; 364
361; 262; 1; 2; 364
272; 271; 1; 2; 365
253; 293; 1; 2; 374
251; 321; 1; 2; 377
219; 309; 2; 1; 378
303; 325; 2; 1; 384
220; 326; 1; 2; 385
232; 357; 2; 1; 390
237; 218; 1; 2; 392
326; 312; 2; 1; 398
348; 373; 2; 1; 404
257; 314; 2; 1; 406
247; 235; 2; 1; 411
356; 223; 2; 1; 419
305; 213; 2; 1; 428
365; 229; 2; 1; 432
218; 351; 1; 2; 445
354; 374; 2; 1; 467
347; 248; 2; 1; 471
310; 216; 2; 1; 476
322; 364; 2; 1; 480
302; 207; 2; 1; 492
307; 263; 2; 1; 501
283; 274; 1; 2; 507
292; 228; 2; 1; 508
244; 291; 2; 1; 522
374; 361; 1; 2; 530
226; 319; 1; 2; 538
346; 366; 1; 2; 543
226; 331; 1; 2; 547
264; 345; 2; 1; 551
261; 217; 1; 2; 551
299; 368; 2; 1; 555
21
8; 1; 4; 418
5; 1; 43; 638
18; 1; 3; 2113
11; 1; 48; 2494
14; 1; 21; 7430
19; 1; 22; 8580
13; 1; 5; 8612
6; 1; 29; 10809
2; 1; 17; 12018
1; 1; 19; 13774
10; 1; 31; 13992
0; 1; 45; 17544
16; 1; 36; 17776
9; 1; 13; 18028
4; 1; 2; 19009
15; 1; 36; 20987
17; 1; 40; 21769
20; 1; 2; 22755
12; 1; 3; 23136
3; 1; 17; 24329
7; 1; 8; 25367
