**** 459 ****
91
247; 368; 2; 1; 4
274; 332; 1; 2; 5
346; 266; 1; 2; 10
253; 291; 1; 2; 13
245; 318; 1; 2; 13
304; 352; 1; 2; 25
245; 353; 1; 2; 26
222; 222; 2; 1; 36
249; 261; 1; 2; 36
207; 214; 2; 1; 47
294; 370; 2; 1; 52
332; 266; 2; 1; 54
265; 210; 2; 1; 78
266; 251; 2; 1; 84
261; 305; 2; 1; 87
348; 306; 2; 1; 89
337; 307; 2; 1; 89
326; 270; 2; 1; 94
334; 214; 1; 2; 113
264; 224; 2; 1; 114
255; 310; 2; 1; 118
360; 342; 1; 2; 123
258; 254; 2; 1; 125
363; 343; 1; 2; 129
309; 291; 1; 2; 129
353; 295; 1; 2; 133
365; 370; 2; 1; 154
213; 219; 1; 2; 157
311; 210; 1; 2; 164
346; 267; 1; 2; 169
291; 252; 1; 2; 175
304; 209; 2; 1; 180
253; 298; 1; 2; 191
340; 279; 1; 2; 193
286; 340; 1; 2; 194
326; 345; 2; 1; 195
352; 372; 1; 2; 203
367; 348; 1; 2; 207
375; 297; 1; 2; 217
282; 343; 2; 1; 219
230; 248; 1; 2; 225
306; 353; 2; 1; 225
229; 269; 1; 2; 226
231; 343; 1; 2; 229
312; 279; 1; 2; 229
328; 282; 2; 1; 241
308; 259; 2; 1; 242
312; 370; 2; 1; 248
363; 250; 2; 1; 263
305; 253; 2; 1; 269
206; 239; 1; 2; 282
341; 308; 2; 1; 282
208; 214; 1; 2; 287
224; 213; 2; 1; 294
278; 327; 1; 2; 295
370; 212; 2; 1; 306
214; 240; 2; 1; 312
332; 245; 1; 2; 321
376; 373; 1; 2; 331
221; 219; 1; 2; 345
369; 228; 1; 2; 346
352; 262; 1; 2; 358
349; 278; 1; 2; 366
285; 376; 1; 2; 386
217; 208; 1; 2; 387
216; 277; 1; 2; 393
287; 306; 1; 2; 394
212; 267; 2; 1; 395
250; 331; 1; 2; 397
366; 347; 1; 2; 429
227; 312; 1; 2; 431
320; 286; 1; 2; 434
372; 273; 2; 1; 443
208; 301; 1; 2; 446
278; 350; 1; 2; 451
272; 250; 2; 1; 454
240; 243; 2; 1; 455
279; 253; 2; 1; 465
340; 261; 1; 2; 466
233; 350; 1; 2; 468
369; 319; 1; 2; 468
284; 212; 1; 2; 485
297; 305; 2; 1; 486
359; 365; 2; 1; 503
375; 337; 2; 1; 508
325; 279; 2; 1; 512
294; 334; 2; 1; 517
240; 230; 1; 2; 527
241; 358; 2; 1; 529
357; 265; 1; 2; 535
244; 329; 1; 2; 555
21
13; 1; 32; 2901
18; 1; 21; 3245
14; 1; 2; 3760
17; 1; 42; 4669
8; 1; 22; 4748
2; 1; 16; 5544
11; 1; 27; 6636
7; 1; 28; 7096
12; 1; 33; 7547
1; 1; 2; 7604
6; 1; 49; 7753
16; 1; 2; 8844
3; 1; 37; 9485
19; 1; 27; 10302
20; 1; 19; 11745
15; 1; 26; 15022
10; 1; 46; 16670
9; 1; 30; 16804
0; 1; 10; 17604
4; 1; 20; 21041
5; 1; 9; 23066
