**** 46 ****
54
45; 81; 1; 2; 1
36; 69; 1; 2; 7
66; 35; 2; 1; 8
64; 68; 1; 2; 10
61; 50; 2; 1; 11
43; 24; 2; 1; 19
72; 34; 1; 2; 24
22; 43; 1; 2; 28
64; 79; 2; 1; 33
33; 58; 1; 2; 35
39; 33; 1; 2; 37
67; 46; 1; 2; 37
32; 75; 1; 2; 46
47; 31; 2; 1; 48
65; 66; 1; 2; 49
28; 43; 1; 2; 50
40; 59; 1; 2; 51
69; 74; 2; 1; 51
28; 48; 2; 1; 52
63; 23; 1; 2; 53
41; 75; 2; 1; 54
28; 39; 2; 1; 57
62; 71; 1; 2; 58
63; 23; 1; 2; 63
63; 40; 1; 2; 64
71; 49; 1; 2; 65
45; 55; 2; 1; 71
47; 69; 1; 2; 77
61; 77; 2; 1; 78
48; 60; 2; 1; 81
74; 79; 1; 2; 83
39; 39; 1; 2; 91
37; 21; 2; 1; 92
24; 63; 1; 2; 95
25; 81; 1; 2; 101
29; 44; 2; 1; 101
79; 40; 2; 1; 103
61; 24; 2; 1; 111
64; 30; 2; 1; 112
57; 37; 2; 1; 115
66; 56; 1; 2; 123
58; 38; 2; 1; 123
64; 35; 1; 2; 125
49; 37; 2; 1; 128
33; 42; 2; 1; 130
67; 78; 2; 1; 133
37; 68; 2; 1; 134
73; 64; 1; 2; 135
59; 33; 1; 2; 136
74; 74; 1; 2; 137
59; 74; 1; 2; 137
34; 33; 2; 1; 137
56; 63; 2; 1; 143
21; 46; 2; 1; 144
13
8; 1; 45; 256
2; 1; 1; 464
7; 1; 17; 512
5; 1; 6; 1002
0; 1; 5; 1201
6; 1; 9; 1325
10; 1; 44; 1352
3; 1; 3; 1613
12; 1; 16; 2007
9; 1; 14; 2064
1; 1; 3; 2364
4; 1; 18; 2593
11; 1; 9; 2740
