**** 460 ****
91
297; 283; 2; 1; 1
318; 345; 1; 2; 14
309; 355; 2; 1; 21
314; 257; 1; 2; 26
321; 300; 1; 2; 27
241; 216; 1; 2; 31
291; 237; 2; 1; 42
259; 233; 1; 2; 43
335; 363; 1; 2; 45
234; 360; 1; 2; 47
316; 310; 1; 2; 56
216; 275; 1; 2; 57
267; 253; 2; 1; 68
276; 316; 2; 1; 73
319; 284; 1; 2; 73
291; 281; 2; 1; 73
373; 281; 1; 2; 76
206; 336; 1; 2; 90
281; 240; 2; 1; 91
349; 263; 2; 1; 102
247; 351; 2; 1; 104
294; 296; 2; 1; 109
270; 223; 2; 1; 127
233; 303; 1; 2; 137
290; 364; 2; 1; 146
252; 217; 2; 1; 155
223; 278; 1; 2; 168
329; 318; 2; 1; 170
333; 299; 1; 2; 173
292; 240; 1; 2; 177
233; 240; 2; 1; 180
237; 297; 2; 1; 197
297; 272; 1; 2; 200
225; 350; 2; 1; 201
280; 345; 2; 1; 204
209; 210; 2; 1; 209
370; 362; 1; 2; 212
278; 334; 1; 2; 214
330; 266; 1; 2; 223
322; 235; 1; 2; 231
284; 268; 2; 1; 241
325; 289; 1; 2; 246
303; 248; 2; 1; 254
348; 326; 2; 1; 255
367; 339; 1; 2; 291
299; 296; 2; 1; 294
227; 301; 2; 1; 298
292; 212; 2; 1; 299
242; 284; 2; 1; 304
232; 362; 1; 2; 319
326; 210; 2; 1; 322
369; 329; 1; 2; 324
263; 268; 2; 1; 325
216; 309; 1; 2; 325
330; 319; 2; 1; 335
343; 364; 2; 1; 342
299; 358; 1; 2; 343
272; 347; 2; 1; 348
310; 275; 1; 2; 348
316; 365; 2; 1; 366
349; 295; 2; 1; 377
352; 242; 2; 1; 388
277; 354; 2; 1; 396
250; 244; 1; 2; 405
212; 313; 1; 2; 422
233; 227; 1; 2; 423
354; 274; 1; 2; 429
332; 372; 2; 1; 457
259; 371; 2; 1; 457
230; 293; 2; 1; 459
349; 340; 2; 1; 461
209; 289; 2; 1; 462
372; 222; 2; 1; 463
309; 218; 1; 2; 470
279; 238; 2; 1; 474
305; 263; 1; 2; 479
335; 268; 2; 1; 488
358; 357; 1; 2; 496
336; 353; 2; 1; 497
276; 343; 2; 1; 500
319; 248; 1; 2; 500
342; 220; 2; 1; 501
338; 227; 1; 2; 505
326; 333; 1; 2; 506
215; 344; 2; 1; 510
294; 270; 2; 1; 512
262; 238; 2; 1; 515
321; 377; 2; 1; 517
352; 214; 2; 1; 518
321; 232; 1; 2; 526
365; 350; 1; 2; 550
21
1; 1; 23; 33
10; 1; 13; 418
5; 1; 1; 2787
3; 1; 44; 2795
2; 1; 29; 3284
9; 1; 18; 5761
18; 1; 40; 6101
17; 1; 8; 6882
11; 1; 14; 8337
16; 1; 18; 10150
12; 1; 11; 12388
15; 1; 49; 13635
14; 1; 6; 17384
7; 1; 46; 19171
20; 1; 24; 19270
0; 1; 18; 19450
4; 1; 21; 19538
6; 1; 41; 19724
13; 1; 31; 21369
8; 1; 33; 21751
19; 1; 33; 21824
