**** 461 ****
91
237; 285; 1; 2; 1
338; 224; 1; 2; 9
314; 223; 1; 2; 13
231; 306; 2; 1; 20
280; 251; 1; 2; 23
293; 369; 2; 1; 26
267; 327; 1; 2; 33
313; 360; 1; 2; 40
236; 304; 2; 1; 46
242; 224; 1; 2; 57
360; 229; 1; 2; 60
245; 373; 2; 1; 60
234; 273; 1; 2; 61
284; 345; 2; 1; 70
318; 320; 1; 2; 75
237; 289; 1; 2; 92
234; 289; 2; 1; 94
304; 318; 2; 1; 100
358; 377; 1; 2; 101
214; 336; 2; 1; 103
274; 332; 2; 1; 119
338; 305; 1; 2; 120
340; 289; 2; 1; 126
338; 332; 2; 1; 131
341; 366; 2; 1; 134
288; 208; 2; 1; 140
366; 219; 2; 1; 141
234; 313; 2; 1; 145
209; 267; 2; 1; 164
293; 236; 2; 1; 184
239; 334; 1; 2; 184
220; 299; 2; 1; 185
264; 316; 1; 2; 185
349; 270; 1; 2; 188
346; 216; 2; 1; 191
302; 371; 2; 1; 220
258; 273; 1; 2; 220
302; 207; 2; 1; 226
293; 367; 2; 1; 228
295; 295; 1; 2; 236
283; 273; 2; 1; 238
271; 313; 2; 1; 253
330; 210; 1; 2; 257
330; 314; 1; 2; 266
219; 358; 2; 1; 269
304; 242; 2; 1; 272
358; 255; 1; 2; 275
327; 316; 1; 2; 280
280; 326; 1; 2; 292
367; 293; 1; 2; 295
257; 207; 2; 1; 297
376; 320; 1; 2; 305
348; 256; 2; 1; 308
267; 253; 2; 1; 322
304; 221; 1; 2; 323
374; 265; 1; 2; 349
308; 336; 2; 1; 350
375; 265; 2; 1; 350
323; 307; 2; 1; 350
216; 339; 1; 2; 355
375; 287; 1; 2; 387
241; 363; 2; 1; 389
271; 297; 2; 1; 392
313; 226; 2; 1; 396
327; 243; 1; 2; 398
225; 349; 1; 2; 399
243; 244; 1; 2; 404
287; 356; 1; 2; 408
333; 301; 1; 2; 411
282; 357; 2; 1; 453
287; 319; 1; 2; 455
298; 350; 2; 1; 459
235; 327; 1; 2; 460
250; 272; 1; 2; 465
241; 259; 1; 2; 474
226; 216; 2; 1; 480
255; 263; 2; 1; 480
305; 335; 1; 2; 490
260; 224; 1; 2; 501
339; 370; 1; 2; 502
362; 230; 2; 1; 509
228; 363; 1; 2; 519
252; 214; 1; 2; 521
307; 328; 1; 2; 523
355; 262; 1; 2; 529
284; 273; 1; 2; 538
251; 377; 1; 2; 540
223; 258; 2; 1; 543
350; 245; 1; 2; 544
226; 231; 1; 2; 552
274; 219; 2; 1; 556
21
8; 1; 20; 1434
17; 1; 44; 3259
6; 1; 23; 3709
19; 1; 14; 4854
2; 1; 26; 9107
11; 1; 37; 9356
12; 1; 12; 9841
10; 1; 41; 10148
18; 1; 37; 10657
9; 1; 44; 11668
0; 1; 48; 11984
13; 1; 31; 13401
1; 1; 5; 14773
20; 1; 7; 15526
3; 1; 47; 15713
7; 1; 21; 16002
14; 1; 32; 20708
15; 1; 5; 21457
16; 1; 21; 23607
4; 1; 24; 23968
5; 1; 48; 24335
