**** 462 ****
92
374; 263; 2; 1; 7
306; 238; 1; 2; 17
379; 293; 2; 1; 25
286; 385; 2; 1; 40
343; 228; 2; 1; 42
296; 357; 1; 2; 45
234; 304; 2; 1; 64
257; 317; 2; 1; 70
337; 349; 2; 1; 74
263; 345; 1; 2; 74
221; 321; 1; 2; 77
275; 220; 2; 1; 99
339; 237; 2; 1; 104
259; 384; 2; 1; 113
235; 277; 1; 2; 113
380; 290; 1; 2; 119
334; 238; 2; 1; 132
351; 328; 1; 2; 137
235; 313; 2; 1; 139
273; 307; 2; 1; 142
223; 211; 1; 2; 151
359; 286; 1; 2; 174
308; 322; 1; 2; 174
225; 360; 2; 1; 175
288; 302; 2; 1; 178
266; 212; 2; 1; 180
360; 316; 2; 1; 181
318; 234; 1; 2; 199
256; 327; 2; 1; 224
291; 290; 1; 2; 229
374; 215; 2; 1; 234
263; 249; 1; 2; 240
220; 275; 2; 1; 241
358; 318; 2; 1; 250
257; 384; 1; 2; 258
286; 218; 1; 2; 262
357; 270; 2; 1; 276
360; 214; 2; 1; 284
255; 215; 2; 1; 286
286; 278; 2; 1; 288
317; 375; 2; 1; 296
268; 385; 2; 1; 298
326; 336; 2; 1; 301
242; 230; 2; 1; 302
318; 317; 2; 1; 311
302; 242; 1; 2; 312
359; 218; 2; 1; 318
219; 271; 1; 2; 319
277; 244; 1; 2; 327
213; 368; 2; 1; 328
365; 341; 2; 1; 337
323; 211; 1; 2; 338
289; 312; 2; 1; 339
341; 284; 2; 1; 340
272; 295; 2; 1; 341
269; 314; 1; 2; 343
225; 317; 1; 2; 346
320; 379; 2; 1; 359
313; 349; 2; 1; 359
270; 231; 2; 1; 365
310; 350; 1; 2; 369
348; 350; 1; 2; 378
262; 239; 1; 2; 403
367; 299; 1; 2; 418
249; 337; 1; 2; 423
271; 309; 1; 2; 425
359; 307; 1; 2; 428
285; 296; 2; 1; 429
364; 305; 2; 1; 430
271; 321; 2; 1; 437
293; 236; 2; 1; 441
362; 231; 2; 1; 449
249; 305; 2; 1; 458
313; 250; 1; 2; 461
372; 374; 2; 1; 461
313; 302; 2; 1; 479
336; 274; 1; 2; 480
317; 312; 2; 1; 483
367; 291; 2; 1; 487
317; 221; 1; 2; 497
271; 284; 2; 1; 497
251; 312; 1; 2; 503
323; 221; 1; 2; 505
321; 300; 1; 2; 506
345; 296; 2; 1; 509
250; 247; 1; 2; 513
298; 346; 2; 1; 527
337; 278; 2; 1; 530
305; 342; 2; 1; 534
370; 312; 2; 1; 537
362; 239; 1; 2; 541
325; 309; 1; 2; 552
21
1; 1; 4; 2325
15; 1; 44; 3432
14; 1; 7; 3947
8; 1; 36; 5556
0; 1; 26; 5903
11; 1; 31; 7303
16; 1; 33; 8051
4; 1; 39; 8321
9; 1; 36; 8692
18; 1; 39; 9641
7; 1; 47; 11431
20; 1; 19; 16317
6; 1; 8; 17175
10; 1; 7; 18191
2; 1; 36; 18792
19; 1; 47; 19389
3; 1; 29; 19798
13; 1; 35; 20166
12; 1; 37; 20692
17; 1; 34; 23381
5; 1; 25; 25832
