**** 463 ****
92
383; 235; 2; 1; 0
289; 317; 2; 1; 8
243; 218; 1; 2; 10
239; 363; 1; 2; 14
218; 213; 1; 2; 20
381; 355; 2; 1; 32
357; 254; 2; 1; 40
341; 363; 2; 1; 49
305; 283; 2; 1; 51
358; 276; 1; 2; 55
213; 226; 1; 2; 57
336; 354; 2; 1; 58
237; 271; 1; 2; 71
362; 222; 1; 2; 78
308; 364; 1; 2; 86
293; 220; 1; 2; 88
215; 348; 2; 1; 90
247; 371; 2; 1; 110
346; 234; 1; 2; 113
284; 338; 1; 2; 114
347; 340; 2; 1; 115
261; 314; 1; 2; 115
314; 329; 1; 2; 133
283; 259; 1; 2; 134
285; 342; 1; 2; 135
304; 292; 1; 2; 143
354; 317; 1; 2; 150
374; 343; 1; 2; 160
212; 293; 2; 1; 161
263; 229; 2; 1; 162
297; 294; 2; 1; 168
383; 355; 2; 1; 169
227; 213; 2; 1; 169
371; 292; 1; 2; 171
220; 354; 1; 2; 172
283; 264; 2; 1; 177
310; 318; 1; 2; 187
286; 214; 1; 2; 190
284; 379; 1; 2; 202
232; 244; 1; 2; 203
370; 216; 2; 1; 203
310; 213; 1; 2; 204
285; 218; 2; 1; 208
277; 267; 1; 2; 223
348; 361; 2; 1; 241
337; 318; 2; 1; 245
279; 319; 2; 1; 247
270; 241; 2; 1; 248
307; 233; 2; 1; 268
227; 368; 1; 2; 270
284; 279; 1; 2; 272
258; 256; 2; 1; 274
232; 276; 2; 1; 284
344; 239; 1; 2; 294
365; 383; 1; 2; 300
316; 309; 2; 1; 306
308; 308; 2; 1; 307
303; 260; 2; 1; 308
214; 227; 1; 2; 318
266; 282; 1; 2; 321
265; 234; 2; 1; 324
280; 293; 2; 1; 331
215; 372; 2; 1; 335
216; 355; 2; 1; 339
216; 314; 2; 1; 364
333; 268; 2; 1; 369
255; 324; 1; 2; 394
239; 321; 2; 1; 395
337; 343; 2; 1; 398
319; 301; 2; 1; 400
354; 337; 2; 1; 405
327; 385; 1; 2; 406
269; 217; 1; 2; 410
361; 354; 2; 1; 418
337; 319; 2; 1; 429
334; 372; 2; 1; 439
331; 211; 2; 1; 445
276; 377; 2; 1; 453
256; 211; 2; 1; 456
215; 228; 2; 1; 471
341; 227; 2; 1; 490
221; 341; 1; 2; 492
327; 265; 1; 2; 501
349; 325; 1; 2; 518
266; 286; 2; 1; 524
348; 327; 1; 2; 525
321; 345; 1; 2; 539
320; 234; 2; 1; 548
376; 261; 2; 1; 548
308; 322; 2; 1; 552
293; 365; 1; 2; 552
352; 359; 1; 2; 556
21
16; 1; 19; 98
0; 1; 49; 911
17; 1; 13; 7518
9; 1; 40; 7836
11; 1; 14; 9696
5; 1; 28; 11747
19; 1; 1; 12241
12; 1; 32; 12672
6; 1; 8; 15644
18; 1; 12; 15900
1; 1; 28; 15942
20; 1; 16; 16163
3; 1; 41; 16678
7; 1; 43; 17125
15; 1; 42; 19091
14; 1; 39; 20879
8; 1; 1; 22297
2; 1; 34; 22671
13; 1; 24; 25217
4; 1; 31; 25378
10; 1; 19; 27271
