**** 464 ****
92
300; 354; 1; 2; 1
294; 261; 2; 1; 2
222; 220; 2; 1; 4
347; 228; 2; 1; 6
383; 298; 1; 2; 13
268; 329; 2; 1; 17
247; 357; 1; 2; 17
214; 342; 1; 2; 18
357; 273; 1; 2; 25
381; 359; 1; 2; 26
379; 340; 2; 1; 26
354; 217; 2; 1; 26
276; 348; 1; 2; 45
230; 311; 2; 1; 46
216; 222; 2; 1; 47
259; 229; 2; 1; 48
271; 248; 2; 1; 54
226; 362; 2; 1; 56
336; 332; 2; 1; 76
285; 344; 2; 1; 76
305; 226; 2; 1; 84
262; 319; 2; 1; 87
292; 303; 2; 1; 109
336; 380; 1; 2; 111
272; 340; 1; 2; 115
293; 297; 1; 2; 115
225; 292; 2; 1; 118
265; 313; 1; 2; 119
225; 384; 1; 2; 135
359; 306; 2; 1; 137
264; 332; 2; 1; 147
345; 380; 2; 1; 147
378; 272; 2; 1; 153
339; 384; 1; 2; 155
385; 358; 1; 2; 165
316; 278; 2; 1; 172
368; 236; 1; 2; 193
254; 275; 2; 1; 195
372; 313; 1; 2; 197
238; 244; 2; 1; 206
248; 275; 1; 2; 207
329; 232; 2; 1; 209
375; 374; 2; 1; 209
347; 271; 2; 1; 219
232; 351; 1; 2; 225
270; 254; 1; 2; 246
284; 255; 1; 2; 253
233; 384; 2; 1; 256
381; 254; 1; 2; 258
356; 269; 2; 1; 259
384; 266; 2; 1; 263
212; 309; 2; 1; 270
373; 211; 1; 2; 273
324; 371; 1; 2; 280
354; 211; 1; 2; 284
222; 315; 1; 2; 298
224; 322; 2; 1; 298
365; 349; 2; 1; 303
258; 241; 2; 1; 305
233; 311; 1; 2; 331
255; 355; 1; 2; 339
329; 264; 2; 1; 342
239; 212; 1; 2; 345
361; 333; 2; 1; 347
365; 279; 2; 1; 347
263; 238; 1; 2; 353
233; 326; 2; 1; 354
271; 287; 2; 1; 373
224; 352; 1; 2; 385
294; 293; 2; 1; 397
281; 262; 2; 1; 398
215; 288; 2; 1; 398
303; 336; 2; 1; 411
225; 378; 1; 2; 422
251; 294; 1; 2; 423
322; 318; 2; 1; 436
357; 243; 2; 1; 438
288; 357; 1; 2; 453
215; 303; 2; 1; 467
310; 291; 2; 1; 468
270; 349; 2; 1; 478
243; 237; 2; 1; 492
219; 300; 2; 1; 495
352; 352; 1; 2; 502
324; 291; 1; 2; 511
320; 250; 2; 1; 521
322; 274; 1; 2; 523
244; 255; 1; 2; 533
246; 359; 2; 1; 547
337; 343; 1; 2; 549
236; 332; 1; 2; 554
310; 312; 2; 1; 562
21
20; 1; 46; 4
5; 1; 48; 113
6; 1; 7; 473
12; 1; 30; 1093
17; 1; 48; 4828
4; 1; 6; 4915
10; 1; 20; 5081
2; 1; 27; 7354
3; 1; 44; 8650
15; 1; 48; 12089
18; 1; 34; 12266
7; 1; 2; 13226
0; 1; 39; 14113
19; 1; 6; 17991
11; 1; 19; 22199
14; 1; 24; 22379
9; 1; 34; 22602
1; 1; 9; 22677
8; 1; 13; 25221
13; 1; 11; 25734
16; 1; 48; 27316
