**** 465 ****
92
212; 328; 2; 1; 3
225; 375; 1; 2; 23
322; 287; 1; 2; 44
218; 235; 2; 1; 45
286; 243; 1; 2; 47
231; 334; 2; 1; 50
352; 295; 1; 2; 58
272; 277; 1; 2; 59
384; 266; 1; 2; 69
254; 304; 1; 2; 70
352; 265; 2; 1; 78
234; 238; 1; 2; 80
373; 374; 1; 2; 94
231; 326; 2; 1; 104
371; 275; 1; 2; 115
269; 294; 1; 2; 121
360; 296; 1; 2; 124
301; 212; 2; 1; 125
380; 237; 2; 1; 133
378; 331; 2; 1; 134
226; 311; 2; 1; 135
253; 342; 2; 1; 145
360; 358; 2; 1; 156
224; 336; 2; 1; 159
216; 383; 1; 2; 166
264; 361; 2; 1; 166
379; 343; 2; 1; 181
223; 354; 1; 2; 185
232; 304; 2; 1; 188
290; 257; 2; 1; 188
366; 317; 2; 1; 195
290; 260; 2; 1; 199
298; 256; 2; 1; 206
284; 347; 2; 1; 209
270; 343; 1; 2; 211
261; 296; 1; 2; 213
261; 224; 2; 1; 215
365; 304; 2; 1; 215
377; 219; 1; 2; 215
297; 315; 2; 1; 219
285; 213; 2; 1; 220
348; 253; 1; 2; 221
234; 364; 2; 1; 223
337; 336; 1; 2; 227
376; 379; 1; 2; 231
342; 280; 2; 1; 234
235; 333; 1; 2; 235
328; 309; 2; 1; 256
363; 341; 2; 1; 257
250; 293; 1; 2; 279
381; 240; 1; 2; 281
259; 214; 2; 1; 287
326; 300; 1; 2; 303
239; 258; 1; 2; 305
297; 294; 1; 2; 312
213; 332; 1; 2; 320
264; 344; 2; 1; 322
357; 302; 2; 1; 322
331; 373; 2; 1; 327
240; 259; 2; 1; 340
376; 340; 1; 2; 343
351; 276; 1; 2; 351
371; 263; 2; 1; 352
292; 294; 1; 2; 361
274; 306; 2; 1; 364
349; 231; 2; 1; 377
340; 244; 1; 2; 400
267; 323; 1; 2; 403
267; 318; 2; 1; 414
348; 239; 2; 1; 415
308; 293; 2; 1; 426
259; 332; 1; 2; 434
286; 212; 1; 2; 448
343; 234; 1; 2; 467
330; 233; 1; 2; 472
311; 283; 2; 1; 472
342; 242; 1; 2; 492
307; 334; 1; 2; 496
246; 275; 1; 2; 501
272; 342; 2; 1; 502
354; 231; 2; 1; 506
359; 315; 1; 2; 507
239; 373; 2; 1; 510
256; 336; 1; 2; 523
211; 355; 2; 1; 537
360; 382; 2; 1; 544
218; 301; 2; 1; 547
355; 263; 2; 1; 552
329; 380; 1; 2; 554
257; 322; 2; 1; 556
333; 230; 2; 1; 559
286; 255; 1; 2; 563
21
6; 1; 20; 1001
13; 1; 19; 2396
9; 1; 23; 4014
3; 1; 34; 10219
18; 1; 28; 11418
15; 1; 11; 12544
4; 1; 48; 12628
19; 1; 36; 14713
16; 1; 21; 16330
12; 1; 11; 17366
10; 1; 15; 20051
5; 1; 12; 20335
17; 1; 21; 20466
11; 1; 5; 21863
20; 1; 13; 21951
2; 1; 28; 22345
14; 1; 49; 22849
7; 1; 48; 23065
1; 1; 10; 23472
0; 1; 2; 24644
8; 1; 46; 24894
