**** 466 ****
92
374; 334; 2; 1; 6
269; 273; 1; 2; 8
378; 270; 2; 1; 12
267; 312; 2; 1; 13
304; 265; 2; 1; 15
253; 226; 2; 1; 21
369; 231; 1; 2; 22
243; 264; 2; 1; 24
356; 273; 1; 2; 25
355; 281; 1; 2; 30
222; 306; 2; 1; 31
228; 325; 2; 1; 47
317; 306; 1; 2; 50
312; 344; 1; 2; 58
239; 312; 1; 2; 61
264; 247; 2; 1; 71
225; 374; 1; 2; 73
271; 296; 2; 1; 74
342; 349; 1; 2; 76
360; 289; 2; 1; 82
282; 348; 2; 1; 87
223; 250; 2; 1; 90
312; 379; 2; 1; 94
335; 315; 2; 1; 101
322; 241; 2; 1; 127
314; 371; 1; 2; 132
287; 221; 1; 2; 147
319; 235; 1; 2; 159
328; 310; 1; 2; 170
219; 317; 2; 1; 172
294; 265; 1; 2; 182
253; 267; 1; 2; 183
354; 329; 2; 1; 189
350; 316; 1; 2; 189
274; 343; 1; 2; 190
229; 331; 1; 2; 203
307; 274; 2; 1; 225
247; 348; 2; 1; 225
365; 295; 1; 2; 226
295; 345; 2; 1; 240
305; 249; 2; 1; 245
263; 372; 2; 1; 247
260; 226; 1; 2; 249
344; 215; 2; 1; 264
373; 336; 1; 2; 265
231; 359; 2; 1; 267
219; 251; 1; 2; 268
255; 307; 1; 2; 268
250; 335; 2; 1; 269
237; 329; 2; 1; 269
323; 249; 1; 2; 287
249; 333; 2; 1; 289
348; 235; 2; 1; 298
357; 292; 2; 1; 300
232; 374; 2; 1; 308
351; 291; 1; 2; 308
234; 331; 1; 2; 313
313; 327; 1; 2; 317
218; 266; 2; 1; 322
276; 374; 1; 2; 332
346; 280; 2; 1; 337
270; 220; 1; 2; 351
330; 292; 2; 1; 372
217; 341; 2; 1; 384
309; 226; 2; 1; 396
287; 315; 1; 2; 396
251; 335; 2; 1; 398
366; 310; 1; 2; 405
340; 306; 2; 1; 407
326; 303; 1; 2; 431
225; 245; 2; 1; 432
245; 258; 2; 1; 433
224; 284; 1; 2; 433
214; 273; 2; 1; 441
334; 261; 2; 1; 443
300; 309; 1; 2; 458
214; 233; 1; 2; 469
302; 300; 1; 2; 470
258; 226; 1; 2; 471
300; 294; 2; 1; 477
313; 223; 1; 2; 479
242; 369; 2; 1; 483
361; 345; 1; 2; 485
248; 373; 1; 2; 487
279; 372; 1; 2; 491
339; 283; 2; 1; 508
252; 324; 1; 2; 527
227; 307; 2; 1; 532
278; 382; 2; 1; 534
304; 235; 1; 2; 536
230; 219; 2; 1; 560
268; 348; 1; 2; 564
21
12; 1; 10; 2779
11; 1; 34; 3749
10; 1; 39; 4882
6; 1; 14; 5191
1; 1; 27; 7322
2; 1; 25; 7824
15; 1; 37; 9580
19; 1; 4; 11203
8; 1; 4; 11634
0; 1; 3; 12247
4; 1; 35; 14903
3; 1; 12; 18128
14; 1; 28; 18904
5; 1; 36; 20514
17; 1; 36; 20765
18; 1; 49; 22540
20; 1; 42; 22861
16; 1; 13; 23007
9; 1; 10; 24796
7; 1; 14; 25306
13; 1; 47; 26177
