**** 467 ****
92
262; 302; 2; 1; 0
294; 329; 1; 2; 0
293; 233; 1; 2; 17
244; 370; 2; 1; 19
343; 340; 1; 2; 26
322; 367; 1; 2; 31
349; 284; 1; 2; 39
351; 313; 2; 1; 40
215; 295; 2; 1; 47
309; 293; 2; 1; 57
267; 231; 2; 1; 61
219; 351; 1; 2; 61
322; 341; 2; 1; 64
384; 357; 2; 1; 67
262; 269; 1; 2; 79
302; 294; 2; 1; 79
347; 348; 2; 1; 100
365; 347; 2; 1; 106
329; 343; 1; 2; 110
381; 247; 1; 2; 115
247; 247; 2; 1; 120
371; 238; 1; 2; 123
222; 309; 1; 2; 126
350; 327; 1; 2; 138
307; 288; 2; 1; 138
274; 215; 2; 1; 157
267; 328; 1; 2; 160
338; 211; 2; 1; 179
259; 285; 2; 1; 180
236; 376; 2; 1; 180
320; 332; 2; 1; 192
260; 356; 1; 2; 196
351; 377; 1; 2; 197
376; 213; 1; 2; 203
218; 379; 1; 2; 206
377; 264; 2; 1; 209
380; 330; 1; 2; 220
300; 361; 1; 2; 224
349; 267; 2; 1; 233
259; 330; 1; 2; 233
284; 296; 1; 2; 235
350; 236; 2; 1; 238
327; 354; 2; 1; 241
377; 268; 1; 2; 260
229; 307; 2; 1; 265
244; 333; 1; 2; 265
338; 358; 2; 1; 269
274; 363; 2; 1; 275
222; 338; 2; 1; 278
315; 224; 1; 2; 288
258; 337; 1; 2; 289
371; 240; 2; 1; 289
324; 384; 1; 2; 293
262; 305; 2; 1; 302
289; 263; 1; 2; 303
249; 368; 1; 2; 308
306; 301; 2; 1; 309
269; 362; 1; 2; 311
248; 377; 1; 2; 312
212; 257; 2; 1; 341
222; 293; 2; 1; 358
377; 342; 1; 2; 364
363; 234; 2; 1; 368
318; 247; 2; 1; 378
343; 229; 1; 2; 382
251; 262; 1; 2; 389
349; 237; 2; 1; 390
370; 218; 2; 1; 393
297; 247; 2; 1; 397
306; 291; 1; 2; 398
329; 385; 2; 1; 418
270; 351; 1; 2; 420
263; 220; 1; 2; 433
317; 335; 1; 2; 441
221; 364; 2; 1; 442
364; 289; 1; 2; 450
222; 338; 1; 2; 451
242; 254; 1; 2; 482
363; 350; 1; 2; 486
352; 293; 1; 2; 491
250; 316; 2; 1; 491
375; 220; 2; 1; 501
314; 270; 2; 1; 507
317; 326; 2; 1; 510
301; 225; 2; 1; 517
335; 216; 1; 2; 525
217; 222; 2; 1; 534
223; 281; 1; 2; 545
254; 212; 1; 2; 554
369; 326; 2; 1; 563
362; 315; 2; 1; 563
299; 234; 2; 1; 564
21
4; 1; 16; 767
10; 1; 28; 3575
14; 1; 1; 4639
20; 1; 22; 5050
15; 1; 49; 6217
7; 1; 7; 9052
9; 1; 35; 11384
6; 1; 6; 12387
2; 1; 1; 13344
16; 1; 45; 13760
18; 1; 1; 14788
11; 1; 3; 16471
3; 1; 35; 17161
8; 1; 44; 17684
0; 1; 32; 18676
1; 1; 37; 21954
19; 1; 21; 24373
12; 1; 28; 25056
13; 1; 4; 25097
5; 1; 23; 25680
17; 1; 15; 28130
