**** 468 ****
92
378; 266; 2; 1; 1
354; 291; 1; 2; 2
224; 362; 1; 2; 6
235; 354; 2; 1; 10
361; 248; 1; 2; 11
247; 217; 1; 2; 14
231; 341; 2; 1; 15
376; 373; 2; 1; 22
227; 232; 1; 2; 34
341; 302; 2; 1; 36
348; 270; 1; 2; 42
265; 290; 2; 1; 49
264; 360; 2; 1; 62
342; 271; 2; 1; 68
367; 249; 1; 2; 71
219; 264; 2; 1; 80
248; 290; 2; 1; 95
372; 373; 1; 2; 96
295; 362; 2; 1; 99
280; 270; 1; 2; 103
345; 310; 2; 1; 104
329; 215; 1; 2; 109
367; 362; 1; 2; 121
266; 224; 2; 1; 128
369; 383; 1; 2; 137
294; 307; 2; 1; 145
285; 324; 1; 2; 148
218; 339; 2; 1; 148
362; 374; 1; 2; 155
321; 274; 1; 2; 158
214; 218; 2; 1; 164
358; 220; 1; 2; 170
373; 343; 1; 2; 179
270; 325; 2; 1; 180
272; 378; 1; 2; 180
226; 269; 2; 1; 184
365; 224; 1; 2; 206
319; 333; 2; 1; 215
359; 304; 2; 1; 217
307; 319; 2; 1; 218
358; 239; 2; 1; 222
341; 344; 2; 1; 222
213; 375; 2; 1; 236
366; 293; 2; 1; 255
309; 367; 2; 1; 261
244; 247; 1; 2; 263
306; 338; 1; 2; 267
258; 261; 1; 2; 270
342; 297; 1; 2; 274
261; 330; 1; 2; 276
325; 242; 1; 2; 281
385; 223; 1; 2; 286
215; 294; 1; 2; 287
335; 343; 2; 1; 290
317; 342; 1; 2; 299
255; 215; 1; 2; 306
336; 215; 1; 2; 316
294; 362; 2; 1; 322
259; 296; 2; 1; 342
308; 322; 1; 2; 344
328; 322; 2; 1; 346
356; 246; 2; 1; 353
325; 271; 1; 2; 360
362; 372; 1; 2; 363
333; 310; 1; 2; 365
232; 319; 1; 2; 368
276; 307; 2; 1; 370
212; 377; 1; 2; 374
351; 246; 2; 1; 393
336; 345; 2; 1; 394
344; 304; 2; 1; 403
281; 370; 2; 1; 412
281; 250; 1; 2; 413
234; 257; 2; 1; 430
378; 267; 1; 2; 430
327; 337; 2; 1; 431
249; 344; 2; 1; 435
215; 275; 2; 1; 439
382; 212; 2; 1; 459
239; 253; 1; 2; 463
213; 213; 2; 1; 478
261; 360; 2; 1; 479
359; 335; 1; 2; 505
371; 318; 1; 2; 517
318; 294; 2; 1; 525
219; 367; 2; 1; 528
356; 293; 1; 2; 529
257; 305; 1; 2; 531
366; 325; 2; 1; 533
298; 311; 1; 2; 534
262; 281; 1; 2; 536
280; 294; 1; 2; 559
21
0; 1; 26; 5539
15; 1; 15; 7660
4; 1; 22; 8018
19; 1; 38; 10439
2; 1; 3; 12381
1; 1; 44; 12701
6; 1; 41; 14573
13; 1; 10; 15620
8; 1; 25; 16087
14; 1; 25; 16881
11; 1; 49; 19279
9; 1; 14; 19418
18; 1; 25; 19438
20; 1; 7; 20346
10; 1; 34; 22334
17; 1; 38; 22653
5; 1; 23; 23134
16; 1; 33; 24214
7; 1; 4; 25511
3; 1; 5; 26730
12; 1; 7; 27789
