**** 469 ****
92
213; 244; 1; 2; 9
375; 249; 2; 1; 19
340; 225; 1; 2; 23
328; 352; 2; 1; 25
293; 278; 1; 2; 25
220; 357; 2; 1; 64
383; 211; 2; 1; 70
232; 221; 2; 1; 70
334; 217; 2; 1; 73
283; 216; 1; 2; 76
273; 322; 1; 2; 77
343; 376; 2; 1; 77
248; 293; 2; 1; 93
327; 298; 1; 2; 109
285; 262; 2; 1; 110
239; 314; 2; 1; 110
305; 347; 2; 1; 133
284; 270; 1; 2; 135
368; 247; 1; 2; 146
365; 331; 2; 1; 148
352; 259; 2; 1; 157
278; 241; 2; 1; 163
249; 218; 1; 2; 168
251; 253; 1; 2; 169
314; 305; 1; 2; 175
313; 234; 2; 1; 178
332; 247; 1; 2; 183
249; 349; 1; 2; 197
366; 239; 2; 1; 205
251; 327; 1; 2; 222
321; 352; 1; 2; 230
320; 240; 1; 2; 234
302; 216; 1; 2; 238
224; 373; 1; 2; 242
369; 258; 1; 2; 243
231; 257; 1; 2; 252
320; 231; 1; 2; 262
272; 222; 2; 1; 273
347; 349; 2; 1; 278
308; 259; 2; 1; 280
352; 318; 2; 1; 282
253; 362; 2; 1; 286
261; 321; 1; 2; 291
356; 230; 1; 2; 297
335; 343; 2; 1; 298
236; 279; 1; 2; 299
284; 237; 1; 2; 302
238; 215; 2; 1; 307
263; 293; 1; 2; 313
320; 327; 1; 2; 316
264; 358; 1; 2; 321
281; 337; 1; 2; 327
366; 300; 2; 1; 328
363; 384; 2; 1; 334
252; 331; 1; 2; 341
221; 383; 2; 1; 348
245; 338; 1; 2; 356
362; 295; 1; 2; 359
236; 333; 1; 2; 360
366; 270; 2; 1; 362
352; 332; 1; 2; 375
217; 350; 2; 1; 382
376; 373; 1; 2; 385
296; 212; 2; 1; 394
216; 280; 1; 2; 405
287; 266; 2; 1; 408
350; 211; 1; 2; 419
225; 221; 2; 1; 426
213; 212; 1; 2; 431
363; 283; 2; 1; 432
333; 333; 1; 2; 436
350; 351; 1; 2; 438
312; 244; 2; 1; 439
218; 267; 1; 2; 443
354; 277; 1; 2; 456
285; 350; 1; 2; 466
379; 377; 1; 2; 494
289; 265; 1; 2; 496
353; 253; 1; 2; 504
243; 321; 1; 2; 508
256; 314; 1; 2; 513
370; 240; 2; 1; 516
324; 267; 2; 1; 529
242; 365; 2; 1; 530
308; 319; 2; 1; 548
271; 359; 1; 2; 553
223; 325; 1; 2; 554
311; 250; 2; 1; 555
282; 357; 1; 2; 557
255; 358; 2; 1; 561
301; 284; 2; 1; 563
328; 213; 2; 1; 565
21
7; 1; 35; 958
20; 1; 37; 1082
16; 1; 43; 2552
10; 1; 27; 2664
1; 1; 26; 6603
8; 1; 6; 7124
9; 1; 36; 8855
3; 1; 33; 9274
0; 1; 4; 9354
5; 1; 49; 10115
11; 1; 32; 10433
6; 1; 23; 11445
19; 1; 23; 12592
15; 1; 30; 14582
17; 1; 39; 15372
14; 1; 18; 16549
4; 1; 37; 20911
13; 1; 23; 22534
18; 1; 3; 24241
12; 1; 19; 25651
2; 1; 46; 27349
