**** 47 ****
54
51; 22; 2; 1; 2
69; 45; 2; 1; 3
47; 64; 1; 2; 7
32; 71; 2; 1; 15
78; 81; 1; 2; 17
33; 39; 1; 2; 17
28; 30; 1; 2; 20
39; 53; 2; 1; 22
31; 31; 1; 2; 24
58; 41; 1; 2; 25
37; 61; 2; 1; 27
56; 50; 2; 1; 28
32; 43; 1; 2; 29
69; 62; 2; 1; 35
57; 76; 2; 1; 37
38; 59; 2; 1; 37
48; 63; 1; 2; 37
47; 55; 2; 1; 42
61; 59; 2; 1; 43
69; 60; 2; 1; 46
24; 23; 2; 1; 46
58; 29; 2; 1; 50
73; 37; 2; 1; 60
57; 73; 2; 1; 61
60; 30; 1; 2; 62
39; 77; 1; 2; 63
68; 44; 1; 2; 65
69; 54; 1; 2; 66
65; 37; 1; 2; 75
44; 23; 1; 2; 79
42; 48; 1; 2; 79
72; 54; 1; 2; 79
77; 26; 1; 2; 80
65; 79; 1; 2; 81
73; 61; 2; 1; 83
42; 61; 1; 2; 84
49; 38; 1; 2; 88
49; 28; 2; 1; 88
61; 55; 1; 2; 94
60; 67; 2; 1; 102
67; 41; 1; 2; 105
61; 61; 1; 2; 107
79; 68; 2; 1; 108
27; 70; 2; 1; 109
28; 79; 2; 1; 109
33; 64; 2; 1; 118
24; 37; 1; 2; 119
69; 43; 1; 2; 122
62; 50; 2; 1; 133
60; 43; 1; 2; 133
30; 35; 2; 1; 137
60; 48; 1; 2; 141
25; 81; 1; 2; 142
58; 59; 1; 2; 143
13
2; 1; 17; 78
4; 1; 24; 451
0; 1; 41; 582
10; 1; 33; 654
1; 1; 12; 969
3; 1; 47; 1288
5; 1; 22; 1607
12; 1; 3; 1815
7; 1; 39; 2130
6; 1; 32; 2215
9; 1; 17; 2304
11; 1; 18; 2489
8; 1; 3; 2837
