**** 470 ****
92
262; 303; 2; 1; 0
247; 222; 2; 1; 22
312; 259; 1; 2; 26
306; 253; 2; 1; 27
267; 226; 1; 2; 31
226; 258; 1; 2; 31
355; 239; 2; 1; 36
295; 227; 2; 1; 42
342; 259; 1; 2; 59
267; 270; 2; 1; 61
351; 214; 2; 1; 85
228; 267; 1; 2; 91
330; 244; 1; 2; 95
324; 248; 1; 2; 108
262; 383; 2; 1; 122
228; 345; 2; 1; 128
248; 334; 1; 2; 132
212; 369; 2; 1; 133
381; 285; 2; 1; 153
228; 311; 1; 2; 153
225; 233; 1; 2; 154
267; 302; 2; 1; 155
321; 293; 1; 2; 168
267; 312; 2; 1; 173
302; 239; 1; 2; 175
335; 248; 1; 2; 176
343; 257; 1; 2; 183
325; 323; 1; 2; 192
298; 332; 1; 2; 192
229; 269; 1; 2; 193
315; 271; 1; 2; 199
377; 306; 1; 2; 214
273; 371; 2; 1; 219
328; 211; 2; 1; 219
372; 383; 1; 2; 223
333; 327; 2; 1; 238
234; 229; 2; 1; 265
307; 266; 1; 2; 272
345; 246; 2; 1; 283
237; 242; 1; 2; 293
252; 286; 1; 2; 295
307; 374; 1; 2; 309
242; 247; 2; 1; 315
233; 378; 1; 2; 317
302; 323; 1; 2; 334
234; 300; 2; 1; 337
360; 278; 1; 2; 353
223; 234; 2; 1; 357
338; 224; 1; 2; 359
345; 246; 2; 1; 366
237; 262; 1; 2; 367
245; 252; 1; 2; 368
357; 240; 1; 2; 375
222; 336; 1; 2; 381
248; 311; 1; 2; 382
223; 380; 1; 2; 384
231; 318; 1; 2; 392
298; 212; 2; 1; 403
268; 240; 1; 2; 408
255; 383; 2; 1; 417
270; 337; 2; 1; 426
264; 359; 2; 1; 434
319; 263; 1; 2; 438
294; 237; 2; 1; 440
237; 222; 2; 1; 449
360; 286; 1; 2; 454
356; 307; 2; 1; 456
341; 341; 2; 1; 458
222; 357; 1; 2; 463
216; 223; 2; 1; 470
211; 336; 1; 2; 471
374; 284; 1; 2; 474
352; 323; 2; 1; 476
360; 241; 1; 2; 478
290; 379; 1; 2; 483
306; 240; 2; 1; 488
354; 228; 1; 2; 490
277; 361; 1; 2; 490
226; 236; 2; 1; 492
382; 379; 1; 2; 495
296; 365; 1; 2; 497
349; 298; 1; 2; 502
288; 298; 1; 2; 508
288; 222; 2; 1; 510
358; 375; 1; 2; 510
233; 308; 1; 2; 523
332; 233; 2; 1; 523
303; 376; 2; 1; 535
238; 265; 1; 2; 538
276; 325; 1; 2; 539
371; 300; 2; 1; 561
314; 261; 1; 2; 565
21
0; 1; 21; 1145
5; 1; 39; 3612
16; 1; 23; 4546
4; 1; 19; 5044
7; 1; 15; 5232
14; 1; 20; 6378
1; 1; 36; 9831
20; 1; 35; 9880
2; 1; 38; 10748
19; 1; 46; 10878
6; 1; 21; 12382
10; 1; 26; 12961
15; 1; 30; 13669
3; 1; 3; 13741
8; 1; 1; 17365
13; 1; 21; 18248
11; 1; 9; 21003
12; 1; 5; 21439
17; 1; 32; 22527
9; 1; 1; 23630
18; 1; 41; 23635
