**** 471 ****
92
244; 242; 2; 1; 1
360; 287; 1; 2; 13
368; 246; 1; 2; 18
221; 358; 1; 2; 34
243; 290; 1; 2; 37
242; 223; 2; 1; 47
230; 216; 2; 1; 50
370; 267; 1; 2; 51
294; 361; 1; 2; 60
273; 251; 1; 2; 90
290; 315; 1; 2; 92
373; 229; 2; 1; 99
235; 249; 2; 1; 101
246; 223; 1; 2; 107
217; 357; 2; 1; 109
228; 254; 2; 1; 110
353; 249; 1; 2; 113
307; 342; 1; 2; 127
288; 372; 2; 1; 131
286; 383; 1; 2; 167
276; 266; 1; 2; 175
308; 348; 2; 1; 201
374; 260; 1; 2; 207
213; 315; 2; 1; 208
343; 261; 2; 1; 213
337; 263; 2; 1; 213
218; 241; 2; 1; 220
245; 338; 1; 2; 229
288; 352; 2; 1; 229
350; 297; 1; 2; 238
335; 370; 1; 2; 250
265; 286; 2; 1; 256
239; 285; 1; 2; 260
345; 356; 2; 1; 261
302; 352; 2; 1; 272
301; 231; 2; 1; 275
260; 359; 2; 1; 275
334; 234; 2; 1; 277
268; 214; 1; 2; 279
348; 332; 2; 1; 280
212; 312; 2; 1; 286
262; 370; 1; 2; 294
364; 247; 1; 2; 295
328; 219; 2; 1; 302
266; 317; 2; 1; 317
220; 289; 1; 2; 324
286; 332; 2; 1; 325
315; 250; 1; 2; 330
256; 267; 1; 2; 341
230; 309; 2; 1; 347
368; 268; 2; 1; 347
329; 331; 2; 1; 349
382; 280; 2; 1; 351
263; 322; 1; 2; 359
370; 305; 1; 2; 371
322; 378; 1; 2; 374
236; 366; 2; 1; 385
314; 352; 2; 1; 399
247; 347; 2; 1; 403
381; 361; 2; 1; 404
351; 233; 1; 2; 404
316; 245; 2; 1; 411
300; 299; 2; 1; 423
225; 343; 1; 2; 423
341; 299; 1; 2; 435
222; 310; 2; 1; 436
320; 251; 2; 1; 437
263; 362; 1; 2; 452
243; 364; 2; 1; 478
360; 325; 1; 2; 480
306; 264; 1; 2; 486
274; 286; 2; 1; 489
267; 261; 1; 2; 490
305; 232; 1; 2; 491
307; 224; 2; 1; 498
271; 219; 1; 2; 499
265; 369; 2; 1; 503
265; 281; 1; 2; 510
312; 275; 1; 2; 518
366; 298; 1; 2; 520
345; 238; 2; 1; 521
235; 254; 1; 2; 529
343; 271; 2; 1; 536
302; 335; 1; 2; 538
314; 369; 1; 2; 540
291; 275; 1; 2; 540
252; 318; 1; 2; 545
340; 223; 1; 2; 551
349; 338; 2; 1; 560
332; 259; 2; 1; 566
377; 358; 2; 1; 567
316; 314; 2; 1; 568
21
11; 1; 37; 25
14; 1; 27; 155
1; 1; 21; 2034
19; 1; 33; 2067
6; 1; 32; 6453
16; 1; 10; 7060
7; 1; 16; 7846
3; 1; 12; 7958
4; 1; 38; 8631
5; 1; 41; 9492
20; 1; 2; 9586
8; 1; 33; 9852
2; 1; 7; 11987
0; 1; 27; 14824
13; 1; 27; 15937
17; 1; 18; 16753
10; 1; 28; 19451
9; 1; 14; 21767
12; 1; 38; 21953
18; 1; 42; 22250
15; 1; 42; 26730
