**** 472 ****
92
241; 259; 2; 1; 19
241; 323; 1; 2; 25
359; 335; 2; 1; 27
383; 377; 2; 1; 32
297; 375; 1; 2; 34
265; 242; 2; 1; 35
360; 247; 1; 2; 44
379; 366; 2; 1; 53
354; 378; 2; 1; 54
258; 254; 2; 1; 57
294; 318; 2; 1; 58
343; 229; 2; 1; 64
334; 314; 2; 1; 69
249; 278; 2; 1; 71
237; 236; 2; 1; 76
325; 352; 1; 2; 82
286; 238; 1; 2; 85
268; 338; 1; 2; 86
297; 240; 1; 2; 116
355; 342; 2; 1; 116
363; 224; 1; 2; 121
249; 332; 2; 1; 124
214; 324; 1; 2; 127
235; 317; 1; 2; 129
257; 330; 2; 1; 141
268; 237; 1; 2; 144
261; 297; 2; 1; 150
325; 324; 1; 2; 169
377; 336; 1; 2; 169
290; 286; 1; 2; 171
273; 218; 2; 1; 178
284; 311; 2; 1; 181
346; 317; 1; 2; 191
285; 337; 2; 1; 196
360; 370; 2; 1; 196
263; 261; 2; 1; 198
370; 300; 2; 1; 199
230; 362; 2; 1; 214
329; 337; 2; 1; 222
368; 256; 1; 2; 246
264; 355; 1; 2; 248
367; 222; 1; 2; 252
232; 223; 1; 2; 253
254; 273; 1; 2; 276
318; 277; 1; 2; 281
302; 344; 1; 2; 284
229; 218; 2; 1; 284
352; 294; 2; 1; 287
250; 310; 2; 1; 288
299; 234; 1; 2; 300
364; 257; 1; 2; 302
231; 229; 1; 2; 323
288; 328; 1; 2; 334
240; 345; 1; 2; 336
337; 265; 1; 2; 337
253; 381; 1; 2; 344
274; 282; 1; 2; 347
375; 247; 1; 2; 351
359; 230; 2; 1; 361
266; 332; 2; 1; 367
258; 374; 1; 2; 379
229; 376; 1; 2; 381
228; 252; 2; 1; 386
261; 228; 2; 1; 392
231; 241; 2; 1; 393
339; 262; 2; 1; 393
289; 378; 1; 2; 400
299; 326; 1; 2; 410
305; 263; 1; 2; 412
316; 286; 1; 2; 433
236; 298; 2; 1; 437
312; 292; 1; 2; 445
281; 359; 1; 2; 448
290; 293; 2; 1; 462
346; 319; 2; 1; 465
219; 365; 2; 1; 475
236; 314; 1; 2; 483
259; 376; 1; 2; 492
313; 375; 1; 2; 501
217; 214; 1; 2; 516
305; 381; 1; 2; 518
215; 385; 1; 2; 524
349; 270; 2; 1; 528
379; 310; 2; 1; 539
249; 339; 1; 2; 542
307; 357; 2; 1; 543
226; 343; 1; 2; 546
238; 221; 1; 2; 546
245; 309; 1; 2; 549
255; 288; 2; 1; 552
384; 311; 1; 2; 556
235; 221; 1; 2; 560
21
17; 1; 40; 112
9; 1; 47; 5169
8; 1; 13; 5669
18; 1; 9; 6091
3; 1; 45; 6417
5; 1; 40; 7800
12; 1; 26; 8012
6; 1; 28; 9185
11; 1; 25; 9506
14; 1; 30; 10472
15; 1; 30; 15401
0; 1; 1; 16868
1; 1; 15; 18909
13; 1; 5; 21168
7; 1; 16; 22351
4; 1; 30; 22442
10; 1; 16; 22698
19; 1; 9; 23320
16; 1; 34; 23738
20; 1; 28; 25553
2; 1; 36; 26229
