**** 473 ****
93
222; 227; 1; 2; 19
256; 314; 2; 1; 20
298; 328; 1; 2; 30
384; 292; 1; 2; 32
387; 276; 2; 1; 37
388; 387; 2; 1; 39
374; 280; 1; 2; 44
318; 374; 2; 1; 45
330; 353; 1; 2; 50
381; 306; 1; 2; 59
260; 317; 2; 1; 61
240; 271; 1; 2; 62
293; 387; 1; 2; 66
300; 289; 2; 1; 67
391; 329; 2; 1; 77
273; 279; 2; 1; 80
280; 379; 2; 1; 93
235; 387; 2; 1; 96
231; 335; 2; 1; 100
371; 233; 2; 1; 105
297; 287; 1; 2; 107
335; 315; 1; 2; 111
345; 295; 1; 2; 116
392; 287; 1; 2; 121
296; 231; 1; 2; 136
221; 373; 1; 2; 136
379; 253; 2; 1; 140
357; 314; 2; 1; 141
318; 234; 2; 1; 156
218; 312; 2; 1; 165
222; 257; 2; 1; 167
389; 348; 1; 2; 177
361; 384; 1; 2; 182
331; 284; 1; 2; 188
373; 303; 2; 1; 192
244; 229; 2; 1; 205
330; 278; 2; 1; 229
232; 292; 1; 2; 242
298; 360; 2; 1; 243
359; 310; 1; 2; 247
391; 281; 2; 1; 251
383; 229; 1; 2; 252
263; 335; 1; 2; 263
390; 301; 1; 2; 273
217; 342; 1; 2; 292
321; 378; 2; 1; 300
335; 277; 1; 2; 309
275; 352; 2; 1; 319
310; 273; 2; 1; 331
310; 234; 2; 1; 333
303; 355; 1; 2; 343
357; 299; 2; 1; 351
312; 286; 2; 1; 371
385; 222; 2; 1; 373
318; 219; 1; 2; 373
225; 323; 1; 2; 375
226; 249; 2; 1; 378
351; 374; 2; 1; 378
242; 270; 2; 1; 383
377; 270; 2; 1; 383
308; 307; 1; 2; 391
370; 228; 1; 2; 399
322; 262; 2; 1; 402
393; 354; 2; 1; 405
383; 290; 1; 2; 414
234; 250; 1; 2; 418
236; 369; 1; 2; 419
299; 323; 1; 2; 424
382; 252; 2; 1; 430
372; 299; 1; 2; 455
376; 330; 1; 2; 457
357; 293; 2; 1; 464
342; 387; 1; 2; 467
337; 291; 1; 2; 467
392; 252; 2; 1; 476
275; 297; 2; 1; 476
289; 231; 2; 1; 481
377; 327; 1; 2; 483
387; 298; 2; 1; 485
355; 219; 1; 2; 493
315; 379; 1; 2; 501
299; 326; 1; 2; 507
226; 309; 1; 2; 508
317; 217; 2; 1; 526
229; 243; 1; 2; 533
222; 268; 1; 2; 537
323; 333; 1; 2; 540
311; 347; 1; 2; 548
250; 351; 1; 2; 549
369; 372; 1; 2; 555
269; 290; 1; 2; 563
295; 345; 2; 1; 564
225; 337; 1; 2; 567
21
12; 1; 5; 999
13; 1; 22; 1377
9; 1; 27; 3469
6; 1; 7; 4187
4; 1; 43; 5775
3; 1; 21; 7728
15; 1; 24; 8560
5; 1; 46; 11106
7; 1; 43; 11608
17; 1; 37; 11670
11; 1; 22; 12983
8; 1; 27; 14155
1; 1; 16; 15454
18; 1; 42; 16809
2; 1; 13; 18863
20; 1; 2; 18890
10; 1; 11; 19737
16; 1; 47; 19803
0; 1; 36; 24203
19; 1; 7; 26179
14; 1; 27; 28485
