**** 474 ****
93
260; 348; 2; 1; 6
356; 247; 2; 1; 7
319; 264; 2; 1; 7
349; 221; 1; 2; 8
275; 216; 1; 2; 26
342; 286; 2; 1; 31
238; 250; 1; 2; 36
243; 366; 1; 2; 41
390; 269; 2; 1; 47
393; 328; 1; 2; 48
252; 283; 1; 2; 50
330; 268; 2; 1; 51
218; 268; 2; 1; 52
238; 391; 2; 1; 53
245; 307; 1; 2; 55
373; 357; 1; 2; 58
280; 388; 1; 2; 62
328; 351; 1; 2; 68
285; 364; 1; 2; 76
321; 316; 1; 2; 85
363; 244; 1; 2; 87
250; 311; 1; 2; 96
304; 271; 2; 1; 104
300; 282; 1; 2; 111
298; 364; 2; 1; 116
231; 361; 2; 1; 119
375; 379; 1; 2; 121
232; 309; 2; 1; 122
348; 253; 2; 1; 124
325; 346; 2; 1; 124
300; 390; 2; 1; 131
344; 366; 1; 2; 137
361; 357; 2; 1; 147
383; 374; 2; 1; 152
316; 322; 2; 1; 155
244; 244; 1; 2; 166
237; 313; 1; 2; 176
340; 246; 1; 2; 193
225; 288; 2; 1; 206
273; 338; 1; 2; 208
363; 359; 2; 1; 211
385; 333; 1; 2; 212
303; 375; 1; 2; 232
232; 284; 1; 2; 242
244; 388; 2; 1; 245
278; 356; 1; 2; 248
250; 297; 1; 2; 249
273; 246; 2; 1; 260
289; 378; 1; 2; 275
388; 300; 1; 2; 275
382; 366; 1; 2; 276
230; 259; 2; 1; 277
355; 354; 1; 2; 281
330; 331; 2; 1; 283
248; 312; 2; 1; 293
323; 375; 2; 1; 297
364; 318; 2; 1; 298
328; 354; 1; 2; 302
320; 334; 2; 1; 308
295; 352; 1; 2; 326
376; 242; 2; 1; 329
390; 368; 2; 1; 331
372; 296; 2; 1; 336
308; 370; 2; 1; 342
321; 238; 2; 1; 350
335; 348; 1; 2; 356
258; 372; 2; 1; 357
356; 301; 2; 1; 387
379; 224; 1; 2; 390
285; 363; 1; 2; 395
315; 362; 1; 2; 397
363; 240; 2; 1; 399
303; 302; 2; 1; 411
230; 259; 2; 1; 412
324; 230; 2; 1; 423
323; 285; 2; 1; 431
308; 247; 2; 1; 433
245; 247; 2; 1; 435
307; 285; 2; 1; 435
328; 250; 2; 1; 439
374; 247; 2; 1; 440
312; 227; 1; 2; 447
244; 253; 1; 2; 456
305; 224; 1; 2; 474
328; 312; 1; 2; 475
377; 220; 1; 2; 478
300; 254; 2; 1; 486
275; 329; 1; 2; 509
222; 224; 1; 2; 521
324; 300; 2; 1; 528
390; 251; 1; 2; 537
316; 386; 2; 1; 551
341; 375; 1; 2; 571
21
12; 1; 26; 739
14; 1; 24; 1861
18; 1; 31; 1977
16; 1; 45; 2246
15; 1; 20; 4460
7; 1; 14; 6539
1; 1; 36; 7509
8; 1; 45; 7865
10; 1; 2; 8179
11; 1; 6; 8565
13; 1; 9; 12479
19; 1; 12; 13949
4; 1; 15; 16392
2; 1; 48; 18096
6; 1; 20; 18319
0; 1; 36; 18984
9; 1; 15; 21561
3; 1; 28; 26712
20; 1; 4; 26973
5; 1; 44; 28189
17; 1; 36; 28668
