**** 475 ****
93
327; 386; 1; 2; 2
278; 271; 2; 1; 22
289; 289; 2; 1; 24
294; 391; 2; 1; 30
351; 335; 2; 1; 43
224; 280; 1; 2; 46
343; 367; 2; 1; 50
303; 253; 1; 2; 52
348; 244; 1; 2; 58
332; 348; 1; 2; 60
257; 242; 1; 2; 61
383; 377; 1; 2; 64
227; 362; 1; 2; 73
220; 258; 2; 1; 73
253; 296; 1; 2; 82
273; 293; 1; 2; 88
324; 384; 2; 1; 93
262; 241; 1; 2; 111
344; 293; 1; 2; 115
246; 318; 2; 1; 117
381; 226; 2; 1; 126
339; 360; 1; 2; 130
326; 353; 1; 2; 144
326; 224; 1; 2; 152
359; 301; 2; 1; 155
386; 311; 1; 2; 159
302; 233; 2; 1; 161
237; 374; 1; 2; 181
246; 268; 1; 2; 201
237; 379; 1; 2; 207
318; 270; 2; 1; 213
225; 315; 1; 2; 214
336; 249; 2; 1; 218
287; 356; 1; 2; 224
228; 216; 2; 1; 224
294; 271; 2; 1; 230
319; 267; 1; 2; 237
243; 259; 2; 1; 240
369; 264; 2; 1; 246
239; 216; 1; 2; 250
264; 239; 1; 2; 250
239; 265; 1; 2; 255
383; 341; 2; 1; 261
264; 255; 1; 2; 271
252; 277; 2; 1; 273
223; 290; 2; 1; 279
333; 311; 1; 2; 280
269; 349; 2; 1; 282
357; 216; 2; 1; 282
318; 272; 1; 2; 309
301; 321; 1; 2; 313
303; 271; 2; 1; 316
226; 327; 1; 2; 318
357; 230; 2; 1; 321
390; 314; 1; 2; 336
317; 313; 2; 1; 338
337; 228; 1; 2; 342
284; 310; 2; 1; 352
332; 229; 2; 1; 356
266; 257; 1; 2; 369
333; 390; 2; 1; 390
266; 280; 1; 2; 394
272; 325; 1; 2; 400
221; 259; 1; 2; 406
380; 262; 1; 2; 427
382; 335; 2; 1; 428
263; 311; 2; 1; 430
234; 387; 2; 1; 436
388; 260; 2; 1; 438
369; 346; 1; 2; 463
280; 343; 2; 1; 464
365; 222; 1; 2; 465
338; 281; 2; 1; 467
345; 358; 1; 2; 471
292; 389; 2; 1; 471
375; 382; 2; 1; 476
389; 316; 1; 2; 478
307; 231; 1; 2; 481
376; 364; 1; 2; 489
341; 237; 1; 2; 502
338; 379; 2; 1; 510
327; 270; 1; 2; 511
254; 301; 2; 1; 512
235; 259; 1; 2; 513
352; 368; 2; 1; 519
274; 368; 1; 2; 524
276; 324; 2; 1; 529
307; 241; 1; 2; 530
264; 382; 2; 1; 531
383; 306; 1; 2; 544
230; 266; 1; 2; 544
309; 367; 1; 2; 555
320; 258; 2; 1; 566
21
6; 1; 37; 161
14; 1; 17; 1602
0; 1; 41; 1801
3; 1; 35; 1954
18; 1; 27; 4707
10; 1; 14; 5676
15; 1; 29; 6456
9; 1; 16; 7569
2; 1; 38; 9813
12; 1; 38; 11693
13; 1; 39; 12129
11; 1; 14; 12242
19; 1; 29; 13110
4; 1; 3; 13332
5; 1; 19; 13498
7; 1; 12; 17392
16; 1; 37; 18028
20; 1; 4; 18070
1; 1; 22; 18432
8; 1; 8; 27978
17; 1; 3; 28249
