**** 476 ****
93
366; 240; 2; 1; 1
282; 363; 1; 2; 7
269; 335; 2; 1; 8
298; 300; 2; 1; 19
279; 352; 2; 1; 27
313; 313; 2; 1; 29
367; 311; 1; 2; 42
317; 308; 2; 1; 45
279; 316; 2; 1; 47
248; 233; 2; 1; 48
361; 384; 2; 1; 54
301; 319; 1; 2; 54
236; 262; 1; 2; 54
237; 324; 1; 2; 58
225; 378; 1; 2; 60
350; 382; 2; 1; 64
306; 251; 1; 2; 74
230; 263; 2; 1; 85
270; 372; 2; 1; 89
216; 232; 2; 1; 93
220; 230; 2; 1; 105
349; 370; 1; 2; 124
249; 353; 2; 1; 124
299; 351; 2; 1; 125
355; 289; 1; 2; 141
374; 292; 2; 1; 149
367; 361; 2; 1; 150
278; 317; 2; 1; 154
227; 361; 1; 2; 157
320; 305; 2; 1; 158
293; 301; 1; 2; 163
357; 306; 1; 2; 165
273; 306; 1; 2; 172
377; 283; 2; 1; 176
268; 254; 1; 2; 186
219; 340; 1; 2; 187
307; 367; 1; 2; 195
250; 385; 2; 1; 196
374; 337; 2; 1; 206
255; 218; 2; 1; 207
392; 259; 1; 2; 210
375; 293; 1; 2; 214
356; 302; 2; 1; 225
321; 366; 2; 1; 228
290; 254; 1; 2; 229
383; 245; 1; 2; 246
312; 314; 1; 2; 252
247; 301; 1; 2; 252
302; 242; 1; 2; 259
372; 310; 2; 1; 265
265; 370; 2; 1; 294
312; 225; 1; 2; 299
383; 256; 1; 2; 323
228; 276; 1; 2; 324
271; 362; 1; 2; 326
297; 228; 2; 1; 338
366; 268; 1; 2; 345
284; 311; 1; 2; 347
278; 317; 1; 2; 349
252; 255; 1; 2; 353
337; 270; 2; 1; 353
349; 236; 2; 1; 356
247; 231; 2; 1; 380
300; 333; 2; 1; 384
262; 232; 2; 1; 385
269; 221; 2; 1; 389
386; 325; 2; 1; 393
300; 251; 2; 1; 394
310; 354; 2; 1; 396
389; 223; 2; 1; 398
219; 250; 2; 1; 402
246; 339; 2; 1; 423
362; 322; 1; 2; 427
365; 314; 1; 2; 431
392; 315; 2; 1; 433
268; 313; 2; 1; 434
319; 381; 1; 2; 443
299; 269; 1; 2; 450
294; 263; 2; 1; 456
281; 322; 1; 2; 456
382; 312; 1; 2; 457
266; 371; 2; 1; 459
309; 325; 1; 2; 469
272; 231; 1; 2; 471
300; 262; 2; 1; 489
228; 218; 2; 1; 495
233; 293; 2; 1; 500
351; 335; 1; 2; 502
259; 291; 2; 1; 511
283; 344; 2; 1; 514
323; 345; 1; 2; 528
218; 385; 2; 1; 563
377; 328; 1; 2; 571
21
5; 1; 9; 179
7; 1; 12; 1599
0; 1; 6; 2564
1; 1; 27; 4621
12; 1; 14; 6110
13; 1; 10; 6270
4; 1; 8; 6328
19; 1; 13; 6872
20; 1; 27; 6981
2; 1; 5; 8304
3; 1; 37; 11242
6; 1; 25; 13988
14; 1; 22; 15263
17; 1; 45; 15658
11; 1; 25; 16903
8; 1; 23; 17094
10; 1; 31; 17190
9; 1; 7; 20687
15; 1; 6; 23706
16; 1; 6; 24451
18; 1; 22; 26373
