**** 477 ****
93
234; 237; 2; 1; 4
299; 342; 2; 1; 9
284; 393; 2; 1; 21
219; 242; 2; 1; 23
352; 342; 1; 2; 28
232; 278; 2; 1; 28
324; 263; 1; 2; 36
314; 266; 2; 1; 37
296; 235; 2; 1; 37
356; 246; 2; 1; 38
291; 265; 1; 2; 41
391; 313; 2; 1; 41
256; 282; 2; 1; 46
254; 281; 1; 2; 66
246; 293; 1; 2; 77
379; 284; 2; 1; 87
219; 307; 1; 2; 91
276; 310; 2; 1; 101
261; 392; 1; 2; 102
250; 247; 2; 1; 102
309; 364; 2; 1; 105
336; 258; 1; 2; 107
336; 329; 1; 2; 127
293; 388; 2; 1; 139
248; 307; 1; 2; 177
250; 275; 2; 1; 181
357; 390; 1; 2; 184
217; 341; 1; 2; 190
389; 328; 1; 2; 195
300; 322; 2; 1; 207
321; 322; 2; 1; 219
288; 311; 1; 2; 224
324; 227; 1; 2; 228
301; 280; 2; 1; 231
219; 242; 1; 2; 234
259; 378; 1; 2; 253
346; 328; 1; 2; 255
296; 236; 2; 1; 259
339; 393; 1; 2; 265
263; 352; 1; 2; 271
219; 226; 1; 2; 272
295; 377; 2; 1; 273
248; 368; 1; 2; 275
381; 379; 2; 1; 276
387; 298; 1; 2; 290
261; 283; 1; 2; 298
311; 250; 2; 1; 300
358; 370; 2; 1; 304
245; 266; 1; 2; 304
258; 287; 1; 2; 305
267; 366; 1; 2; 319
378; 226; 1; 2; 323
378; 297; 2; 1; 323
300; 311; 1; 2; 325
379; 352; 2; 1; 332
369; 297; 1; 2; 337
271; 347; 1; 2; 349
235; 359; 1; 2; 349
288; 279; 2; 1; 361
216; 264; 2; 1; 368
288; 358; 1; 2; 369
287; 254; 1; 2; 372
308; 223; 1; 2; 377
231; 289; 2; 1; 378
272; 383; 2; 1; 383
258; 393; 2; 1; 384
261; 221; 1; 2; 384
360; 297; 1; 2; 391
312; 292; 2; 1; 403
328; 249; 2; 1; 409
221; 334; 1; 2; 418
319; 296; 2; 1; 420
392; 373; 1; 2; 426
304; 381; 1; 2; 431
342; 277; 1; 2; 435
357; 386; 1; 2; 444
265; 349; 1; 2; 449
229; 339; 2; 1; 450
367; 243; 2; 1; 451
267; 348; 2; 1; 484
235; 324; 2; 1; 488
252; 248; 1; 2; 490
366; 376; 1; 2; 505
390; 293; 2; 1; 508
243; 286; 2; 1; 510
355; 335; 2; 1; 513
340; 303; 1; 2; 522
354; 223; 2; 1; 523
245; 368; 2; 1; 525
229; 391; 2; 1; 526
333; 280; 2; 1; 533
275; 227; 1; 2; 534
286; 223; 2; 1; 562
21
9; 1; 45; 1506
1; 1; 42; 1627
20; 1; 19; 2458
5; 1; 9; 3204
17; 1; 33; 5251
8; 1; 43; 6160
0; 1; 20; 9459
4; 1; 13; 9977
6; 1; 8; 11211
12; 1; 39; 11604
2; 1; 29; 12618
14; 1; 36; 13269
3; 1; 40; 13774
7; 1; 34; 15823
11; 1; 37; 15870
15; 1; 43; 16267
16; 1; 11; 17353
10; 1; 35; 22850
13; 1; 17; 23688
19; 1; 25; 24482
18; 1; 44; 26062
