**** 478 ****
93
322; 369; 2; 1; 5
268; 295; 2; 1; 10
262; 359; 2; 1; 21
361; 392; 2; 1; 21
249; 228; 2; 1; 22
309; 377; 2; 1; 25
333; 298; 2; 1; 50
247; 328; 2; 1; 50
264; 275; 2; 1; 56
231; 224; 2; 1; 56
357; 365; 1; 2; 59
295; 338; 2; 1; 70
332; 255; 2; 1; 74
269; 256; 1; 2; 78
300; 329; 1; 2; 79
317; 282; 1; 2; 89
336; 378; 1; 2; 104
308; 273; 2; 1; 105
359; 367; 2; 1; 123
368; 321; 2; 1; 123
366; 253; 2; 1; 150
221; 298; 2; 1; 151
316; 332; 1; 2; 151
292; 355; 2; 1; 154
247; 391; 2; 1; 174
272; 313; 1; 2; 180
290; 343; 1; 2; 180
252; 383; 2; 1; 181
270; 327; 2; 1; 191
362; 349; 2; 1; 207
354; 260; 1; 2; 214
327; 240; 1; 2; 226
289; 347; 2; 1; 239
273; 314; 2; 1; 249
370; 378; 2; 1; 272
390; 221; 1; 2; 281
292; 247; 1; 2; 282
386; 294; 1; 2; 287
297; 232; 2; 1; 287
302; 234; 1; 2; 288
272; 347; 1; 2; 289
243; 365; 2; 1; 291
312; 326; 1; 2; 304
320; 389; 2; 1; 315
264; 350; 2; 1; 317
248; 269; 1; 2; 317
323; 232; 2; 1; 319
283; 356; 2; 1; 321
359; 264; 2; 1; 325
278; 352; 2; 1; 328
359; 385; 2; 1; 329
350; 289; 1; 2; 330
249; 271; 1; 2; 332
237; 237; 1; 2; 345
327; 271; 2; 1; 357
352; 352; 2; 1; 364
318; 342; 2; 1; 364
270; 285; 1; 2; 380
387; 319; 1; 2; 385
320; 374; 1; 2; 389
274; 270; 2; 1; 391
320; 217; 1; 2; 400
390; 388; 2; 1; 403
314; 262; 1; 2; 404
254; 354; 1; 2; 404
337; 387; 2; 1; 407
279; 226; 1; 2; 415
391; 278; 2; 1; 430
302; 261; 1; 2; 432
217; 270; 1; 2; 434
331; 390; 1; 2; 434
216; 261; 1; 2; 434
360; 277; 1; 2; 445
295; 320; 2; 1; 449
332; 309; 1; 2; 462
329; 326; 1; 2; 467
381; 387; 2; 1; 467
325; 319; 2; 1; 472
260; 218; 1; 2; 478
364; 220; 2; 1; 480
257; 276; 1; 2; 502
315; 369; 1; 2; 511
382; 230; 2; 1; 513
321; 332; 1; 2; 531
294; 384; 2; 1; 533
348; 260; 2; 1; 537
377; 269; 2; 1; 548
275; 305; 1; 2; 561
283; 362; 2; 1; 561
339; 325; 1; 2; 564
218; 225; 1; 2; 564
326; 357; 1; 2; 569
345; 303; 2; 1; 571
21
6; 1; 38; 503
0; 1; 19; 1907
2; 1; 9; 2148
10; 1; 32; 5029
8; 1; 3; 6196
20; 1; 32; 6208
4; 1; 8; 6322
13; 1; 13; 7477
12; 1; 15; 8128
5; 1; 29; 9352
19; 1; 41; 9415
7; 1; 9; 12635
16; 1; 28; 14351
15; 1; 41; 17453
14; 1; 48; 17867
9; 1; 7; 18216
11; 1; 31; 18341
1; 1; 15; 19874
18; 1; 46; 26475
3; 1; 33; 26536
17; 1; 9; 27345
