**** 479 ****
93
315; 380; 1; 2; 2
244; 267; 2; 1; 2
243; 263; 1; 2; 3
364; 381; 1; 2; 11
333; 281; 1; 2; 12
238; 355; 2; 1; 16
335; 321; 2; 1; 23
261; 309; 2; 1; 30
324; 357; 2; 1; 42
271; 304; 2; 1; 51
386; 315; 1; 2; 51
352; 235; 2; 1; 60
235; 239; 2; 1; 60
219; 391; 2; 1; 61
314; 393; 1; 2; 67
223; 332; 2; 1; 68
286; 281; 2; 1; 68
257; 366; 2; 1; 82
374; 276; 1; 2; 83
393; 289; 2; 1; 99
374; 274; 1; 2; 108
230; 371; 2; 1; 135
386; 317; 2; 1; 139
343; 289; 1; 2; 146
218; 253; 1; 2; 150
251; 276; 2; 1; 163
337; 374; 1; 2; 184
382; 231; 1; 2; 187
234; 217; 2; 1; 189
355; 285; 2; 1; 190
255; 359; 2; 1; 192
325; 230; 2; 1; 205
272; 233; 1; 2; 205
224; 234; 2; 1; 214
254; 348; 2; 1; 216
227; 330; 1; 2; 220
328; 250; 1; 2; 222
299; 390; 2; 1; 228
269; 340; 1; 2; 231
367; 272; 2; 1; 234
247; 345; 2; 1; 234
368; 276; 1; 2; 237
243; 232; 1; 2; 238
229; 265; 1; 2; 241
313; 351; 2; 1; 245
334; 285; 2; 1; 258
366; 318; 2; 1; 259
260; 332; 1; 2; 264
311; 332; 1; 2; 271
327; 323; 1; 2; 272
339; 388; 1; 2; 277
262; 244; 2; 1; 278
285; 337; 2; 1; 282
334; 341; 1; 2; 290
223; 363; 1; 2; 293
325; 298; 1; 2; 300
261; 216; 2; 1; 307
372; 221; 2; 1; 309
283; 327; 2; 1; 309
300; 356; 2; 1; 321
297; 281; 1; 2; 331
365; 315; 1; 2; 332
374; 330; 1; 2; 345
283; 264; 1; 2; 347
257; 251; 1; 2; 351
309; 314; 2; 1; 351
366; 381; 1; 2; 356
381; 268; 2; 1; 360
343; 222; 2; 1; 377
387; 290; 2; 1; 392
352; 228; 2; 1; 398
295; 240; 1; 2; 434
366; 242; 2; 1; 437
311; 390; 1; 2; 437
327; 234; 2; 1; 440
352; 320; 2; 1; 448
279; 228; 1; 2; 468
366; 300; 1; 2; 478
247; 322; 1; 2; 485
328; 240; 2; 1; 488
315; 232; 2; 1; 489
253; 260; 2; 1; 496
231; 351; 1; 2; 499
256; 336; 1; 2; 512
217; 284; 2; 1; 526
351; 357; 1; 2; 529
220; 285; 2; 1; 530
276; 373; 1; 2; 530
286; 283; 2; 1; 537
323; 358; 2; 1; 550
375; 259; 2; 1; 562
316; 252; 1; 2; 567
340; 356; 1; 2; 567
21
14; 1; 16; 4451
0; 1; 28; 6725
15; 1; 9; 7781
19; 1; 16; 11488
13; 1; 47; 11795
12; 1; 48; 13891
10; 1; 37; 14754
9; 1; 18; 17429
20; 1; 24; 18652
18; 1; 23; 18798
3; 1; 36; 19093
6; 1; 21; 19145
1; 1; 24; 19695
5; 1; 14; 20346
8; 1; 39; 21649
16; 1; 47; 23183
4; 1; 24; 23482
7; 1; 18; 25162
11; 1; 34; 27147
17; 1; 45; 27954
2; 1; 33; 28135
