**** 48 ****
54
62; 25; 2; 1; 1
74; 81; 1; 2; 3
59; 65; 2; 1; 4
69; 78; 2; 1; 7
68; 35; 2; 1; 12
71; 38; 2; 1; 14
81; 33; 1; 2; 19
76; 68; 1; 2; 20
66; 61; 2; 1; 21
80; 56; 2; 1; 22
73; 60; 2; 1; 27
73; 56; 1; 2; 31
80; 37; 1; 2; 31
25; 24; 2; 1; 33
39; 22; 2; 1; 41
30; 77; 2; 1; 42
68; 52; 1; 2; 43
41; 59; 2; 1; 44
26; 32; 1; 2; 46
77; 34; 1; 2; 53
68; 80; 2; 1; 57
27; 51; 2; 1; 58
68; 27; 1; 2; 65
40; 57; 1; 2; 65
23; 41; 1; 2; 67
53; 71; 2; 1; 70
42; 56; 1; 2; 70
64; 41; 2; 1; 73
72; 36; 2; 1; 76
38; 47; 1; 2; 78
45; 40; 2; 1; 81
77; 61; 1; 2; 93
64; 29; 1; 2; 93
53; 75; 1; 2; 95
29; 39; 2; 1; 103
57; 69; 1; 2; 104
64; 78; 2; 1; 106
43; 56; 2; 1; 110
81; 28; 2; 1; 110
65; 21; 1; 2; 110
47; 26; 2; 1; 111
72; 57; 2; 1; 113
44; 71; 2; 1; 113
78; 49; 1; 2; 115
37; 71; 2; 1; 117
23; 25; 2; 1; 119
68; 41; 1; 2; 121
50; 79; 1; 2; 121
76; 28; 1; 2; 125
70; 65; 2; 1; 133
64; 64; 2; 1; 133
23; 60; 1; 2; 135
63; 55; 1; 2; 137
33; 40; 2; 1; 139
13
1; 1; 45; 245
4; 1; 5; 704
8; 1; 17; 911
2; 1; 48; 1105
12; 1; 4; 1458
5; 1; 9; 1630
10; 1; 3; 1682
6; 1; 37; 1899
9; 1; 5; 2088
7; 1; 26; 2386
0; 1; 24; 2437
3; 1; 16; 2806
11; 1; 39; 2930
