**** 480 ****
93
347; 282; 2; 1; 0
345; 337; 2; 1; 13
375; 376; 1; 2; 28
378; 340; 1; 2; 29
361; 243; 1; 2; 30
309; 331; 1; 2; 39
229; 355; 1; 2; 61
235; 242; 1; 2; 62
263; 261; 2; 1; 68
362; 288; 1; 2; 85
381; 268; 1; 2; 93
347; 229; 1; 2; 94
247; 339; 2; 1; 95
299; 302; 1; 2; 96
228; 369; 2; 1; 97
343; 222; 2; 1; 103
233; 227; 2; 1; 103
268; 249; 2; 1; 107
384; 384; 2; 1; 107
356; 266; 2; 1; 109
227; 324; 1; 2; 112
357; 276; 2; 1; 120
291; 330; 2; 1; 121
311; 288; 1; 2; 127
367; 284; 2; 1; 129
224; 360; 1; 2; 142
253; 223; 1; 2; 150
250; 326; 2; 1; 157
371; 375; 1; 2; 160
377; 218; 1; 2; 171
279; 363; 2; 1; 179
368; 372; 1; 2; 180
221; 300; 1; 2; 181
370; 273; 1; 2; 182
355; 290; 1; 2; 183
232; 328; 2; 1; 184
292; 305; 1; 2; 185
266; 379; 2; 1; 187
319; 287; 2; 1; 190
390; 299; 2; 1; 197
225; 252; 2; 1; 198
316; 286; 2; 1; 208
383; 287; 1; 2; 213
374; 321; 2; 1; 220
322; 330; 1; 2; 222
231; 255; 2; 1; 229
366; 366; 1; 2; 238
334; 356; 1; 2; 244
373; 391; 1; 2; 251
388; 236; 2; 1; 259
236; 389; 2; 1; 262
314; 281; 1; 2; 289
271; 370; 2; 1; 297
364; 349; 2; 1; 312
232; 306; 2; 1; 315
257; 346; 1; 2; 322
315; 307; 1; 2; 331
344; 386; 1; 2; 338
272; 315; 1; 2; 340
247; 369; 2; 1; 341
372; 218; 1; 2; 344
364; 305; 1; 2; 350
360; 392; 2; 1; 357
328; 319; 1; 2; 361
374; 365; 1; 2; 362
243; 369; 1; 2; 379
287; 328; 2; 1; 380
343; 340; 2; 1; 386
239; 278; 1; 2; 388
265; 303; 2; 1; 392
365; 387; 2; 1; 430
342; 381; 2; 1; 432
261; 347; 2; 1; 437
259; 329; 1; 2; 443
286; 384; 2; 1; 444
373; 254; 1; 2; 451
254; 392; 1; 2; 454
363; 375; 2; 1; 459
326; 359; 2; 1; 478
243; 339; 2; 1; 484
366; 350; 2; 1; 486
351; 308; 2; 1; 502
291; 263; 2; 1; 512
352; 369; 2; 1; 521
330; 353; 1; 2; 523
358; 268; 1; 2; 525
289; 259; 2; 1; 526
364; 317; 1; 2; 529
321; 222; 2; 1; 540
216; 224; 2; 1; 558
342; 266; 2; 1; 565
231; 360; 1; 2; 573
219; 258; 1; 2; 576
21
0; 1; 36; 1865
14; 1; 6; 2362
3; 1; 25; 6907
6; 1; 8; 9074
4; 1; 21; 12428
16; 1; 11; 12638
7; 1; 10; 13245
12; 1; 11; 15336
10; 1; 42; 16278
13; 1; 30; 17427
5; 1; 46; 17572
11; 1; 32; 18931
19; 1; 39; 18993
15; 1; 43; 19670
2; 1; 2; 21323
1; 1; 47; 23429
17; 1; 1; 23672
20; 1; 30; 24069
9; 1; 10; 24116
8; 1; 41; 27770
18; 1; 31; 28868
