**** 481 ****
93
371; 339; 2; 1; 8
273; 383; 1; 2; 16
291; 359; 1; 2; 17
238; 311; 1; 2; 19
329; 345; 1; 2; 23
300; 351; 2; 1; 35
290; 284; 2; 1; 59
292; 331; 2; 1; 68
234; 357; 1; 2; 69
244; 272; 2; 1; 81
329; 241; 2; 1; 85
261; 251; 1; 2; 88
240; 323; 1; 2; 89
339; 339; 1; 2; 90
292; 303; 2; 1; 92
360; 372; 1; 2; 94
293; 226; 2; 1; 107
333; 216; 2; 1; 108
244; 222; 2; 1; 139
350; 273; 1; 2; 140
383; 216; 2; 1; 149
361; 297; 2; 1; 165
282; 219; 2; 1; 176
387; 247; 2; 1; 182
313; 379; 1; 2; 185
324; 358; 1; 2; 190
382; 300; 2; 1; 205
258; 285; 1; 2; 211
285; 324; 1; 2; 212
328; 228; 2; 1; 213
319; 225; 1; 2; 216
322; 327; 1; 2; 219
249; 352; 2; 1; 224
284; 293; 2; 1; 230
385; 262; 1; 2; 245
320; 270; 1; 2; 246
309; 346; 2; 1; 249
220; 352; 1; 2; 255
287; 248; 2; 1; 256
277; 236; 2; 1; 256
229; 221; 2; 1; 258
313; 320; 1; 2; 262
329; 366; 1; 2; 263
356; 237; 2; 1; 264
309; 383; 1; 2; 265
365; 381; 2; 1; 267
291; 326; 1; 2; 269
276; 347; 1; 2; 273
236; 327; 1; 2; 274
368; 240; 1; 2; 280
373; 350; 1; 2; 288
377; 376; 2; 1; 288
328; 289; 1; 2; 300
227; 344; 1; 2; 305
251; 371; 2; 1; 322
309; 296; 2; 1; 323
310; 274; 2; 1; 335
319; 378; 2; 1; 339
279; 237; 2; 1; 347
249; 344; 2; 1; 352
289; 283; 2; 1; 367
265; 308; 2; 1; 371
351; 268; 1; 2; 379
230; 267; 1; 2; 385
323; 349; 2; 1; 389
288; 316; 1; 2; 389
345; 354; 2; 1; 393
310; 266; 1; 2; 410
232; 259; 1; 2; 433
222; 240; 1; 2; 434
226; 373; 2; 1; 434
363; 366; 2; 1; 437
376; 368; 1; 2; 442
339; 349; 2; 1; 452
270; 346; 1; 2; 455
303; 383; 2; 1; 459
247; 248; 1; 2; 460
226; 246; 1; 2; 466
328; 254; 2; 1; 470
297; 342; 1; 2; 506
349; 256; 1; 2; 507
283; 359; 1; 2; 516
363; 237; 1; 2; 523
327; 275; 1; 2; 523
238; 387; 1; 2; 528
218; 367; 1; 2; 529
223; 291; 2; 1; 533
296; 304; 1; 2; 536
249; 239; 1; 2; 537
224; 288; 2; 1; 556
372; 371; 1; 2; 558
293; 335; 1; 2; 563
286; 235; 2; 1; 573
21
1; 1; 23; 125
4; 1; 38; 748
3; 1; 37; 2068
6; 1; 4; 3202
13; 1; 39; 5445
8; 1; 49; 5868
7; 1; 15; 6477
14; 1; 20; 9460
11; 1; 38; 10014
16; 1; 12; 14205
10; 1; 4; 15156
18; 1; 44; 15447
20; 1; 28; 16020
19; 1; 26; 16222
2; 1; 26; 17934
12; 1; 24; 19660
17; 1; 20; 21851
15; 1; 39; 23568
9; 1; 11; 23802
0; 1; 16; 23854
5; 1; 48; 24056
