**** 482 ****
93
278; 259; 1; 2; 1
230; 371; 2; 1; 7
276; 343; 1; 2; 11
286; 235; 1; 2; 17
230; 227; 1; 2; 17
356; 370; 1; 2; 17
268; 244; 1; 2; 30
307; 370; 2; 1; 31
238; 248; 2; 1; 35
312; 328; 1; 2; 39
219; 259; 1; 2; 60
265; 229; 2; 1; 60
318; 225; 2; 1; 73
324; 233; 2; 1; 78
281; 232; 1; 2; 79
332; 271; 1; 2; 83
317; 372; 2; 1; 84
232; 276; 2; 1; 106
278; 226; 1; 2; 115
350; 256; 1; 2; 116
332; 318; 1; 2; 116
327; 347; 1; 2; 120
389; 390; 1; 2; 130
290; 223; 2; 1; 143
319; 362; 2; 1; 146
311; 249; 2; 1; 164
304; 386; 2; 1; 166
363; 304; 2; 1; 166
388; 227; 1; 2; 170
388; 321; 1; 2; 174
377; 224; 2; 1; 181
218; 260; 1; 2; 181
250; 259; 2; 1; 193
302; 238; 1; 2; 216
376; 310; 1; 2; 219
237; 242; 1; 2; 225
366; 240; 1; 2; 236
350; 299; 2; 1; 245
250; 231; 2; 1; 245
337; 321; 2; 1; 261
379; 276; 1; 2; 262
316; 238; 2; 1; 265
280; 303; 2; 1; 267
295; 233; 1; 2; 277
316; 306; 2; 1; 282
268; 383; 1; 2; 290
361; 380; 1; 2; 292
360; 222; 2; 1; 306
340; 296; 2; 1; 308
282; 221; 2; 1; 312
310; 222; 1; 2; 318
338; 289; 2; 1; 319
342; 259; 2; 1; 325
253; 350; 2; 1; 330
265; 296; 1; 2; 337
285; 220; 1; 2; 347
230; 291; 1; 2; 352
255; 281; 1; 2; 362
267; 224; 1; 2; 366
274; 270; 1; 2; 375
260; 311; 2; 1; 382
372; 272; 1; 2; 393
345; 248; 2; 1; 406
242; 241; 2; 1; 424
350; 389; 1; 2; 426
263; 393; 2; 1; 439
328; 262; 2; 1; 450
247; 327; 1; 2; 457
279; 250; 2; 1; 464
253; 240; 2; 1; 470
282; 334; 2; 1; 480
230; 344; 1; 2; 485
249; 266; 2; 1; 485
354; 226; 2; 1; 492
323; 316; 1; 2; 494
310; 380; 1; 2; 495
325; 308; 2; 1; 497
239; 335; 1; 2; 498
272; 354; 2; 1; 504
382; 248; 1; 2; 505
281; 379; 1; 2; 521
222; 319; 1; 2; 524
228; 226; 2; 1; 525
286; 264; 1; 2; 534
299; 238; 2; 1; 540
363; 272; 1; 2; 543
243; 354; 1; 2; 551
290; 217; 1; 2; 557
363; 287; 2; 1; 558
235; 280; 1; 2; 559
386; 285; 1; 2; 565
364; 389; 2; 1; 569
353; 227; 2; 1; 574
21
4; 1; 23; 354
7; 1; 33; 814
16; 1; 26; 3379
18; 1; 36; 3532
13; 1; 20; 6906
14; 1; 21; 7472
8; 1; 31; 9128
3; 1; 11; 10906
1; 1; 47; 11174
20; 1; 47; 11224
11; 1; 23; 12435
17; 1; 38; 12634
6; 1; 18; 13968
0; 1; 10; 14283
12; 1; 17; 15137
19; 1; 16; 19983
10; 1; 1; 20624
2; 1; 11; 20941
5; 1; 37; 21331
15; 1; 36; 27001
9; 1; 21; 27192
