**** 483 ****
93
374; 392; 2; 1; 31
362; 349; 1; 2; 38
246; 313; 2; 1; 41
254; 263; 1; 2; 42
298; 342; 2; 1; 51
354; 300; 2; 1; 51
222; 294; 2; 1; 52
377; 267; 1; 2; 56
368; 380; 1; 2; 62
217; 383; 2; 1; 64
248; 346; 2; 1; 66
334; 263; 2; 1; 68
282; 333; 1; 2; 68
382; 383; 1; 2; 72
293; 317; 2; 1; 92
285; 332; 2; 1; 95
286; 274; 1; 2; 97
315; 264; 1; 2; 100
373; 231; 1; 2; 108
381; 296; 2; 1; 112
304; 387; 2; 1; 118
245; 260; 1; 2; 130
348; 235; 2; 1; 132
306; 262; 2; 1; 133
370; 376; 1; 2; 134
248; 386; 1; 2; 140
245; 384; 1; 2; 140
287; 346; 2; 1; 145
291; 272; 1; 2; 151
285; 306; 2; 1; 153
293; 300; 1; 2; 156
294; 277; 1; 2; 157
362; 299; 2; 1; 158
355; 227; 2; 1; 178
273; 232; 2; 1; 194
279; 248; 1; 2; 197
362; 338; 1; 2; 201
341; 388; 2; 1; 202
335; 274; 1; 2; 203
268; 290; 1; 2; 205
372; 354; 2; 1; 221
297; 259; 1; 2; 225
303; 359; 1; 2; 259
261; 233; 1; 2; 261
320; 255; 2; 1; 261
372; 336; 2; 1; 288
336; 243; 1; 2; 294
352; 312; 2; 1; 297
236; 228; 2; 1; 302
229; 263; 2; 1; 307
223; 385; 1; 2; 312
286; 380; 1; 2; 313
323; 318; 2; 1; 315
340; 261; 1; 2; 334
281; 265; 2; 1; 338
261; 248; 2; 1; 339
310; 316; 1; 2; 345
348; 302; 1; 2; 358
339; 324; 1; 2; 369
364; 224; 1; 2; 380
378; 290; 2; 1; 411
299; 332; 2; 1; 417
332; 253; 1; 2; 428
225; 221; 2; 1; 430
281; 325; 1; 2; 432
313; 268; 1; 2; 439
263; 329; 1; 2; 447
349; 393; 1; 2; 461
365; 306; 2; 1; 466
312; 230; 2; 1; 469
226; 299; 2; 1; 471
383; 375; 1; 2; 473
371; 217; 1; 2; 482
276; 392; 2; 1; 489
267; 246; 1; 2; 498
308; 254; 1; 2; 506
237; 311; 1; 2; 506
318; 280; 1; 2; 510
388; 235; 2; 1; 513
243; 276; 1; 2; 516
358; 374; 1; 2; 523
362; 384; 1; 2; 525
350; 350; 2; 1; 536
231; 322; 1; 2; 536
295; 348; 2; 1; 539
224; 388; 2; 1; 539
289; 382; 2; 1; 553
298; 367; 2; 1; 555
287; 318; 2; 1; 560
336; 342; 1; 2; 560
374; 302; 1; 2; 568
384; 217; 2; 1; 570
315; 303; 2; 1; 575
21
19; 1; 16; 1272
2; 1; 48; 1995
5; 1; 1; 3188
12; 1; 36; 4720
4; 1; 28; 8086
1; 1; 2; 12440
16; 1; 31; 13253
20; 1; 18; 13774
0; 1; 28; 17950
6; 1; 31; 19107
3; 1; 40; 20960
18; 1; 39; 21334
7; 1; 34; 23335
11; 1; 44; 23497
9; 1; 22; 24472
8; 1; 38; 24678
15; 1; 9; 25811
10; 1; 21; 27015
14; 1; 47; 27160
13; 1; 21; 28108
17; 1; 27; 29089
