**** 484 ****
94
251; 366; 2; 1; 0
300; 352; 1; 2; 7
305; 240; 1; 2; 33
386; 287; 2; 1; 34
291; 238; 2; 1; 49
247; 264; 2; 1; 51
288; 398; 1; 2; 61
237; 381; 1; 2; 78
341; 322; 1; 2; 96
375; 387; 1; 2; 111
260; 293; 2; 1; 134
331; 247; 1; 2; 150
259; 290; 1; 2; 153
301; 341; 2; 1; 155
390; 273; 1; 2; 165
248; 300; 1; 2; 169
337; 229; 2; 1; 175
260; 348; 2; 1; 183
315; 395; 1; 2; 186
326; 270; 1; 2; 186
329; 325; 2; 1; 191
353; 271; 1; 2; 193
307; 224; 1; 2; 199
234; 305; 1; 2; 199
363; 343; 2; 1; 205
279; 335; 2; 1; 208
223; 337; 2; 1; 210
293; 373; 1; 2; 214
299; 273; 1; 2; 216
348; 363; 1; 2; 223
297; 388; 2; 1; 224
234; 401; 2; 1; 225
270; 288; 2; 1; 228
383; 277; 1; 2; 234
222; 269; 1; 2; 237
390; 311; 1; 2; 238
328; 221; 2; 1; 241
229; 275; 2; 1; 245
271; 304; 1; 2; 251
358; 318; 1; 2; 254
304; 257; 2; 1; 260
395; 239; 2; 1; 261
368; 369; 1; 2; 263
347; 338; 2; 1; 271
281; 283; 2; 1; 278
379; 235; 1; 2; 278
233; 239; 1; 2; 286
269; 238; 2; 1; 290
324; 370; 2; 1; 291
258; 305; 1; 2; 298
340; 317; 1; 2; 302
254; 279; 2; 1; 305
372; 355; 2; 1; 307
365; 326; 2; 1; 309
298; 249; 2; 1; 316
371; 277; 2; 1; 318
264; 357; 1; 2; 329
232; 272; 1; 2; 331
344; 310; 1; 2; 336
289; 354; 2; 1; 342
257; 256; 2; 1; 344
266; 398; 2; 1; 376
265; 345; 1; 2; 376
273; 377; 1; 2; 387
236; 313; 1; 2; 390
338; 307; 1; 2; 393
299; 221; 2; 1; 397
392; 357; 2; 1; 400
321; 285; 1; 2; 406
354; 346; 1; 2; 434
272; 287; 1; 2; 439
327; 270; 1; 2; 441
392; 271; 1; 2; 452
226; 353; 1; 2; 452
226; 373; 2; 1; 463
239; 357; 1; 2; 463
226; 355; 2; 1; 467
281; 248; 2; 1; 478
302; 341; 1; 2; 480
229; 298; 1; 2; 481
258; 383; 1; 2; 484
323; 349; 1; 2; 498
389; 287; 1; 2; 502
239; 323; 1; 2; 512
319; 354; 1; 2; 518
393; 327; 1; 2; 519
337; 334; 1; 2; 527
385; 291; 2; 1; 535
240; 342; 2; 1; 536
238; 306; 1; 2; 543
328; 392; 1; 2; 550
385; 332; 1; 2; 555
294; 398; 1; 2; 566
383; 357; 1; 2; 570
21
7; 1; 35; 1115
19; 1; 32; 1642
15; 1; 21; 3816
20; 1; 44; 5150
4; 1; 48; 5962
16; 1; 23; 7162
5; 1; 49; 7336
6; 1; 9; 7799
11; 1; 19; 8382
1; 1; 39; 8864
12; 1; 34; 11432
9; 1; 38; 11993
17; 1; 5; 14729
2; 1; 24; 19011
18; 1; 11; 19509
0; 1; 38; 20121
8; 1; 44; 20226
13; 1; 5; 21612
14; 1; 36; 23901
10; 1; 3; 24080
3; 1; 14; 24409
