**** 485 ****
94
361; 293; 1; 2; 4
319; 224; 1; 2; 4
271; 305; 2; 1; 6
376; 241; 1; 2; 8
277; 379; 1; 2; 15
308; 384; 1; 2; 21
347; 338; 1; 2; 27
229; 302; 2; 1; 28
222; 351; 1; 2; 37
277; 358; 1; 2; 43
341; 232; 2; 1; 45
333; 374; 2; 1; 45
224; 339; 1; 2; 50
379; 229; 2; 1; 59
333; 286; 2; 1; 60
314; 297; 2; 1; 60
370; 256; 2; 1; 63
236; 349; 2; 1; 65
353; 318; 1; 2; 84
271; 294; 1; 2; 95
358; 383; 2; 1; 101
289; 273; 2; 1; 108
244; 390; 1; 2; 109
358; 237; 1; 2; 119
318; 285; 2; 1; 124
281; 308; 2; 1; 125
344; 327; 1; 2; 128
354; 263; 1; 2; 130
279; 269; 1; 2; 131
353; 396; 2; 1; 138
342; 252; 2; 1; 158
288; 354; 2; 1; 159
344; 344; 2; 1; 170
386; 232; 2; 1; 178
330; 240; 2; 1; 194
370; 347; 2; 1; 195
382; 391; 2; 1; 209
259; 399; 1; 2; 210
332; 355; 1; 2; 213
389; 397; 1; 2; 214
350; 338; 1; 2; 219
399; 226; 1; 2; 248
321; 298; 1; 2; 251
269; 343; 2; 1; 253
339; 306; 2; 1; 255
338; 321; 2; 1; 257
226; 379; 2; 1; 265
262; 244; 2; 1; 266
352; 374; 1; 2; 271
231; 294; 1; 2; 274
399; 378; 1; 2; 283
393; 347; 2; 1; 284
376; 330; 1; 2; 292
328; 256; 2; 1; 297
315; 294; 1; 2; 297
347; 371; 1; 2; 300
348; 391; 1; 2; 306
267; 263; 1; 2; 307
277; 387; 1; 2; 314
335; 362; 1; 2; 318
358; 387; 1; 2; 321
382; 247; 1; 2; 326
351; 396; 1; 2; 329
314; 303; 2; 1; 353
372; 374; 2; 1; 369
388; 388; 2; 1; 370
241; 397; 2; 1; 380
325; 228; 1; 2; 394
378; 343; 1; 2; 394
245; 379; 1; 2; 396
298; 320; 1; 2; 398
267; 244; 2; 1; 403
263; 340; 1; 2; 407
256; 311; 2; 1; 408
372; 275; 2; 1; 412
298; 340; 1; 2; 416
334; 298; 2; 1; 425
394; 284; 1; 2; 427
339; 390; 1; 2; 438
312; 305; 1; 2; 442
283; 271; 2; 1; 445
320; 244; 1; 2; 459
301; 253; 1; 2; 464
264; 386; 2; 1; 468
296; 394; 1; 2; 478
267; 231; 1; 2; 480
235; 224; 1; 2; 503
295; 329; 1; 2; 506
302; 372; 1; 2; 513
387; 316; 1; 2; 515
265; 224; 1; 2; 515
288; 401; 2; 1; 516
318; 286; 2; 1; 543
232; 288; 2; 1; 579
21
0; 1; 8; 854
4; 1; 43; 1933
11; 1; 19; 2558
15; 1; 11; 4543
5; 1; 25; 4643
1; 1; 9; 5852
18; 1; 27; 9840
3; 1; 40; 12558
12; 1; 40; 13177
10; 1; 36; 14511
8; 1; 29; 14617
13; 1; 27; 17679
7; 1; 28; 17725
6; 1; 18; 22084
17; 1; 2; 22296
9; 1; 48; 22832
19; 1; 3; 22889
20; 1; 17; 22908
2; 1; 45; 23116
14; 1; 26; 24343
16; 1; 47; 26652
