**** 486 ****
94
274; 235; 1; 2; 18
274; 264; 2; 1; 25
367; 284; 2; 1; 32
334; 341; 2; 1; 36
393; 400; 2; 1; 50
313; 394; 2; 1; 60
393; 334; 2; 1; 72
385; 259; 2; 1; 84
239; 274; 2; 1; 87
226; 401; 2; 1; 88
282; 378; 2; 1; 93
238; 400; 1; 2; 103
265; 371; 2; 1; 109
310; 340; 2; 1; 110
253; 281; 2; 1; 120
230; 344; 2; 1; 121
277; 222; 2; 1; 122
296; 306; 2; 1; 127
257; 271; 2; 1; 129
235; 401; 2; 1; 131
387; 240; 1; 2; 134
241; 291; 2; 1; 134
298; 225; 1; 2; 140
284; 239; 1; 2; 147
265; 378; 2; 1; 160
246; 267; 2; 1; 168
303; 241; 2; 1; 172
347; 334; 2; 1; 184
243; 287; 1; 2; 189
268; 398; 1; 2; 192
274; 241; 2; 1; 203
344; 314; 1; 2; 221
335; 289; 1; 2; 223
245; 292; 1; 2; 227
259; 340; 2; 1; 233
252; 395; 1; 2; 235
239; 310; 1; 2; 235
331; 362; 1; 2; 238
283; 389; 1; 2; 239
370; 257; 1; 2; 240
391; 318; 1; 2; 247
260; 337; 1; 2; 247
313; 356; 1; 2; 260
243; 323; 2; 1; 278
248; 366; 1; 2; 292
287; 241; 1; 2; 304
339; 331; 2; 1; 309
390; 251; 1; 2; 310
293; 252; 1; 2; 310
282; 305; 1; 2; 313
385; 301; 1; 2; 313
328; 325; 2; 1; 313
299; 373; 1; 2; 322
375; 374; 2; 1; 337
277; 330; 2; 1; 338
282; 244; 1; 2; 338
346; 325; 2; 1; 344
378; 303; 1; 2; 348
278; 352; 1; 2; 354
276; 368; 1; 2; 356
354; 350; 1; 2; 358
277; 373; 1; 2; 359
385; 332; 1; 2; 369
262; 377; 2; 1; 381
338; 384; 1; 2; 382
252; 339; 2; 1; 382
330; 314; 2; 1; 384
226; 233; 1; 2; 395
223; 238; 2; 1; 403
346; 393; 2; 1; 409
299; 347; 1; 2; 414
240; 249; 1; 2; 414
331; 315; 1; 2; 424
371; 345; 1; 2; 440
377; 337; 1; 2; 441
295; 303; 1; 2; 444
368; 286; 1; 2; 453
396; 269; 1; 2; 466
359; 314; 2; 1; 473
368; 335; 1; 2; 473
323; 292; 1; 2; 476
278; 225; 1; 2; 479
314; 278; 1; 2; 498
380; 339; 2; 1; 503
229; 296; 1; 2; 503
227; 342; 2; 1; 530
380; 286; 1; 2; 533
278; 363; 2; 1; 537
313; 290; 1; 2; 548
321; 401; 1; 2; 550
280; 260; 1; 2; 555
276; 365; 2; 1; 561
324; 246; 1; 2; 562
279; 350; 1; 2; 570
21
20; 1; 18; 3398
18; 1; 35; 3680
12; 1; 34; 6843
14; 1; 39; 6903
9; 1; 16; 8565
1; 1; 32; 9606
17; 1; 31; 11038
4; 1; 27; 12472
13; 1; 19; 12926
16; 1; 39; 14404
10; 1; 19; 16119
19; 1; 23; 19013
7; 1; 32; 20377
8; 1; 25; 20411
11; 1; 31; 26358
0; 1; 29; 26480
6; 1; 8; 26548
2; 1; 13; 26876
5; 1; 29; 27045
3; 1; 28; 27157
15; 1; 40; 28561
