**** 487 ****
94
255; 394; 1; 2; 2
344; 341; 1; 2; 17
322; 261; 1; 2; 23
353; 339; 2; 1; 25
239; 305; 1; 2; 25
386; 352; 1; 2; 33
362; 253; 1; 2; 41
227; 241; 2; 1; 51
257; 285; 2; 1; 59
300; 393; 1; 2; 76
281; 371; 2; 1; 77
393; 400; 1; 2; 78
345; 388; 2; 1; 82
350; 302; 1; 2; 87
274; 339; 2; 1; 93
363; 294; 2; 1; 95
240; 401; 2; 1; 97
265; 298; 1; 2; 113
321; 342; 2; 1; 122
383; 332; 1; 2; 141
352; 370; 2; 1; 145
323; 328; 1; 2; 152
326; 333; 2; 1; 158
250; 276; 2; 1; 158
351; 274; 2; 1; 162
285; 360; 1; 2; 164
318; 299; 1; 2; 175
398; 324; 1; 2; 176
263; 266; 2; 1; 194
317; 322; 2; 1; 218
253; 298; 1; 2; 224
356; 351; 1; 2; 229
377; 349; 1; 2; 247
233; 378; 2; 1; 257
292; 252; 2; 1; 258
279; 271; 1; 2; 258
362; 344; 2; 1; 259
246; 257; 2; 1; 269
387; 393; 1; 2; 269
273; 272; 2; 1; 271
307; 318; 2; 1; 280
364; 275; 1; 2; 282
366; 254; 1; 2; 284
256; 273; 2; 1; 293
352; 396; 1; 2; 301
299; 399; 2; 1; 308
377; 361; 2; 1; 310
396; 317; 1; 2; 315
261; 250; 1; 2; 317
270; 313; 2; 1; 317
322; 397; 1; 2; 320
329; 240; 1; 2; 320
334; 224; 2; 1; 324
330; 398; 1; 2; 325
244; 305; 2; 1; 330
341; 399; 2; 1; 330
391; 265; 2; 1; 338
381; 265; 2; 1; 342
252; 336; 2; 1; 347
378; 366; 2; 1; 350
243; 224; 1; 2; 353
239; 358; 2; 1; 368
262; 285; 1; 2; 370
316; 229; 1; 2; 377
376; 354; 1; 2; 382
401; 237; 2; 1; 390
245; 389; 1; 2; 394
333; 252; 2; 1; 394
255; 243; 1; 2; 403
396; 286; 2; 1; 405
245; 318; 1; 2; 405
270; 325; 2; 1; 408
340; 243; 2; 1; 411
224; 321; 2; 1; 436
366; 353; 1; 2; 437
255; 226; 1; 2; 449
232; 307; 2; 1; 452
283; 318; 1; 2; 455
357; 221; 1; 2; 463
319; 227; 2; 1; 468
375; 309; 1; 2; 468
319; 401; 1; 2; 470
242; 246; 1; 2; 478
320; 389; 2; 1; 487
340; 284; 1; 2; 516
233; 222; 2; 1; 520
280; 313; 1; 2; 521
333; 374; 1; 2; 536
259; 359; 2; 1; 543
333; 332; 1; 2; 544
279; 267; 1; 2; 552
297; 293; 1; 2; 567
249; 248; 2; 1; 572
347; 328; 1; 2; 581
21
0; 1; 19; 1056
3; 1; 49; 1278
1; 1; 24; 1346
14; 1; 28; 1415
16; 1; 38; 1446
5; 1; 22; 2905
9; 1; 48; 6038
12; 1; 40; 13089
15; 1; 35; 13447
6; 1; 21; 13640
2; 1; 15; 14965
7; 1; 40; 17338
18; 1; 47; 17996
17; 1; 8; 22613
11; 1; 39; 25718
10; 1; 4; 25798
4; 1; 40; 26729
13; 1; 22; 27999
8; 1; 49; 28300
19; 1; 2; 28388
20; 1; 45; 28605
