**** 488 ****
94
311; 353; 2; 1; 3
298; 343; 1; 2; 5
359; 305; 2; 1; 14
247; 256; 1; 2; 22
281; 383; 1; 2; 29
355; 226; 2; 1; 32
332; 365; 1; 2; 38
294; 285; 1; 2; 42
291; 357; 1; 2; 50
365; 249; 2; 1; 56
252; 374; 1; 2; 58
391; 274; 1; 2; 59
318; 275; 2; 1; 67
275; 287; 2; 1; 74
386; 309; 2; 1; 74
249; 340; 2; 1; 76
310; 272; 1; 2; 77
302; 358; 1; 2; 78
237; 361; 1; 2; 80
296; 240; 1; 2; 84
245; 395; 1; 2; 86
256; 256; 2; 1; 87
371; 313; 1; 2; 88
371; 253; 1; 2; 91
340; 321; 2; 1; 96
345; 361; 2; 1; 113
351; 290; 1; 2; 114
251; 231; 1; 2; 121
246; 341; 2; 1; 132
333; 305; 1; 2; 135
300; 258; 2; 1; 148
344; 380; 2; 1; 157
222; 303; 2; 1; 166
320; 317; 2; 1; 185
295; 290; 1; 2; 189
380; 224; 2; 1; 190
350; 305; 1; 2; 193
375; 302; 1; 2; 206
387; 323; 2; 1; 214
266; 359; 1; 2; 220
249; 326; 1; 2; 221
335; 336; 1; 2; 226
368; 386; 1; 2; 229
370; 308; 1; 2; 230
379; 285; 2; 1; 230
236; 385; 2; 1; 230
286; 225; 1; 2; 232
262; 393; 1; 2; 232
377; 228; 1; 2; 237
367; 398; 1; 2; 246
305; 399; 2; 1; 247
224; 232; 1; 2; 258
396; 280; 1; 2; 265
359; 367; 2; 1; 269
237; 271; 1; 2; 276
283; 366; 2; 1; 283
348; 306; 1; 2; 288
290; 324; 1; 2; 308
368; 338; 1; 2; 335
267; 249; 2; 1; 337
348; 226; 2; 1; 345
345; 346; 1; 2; 345
286; 362; 2; 1; 347
394; 397; 2; 1; 368
390; 343; 1; 2; 376
387; 322; 2; 1; 381
221; 276; 1; 2; 387
348; 314; 2; 1; 387
234; 353; 2; 1; 390
347; 344; 1; 2; 392
293; 382; 2; 1; 402
231; 263; 2; 1; 403
322; 354; 1; 2; 411
394; 313; 2; 1; 413
389; 256; 2; 1; 418
325; 328; 1; 2; 427
224; 254; 2; 1; 432
301; 238; 2; 1; 438
287; 248; 2; 1; 443
388; 348; 2; 1; 444
353; 282; 1; 2; 449
291; 231; 1; 2; 451
375; 377; 1; 2; 459
363; 238; 1; 2; 466
358; 328; 2; 1; 473
246; 245; 2; 1; 485
353; 323; 2; 1; 490
310; 297; 1; 2; 496
285; 342; 1; 2; 515
272; 339; 1; 2; 521
395; 245; 1; 2; 556
359; 393; 1; 2; 569
340; 303; 2; 1; 569
334; 381; 2; 1; 570
21
15; 1; 15; 171
3; 1; 6; 1638
9; 1; 12; 2155
16; 1; 1; 5236
18; 1; 17; 5239
17; 1; 31; 5476
2; 1; 47; 5954
13; 1; 35; 8055
4; 1; 21; 9087
14; 1; 4; 9598
20; 1; 44; 12545
0; 1; 15; 13714
6; 1; 43; 14451
10; 1; 34; 16153
12; 1; 8; 16532
5; 1; 26; 18330
1; 1; 40; 20483
7; 1; 27; 26137
11; 1; 2; 27865
19; 1; 20; 27885
8; 1; 44; 29619
