**** 489 ****
94
395; 285; 2; 1; 0
282; 388; 2; 1; 1
335; 270; 2; 1; 13
258; 330; 2; 1; 13
357; 341; 1; 2; 26
355; 383; 1; 2; 33
394; 279; 2; 1; 34
311; 386; 1; 2; 35
321; 322; 2; 1; 36
365; 378; 2; 1; 37
329; 399; 2; 1; 49
367; 393; 2; 1; 56
299; 344; 1; 2; 63
349; 312; 1; 2; 65
326; 264; 2; 1; 65
241; 286; 2; 1; 66
296; 367; 2; 1; 67
281; 249; 1; 2; 74
370; 244; 2; 1; 75
259; 363; 1; 2; 78
382; 307; 1; 2; 82
249; 258; 1; 2; 94
264; 315; 1; 2; 97
329; 235; 1; 2; 99
318; 255; 2; 1; 110
391; 305; 2; 1; 120
353; 376; 2; 1; 121
227; 293; 2; 1; 142
272; 382; 1; 2; 143
315; 344; 1; 2; 144
330; 262; 2; 1; 148
332; 336; 1; 2; 176
345; 370; 1; 2; 183
332; 301; 1; 2; 183
264; 298; 2; 1; 189
325; 353; 1; 2; 204
241; 227; 2; 1; 222
222; 241; 1; 2; 222
361; 382; 2; 1; 229
301; 344; 2; 1; 229
373; 399; 2; 1; 230
300; 252; 2; 1; 234
373; 311; 1; 2; 237
392; 315; 1; 2; 237
241; 351; 1; 2; 238
262; 357; 2; 1; 240
386; 401; 2; 1; 254
323; 353; 2; 1; 271
352; 309; 1; 2; 283
230; 361; 2; 1; 286
252; 337; 2; 1; 294
321; 388; 2; 1; 296
331; 303; 1; 2; 301
240; 313; 1; 2; 301
380; 385; 1; 2; 302
277; 222; 2; 1; 307
329; 290; 1; 2; 309
362; 235; 1; 2; 314
341; 222; 1; 2; 322
223; 361; 2; 1; 325
332; 374; 2; 1; 332
351; 318; 1; 2; 338
400; 233; 2; 1; 345
378; 362; 1; 2; 351
233; 246; 2; 1; 354
264; 332; 2; 1; 360
313; 260; 1; 2; 378
394; 318; 1; 2; 383
359; 301; 1; 2; 388
377; 302; 1; 2; 392
268; 222; 2; 1; 398
353; 317; 2; 1; 406
235; 295; 2; 1; 432
254; 353; 1; 2; 441
399; 354; 2; 1; 448
290; 354; 2; 1; 465
226; 319; 1; 2; 466
283; 278; 1; 2; 478
226; 239; 2; 1; 492
348; 398; 1; 2; 503
221; 242; 1; 2; 503
227; 237; 1; 2; 504
238; 397; 1; 2; 509
400; 341; 2; 1; 510
232; 352; 2; 1; 518
293; 347; 1; 2; 536
398; 399; 2; 1; 552
321; 226; 2; 1; 560
232; 344; 1; 2; 560
287; 389; 1; 2; 569
281; 325; 2; 1; 572
334; 237; 2; 1; 572
363; 354; 2; 1; 581
291; 250; 2; 1; 585
21
17; 1; 9; 1695
1; 1; 3; 2366
20; 1; 24; 2796
7; 1; 11; 4604
4; 1; 5; 5872
15; 1; 15; 8521
6; 1; 48; 11072
19; 1; 25; 11471
3; 1; 17; 13243
2; 1; 6; 13721
5; 1; 37; 14065
18; 1; 25; 14739
8; 1; 30; 16101
10; 1; 2; 21336
9; 1; 8; 23589
0; 1; 39; 24538
12; 1; 27; 25348
11; 1; 38; 26385
13; 1; 22; 27383
16; 1; 24; 28720
14; 1; 27; 28943
