**** 49 ****
54
49; 61; 2; 1; 5
26; 24; 1; 2; 9
49; 42; 2; 1; 10
52; 38; 1; 2; 12
35; 39; 2; 1; 16
59; 57; 1; 2; 17
68; 37; 1; 2; 23
52; 24; 1; 2; 26
25; 68; 2; 1; 29
47; 55; 2; 1; 30
52; 64; 1; 2; 36
55; 58; 2; 1; 36
64; 27; 1; 2; 42
26; 22; 1; 2; 43
69; 51; 2; 1; 50
68; 44; 1; 2; 50
36; 39; 1; 2; 52
73; 60; 2; 1; 54
66; 33; 1; 2; 57
47; 65; 2; 1; 61
76; 36; 2; 1; 61
47; 70; 1; 2; 65
39; 64; 2; 1; 70
80; 26; 2; 1; 72
58; 80; 2; 1; 78
37; 51; 1; 2; 79
36; 31; 2; 1; 82
42; 76; 2; 1; 82
59; 81; 2; 1; 83
32; 40; 1; 2; 86
80; 71; 1; 2; 92
32; 50; 2; 1; 94
47; 55; 2; 1; 94
56; 27; 2; 1; 96
66; 64; 1; 2; 98
32; 64; 2; 1; 99
40; 27; 1; 2; 99
48; 39; 2; 1; 102
60; 28; 1; 2; 104
26; 61; 2; 1; 105
73; 64; 1; 2; 106
41; 66; 2; 1; 106
24; 75; 1; 2; 107
34; 41; 1; 2; 109
33; 27; 2; 1; 109
55; 70; 2; 1; 113
56; 53; 2; 1; 116
23; 75; 1; 2; 120
70; 33; 2; 1; 121
58; 69; 1; 2; 123
62; 65; 1; 2; 125
29; 68; 2; 1; 134
46; 74; 2; 1; 135
55; 30; 2; 1; 144
13
7; 1; 48; 332
0; 1; 6; 622
8; 1; 27; 713
9; 1; 16; 757
3; 1; 34; 1192
5; 1; 32; 1249
6; 1; 14; 1462
2; 1; 18; 1536
1; 1; 30; 1723
11; 1; 25; 2505
12; 1; 12; 2581
10; 1; 33; 2684
4; 1; 41; 2720
