**** 490 ****
94
285; 269; 1; 2; 2
295; 297; 2; 1; 21
309; 315; 2; 1; 24
288; 234; 2; 1; 44
337; 303; 2; 1; 59
230; 380; 2; 1; 67
230; 357; 2; 1; 80
278; 254; 2; 1; 85
396; 374; 2; 1; 86
283; 330; 1; 2; 90
303; 397; 1; 2; 93
335; 356; 2; 1; 95
319; 282; 1; 2; 96
331; 346; 1; 2; 124
272; 290; 2; 1; 124
371; 234; 2; 1; 153
255; 351; 1; 2; 156
323; 366; 2; 1; 168
269; 364; 1; 2; 188
345; 359; 2; 1; 196
304; 394; 1; 2; 212
247; 342; 1; 2; 214
245; 332; 2; 1; 215
392; 248; 2; 1; 216
288; 263; 1; 2; 216
374; 259; 1; 2; 224
339; 323; 2; 1; 225
222; 307; 1; 2; 231
230; 295; 1; 2; 234
399; 337; 1; 2; 238
361; 271; 2; 1; 247
251; 372; 2; 1; 250
342; 244; 2; 1; 250
392; 246; 2; 1; 259
368; 309; 2; 1; 261
326; 301; 1; 2; 267
360; 274; 1; 2; 271
262; 345; 1; 2; 273
295; 245; 1; 2; 275
262; 288; 2; 1; 289
326; 355; 2; 1; 289
292; 243; 2; 1; 290
232; 259; 2; 1; 294
249; 270; 2; 1; 303
268; 397; 1; 2; 318
349; 331; 2; 1; 326
256; 316; 1; 2; 327
374; 311; 2; 1; 330
336; 340; 2; 1; 330
300; 349; 2; 1; 342
367; 307; 2; 1; 342
384; 282; 1; 2; 343
269; 238; 1; 2; 350
252; 380; 1; 2; 353
343; 325; 2; 1; 354
326; 317; 2; 1; 356
255; 242; 2; 1; 357
392; 284; 1; 2; 359
337; 277; 2; 1; 363
240; 392; 2; 1; 367
252; 315; 1; 2; 369
365; 397; 1; 2; 373
372; 380; 1; 2; 379
351; 305; 1; 2; 379
336; 298; 1; 2; 387
293; 244; 1; 2; 387
276; 235; 2; 1; 403
312; 322; 1; 2; 405
393; 386; 2; 1; 407
248; 269; 1; 2; 432
347; 352; 1; 2; 432
261; 397; 2; 1; 441
240; 383; 2; 1; 445
233; 249; 2; 1; 449
397; 381; 2; 1; 451
256; 300; 1; 2; 459
268; 351; 2; 1; 468
305; 242; 1; 2; 468
243; 255; 1; 2; 478
252; 391; 1; 2; 492
333; 359; 1; 2; 496
343; 282; 1; 2; 500
367; 232; 2; 1; 501
319; 349; 2; 1; 505
302; 273; 2; 1; 512
336; 312; 2; 1; 512
321; 318; 2; 1; 516
384; 326; 1; 2; 519
320; 236; 2; 1; 521
385; 323; 2; 1; 537
322; 370; 1; 2; 556
333; 372; 2; 1; 568
300; 392; 2; 1; 569
369; 389; 1; 2; 574
21
0; 1; 42; 3319
13; 1; 43; 6906
2; 1; 34; 7035
7; 1; 16; 7609
1; 1; 22; 7721
8; 1; 35; 11897
10; 1; 27; 12056
6; 1; 20; 12105
3; 1; 45; 12578
5; 1; 24; 14226
20; 1; 38; 14385
19; 1; 24; 15573
9; 1; 49; 16151
15; 1; 48; 17080
18; 1; 35; 17356
14; 1; 48; 19325
16; 1; 46; 22267
12; 1; 5; 23354
17; 1; 32; 25754
4; 1; 46; 26996
11; 1; 35; 28497
