**** 491 ****
94
393; 336; 2; 1; 1
258; 277; 1; 2; 2
296; 365; 2; 1; 12
333; 299; 2; 1; 18
300; 349; 1; 2; 19
278; 331; 1; 2; 38
339; 223; 1; 2; 39
304; 225; 2; 1; 42
228; 400; 1; 2; 42
240; 238; 1; 2; 49
272; 250; 1; 2; 53
350; 378; 2; 1; 53
293; 284; 1; 2; 55
299; 308; 2; 1; 58
399; 380; 1; 2; 59
237; 333; 1; 2; 65
369; 329; 2; 1; 66
284; 247; 2; 1; 71
233; 262; 1; 2; 77
231; 338; 2; 1; 78
353; 232; 1; 2; 97
276; 345; 2; 1; 100
317; 389; 2; 1; 108
227; 395; 1; 2; 110
373; 327; 2; 1; 126
225; 313; 2; 1; 135
261; 315; 1; 2; 137
290; 285; 1; 2; 148
306; 270; 1; 2; 163
270; 399; 1; 2; 167
236; 230; 2; 1; 177
304; 316; 2; 1; 180
366; 325; 2; 1; 182
306; 310; 2; 1; 184
364; 386; 2; 1; 185
240; 287; 2; 1; 194
309; 337; 2; 1; 195
225; 382; 2; 1; 197
271; 271; 2; 1; 228
390; 377; 1; 2; 232
308; 334; 1; 2; 250
390; 221; 2; 1; 252
299; 398; 1; 2; 256
264; 298; 2; 1; 257
347; 382; 2; 1; 257
320; 323; 1; 2; 268
380; 248; 2; 1; 270
249; 385; 2; 1; 273
288; 262; 2; 1; 275
391; 319; 2; 1; 278
302; 346; 2; 1; 290
369; 224; 2; 1; 296
241; 309; 1; 2; 313
375; 356; 1; 2; 316
377; 232; 2; 1; 317
277; 295; 2; 1; 318
337; 229; 2; 1; 319
285; 230; 2; 1; 330
363; 398; 1; 2; 332
353; 291; 1; 2; 335
236; 307; 1; 2; 356
373; 353; 2; 1; 361
379; 339; 1; 2; 364
366; 250; 2; 1; 367
385; 264; 2; 1; 377
343; 314; 1; 2; 384
356; 224; 1; 2; 388
237; 257; 2; 1; 390
318; 311; 1; 2; 391
282; 274; 1; 2; 394
284; 337; 2; 1; 397
332; 267; 1; 2; 397
242; 380; 1; 2; 412
302; 256; 1; 2; 413
304; 308; 2; 1; 414
269; 260; 1; 2; 444
265; 293; 2; 1; 463
308; 311; 2; 1; 469
276; 314; 1; 2; 474
249; 262; 1; 2; 496
314; 261; 2; 1; 504
325; 232; 1; 2; 506
314; 264; 1; 2; 530
397; 222; 1; 2; 553
344; 288; 1; 2; 555
280; 375; 1; 2; 556
223; 223; 1; 2; 561
289; 240; 2; 1; 563
308; 323; 1; 2; 565
288; 322; 1; 2; 568
325; 387; 2; 1; 570
258; 288; 1; 2; 573
290; 266; 1; 2; 576
382; 225; 1; 2; 583
21
13; 1; 38; 645
1; 1; 34; 2727
15; 1; 10; 2943
12; 1; 43; 3363
14; 1; 35; 4792
4; 1; 13; 7570
5; 1; 38; 9258
0; 1; 6; 9570
6; 1; 36; 13324
2; 1; 19; 15992
16; 1; 6; 16462
17; 1; 24; 18087
19; 1; 9; 18728
10; 1; 19; 19052
7; 1; 36; 19099
20; 1; 35; 22996
9; 1; 27; 24141
3; 1; 28; 24453
18; 1; 38; 25807
11; 1; 19; 26849
8; 1; 35; 28171
