**** 492 ****
94
377; 313; 1; 2; 7
385; 400; 1; 2; 16
317; 272; 1; 2; 36
364; 342; 2; 1; 48
334; 326; 1; 2; 52
316; 264; 2; 1; 55
270; 301; 1; 2; 58
244; 337; 2; 1; 58
305; 293; 2; 1; 76
284; 361; 2; 1; 82
396; 319; 2; 1; 98
332; 222; 1; 2; 123
392; 259; 1; 2; 130
336; 351; 2; 1; 135
294; 295; 2; 1; 143
290; 231; 1; 2; 158
257; 368; 1; 2; 161
345; 359; 1; 2; 164
230; 235; 2; 1; 165
308; 302; 1; 2; 171
243; 366; 2; 1; 174
264; 222; 1; 2; 175
358; 345; 1; 2; 185
317; 255; 1; 2; 190
266; 384; 1; 2; 193
386; 301; 2; 1; 197
301; 257; 1; 2; 200
242; 303; 2; 1; 208
344; 249; 2; 1; 211
372; 325; 1; 2; 220
323; 255; 2; 1; 226
318; 325; 1; 2; 230
236; 373; 1; 2; 242
230; 301; 1; 2; 247
277; 284; 1; 2; 249
390; 347; 1; 2; 253
391; 269; 1; 2; 267
241; 311; 2; 1; 268
344; 334; 1; 2; 272
382; 278; 2; 1; 276
222; 348; 2; 1; 276
274; 315; 2; 1; 288
371; 237; 2; 1; 295
274; 398; 1; 2; 297
286; 302; 1; 2; 302
230; 379; 1; 2; 310
283; 335; 1; 2; 310
353; 364; 2; 1; 315
323; 363; 2; 1; 328
342; 313; 1; 2; 340
360; 371; 1; 2; 354
245; 293; 1; 2; 367
239; 278; 1; 2; 370
379; 280; 2; 1; 378
321; 222; 1; 2; 379
394; 318; 1; 2; 390
248; 258; 1; 2; 392
264; 278; 1; 2; 395
289; 240; 1; 2; 396
366; 340; 2; 1; 401
298; 288; 2; 1; 409
296; 388; 2; 1; 412
228; 332; 2; 1; 414
378; 247; 1; 2; 432
269; 360; 2; 1; 434
343; 333; 1; 2; 454
366; 282; 1; 2; 460
234; 329; 1; 2; 467
400; 366; 1; 2; 473
321; 356; 1; 2; 475
327; 236; 2; 1; 478
304; 377; 2; 1; 483
390; 379; 2; 1; 485
365; 263; 2; 1; 486
362; 356; 2; 1; 489
347; 390; 2; 1; 494
318; 357; 1; 2; 507
270; 333; 2; 1; 508
265; 298; 2; 1; 519
232; 325; 2; 1; 522
388; 227; 1; 2; 526
398; 345; 2; 1; 526
255; 243; 2; 1; 530
290; 315; 1; 2; 530
321; 228; 1; 2; 532
336; 273; 1; 2; 537
333; 311; 1; 2; 546
382; 355; 2; 1; 555
225; 312; 2; 1; 558
253; 356; 2; 1; 563
361; 310; 2; 1; 564
272; 301; 1; 2; 570
348; 294; 2; 1; 574
292; 287; 2; 1; 579
21
11; 1; 34; 5220
10; 1; 6; 5850
13; 1; 6; 5974
18; 1; 26; 8759
9; 1; 23; 9185
0; 1; 26; 13090
2; 1; 24; 13417
12; 1; 32; 13891
1; 1; 15; 14744
16; 1; 2; 15833
8; 1; 1; 15936
6; 1; 23; 17012
14; 1; 9; 18574
4; 1; 32; 19112
15; 1; 38; 19598
3; 1; 20; 22358
17; 1; 45; 22750
7; 1; 28; 25403
20; 1; 6; 25697
5; 1; 25; 26503
19; 1; 47; 29437
