**** 493 ****
94
361; 395; 2; 1; 0
281; 360; 2; 1; 11
326; 231; 1; 2; 15
266; 258; 1; 2; 19
277; 305; 1; 2; 26
399; 341; 2; 1; 27
221; 296; 2; 1; 33
310; 288; 1; 2; 37
341; 315; 1; 2; 52
351; 385; 2; 1; 53
390; 373; 2; 1; 57
364; 331; 2; 1; 57
340; 301; 1; 2; 73
233; 342; 1; 2; 74
391; 254; 1; 2; 76
375; 368; 1; 2; 78
320; 227; 1; 2; 87
307; 353; 2; 1; 89
322; 323; 2; 1; 103
311; 253; 2; 1; 105
232; 347; 1; 2; 121
280; 304; 1; 2; 122
347; 366; 2; 1; 122
228; 246; 2; 1; 134
221; 304; 1; 2; 139
222; 318; 1; 2; 145
306; 252; 1; 2; 151
391; 393; 2; 1; 153
233; 263; 2; 1; 160
387; 279; 1; 2; 163
307; 257; 2; 1; 175
262; 230; 2; 1; 177
262; 347; 2; 1; 177
283; 273; 2; 1; 178
277; 226; 2; 1; 180
328; 223; 2; 1; 184
270; 365; 1; 2; 185
375; 303; 2; 1; 208
248; 287; 1; 2; 209
391; 283; 2; 1; 232
310; 308; 1; 2; 236
257; 291; 1; 2; 237
292; 251; 1; 2; 246
397; 364; 1; 2; 250
262; 373; 1; 2; 261
370; 382; 2; 1; 269
233; 248; 2; 1; 269
254; 397; 1; 2; 285
395; 352; 1; 2; 336
225; 222; 2; 1; 340
287; 231; 2; 1; 345
393; 327; 2; 1; 356
383; 373; 2; 1; 360
245; 401; 2; 1; 363
385; 352; 2; 1; 363
256; 386; 2; 1; 363
273; 247; 1; 2; 381
333; 367; 1; 2; 387
368; 285; 1; 2; 392
259; 326; 1; 2; 403
324; 243; 2; 1; 404
328; 345; 2; 1; 406
334; 322; 2; 1; 415
234; 354; 1; 2; 416
233; 344; 2; 1; 421
313; 228; 2; 1; 423
388; 230; 2; 1; 428
327; 319; 1; 2; 433
387; 355; 1; 2; 435
255; 287; 2; 1; 436
373; 306; 2; 1; 437
328; 268; 1; 2; 456
230; 386; 1; 2; 459
347; 307; 2; 1; 462
337; 351; 2; 1; 462
363; 307; 2; 1; 467
247; 292; 2; 1; 467
277; 249; 2; 1; 470
358; 389; 1; 2; 489
264; 249; 2; 1; 497
345; 229; 2; 1; 504
247; 310; 2; 1; 509
348; 340; 1; 2; 520
381; 238; 2; 1; 528
312; 289; 1; 2; 540
362; 306; 1; 2; 542
400; 334; 2; 1; 555
224; 281; 1; 2; 557
222; 286; 2; 1; 557
264; 316; 1; 2; 572
342; 356; 1; 2; 581
301; 225; 1; 2; 583
231; 261; 1; 2; 587
250; 372; 1; 2; 587
21
16; 1; 45; 2138
4; 1; 26; 2717
20; 1; 35; 6882
12; 1; 29; 8221
1; 1; 37; 9708
19; 1; 42; 10762
13; 1; 46; 11640
9; 1; 39; 12149
15; 1; 3; 13952
5; 1; 12; 15497
0; 1; 45; 17236
11; 1; 49; 17306
2; 1; 39; 17795
6; 1; 20; 18926
14; 1; 38; 18962
7; 1; 6; 20163
8; 1; 17; 20940
18; 1; 42; 23629
10; 1; 1; 25346
17; 1; 25; 27259
3; 1; 18; 28966
