**** 494 ****
94
335; 341; 1; 2; 0
360; 386; 1; 2; 2
291; 264; 1; 2; 6
363; 379; 1; 2; 12
329; 256; 2; 1; 28
243; 362; 1; 2; 29
325; 368; 1; 2; 30
375; 372; 2; 1; 42
362; 302; 1; 2; 62
241; 284; 1; 2; 68
296; 275; 1; 2; 80
357; 320; 2; 1; 86
252; 344; 1; 2; 103
296; 297; 1; 2; 104
333; 400; 1; 2; 114
290; 375; 2; 1; 116
272; 369; 2; 1; 121
357; 272; 1; 2; 123
260; 396; 2; 1; 129
276; 306; 1; 2; 132
290; 341; 2; 1; 137
340; 258; 1; 2; 138
245; 386; 2; 1; 149
395; 290; 1; 2; 161
317; 371; 2; 1; 168
306; 232; 2; 1; 168
316; 228; 1; 2; 173
297; 239; 1; 2; 174
322; 237; 1; 2; 184
257; 228; 1; 2; 184
339; 255; 1; 2; 191
328; 227; 1; 2; 192
382; 378; 1; 2; 209
354; 250; 1; 2; 210
326; 398; 2; 1; 210
285; 341; 1; 2; 234
228; 335; 2; 1; 239
394; 298; 2; 1; 239
290; 332; 2; 1; 251
353; 353; 2; 1; 255
299; 228; 1; 2; 260
349; 250; 2; 1; 274
222; 235; 1; 2; 276
350; 364; 2; 1; 277
356; 298; 1; 2; 280
372; 258; 2; 1; 282
364; 370; 2; 1; 286
334; 231; 1; 2; 290
313; 291; 1; 2; 303
279; 323; 1; 2; 313
332; 364; 1; 2; 320
302; 367; 1; 2; 342
377; 252; 2; 1; 352
389; 394; 1; 2; 356
236; 232; 1; 2; 357
381; 401; 2; 1; 362
248; 302; 2; 1; 362
238; 282; 1; 2; 365
336; 283; 1; 2; 384
389; 274; 1; 2; 384
307; 244; 1; 2; 387
240; 269; 1; 2; 387
274; 341; 1; 2; 391
227; 261; 2; 1; 400
270; 243; 2; 1; 408
383; 318; 1; 2; 412
281; 294; 2; 1; 417
369; 254; 1; 2; 418
370; 286; 1; 2; 434
238; 293; 1; 2; 450
288; 385; 2; 1; 451
348; 247; 2; 1; 462
221; 373; 1; 2; 480
384; 331; 1; 2; 484
256; 225; 2; 1; 491
284; 234; 1; 2; 505
389; 270; 1; 2; 508
397; 316; 1; 2; 514
251; 336; 1; 2; 518
222; 288; 1; 2; 519
224; 384; 2; 1; 543
393; 246; 1; 2; 547
301; 289; 2; 1; 568
384; 250; 2; 1; 570
377; 228; 2; 1; 570
277; 290; 1; 2; 571
360; 341; 1; 2; 576
289; 242; 1; 2; 578
319; 333; 1; 2; 580
247; 241; 1; 2; 584
378; 247; 1; 2; 584
390; 269; 2; 1; 586
357; 380; 2; 1; 587
284; 365; 1; 2; 588
21
2; 1; 30; 2500
9; 1; 47; 3280
13; 1; 7; 5806
8; 1; 36; 6025
17; 1; 30; 6180
12; 1; 49; 11056
18; 1; 27; 13572
11; 1; 23; 14845
4; 1; 35; 15570
15; 1; 48; 17806
20; 1; 28; 18539
19; 1; 20; 18888
14; 1; 31; 22247
10; 1; 12; 24326
0; 1; 38; 25210
7; 1; 18; 25604
6; 1; 45; 26002
16; 1; 25; 27411
3; 1; 49; 27663
1; 1; 12; 28618
5; 1; 13; 28874
