**** 495 ****
95
228; 388; 2; 1; 1
287; 357; 2; 1; 6
228; 277; 2; 1; 10
270; 315; 1; 2; 24
349; 396; 2; 1; 27
314; 286; 2; 1; 28
332; 333; 2; 1; 29
268; 260; 1; 2; 31
357; 354; 2; 1; 37
332; 360; 2; 1; 39
305; 359; 2; 1; 39
235; 345; 2; 1; 41
382; 347; 2; 1; 53
316; 372; 1; 2; 57
269; 267; 2; 1; 66
289; 247; 1; 2; 69
276; 258; 2; 1; 83
331; 323; 2; 1; 86
383; 326; 1; 2; 109
348; 270; 1; 2; 112
251; 338; 1; 2; 129
272; 337; 1; 2; 131
227; 290; 2; 1; 143
242; 390; 2; 1; 145
318; 298; 2; 1; 150
306; 319; 2; 1; 151
252; 273; 1; 2; 156
398; 344; 2; 1; 157
288; 356; 1; 2; 165
256; 378; 2; 1; 165
378; 343; 1; 2; 168
328; 328; 1; 2; 169
343; 261; 1; 2; 170
314; 397; 2; 1; 171
381; 361; 2; 1; 191
286; 235; 2; 1; 206
247; 226; 2; 1; 207
377; 355; 2; 1; 227
259; 261; 2; 1; 230
405; 232; 1; 2; 232
397; 311; 2; 1; 235
360; 302; 2; 1; 244
289; 254; 1; 2; 249
328; 329; 2; 1; 257
254; 336; 1; 2; 257
325; 297; 1; 2; 261
304; 404; 1; 2; 269
300; 404; 2; 1; 271
309; 360; 1; 2; 277
362; 257; 1; 2; 286
321; 380; 1; 2; 299
326; 245; 1; 2; 301
400; 243; 1; 2; 307
322; 286; 1; 2; 308
341; 307; 1; 2; 311
235; 307; 1; 2; 317
387; 287; 1; 2; 318
242; 240; 1; 2; 330
401; 320; 2; 1; 342
339; 315; 2; 1; 363
367; 258; 2; 1; 367
276; 233; 2; 1; 368
242; 295; 1; 2; 375
376; 253; 2; 1; 380
398; 402; 2; 1; 407
244; 270; 2; 1; 412
340; 270; 1; 2; 420
276; 367; 2; 1; 433
369; 338; 1; 2; 435
309; 357; 1; 2; 437
386; 270; 2; 1; 437
402; 351; 2; 1; 439
258; 327; 1; 2; 440
237; 358; 1; 2; 441
269; 301; 2; 1; 441
365; 318; 2; 1; 443
294; 366; 1; 2; 458
381; 401; 2; 1; 459
408; 321; 1; 2; 461
350; 304; 1; 2; 476
398; 248; 2; 1; 491
395; 278; 1; 2; 491
375; 368; 1; 2; 503
363; 379; 1; 2; 510
336; 347; 2; 1; 518
275; 348; 1; 2; 535
375; 379; 2; 1; 537
302; 276; 2; 1; 539
261; 233; 2; 1; 549
250; 331; 2; 1; 579
357; 375; 1; 2; 581
297; 307; 1; 2; 582
347; 260; 2; 1; 586
256; 320; 1; 2; 586
356; 294; 2; 1; 587
21
9; 1; 7; 469
17; 1; 4; 818
7; 1; 36; 5630
19; 1; 35; 7251
6; 1; 33; 8606
13; 1; 45; 8842
2; 1; 26; 10010
14; 1; 16; 13738
11; 1; 37; 14359
12; 1; 3; 15712
15; 1; 38; 19992
18; 1; 32; 20258
4; 1; 12; 20740
8; 1; 20; 20951
1; 1; 15; 21701
10; 1; 34; 24324
3; 1; 12; 25087
20; 1; 6; 26242
0; 1; 42; 27665
5; 1; 6; 28155
16; 1; 39; 29266
