**** 496 ****
95
256; 237; 1; 2; 3
273; 277; 2; 1; 7
374; 232; 1; 2; 13
400; 227; 1; 2; 13
287; 232; 2; 1; 23
235; 351; 2; 1; 23
351; 252; 1; 2; 27
292; 346; 1; 2; 28
303; 347; 1; 2; 30
285; 274; 1; 2; 44
342; 391; 2; 1; 48
305; 358; 1; 2; 51
318; 365; 1; 2; 56
297; 295; 1; 2; 65
266; 275; 1; 2; 67
348; 227; 2; 1; 71
263; 260; 2; 1; 75
322; 245; 2; 1; 78
313; 255; 1; 2; 82
351; 406; 2; 1; 84
352; 320; 1; 2; 93
276; 405; 1; 2; 101
246; 356; 2; 1; 111
294; 377; 1; 2; 121
383; 274; 2; 1; 128
249; 292; 1; 2; 133
383; 359; 1; 2; 141
362; 237; 1; 2; 143
251; 354; 2; 1; 152
374; 307; 1; 2; 153
323; 299; 2; 1; 158
247; 393; 2; 1; 160
285; 389; 1; 2; 164
338; 255; 1; 2; 170
386; 269; 2; 1; 171
358; 387; 1; 2; 172
353; 259; 1; 2; 176
286; 371; 1; 2; 185
292; 297; 2; 1; 199
404; 335; 1; 2; 204
291; 296; 1; 2; 205
320; 295; 1; 2; 208
289; 266; 1; 2; 213
309; 295; 1; 2; 214
263; 330; 1; 2; 218
253; 306; 1; 2; 228
362; 341; 1; 2; 231
295; 337; 1; 2; 233
342; 318; 2; 1; 236
341; 288; 2; 1; 239
385; 390; 1; 2; 254
336; 363; 2; 1; 254
352; 343; 2; 1; 266
368; 326; 1; 2; 268
336; 328; 1; 2; 273
378; 407; 1; 2; 273
259; 297; 1; 2; 281
328; 363; 1; 2; 282
406; 372; 2; 1; 309
373; 263; 2; 1; 310
313; 348; 1; 2; 327
376; 242; 1; 2; 334
258; 350; 2; 1; 350
367; 238; 1; 2; 371
317; 393; 2; 1; 374
259; 360; 1; 2; 376
276; 382; 1; 2; 385
291; 274; 2; 1; 385
397; 367; 1; 2; 394
327; 301; 2; 1; 405
382; 344; 2; 1; 423
382; 332; 1; 2; 428
388; 234; 2; 1; 432
256; 279; 2; 1; 452
320; 266; 1; 2; 456
297; 386; 1; 2; 463
406; 311; 1; 2; 468
315; 319; 1; 2; 472
371; 408; 2; 1; 497
311; 394; 2; 1; 533
375; 365; 2; 1; 540
343; 327; 2; 1; 546
399; 406; 2; 1; 550
260; 391; 1; 2; 550
317; 341; 1; 2; 551
365; 397; 2; 1; 552
274; 275; 1; 2; 554
241; 285; 1; 2; 567
254; 360; 1; 2; 569
408; 397; 1; 2; 570
333; 286; 2; 1; 570
350; 311; 1; 2; 572
278; 359; 1; 2; 572
348; 295; 1; 2; 581
237; 241; 1; 2; 585
21
7; 1; 46; 326
19; 1; 23; 3977
15; 1; 16; 4176
6; 1; 44; 6741
12; 1; 32; 10976
1; 1; 22; 12339
9; 1; 44; 12832
13; 1; 32; 14733
3; 1; 38; 16613
4; 1; 37; 17218
5; 1; 25; 18171
20; 1; 32; 19954
10; 1; 23; 22175
18; 1; 27; 22528
17; 1; 37; 23168
14; 1; 9; 23384
2; 1; 31; 26899
11; 1; 15; 28572
0; 1; 24; 29031
8; 1; 47; 29336
16; 1; 19; 30327
