**** 497 ****
95
397; 265; 1; 2; 6
347; 371; 2; 1; 17
295; 234; 2; 1; 18
229; 286; 1; 2; 21
344; 329; 1; 2; 25
339; 367; 1; 2; 27
251; 242; 1; 2; 46
286; 300; 2; 1; 47
236; 306; 2; 1; 48
366; 295; 1; 2; 48
240; 390; 1; 2; 52
352; 375; 2; 1; 57
228; 244; 1; 2; 57
258; 302; 1; 2; 66
322; 392; 1; 2; 72
318; 330; 1; 2; 73
344; 387; 1; 2; 87
390; 339; 1; 2; 87
308; 295; 2; 1; 91
290; 292; 1; 2; 97
307; 288; 1; 2; 98
264; 280; 2; 1; 103
347; 254; 1; 2; 104
278; 274; 1; 2; 108
355; 401; 2; 1; 126
396; 268; 1; 2; 129
278; 282; 2; 1; 135
347; 342; 2; 1; 136
293; 343; 1; 2; 141
286; 374; 2; 1; 148
250; 403; 1; 2; 155
331; 399; 2; 1; 164
301; 323; 2; 1; 171
237; 392; 1; 2; 174
339; 231; 2; 1; 202
298; 270; 2; 1; 204
407; 232; 1; 2; 218
404; 279; 1; 2; 220
341; 301; 1; 2; 225
257; 299; 1; 2; 230
293; 268; 2; 1; 236
269; 323; 2; 1; 238
227; 398; 1; 2; 246
253; 274; 1; 2; 261
245; 234; 1; 2; 265
307; 275; 1; 2; 276
377; 321; 1; 2; 284
361; 306; 1; 2; 294
297; 358; 2; 1; 301
235; 351; 1; 2; 302
261; 296; 2; 1; 311
295; 400; 2; 1; 313
347; 369; 2; 1; 317
325; 351; 2; 1; 318
370; 299; 2; 1; 320
336; 382; 2; 1; 321
284; 388; 1; 2; 328
246; 389; 1; 2; 332
334; 370; 1; 2; 334
351; 392; 1; 2; 336
256; 301; 1; 2; 339
275; 271; 1; 2; 343
388; 357; 1; 2; 354
342; 238; 1; 2; 371
288; 367; 1; 2; 380
330; 394; 1; 2; 381
319; 356; 2; 1; 386
374; 329; 2; 1; 392
325; 297; 1; 2; 406
392; 226; 1; 2; 411
229; 351; 2; 1; 438
326; 345; 2; 1; 438
229; 337; 1; 2; 440
330; 378; 2; 1; 441
344; 385; 1; 2; 467
266; 374; 1; 2; 471
260; 334; 2; 1; 484
305; 406; 1; 2; 486
388; 371; 2; 1; 488
318; 331; 1; 2; 498
379; 354; 2; 1; 499
359; 332; 2; 1; 506
228; 310; 1; 2; 509
324; 253; 2; 1; 512
338; 367; 2; 1; 516
256; 232; 1; 2; 517
346; 249; 1; 2; 519
340; 283; 2; 1; 520
290; 390; 2; 1; 551
320; 405; 1; 2; 552
306; 283; 1; 2; 553
364; 264; 1; 2; 569
397; 314; 2; 1; 571
261; 234; 1; 2; 574
317; 327; 1; 2; 595
21
11; 1; 44; 1348
13; 1; 42; 2162
15; 1; 22; 7779
9; 1; 37; 8001
3; 1; 41; 8670
1; 1; 2; 9187
2; 1; 7; 10707
6; 1; 4; 11696
19; 1; 36; 12535
12; 1; 4; 12846
17; 1; 11; 15940
5; 1; 7; 16522
8; 1; 37; 16683
18; 1; 8; 18285
7; 1; 2; 19246
4; 1; 46; 19941
10; 1; 36; 23939
0; 1; 12; 25740
16; 1; 15; 28370
20; 1; 21; 29050
14; 1; 22; 29305
