**** 498 ****
95
281; 369; 2; 1; 0
281; 379; 1; 2; 12
372; 352; 2; 1; 16
233; 336; 1; 2; 20
357; 349; 2; 1; 20
377; 270; 2; 1; 22
407; 348; 1; 2; 22
315; 253; 2; 1; 34
255; 391; 2; 1; 43
276; 251; 2; 1; 56
313; 392; 2; 1; 82
401; 361; 1; 2; 94
367; 240; 2; 1; 106
298; 237; 1; 2; 106
272; 306; 1; 2; 107
276; 238; 1; 2; 110
396; 393; 1; 2; 118
309; 319; 1; 2; 120
366; 345; 2; 1; 127
383; 343; 1; 2; 132
266; 275; 1; 2; 145
324; 384; 2; 1; 153
289; 287; 2; 1; 158
408; 242; 2; 1; 163
328; 262; 1; 2; 164
233; 259; 2; 1; 175
345; 350; 1; 2; 175
378; 243; 2; 1; 177
339; 267; 2; 1; 181
302; 255; 1; 2; 193
238; 246; 1; 2; 199
230; 256; 1; 2; 200
374; 319; 1; 2; 202
317; 351; 2; 1; 203
364; 303; 2; 1; 216
280; 353; 1; 2; 219
300; 346; 1; 2; 230
313; 322; 1; 2; 234
231; 350; 2; 1; 245
273; 320; 1; 2; 256
369; 355; 2; 1; 263
402; 237; 1; 2; 267
399; 245; 2; 1; 268
249; 349; 2; 1; 275
359; 251; 2; 1; 279
399; 359; 2; 1; 280
227; 390; 1; 2; 298
377; 396; 2; 1; 300
274; 263; 1; 2; 303
369; 323; 1; 2; 311
318; 326; 1; 2; 312
380; 319; 2; 1; 334
297; 346; 1; 2; 341
249; 368; 2; 1; 353
353; 402; 2; 1; 356
264; 257; 1; 2; 361
333; 338; 1; 2; 367
353; 306; 1; 2; 381
251; 265; 1; 2; 382
298; 227; 2; 1; 390
380; 230; 1; 2; 393
367; 322; 1; 2; 398
371; 238; 2; 1; 407
301; 391; 2; 1; 423
305; 302; 1; 2; 423
385; 316; 2; 1; 429
366; 379; 2; 1; 437
314; 254; 1; 2; 441
404; 353; 2; 1; 451
248; 390; 2; 1; 467
408; 293; 2; 1; 486
350; 247; 1; 2; 487
326; 348; 2; 1; 489
346; 320; 2; 1; 496
409; 364; 1; 2; 498
248; 238; 1; 2; 512
297; 379; 1; 2; 521
376; 266; 2; 1; 527
356; 322; 2; 1; 529
267; 240; 1; 2; 530
398; 244; 1; 2; 531
361; 306; 1; 2; 533
313; 233; 2; 1; 537
270; 362; 2; 1; 540
270; 379; 1; 2; 541
355; 234; 1; 2; 542
243; 403; 2; 1; 544
253; 348; 1; 2; 555
268; 385; 2; 1; 557
292; 340; 2; 1; 557
297; 227; 1; 2; 564
326; 350; 1; 2; 569
310; 394; 1; 2; 572
302; 309; 1; 2; 576
344; 288; 2; 1; 580
21
19; 1; 36; 831
0; 1; 43; 2486
2; 1; 38; 5297
17; 1; 24; 5956
7; 1; 27; 7211
9; 1; 17; 9792
15; 1; 49; 11388
5; 1; 9; 11439
10; 1; 19; 12498
14; 1; 23; 12567
13; 1; 11; 14131
18; 1; 14; 14381
20; 1; 10; 15129
3; 1; 6; 15579
8; 1; 3; 17688
4; 1; 43; 22708
12; 1; 8; 23006
16; 1; 36; 24180
6; 1; 3; 24598
11; 1; 1; 29576
1; 1; 24; 29966
