**** 499 ****
95
294; 234; 1; 2; 11
330; 347; 2; 1; 29
347; 340; 1; 2; 41
323; 372; 2; 1; 44
322; 339; 2; 1; 64
332; 286; 2; 1; 78
243; 277; 1; 2; 102
242; 364; 2; 1; 128
359; 312; 2; 1; 137
355; 249; 1; 2; 150
340; 397; 1; 2; 153
355; 317; 1; 2; 165
242; 389; 2; 1; 167
266; 233; 1; 2; 169
294; 299; 2; 1; 178
351; 367; 1; 2; 184
320; 408; 2; 1; 187
281; 308; 2; 1; 198
319; 379; 1; 2; 203
367; 274; 1; 2; 203
373; 409; 1; 2; 205
367; 313; 1; 2; 212
371; 284; 2; 1; 216
335; 230; 2; 1; 218
367; 240; 2; 1; 221
396; 253; 1; 2; 222
314; 308; 2; 1; 232
279; 251; 2; 1; 239
322; 383; 2; 1; 243
400; 374; 1; 2; 246
276; 390; 2; 1; 257
321; 258; 2; 1; 258
249; 376; 2; 1; 288
236; 378; 1; 2; 289
352; 340; 1; 2; 302
284; 302; 1; 2; 303
343; 240; 1; 2; 307
365; 241; 1; 2; 312
339; 267; 2; 1; 317
323; 252; 1; 2; 318
267; 331; 1; 2; 330
287; 372; 1; 2; 333
352; 364; 2; 1; 339
274; 326; 1; 2; 340
235; 318; 1; 2; 347
312; 339; 1; 2; 351
336; 295; 2; 1; 367
407; 389; 1; 2; 368
307; 354; 2; 1; 379
301; 314; 2; 1; 381
226; 254; 2; 1; 381
312; 287; 1; 2; 381
298; 271; 1; 2; 397
384; 311; 1; 2; 408
374; 251; 1; 2; 409
401; 388; 1; 2; 409
259; 312; 1; 2; 410
237; 382; 1; 2; 410
304; 284; 2; 1; 415
258; 238; 1; 2; 418
338; 377; 2; 1; 420
241; 390; 1; 2; 423
246; 238; 1; 2; 430
394; 331; 2; 1; 432
252; 349; 2; 1; 433
242; 259; 2; 1; 443
255; 364; 2; 1; 451
233; 368; 1; 2; 453
330; 397; 2; 1; 455
278; 265; 1; 2; 457
354; 336; 1; 2; 471
318; 310; 1; 2; 473
338; 245; 1; 2; 477
398; 358; 2; 1; 479
364; 399; 1; 2; 481
362; 334; 2; 1; 486
371; 317; 2; 1; 487
341; 378; 1; 2; 489
300; 300; 2; 1; 489
239; 395; 1; 2; 493
248; 275; 1; 2; 502
326; 351; 1; 2; 506
330; 330; 1; 2; 509
282; 365; 2; 1; 510
290; 390; 2; 1; 516
255; 318; 1; 2; 517
339; 393; 1; 2; 519
280; 362; 1; 2; 524
400; 319; 1; 2; 527
283; 375; 1; 2; 539
378; 299; 1; 2; 549
390; 409; 1; 2; 559
337; 391; 1; 2; 575
326; 390; 1; 2; 585
278; 351; 1; 2; 586
21
16; 1; 48; 289
17; 1; 39; 1858
7; 1; 30; 1973
12; 1; 34; 2008
13; 1; 20; 2618
8; 1; 24; 4515
18; 1; 42; 5157
14; 1; 31; 6581
20; 1; 17; 7351
11; 1; 32; 9447
1; 1; 9; 9650
19; 1; 30; 10223
5; 1; 23; 11576
9; 1; 2; 15565
6; 1; 47; 20003
3; 1; 14; 20406
10; 1; 13; 23486
0; 1; 25; 24781
4; 1; 43; 24844
15; 1; 7; 26421
2; 1; 40; 26510
