**** 5 ****
50
10; 7; 2; 1; 2
26; 37; 2; 1; 2
26; 39; 1; 2; 3
43; 33; 2; 1; 3
11; 17; 2; 1; 5
43; 43; 1; 2; 6
21; 45; 2; 1; 10
15; 1; 1; 2; 10
5; 1; 2; 1; 14
14; 4; 1; 2; 16
41; 12; 1; 2; 17
6; 36; 2; 1; 18
6; 42; 2; 1; 18
33; 28; 1; 2; 19
8; 47; 1; 2; 23
20; 5; 1; 2; 27
28; 37; 1; 2; 27
23; 5; 1; 2; 28
21; 10; 1; 2; 30
49; 7; 2; 1; 31
19; 26; 1; 2; 41
20; 38; 1; 2; 42
7; 44; 2; 1; 44
28; 45; 2; 1; 45
31; 17; 2; 1; 47
44; 14; 2; 1; 47
27; 12; 1; 2; 48
10; 14; 1; 2; 57
31; 18; 2; 1; 60
47; 9; 2; 1; 61
22; 7; 2; 1; 62
1; 43; 2; 1; 67
15; 26; 2; 1; 67
6; 1; 1; 2; 71
47; 26; 1; 2; 72
25; 9; 1; 2; 74
35; 48; 1; 2; 76
24; 17; 1; 2; 78
37; 6; 2; 1; 81
46; 5; 1; 2; 83
13; 5; 1; 2; 85
7; 47; 2; 1; 85
49; 42; 1; 2; 86
31; 41; 2; 1; 87
36; 7; 2; 1; 89
20; 20; 2; 1; 92
26; 32; 2; 1; 98
8; 1; 2; 1; 98
10; 46; 2; 1; 101
17; 37; 1; 2; 103
12
8; 1; 15; 194
5; 1; 33; 552
0; 1; 42; 601
10; 1; 26; 669
3; 1; 16; 816
6; 1; 16; 864
1; 1; 16; 917
9; 1; 49; 959
4; 1; 15; 1025
2; 1; 33; 1052
11; 1; 9; 1103
7; 1; 27; 1204
