**** 50 ****
54
36; 36; 2; 1; 1
60; 27; 2; 1; 2
24; 50; 2; 1; 2
42; 70; 2; 1; 2
43; 36; 1; 2; 5
44; 80; 1; 2; 7
56; 74; 2; 1; 9
62; 47; 2; 1; 9
64; 24; 1; 2; 16
27; 59; 2; 1; 17
45; 27; 2; 1; 17
50; 64; 2; 1; 18
47; 75; 2; 1; 22
49; 25; 1; 2; 32
64; 69; 2; 1; 36
78; 35; 1; 2; 38
70; 38; 1; 2; 39
36; 31; 2; 1; 40
34; 78; 2; 1; 42
49; 29; 1; 2; 47
41; 22; 1; 2; 49
54; 51; 2; 1; 50
39; 25; 2; 1; 57
63; 77; 2; 1; 61
34; 52; 2; 1; 62
41; 40; 1; 2; 64
24; 77; 2; 1; 64
63; 65; 1; 2; 65
58; 41; 2; 1; 67
72; 26; 1; 2; 71
44; 29; 1; 2; 75
29; 43; 2; 1; 88
69; 76; 1; 2; 89
81; 44; 1; 2; 90
52; 33; 1; 2; 92
36; 75; 2; 1; 96
77; 28; 2; 1; 100
81; 37; 2; 1; 101
34; 52; 1; 2; 104
44; 49; 1; 2; 105
56; 77; 2; 1; 110
45; 22; 1; 2; 112
55; 35; 2; 1; 113
25; 58; 1; 2; 116
26; 76; 2; 1; 117
52; 47; 2; 1; 120
30; 47; 2; 1; 123
51; 39; 2; 1; 126
29; 45; 2; 1; 134
43; 76; 2; 1; 135
22; 77; 1; 2; 136
72; 55; 1; 2; 137
22; 36; 1; 2; 141
66; 68; 1; 2; 145
13
3; 1; 35; 35
11; 1; 30; 132
12; 1; 12; 172
7; 1; 33; 422
9; 1; 44; 722
0; 1; 28; 797
10; 1; 23; 1051
5; 1; 45; 1197
1; 1; 20; 1900
2; 1; 19; 2286
6; 1; 41; 2418
4; 1; 36; 2499
8; 1; 3; 2570
