**** 500 ****
95
326; 260; 2; 1; 53
318; 281; 1; 2; 53
346; 343; 1; 2; 56
262; 343; 1; 2; 60
409; 239; 2; 1; 69
396; 288; 2; 1; 71
389; 257; 2; 1; 94
370; 293; 1; 2; 103
286; 276; 1; 2; 105
334; 341; 2; 1; 123
324; 377; 2; 1; 134
265; 328; 2; 1; 137
248; 353; 1; 2; 142
324; 374; 2; 1; 142
353; 296; 2; 1; 142
368; 381; 1; 2; 143
272; 358; 1; 2; 149
397; 322; 2; 1; 159
291; 320; 2; 1; 161
361; 270; 1; 2; 163
232; 347; 2; 1; 163
280; 240; 2; 1; 169
258; 231; 1; 2; 172
397; 345; 2; 1; 174
232; 277; 1; 2; 177
326; 306; 2; 1; 179
258; 256; 1; 2; 181
266; 299; 1; 2; 192
380; 344; 2; 1; 195
318; 257; 2; 1; 203
275; 366; 1; 2; 205
285; 276; 2; 1; 206
379; 336; 2; 1; 208
310; 324; 1; 2; 213
364; 237; 2; 1; 219
391; 272; 2; 1; 232
398; 382; 1; 2; 240
321; 404; 1; 2; 244
395; 331; 2; 1; 253
404; 231; 1; 2; 263
227; 266; 1; 2; 263
268; 257; 2; 1; 271
369; 275; 1; 2; 278
344; 254; 1; 2; 282
403; 301; 2; 1; 287
342; 265; 2; 1; 288
349; 266; 1; 2; 295
379; 404; 2; 1; 299
321; 341; 1; 2; 300
375; 308; 2; 1; 303
250; 278; 1; 2; 305
301; 350; 2; 1; 306
285; 331; 2; 1; 309
255; 387; 1; 2; 310
274; 247; 1; 2; 323
401; 262; 2; 1; 328
403; 402; 1; 2; 329
244; 382; 2; 1; 339
366; 344; 2; 1; 343
345; 284; 1; 2; 346
323; 375; 1; 2; 354
406; 407; 1; 2; 356
306; 255; 1; 2; 358
256; 388; 1; 2; 363
353; 365; 1; 2; 368
380; 315; 2; 1; 377
335; 396; 2; 1; 382
322; 264; 2; 1; 396
287; 337; 2; 1; 404
279; 255; 1; 2; 407
325; 318; 2; 1; 410
251; 352; 1; 2; 410
289; 393; 1; 2; 417
402; 386; 1; 2; 427
274; 389; 1; 2; 435
248; 355; 2; 1; 435
339; 390; 2; 1; 439
291; 262; 1; 2; 444
328; 301; 1; 2; 444
238; 354; 1; 2; 445
395; 258; 2; 1; 446
330; 395; 2; 1; 464
269; 376; 1; 2; 469
300; 276; 2; 1; 490
275; 333; 2; 1; 504
391; 381; 1; 2; 525
244; 228; 1; 2; 526
372; 274; 1; 2; 537
239; 342; 1; 2; 540
250; 241; 2; 1; 563
267; 245; 2; 1; 566
324; 287; 2; 1; 577
312; 253; 2; 1; 581
300; 375; 1; 2; 583
397; 300; 2; 1; 585
21
16; 1; 18; 1115
2; 1; 42; 4050
3; 1; 25; 4105
5; 1; 35; 4145
11; 1; 33; 4794
13; 1; 34; 8170
18; 1; 7; 8650
12; 1; 32; 9554
8; 1; 45; 9956
6; 1; 47; 11418
19; 1; 4; 12669
14; 1; 4; 15093
10; 1; 34; 16148
4; 1; 18; 16344
15; 1; 30; 18862
1; 1; 18; 20339
0; 1; 13; 21459
17; 1; 13; 22755
20; 1; 10; 27642
9; 1; 44; 28822
7; 1; 38; 29067
