**** 501 ****
95
402; 358; 1; 2; 23
375; 306; 2; 1; 25
341; 282; 1; 2; 29
406; 330; 1; 2; 36
353; 327; 2; 1; 49
250; 287; 2; 1; 49
385; 371; 2; 1; 51
282; 305; 2; 1; 56
262; 260; 2; 1; 58
313; 285; 2; 1; 61
247; 266; 1; 2; 68
262; 297; 2; 1; 69
293; 396; 2; 1; 70
329; 348; 2; 1; 81
286; 331; 1; 2; 94
381; 287; 2; 1; 95
305; 321; 1; 2; 96
248; 402; 2; 1; 98
337; 315; 2; 1; 103
308; 246; 1; 2; 109
348; 252; 2; 1; 112
389; 274; 1; 2; 113
321; 373; 2; 1; 115
235; 255; 1; 2; 120
348; 287; 2; 1; 129
260; 269; 1; 2; 144
389; 366; 2; 1; 144
256; 249; 1; 2; 157
350; 384; 2; 1; 170
320; 321; 2; 1; 176
391; 395; 2; 1; 180
347; 372; 2; 1; 184
375; 249; 1; 2; 193
310; 255; 1; 2; 198
322; 366; 1; 2; 210
381; 291; 2; 1; 215
232; 343; 2; 1; 224
312; 254; 2; 1; 233
238; 300; 1; 2; 237
269; 319; 1; 2; 240
282; 359; 1; 2; 243
328; 409; 1; 2; 249
267; 372; 1; 2; 249
239; 386; 2; 1; 251
303; 245; 2; 1; 255
385; 336; 1; 2; 259
238; 304; 2; 1; 269
373; 307; 2; 1; 287
233; 371; 2; 1; 291
229; 248; 1; 2; 313
384; 294; 1; 2; 313
265; 404; 2; 1; 347
359; 353; 1; 2; 349
406; 330; 1; 2; 356
240; 302; 2; 1; 373
404; 293; 1; 2; 374
349; 247; 2; 1; 386
262; 293; 1; 2; 387
404; 260; 2; 1; 390
309; 300; 1; 2; 406
378; 383; 2; 1; 416
380; 385; 2; 1; 423
251; 368; 2; 1; 437
241; 369; 1; 2; 443
317; 233; 1; 2; 445
400; 295; 2; 1; 449
257; 276; 1; 2; 457
236; 289; 2; 1; 459
315; 354; 2; 1; 466
393; 271; 1; 2; 469
270; 289; 2; 1; 483
232; 265; 1; 2; 487
409; 253; 2; 1; 492
311; 387; 2; 1; 499
391; 232; 1; 2; 509
342; 238; 2; 1; 512
405; 289; 1; 2; 518
350; 237; 1; 2; 519
334; 310; 1; 2; 523
409; 238; 2; 1; 524
289; 329; 1; 2; 525
232; 244; 2; 1; 527
408; 318; 1; 2; 529
290; 258; 1; 2; 531
329; 408; 2; 1; 533
369; 313; 1; 2; 536
342; 314; 1; 2; 537
333; 252; 2; 1; 550
396; 279; 2; 1; 555
233; 292; 2; 1; 556
259; 352; 1; 2; 557
308; 378; 2; 1; 568
265; 368; 2; 1; 580
342; 328; 2; 1; 583
273; 298; 2; 1; 597
21
16; 1; 22; 571
17; 1; 33; 1239
3; 1; 43; 2624
14; 1; 7; 6310
20; 1; 8; 6443
6; 1; 26; 9308
2; 1; 49; 9787
12; 1; 5; 11316
11; 1; 8; 13825
15; 1; 1; 14093
10; 1; 41; 15085
9; 1; 1; 17315
1; 1; 9; 17481
13; 1; 2; 20438
7; 1; 31; 20764
5; 1; 36; 21328
0; 1; 36; 21591
8; 1; 3; 22909
18; 1; 23; 23515
19; 1; 1; 23819
4; 1; 40; 25573
