**** 502 ****
95
300; 386; 1; 2; 12
325; 406; 1; 2; 15
342; 252; 1; 2; 16
322; 289; 1; 2; 18
395; 248; 2; 1; 24
239; 371; 2; 1; 29
285; 399; 1; 2; 41
272; 395; 2; 1; 59
282; 389; 1; 2; 67
361; 288; 2; 1; 95
337; 399; 1; 2; 97
261; 379; 2; 1; 100
407; 336; 2; 1; 120
385; 391; 2; 1; 123
325; 320; 1; 2; 129
243; 400; 2; 1; 139
257; 276; 1; 2; 142
305; 294; 1; 2; 143
321; 325; 1; 2; 145
265; 374; 1; 2; 146
348; 319; 1; 2; 147
408; 297; 1; 2; 147
367; 405; 2; 1; 153
383; 231; 2; 1; 154
295; 355; 1; 2; 158
377; 285; 1; 2; 170
271; 402; 2; 1; 173
253; 403; 1; 2; 173
336; 406; 2; 1; 174
355; 369; 1; 2; 181
247; 342; 1; 2; 202
328; 388; 2; 1; 207
277; 344; 2; 1; 223
300; 281; 1; 2; 225
238; 324; 2; 1; 232
374; 368; 1; 2; 235
322; 317; 1; 2; 249
400; 397; 1; 2; 251
335; 314; 2; 1; 257
314; 251; 1; 2; 259
255; 311; 2; 1; 264
290; 285; 2; 1; 278
305; 311; 1; 2; 299
248; 347; 1; 2; 302
334; 328; 2; 1; 302
330; 372; 2; 1; 306
382; 286; 1; 2; 308
333; 272; 1; 2; 311
346; 335; 1; 2; 311
289; 240; 2; 1; 311
254; 344; 2; 1; 317
401; 382; 2; 1; 319
402; 337; 1; 2; 323
327; 409; 2; 1; 330
311; 330; 2; 1; 330
403; 252; 2; 1; 335
298; 338; 2; 1; 340
396; 341; 2; 1; 340
331; 317; 1; 2; 347
261; 394; 2; 1; 347
336; 285; 1; 2; 353
251; 393; 1; 2; 355
278; 251; 1; 2; 363
404; 323; 2; 1; 372
240; 398; 1; 2; 374
360; 369; 2; 1; 384
355; 284; 2; 1; 385
237; 354; 2; 1; 402
289; 247; 2; 1; 410
233; 312; 1; 2; 411
325; 283; 2; 1; 418
389; 322; 1; 2; 420
298; 256; 2; 1; 441
275; 310; 1; 2; 445
257; 359; 1; 2; 446
235; 350; 2; 1; 481
258; 289; 1; 2; 484
337; 310; 1; 2; 489
317; 400; 2; 1; 499
233; 297; 2; 1; 500
310; 309; 2; 1; 508
346; 293; 2; 1; 524
297; 318; 2; 1; 529
324; 268; 2; 1; 547
409; 312; 1; 2; 547
228; 392; 1; 2; 551
385; 373; 1; 2; 559
344; 328; 1; 2; 565
241; 229; 2; 1; 584
305; 377; 2; 1; 587
363; 328; 1; 2; 590
335; 357; 2; 1; 593
242; 331; 1; 2; 595
334; 371; 1; 2; 599
241; 234; 1; 2; 599
21
6; 1; 30; 288
19; 1; 29; 986
15; 1; 25; 3630
3; 1; 29; 5097
4; 1; 49; 6552
5; 1; 45; 6932
7; 1; 8; 8257
12; 1; 17; 9149
2; 1; 29; 9637
13; 1; 32; 9688
18; 1; 28; 10549
14; 1; 15; 10596
8; 1; 42; 11849
16; 1; 3; 12859
9; 1; 34; 13938
10; 1; 12; 17970
11; 1; 42; 19124
1; 1; 21; 23076
20; 1; 40; 24556
17; 1; 5; 25204
0; 1; 9; 25920
