**** 503 ****
95
292; 327; 1; 2; 0
377; 355; 2; 1; 0
283; 335; 2; 1; 4
241; 286; 1; 2; 6
341; 290; 1; 2; 19
322; 228; 2; 1; 20
334; 320; 2; 1; 26
308; 385; 2; 1; 29
352; 332; 1; 2; 35
368; 363; 1; 2; 36
300; 264; 2; 1; 36
249; 376; 1; 2; 43
396; 396; 2; 1; 43
235; 248; 2; 1; 48
272; 294; 2; 1; 52
310; 301; 1; 2; 52
238; 391; 2; 1; 73
393; 267; 1; 2; 76
251; 337; 1; 2; 81
306; 251; 1; 2; 90
326; 242; 2; 1; 94
229; 388; 2; 1; 96
248; 283; 2; 1; 108
272; 252; 1; 2; 109
325; 296; 1; 2; 110
268; 400; 1; 2; 112
261; 392; 1; 2; 121
236; 396; 1; 2; 123
250; 315; 2; 1; 127
318; 380; 2; 1; 130
399; 270; 1; 2; 134
270; 409; 1; 2; 144
406; 233; 1; 2; 167
266; 361; 1; 2; 168
253; 345; 1; 2; 178
261; 400; 1; 2; 185
343; 335; 2; 1; 190
373; 266; 1; 2; 197
360; 292; 2; 1; 200
272; 317; 2; 1; 202
335; 310; 1; 2; 209
257; 370; 1; 2; 211
343; 264; 1; 2; 219
264; 304; 2; 1; 221
385; 398; 1; 2; 235
258; 242; 2; 1; 255
376; 312; 1; 2; 258
354; 330; 1; 2; 264
409; 247; 1; 2; 276
248; 342; 1; 2; 281
286; 238; 1; 2; 286
327; 335; 2; 1; 288
321; 402; 1; 2; 294
323; 315; 1; 2; 314
281; 263; 1; 2; 314
272; 354; 1; 2; 315
403; 358; 1; 2; 322
325; 246; 1; 2; 349
343; 314; 2; 1; 350
254; 324; 2; 1; 361
228; 238; 1; 2; 361
361; 346; 2; 1; 364
312; 246; 2; 1; 371
373; 334; 2; 1; 380
393; 303; 1; 2; 381
375; 338; 2; 1; 384
337; 291; 1; 2; 405
378; 332; 2; 1; 409
380; 243; 1; 2; 413
347; 243; 1; 2; 425
276; 403; 2; 1; 431
405; 377; 1; 2; 442
306; 362; 2; 1; 442
332; 388; 2; 1; 445
236; 358; 2; 1; 446
366; 239; 1; 2; 447
340; 368; 1; 2; 471
254; 299; 2; 1; 474
237; 297; 1; 2; 479
397; 321; 1; 2; 487
295; 299; 1; 2; 489
335; 377; 1; 2; 501
321; 235; 1; 2; 502
320; 235; 1; 2; 504
262; 335; 2; 1; 519
330; 245; 1; 2; 522
266; 396; 1; 2; 528
389; 287; 1; 2; 551
408; 341; 1; 2; 551
278; 281; 2; 1; 556
390; 259; 1; 2; 562
282; 394; 2; 1; 562
246; 324; 2; 1; 565
258; 292; 2; 1; 566
313; 262; 1; 2; 570
21
15; 1; 45; 11
10; 1; 48; 189
20; 1; 39; 1398
2; 1; 39; 1551
9; 1; 31; 2813
7; 1; 47; 4881
6; 1; 27; 8204
11; 1; 7; 8407
1; 1; 38; 13274
5; 1; 2; 13326
4; 1; 5; 13367
17; 1; 27; 14875
8; 1; 22; 16690
18; 1; 43; 17059
19; 1; 32; 20777
0; 1; 31; 21293
14; 1; 43; 23542
16; 1; 24; 25061
3; 1; 19; 25643
13; 1; 34; 26072
12; 1; 34; 28331
