**** 504 ****
95
371; 268; 2; 1; 6
392; 390; 2; 1; 14
235; 395; 1; 2; 21
247; 357; 1; 2; 27
393; 322; 1; 2; 27
270; 306; 2; 1; 29
387; 316; 1; 2; 45
260; 320; 1; 2; 45
228; 270; 2; 1; 51
306; 298; 2; 1; 53
284; 241; 1; 2; 54
285; 358; 1; 2; 55
306; 379; 1; 2; 59
382; 338; 1; 2; 69
354; 254; 1; 2; 73
368; 325; 1; 2; 81
342; 393; 1; 2; 99
360; 288; 2; 1; 106
378; 285; 1; 2; 108
321; 361; 2; 1; 113
241; 303; 1; 2; 128
237; 365; 1; 2; 135
382; 263; 2; 1; 142
314; 273; 1; 2; 153
388; 291; 2; 1; 155
285; 295; 1; 2; 161
332; 246; 2; 1; 165
317; 383; 1; 2; 166
317; 383; 1; 2; 170
400; 322; 2; 1; 177
353; 368; 1; 2; 178
316; 246; 1; 2; 181
256; 367; 2; 1; 184
288; 375; 2; 1; 184
338; 277; 1; 2; 186
300; 299; 2; 1; 187
362; 362; 2; 1; 198
330; 365; 2; 1; 199
290; 232; 2; 1; 206
269; 271; 1; 2; 207
294; 307; 2; 1; 208
290; 287; 1; 2; 208
256; 409; 1; 2; 215
359; 261; 1; 2; 226
296; 322; 2; 1; 232
241; 328; 2; 1; 254
383; 287; 2; 1; 261
367; 253; 1; 2; 270
266; 399; 2; 1; 271
249; 238; 2; 1; 277
302; 339; 1; 2; 278
309; 353; 2; 1; 279
365; 260; 2; 1; 283
376; 345; 1; 2; 288
264; 278; 2; 1; 292
301; 257; 1; 2; 293
409; 277; 2; 1; 302
306; 247; 2; 1; 320
321; 308; 1; 2; 324
349; 250; 1; 2; 330
227; 380; 2; 1; 347
398; 345; 2; 1; 354
245; 227; 2; 1; 356
307; 401; 2; 1; 366
366; 343; 2; 1; 382
318; 405; 1; 2; 403
291; 370; 2; 1; 408
270; 300; 2; 1; 413
344; 339; 1; 2; 427
408; 267; 1; 2; 431
383; 311; 2; 1; 460
343; 325; 2; 1; 463
343; 308; 2; 1; 472
300; 322; 1; 2; 473
292; 389; 2; 1; 476
408; 377; 1; 2; 491
267; 318; 2; 1; 495
244; 349; 2; 1; 496
337; 298; 2; 1; 496
382; 259; 2; 1; 497
374; 364; 2; 1; 508
384; 346; 1; 2; 512
318; 393; 2; 1; 532
401; 406; 1; 2; 532
399; 407; 1; 2; 539
398; 265; 1; 2; 550
306; 228; 1; 2; 568
273; 307; 2; 1; 577
397; 287; 2; 1; 583
382; 318; 2; 1; 586
337; 330; 2; 1; 589
307; 250; 1; 2; 591
325; 390; 2; 1; 594
393; 400; 1; 2; 596
313; 332; 2; 1; 599
21
20; 1; 43; 134
18; 1; 9; 796
11; 1; 12; 1569
14; 1; 49; 4102
7; 1; 33; 4283
6; 1; 22; 5142
2; 1; 4; 5186
9; 1; 31; 6539
17; 1; 6; 6957
1; 1; 23; 7023
12; 1; 19; 8346
13; 1; 20; 11522
16; 1; 17; 13480
8; 1; 47; 14099
3; 1; 31; 19700
0; 1; 20; 23793
19; 1; 42; 27137
4; 1; 41; 28023
10; 1; 18; 28576
15; 1; 31; 29260
5; 1; 5; 29846
