**** 505 ****
95
390; 393; 2; 1; 4
318; 288; 2; 1; 5
332; 277; 2; 1; 6
329; 318; 1; 2; 11
393; 379; 2; 1; 23
376; 288; 1; 2; 26
373; 331; 1; 2; 27
328; 404; 2; 1; 30
268; 268; 1; 2; 32
266; 244; 1; 2; 38
303; 230; 2; 1; 52
398; 246; 1; 2; 53
354; 313; 1; 2; 70
288; 331; 2; 1; 74
323; 351; 1; 2; 80
304; 320; 1; 2; 83
356; 385; 2; 1; 84
290; 248; 1; 2; 87
376; 405; 2; 1; 94
307; 335; 1; 2; 97
272; 327; 1; 2; 107
290; 267; 1; 2; 111
365; 311; 1; 2; 132
349; 368; 2; 1; 137
274; 264; 1; 2; 152
381; 331; 1; 2; 157
407; 373; 2; 1; 165
257; 300; 1; 2; 169
299; 270; 2; 1; 169
296; 400; 1; 2; 173
392; 237; 2; 1; 182
254; 243; 1; 2; 193
345; 262; 2; 1; 199
290; 311; 2; 1; 213
243; 370; 1; 2; 215
390; 280; 1; 2; 215
357; 320; 1; 2; 219
268; 261; 2; 1; 219
330; 353; 2; 1; 222
376; 256; 1; 2; 244
359; 283; 2; 1; 246
350; 320; 2; 1; 246
279; 300; 2; 1; 247
294; 300; 1; 2; 247
403; 304; 2; 1; 250
320; 298; 1; 2; 252
324; 257; 2; 1; 272
300; 274; 1; 2; 285
354; 320; 2; 1; 290
385; 253; 2; 1; 313
232; 227; 2; 1; 320
311; 284; 1; 2; 325
407; 290; 2; 1; 326
233; 367; 1; 2; 328
403; 228; 2; 1; 335
373; 302; 2; 1; 339
232; 232; 2; 1; 339
246; 289; 1; 2; 347
324; 298; 2; 1; 357
344; 400; 2; 1; 363
239; 264; 1; 2; 386
396; 326; 1; 2; 389
293; 373; 1; 2; 391
268; 343; 1; 2; 392
265; 341; 1; 2; 399
257; 313; 1; 2; 402
278; 237; 2; 1; 405
352; 382; 2; 1; 406
364; 343; 1; 2; 411
371; 391; 1; 2; 414
230; 256; 1; 2; 419
236; 274; 2; 1; 430
393; 405; 2; 1; 439
323; 397; 1; 2; 445
372; 349; 1; 2; 450
363; 294; 2; 1; 461
236; 245; 2; 1; 465
298; 393; 1; 2; 467
281; 330; 2; 1; 475
324; 283; 1; 2; 488
353; 342; 2; 1; 498
301; 255; 2; 1; 498
348; 397; 1; 2; 499
399; 270; 1; 2; 501
393; 316; 2; 1; 503
291; 233; 2; 1; 514
258; 296; 2; 1; 523
250; 283; 1; 2; 531
320; 237; 2; 1; 539
334; 404; 2; 1; 551
256; 349; 1; 2; 564
384; 232; 1; 2; 566
227; 352; 2; 1; 566
408; 286; 1; 2; 574
243; 231; 1; 2; 587
21
5; 1; 4; 1435
18; 1; 19; 3098
14; 1; 39; 3317
4; 1; 13; 4043
16; 1; 46; 5146
9; 1; 17; 7138
8; 1; 36; 7365
10; 1; 26; 7737
11; 1; 39; 15647
15; 1; 3; 16321
0; 1; 43; 16853
13; 1; 47; 16928
19; 1; 32; 17612
7; 1; 25; 21640
17; 1; 27; 22293
6; 1; 28; 22569
3; 1; 44; 23886
2; 1; 43; 25827
12; 1; 47; 26414
20; 1; 25; 26595
1; 1; 8; 27037
