**** 506 ****
96
366; 314; 1; 2; 12
357; 408; 1; 2; 14
403; 284; 2; 1; 18
236; 286; 1; 2; 19
260; 396; 2; 1; 26
237; 412; 2; 1; 27
316; 401; 2; 1; 37
348; 261; 1; 2; 48
308; 306; 1; 2; 60
362; 271; 2; 1; 66
241; 313; 1; 2; 73
242; 349; 2; 1; 89
241; 407; 2; 1; 92
345; 405; 2; 1; 92
266; 261; 1; 2; 94
393; 401; 2; 1; 102
360; 256; 2; 1; 109
340; 257; 2; 1; 113
413; 334; 1; 2; 116
280; 253; 1; 2; 120
309; 308; 2; 1; 143
305; 297; 1; 2; 147
371; 249; 2; 1; 153
381; 379; 1; 2; 155
388; 363; 1; 2; 162
337; 341; 2; 1; 163
299; 249; 1; 2; 164
239; 293; 2; 1; 185
368; 297; 2; 1; 196
272; 319; 2; 1; 197
313; 381; 2; 1; 212
237; 345; 1; 2; 213
292; 407; 1; 2; 214
288; 299; 2; 1; 219
365; 383; 2; 1; 248
365; 342; 2; 1; 248
237; 278; 2; 1; 251
410; 412; 2; 1; 252
350; 262; 2; 1; 279
361; 376; 1; 2; 285
285; 325; 1; 2; 292
402; 399; 2; 1; 298
252; 238; 2; 1; 302
344; 292; 2; 1; 303
371; 232; 2; 1; 307
266; 251; 1; 2; 315
303; 285; 2; 1; 322
365; 298; 2; 1; 328
249; 306; 1; 2; 337
344; 376; 2; 1; 362
415; 393; 2; 1; 364
289; 271; 1; 2; 365
303; 414; 1; 2; 376
305; 319; 1; 2; 378
337; 242; 1; 2; 385
400; 303; 2; 1; 387
302; 286; 1; 2; 395
370; 270; 2; 1; 398
290; 394; 1; 2; 401
361; 389; 2; 1; 401
238; 309; 1; 2; 404
294; 281; 1; 2; 407
371; 317; 1; 2; 410
339; 268; 2; 1; 414
287; 326; 1; 2; 423
232; 320; 2; 1; 424
246; 341; 1; 2; 429
295; 276; 1; 2; 429
328; 304; 2; 1; 429
414; 285; 2; 1; 430
360; 272; 2; 1; 438
245; 275; 2; 1; 440
317; 324; 2; 1; 445
320; 289; 1; 2; 446
368; 353; 1; 2; 452
412; 412; 1; 2; 455
281; 412; 1; 2; 458
333; 308; 2; 1; 486
246; 407; 2; 1; 489
392; 396; 2; 1; 490
347; 399; 2; 1; 497
330; 326; 2; 1; 499
325; 350; 2; 1; 511
234; 255; 1; 2; 519
326; 306; 1; 2; 520
330; 256; 1; 2; 525
383; 386; 2; 1; 532
260; 355; 2; 1; 534
269; 329; 1; 2; 538
316; 287; 1; 2; 541
416; 266; 1; 2; 544
260; 383; 1; 2; 554
361; 326; 2; 1; 558
372; 360; 1; 2; 565
236; 333; 2; 1; 594
242; 314; 2; 1; 597
22
12; 1; 25; 1654
20; 1; 43; 2760
13; 1; 26; 4955
2; 1; 22; 5233
5; 1; 25; 5280
21; 1; 37; 7261
7; 1; 8; 8296
11; 1; 29; 8724
8; 1; 16; 8817
18; 1; 25; 9456
0; 1; 7; 9648
6; 1; 3; 9666
19; 1; 41; 10278
15; 1; 39; 11686
17; 1; 48; 14019
10; 1; 9; 15504
4; 1; 48; 16427
16; 1; 27; 18759
14; 1; 12; 21648
9; 1; 21; 23443
1; 1; 23; 25975
3; 1; 20; 30404
