**** 507 ****
96
322; 314; 2; 1; 1
280; 276; 1; 2; 1
251; 362; 1; 2; 12
244; 277; 1; 2; 37
401; 303; 2; 1; 37
236; 357; 1; 2; 38
256; 371; 1; 2; 46
411; 335; 2; 1; 49
237; 291; 2; 1; 56
357; 308; 2; 1; 56
243; 361; 1; 2; 61
233; 357; 1; 2; 64
398; 408; 2; 1; 65
314; 266; 2; 1; 66
292; 286; 2; 1; 68
282; 333; 1; 2; 73
329; 381; 2; 1; 73
290; 232; 2; 1; 81
247; 313; 1; 2; 83
397; 371; 2; 1; 84
296; 370; 2; 1; 88
373; 403; 2; 1; 91
368; 264; 2; 1; 99
285; 255; 2; 1; 110
251; 323; 1; 2; 114
385; 298; 1; 2; 132
325; 346; 1; 2; 133
233; 240; 2; 1; 134
274; 252; 1; 2; 148
266; 329; 1; 2; 149
275; 398; 1; 2; 151
312; 241; 1; 2; 160
257; 300; 1; 2; 166
371; 327; 1; 2; 170
350; 385; 2; 1; 172
395; 367; 1; 2; 182
241; 407; 1; 2; 200
323; 336; 2; 1; 220
399; 392; 1; 2; 228
374; 318; 2; 1; 229
291; 260; 2; 1; 230
295; 362; 1; 2; 233
355; 377; 1; 2; 236
286; 243; 2; 1; 240
303; 244; 2; 1; 242
335; 371; 1; 2; 258
358; 352; 1; 2; 266
235; 356; 1; 2; 274
397; 370; 2; 1; 275
354; 415; 1; 2; 275
371; 388; 1; 2; 308
361; 391; 1; 2; 311
264; 331; 1; 2; 331
334; 283; 2; 1; 332
246; 372; 2; 1; 337
242; 380; 1; 2; 350
302; 334; 2; 1; 363
333; 284; 1; 2; 365
384; 326; 1; 2; 388
306; 299; 2; 1; 392
261; 409; 2; 1; 396
323; 396; 1; 2; 401
387; 372; 1; 2; 407
314; 231; 2; 1; 416
360; 401; 1; 2; 422
259; 403; 2; 1; 423
304; 407; 2; 1; 435
237; 276; 2; 1; 436
276; 242; 2; 1; 447
390; 247; 2; 1; 449
307; 257; 1; 2; 462
293; 383; 1; 2; 465
407; 258; 2; 1; 479
380; 231; 1; 2; 481
326; 353; 1; 2; 483
317; 410; 1; 2; 493
353; 255; 2; 1; 501
245; 395; 2; 1; 504
304; 309; 1; 2; 507
399; 404; 2; 1; 517
244; 263; 2; 1; 519
417; 280; 1; 2; 522
251; 285; 2; 1; 522
406; 314; 2; 1; 527
362; 328; 2; 1; 528
270; 251; 1; 2; 528
390; 334; 1; 2; 535
322; 273; 2; 1; 545
340; 255; 1; 2; 548
319; 330; 1; 2; 548
243; 248; 2; 1; 549
242; 237; 2; 1; 551
357; 267; 1; 2; 556
337; 372; 1; 2; 557
271; 380; 2; 1; 575
333; 364; 2; 1; 576
22
3; 1; 15; 2231
21; 1; 2; 2703
10; 1; 9; 3870
15; 1; 32; 7514
1; 1; 2; 9664
7; 1; 7; 12418
16; 1; 25; 13687
19; 1; 13; 13800
6; 1; 27; 15770
20; 1; 17; 16401
17; 1; 13; 18089
4; 1; 37; 19057
12; 1; 21; 19095
13; 1; 17; 20411
18; 1; 4; 20558
14; 1; 29; 21027
2; 1; 44; 22157
5; 1; 4; 23999
0; 1; 14; 24184
11; 1; 35; 25166
9; 1; 6; 28477
8; 1; 15; 30104
