**** 508 ****
96
335; 279; 2; 1; 1
346; 261; 1; 2; 2
282; 331; 2; 1; 11
406; 359; 1; 2; 14
297; 267; 1; 2; 16
359; 372; 2; 1; 17
289; 247; 1; 2; 38
297; 340; 1; 2; 42
309; 305; 2; 1; 43
366; 278; 2; 1; 45
319; 337; 2; 1; 55
387; 332; 2; 1; 57
236; 279; 2; 1; 60
307; 258; 1; 2; 60
371; 374; 1; 2; 66
276; 416; 1; 2; 66
243; 351; 1; 2; 97
308; 386; 2; 1; 102
342; 315; 2; 1; 107
295; 358; 2; 1; 107
376; 253; 2; 1; 140
363; 260; 1; 2; 142
323; 263; 2; 1; 142
334; 321; 2; 1; 152
335; 412; 1; 2; 155
309; 352; 2; 1; 156
294; 340; 1; 2; 157
237; 370; 2; 1; 159
409; 290; 2; 1; 169
298; 314; 1; 2; 182
329; 275; 1; 2; 184
356; 248; 2; 1; 189
240; 378; 1; 2; 195
375; 233; 1; 2; 199
282; 362; 1; 2; 201
306; 247; 1; 2; 211
358; 381; 1; 2; 216
240; 234; 1; 2; 228
361; 307; 2; 1; 232
360; 281; 2; 1; 244
382; 330; 2; 1; 250
265; 415; 2; 1; 256
274; 254; 2; 1; 262
362; 298; 1; 2; 269
318; 304; 2; 1; 280
405; 375; 1; 2; 283
287; 258; 2; 1; 296
294; 297; 2; 1; 299
280; 245; 1; 2; 304
332; 392; 1; 2; 305
410; 348; 2; 1; 318
254; 349; 1; 2; 329
406; 330; 1; 2; 330
391; 372; 1; 2; 331
343; 305; 2; 1; 333
237; 305; 1; 2; 335
374; 388; 1; 2; 338
348; 322; 1; 2; 338
274; 267; 2; 1; 340
396; 302; 2; 1; 343
368; 365; 2; 1; 344
410; 322; 1; 2; 361
331; 313; 1; 2; 364
243; 255; 2; 1; 384
247; 409; 1; 2; 395
344; 288; 1; 2; 400
375; 300; 1; 2; 411
260; 298; 2; 1; 416
245; 296; 2; 1; 417
396; 340; 1; 2; 427
236; 354; 1; 2; 431
338; 354; 2; 1; 435
315; 408; 2; 1; 437
327; 416; 1; 2; 449
341; 317; 2; 1; 469
408; 310; 1; 2; 478
303; 293; 1; 2; 482
337; 248; 2; 1; 485
408; 297; 1; 2; 487
362; 324; 1; 2; 503
255; 307; 1; 2; 507
381; 386; 2; 1; 507
300; 243; 1; 2; 530
295; 328; 1; 2; 540
408; 298; 2; 1; 547
361; 370; 2; 1; 556
287; 248; 2; 1; 556
282; 326; 2; 1; 557
388; 314; 1; 2; 563
290; 315; 2; 1; 563
390; 358; 1; 2; 580
308; 283; 2; 1; 585
348; 353; 1; 2; 587
385; 399; 2; 1; 596
377; 362; 2; 1; 596
289; 245; 2; 1; 597
22
16; 1; 49; 1262
19; 1; 4; 2474
6; 1; 39; 2619
3; 1; 19; 5773
5; 1; 15; 6476
4; 1; 45; 9385
9; 1; 1; 9813
1; 1; 41; 10998
12; 1; 7; 11044
11; 1; 18; 13110
10; 1; 9; 13286
7; 1; 42; 18393
14; 1; 22; 18451
2; 1; 36; 22144
17; 1; 38; 24323
13; 1; 12; 25673
21; 1; 19; 27158
15; 1; 11; 27910
18; 1; 36; 29014
8; 1; 13; 29456
0; 1; 17; 30349
20; 1; 10; 31208
