**** 509 ****
96
239; 392; 1; 2; 2
392; 255; 2; 1; 19
368; 324; 2; 1; 22
351; 255; 1; 2; 30
339; 388; 1; 2; 38
345; 241; 2; 1; 51
280; 317; 1; 2; 54
290; 291; 2; 1; 61
266; 260; 1; 2; 61
305; 408; 2; 1; 67
371; 307; 2; 1; 73
333; 276; 1; 2; 86
356; 403; 1; 2; 86
261; 341; 2; 1; 96
353; 319; 1; 2; 97
406; 404; 2; 1; 100
405; 258; 1; 2; 115
289; 406; 1; 2; 116
357; 410; 2; 1; 119
298; 344; 1; 2; 126
327; 334; 1; 2; 131
327; 409; 2; 1; 146
319; 396; 1; 2; 151
330; 359; 2; 1; 160
241; 327; 2; 1; 161
253; 273; 2; 1; 163
345; 250; 2; 1; 173
243; 314; 2; 1; 188
301; 324; 1; 2; 197
351; 302; 2; 1; 205
405; 403; 1; 2; 207
343; 242; 1; 2; 221
414; 350; 1; 2; 238
240; 313; 2; 1; 250
252; 277; 2; 1; 256
347; 353; 2; 1; 260
332; 233; 2; 1; 261
328; 295; 1; 2; 264
245; 270; 2; 1; 265
348; 339; 2; 1; 266
252; 326; 1; 2; 267
400; 276; 2; 1; 286
383; 281; 1; 2; 289
236; 271; 1; 2; 300
379; 351; 1; 2; 310
376; 293; 1; 2; 311
248; 326; 2; 1; 311
297; 404; 2; 1; 312
305; 307; 1; 2; 324
303; 264; 1; 2; 329
296; 256; 1; 2; 343
359; 384; 1; 2; 347
245; 365; 2; 1; 354
410; 243; 2; 1; 354
276; 268; 2; 1; 358
355; 278; 2; 1; 359
253; 365; 2; 1; 362
414; 262; 1; 2; 364
318; 327; 2; 1; 365
406; 335; 1; 2; 373
250; 299; 2; 1; 373
330; 408; 2; 1; 380
383; 249; 1; 2; 384
380; 363; 1; 2; 385
367; 353; 1; 2; 392
310; 393; 2; 1; 413
280; 327; 2; 1; 423
265; 239; 1; 2; 425
310; 307; 2; 1; 439
414; 286; 2; 1; 449
389; 270; 2; 1; 453
324; 354; 1; 2; 459
310; 335; 2; 1; 469
349; 351; 1; 2; 469
329; 274; 2; 1; 473
244; 369; 1; 2; 480
390; 304; 2; 1; 481
330; 353; 1; 2; 483
255; 395; 2; 1; 491
375; 284; 2; 1; 493
398; 335; 2; 1; 506
385; 310; 2; 1; 514
327; 354; 2; 1; 528
403; 350; 2; 1; 533
276; 335; 2; 1; 534
360; 231; 2; 1; 536
353; 250; 1; 2; 536
390; 247; 2; 1; 570
302; 329; 2; 1; 572
251; 243; 1; 2; 577
373; 306; 1; 2; 584
345; 312; 1; 2; 590
261; 311; 2; 1; 591
281; 321; 1; 2; 595
380; 365; 2; 1; 596
285; 402; 1; 2; 600
22
13; 1; 6; 462
18; 1; 6; 2088
15; 1; 29; 2841
5; 1; 24; 5182
17; 1; 34; 5559
14; 1; 49; 9246
4; 1; 16; 11107
3; 1; 9; 11245
1; 1; 28; 13918
19; 1; 22; 13969
16; 1; 15; 15917
21; 1; 48; 17502
7; 1; 15; 18446
0; 1; 20; 19292
10; 1; 5; 19817
20; 1; 3; 23305
9; 1; 34; 26448
12; 1; 1; 27723
2; 1; 42; 28128
8; 1; 40; 30403
6; 1; 32; 31008
11; 1; 37; 31373
