**** 51 ****
54
67; 73; 2; 1; 5
61; 66; 2; 1; 5
81; 65; 1; 2; 6
21; 59; 2; 1; 13
25; 41; 2; 1; 25
34; 46; 1; 2; 34
56; 66; 1; 2; 35
34; 61; 1; 2; 37
53; 58; 1; 2; 38
31; 23; 1; 2; 40
29; 77; 1; 2; 40
49; 78; 2; 1; 44
55; 57; 2; 1; 44
42; 28; 1; 2; 46
22; 80; 2; 1; 50
77; 21; 2; 1; 58
30; 72; 1; 2; 59
37; 74; 1; 2; 59
81; 25; 2; 1; 69
80; 23; 1; 2; 69
62; 30; 2; 1; 71
79; 36; 2; 1; 72
68; 79; 1; 2; 72
55; 35; 1; 2; 79
38; 28; 1; 2; 82
76; 30; 1; 2; 84
48; 36; 2; 1; 88
28; 44; 1; 2; 91
50; 61; 1; 2; 92
77; 34; 2; 1; 92
28; 72; 1; 2; 97
26; 76; 1; 2; 99
31; 27; 2; 1; 106
31; 72; 2; 1; 106
64; 76; 1; 2; 107
35; 35; 2; 1; 108
57; 81; 1; 2; 117
61; 76; 2; 1; 117
46; 73; 2; 1; 124
29; 44; 1; 2; 125
65; 50; 2; 1; 126
43; 25; 1; 2; 128
75; 25; 2; 1; 129
80; 33; 2; 1; 131
27; 78; 2; 1; 131
30; 26; 2; 1; 131
58; 55; 1; 2; 131
73; 80; 2; 1; 131
35; 74; 1; 2; 137
29; 69; 1; 2; 138
70; 63; 2; 1; 145
58; 45; 1; 2; 147
32; 65; 2; 1; 148
45; 51; 1; 2; 149
13
4; 1; 18; 88
9; 1; 31; 255
7; 1; 28; 433
11; 1; 43; 503
2; 1; 27; 695
1; 1; 22; 796
8; 1; 17; 851
3; 1; 28; 1212
0; 1; 40; 1832
5; 1; 38; 1874
6; 1; 37; 1949
12; 1; 46; 1994
10; 1; 2; 2351
