**** 510 ****
96
291; 313; 1; 2; 0
275; 247; 2; 1; 11
330; 305; 2; 1; 17
269; 244; 2; 1; 23
388; 417; 2; 1; 26
311; 232; 2; 1; 28
251; 405; 1; 2; 29
262; 348; 2; 1; 37
269; 372; 1; 2; 51
334; 284; 2; 1; 60
390; 360; 2; 1; 60
411; 286; 1; 2; 61
347; 306; 2; 1; 63
384; 396; 2; 1; 70
402; 244; 1; 2; 78
385; 337; 2; 1; 79
359; 407; 2; 1; 84
373; 237; 2; 1; 85
361; 271; 1; 2; 87
252; 335; 1; 2; 102
328; 378; 2; 1; 109
417; 236; 2; 1; 120
241; 251; 1; 2; 143
405; 300; 2; 1; 146
250; 247; 2; 1; 148
417; 328; 2; 1; 156
387; 356; 1; 2; 162
342; 415; 2; 1; 170
342; 318; 2; 1; 176
414; 323; 2; 1; 181
363; 252; 1; 2; 194
321; 323; 1; 2; 202
408; 335; 1; 2; 207
338; 323; 1; 2; 213
283; 247; 1; 2; 213
326; 314; 2; 1; 217
297; 405; 1; 2; 218
277; 405; 2; 1; 221
249; 401; 1; 2; 223
255; 332; 2; 1; 225
264; 358; 1; 2; 227
374; 232; 2; 1; 228
358; 242; 2; 1; 228
315; 371; 1; 2; 230
413; 246; 1; 2; 236
266; 403; 2; 1; 237
320; 372; 1; 2; 247
240; 369; 1; 2; 265
320; 287; 2; 1; 278
366; 343; 1; 2; 279
400; 282; 2; 1; 296
307; 387; 1; 2; 297
267; 366; 1; 2; 309
235; 320; 1; 2; 310
306; 383; 1; 2; 323
393; 232; 2; 1; 325
242; 267; 2; 1; 348
315; 343; 1; 2; 356
403; 331; 2; 1; 359
291; 237; 1; 2; 361
396; 342; 1; 2; 361
318; 415; 2; 1; 372
373; 343; 2; 1; 373
363; 338; 1; 2; 380
399; 360; 1; 2; 380
330; 351; 1; 2; 389
236; 339; 2; 1; 393
326; 328; 1; 2; 403
328; 411; 1; 2; 405
389; 284; 2; 1; 407
364; 339; 2; 1; 425
382; 344; 2; 1; 438
236; 272; 1; 2; 441
338; 365; 1; 2; 466
336; 257; 1; 2; 469
270; 281; 1; 2; 472
385; 231; 2; 1; 473
326; 405; 1; 2; 474
332; 286; 2; 1; 477
372; 323; 2; 1; 478
401; 275; 2; 1; 481
305; 327; 1; 2; 495
402; 303; 2; 1; 512
333; 284; 1; 2; 522
232; 383; 2; 1; 523
387; 231; 1; 2; 526
392; 367; 1; 2; 529
313; 301; 2; 1; 535
317; 392; 1; 2; 537
380; 371; 2; 1; 544
363; 236; 2; 1; 552
304; 353; 2; 1; 561
278; 236; 1; 2; 587
346; 353; 2; 1; 594
295; 275; 1; 2; 603
276; 231; 2; 1; 607
22
0; 1; 4; 3587
10; 1; 21; 6314
3; 1; 9; 6976
19; 1; 33; 7090
15; 1; 39; 7555
17; 1; 17; 7815
4; 1; 24; 7933
16; 1; 6; 11676
5; 1; 37; 16130
12; 1; 19; 16961
18; 1; 44; 17007
2; 1; 25; 18068
13; 1; 17; 21059
14; 1; 5; 22773
1; 1; 31; 24084
21; 1; 24; 24319
7; 1; 11; 24845
8; 1; 20; 25180
11; 1; 13; 27345
6; 1; 29; 27611
9; 1; 25; 30268
20; 1; 25; 31265
