**** 511 ****
96
308; 377; 1; 2; 1
335; 237; 1; 2; 10
340; 322; 1; 2; 29
413; 325; 2; 1; 46
365; 395; 2; 1; 50
407; 250; 1; 2; 58
250; 300; 1; 2; 67
392; 281; 1; 2; 68
275; 250; 1; 2; 72
282; 281; 2; 1; 73
273; 331; 1; 2; 84
351; 251; 1; 2; 89
315; 243; 1; 2; 102
375; 382; 1; 2; 102
237; 381; 1; 2; 106
270; 248; 2; 1; 109
342; 302; 2; 1; 122
285; 292; 2; 1; 125
260; 407; 1; 2; 129
372; 302; 2; 1; 133
301; 232; 1; 2; 140
280; 290; 2; 1; 143
413; 368; 1; 2; 170
328; 306; 2; 1; 172
305; 249; 2; 1; 172
330; 332; 1; 2; 177
382; 297; 2; 1; 185
394; 392; 2; 1; 187
282; 316; 2; 1; 203
329; 312; 2; 1; 203
380; 391; 2; 1; 204
327; 398; 2; 1; 243
337; 339; 1; 2; 244
287; 245; 2; 1; 253
410; 256; 2; 1; 255
327; 332; 1; 2; 256
389; 276; 2; 1; 256
254; 385; 1; 2; 261
337; 316; 2; 1; 263
398; 406; 2; 1; 279
376; 416; 1; 2; 280
246; 236; 1; 2; 283
266; 237; 2; 1; 284
338; 243; 1; 2; 293
372; 388; 2; 1; 306
348; 324; 1; 2; 307
237; 361; 2; 1; 309
363; 326; 2; 1; 314
290; 417; 1; 2; 315
370; 403; 1; 2; 320
286; 268; 2; 1; 338
388; 360; 1; 2; 348
306; 244; 2; 1; 356
395; 323; 2; 1; 356
258; 358; 2; 1; 359
237; 397; 2; 1; 368
285; 402; 2; 1; 373
334; 292; 1; 2; 379
379; 238; 2; 1; 380
371; 314; 1; 2; 381
326; 413; 2; 1; 383
376; 246; 1; 2; 389
362; 385; 1; 2; 401
264; 298; 1; 2; 413
255; 394; 1; 2; 413
366; 235; 2; 1; 414
323; 413; 2; 1; 420
355; 249; 2; 1; 439
399; 269; 1; 2; 439
370; 271; 2; 1; 459
287; 347; 1; 2; 460
257; 304; 1; 2; 468
370; 235; 1; 2; 472
299; 348; 2; 1; 475
360; 368; 1; 2; 477
325; 239; 1; 2; 500
249; 368; 2; 1; 510
288; 367; 1; 2; 513
357; 306; 2; 1; 514
248; 304; 2; 1; 517
358; 362; 1; 2; 518
319; 397; 1; 2; 520
234; 313; 1; 2; 535
308; 253; 1; 2; 539
336; 324; 2; 1; 546
353; 323; 1; 2; 549
380; 401; 2; 1; 554
386; 240; 1; 2; 556
231; 281; 1; 2; 562
310; 237; 2; 1; 567
251; 335; 2; 1; 573
381; 410; 1; 2; 582
336; 416; 1; 2; 584
401; 369; 2; 1; 591
272; 379; 1; 2; 592
364; 385; 1; 2; 594
22
12; 1; 45; 372
2; 1; 15; 1657
17; 1; 34; 1698
21; 1; 46; 1864
0; 1; 10; 3043
6; 1; 36; 3089
20; 1; 26; 7061
15; 1; 35; 7733
13; 1; 36; 8264
1; 1; 24; 13600
10; 1; 33; 14627
7; 1; 35; 17398
4; 1; 36; 17645
16; 1; 47; 19583
19; 1; 48; 19641
11; 1; 9; 24082
14; 1; 16; 24904
3; 1; 22; 25456
8; 1; 46; 25497
5; 1; 28; 26241
18; 1; 5; 28554
9; 1; 47; 30909
