**** 512 ****
96
281; 328; 1; 2; 17
314; 328; 2; 1; 21
291; 270; 1; 2; 23
359; 364; 2; 1; 23
369; 395; 2; 1; 24
327; 238; 1; 2; 52
356; 292; 2; 1; 55
283; 303; 2; 1; 73
330; 314; 1; 2; 85
407; 359; 1; 2; 88
394; 273; 2; 1; 92
387; 318; 1; 2; 108
237; 315; 2; 1; 113
249; 364; 2; 1; 118
383; 261; 1; 2; 122
318; 355; 2; 1; 127
271; 334; 2; 1; 127
359; 300; 2; 1; 131
252; 376; 1; 2; 139
378; 277; 1; 2; 139
340; 382; 2; 1; 146
353; 378; 2; 1; 161
246; 305; 2; 1; 163
403; 380; 2; 1; 164
350; 402; 2; 1; 168
368; 408; 2; 1; 171
339; 391; 2; 1; 185
330; 345; 1; 2; 198
394; 394; 1; 2; 202
309; 398; 2; 1; 207
312; 307; 2; 1; 224
402; 273; 2; 1; 232
349; 359; 1; 2; 234
262; 305; 2; 1; 236
406; 414; 1; 2; 238
288; 271; 1; 2; 243
322; 342; 1; 2; 249
277; 382; 2; 1; 257
394; 414; 1; 2; 258
293; 348; 2; 1; 261
272; 354; 1; 2; 263
246; 257; 2; 1; 263
399; 233; 1; 2; 272
247; 410; 1; 2; 275
361; 282; 2; 1; 287
351; 346; 1; 2; 290
366; 377; 2; 1; 298
348; 404; 2; 1; 304
285; 293; 1; 2; 304
322; 359; 1; 2; 305
402; 260; 1; 2; 305
401; 278; 2; 1; 308
406; 290; 1; 2; 309
265; 317; 1; 2; 311
397; 271; 2; 1; 317
396; 249; 2; 1; 318
380; 368; 1; 2; 322
241; 411; 2; 1; 324
388; 258; 1; 2; 327
259; 340; 1; 2; 334
327; 239; 2; 1; 337
349; 356; 2; 1; 342
397; 349; 2; 1; 362
398; 384; 2; 1; 382
271; 260; 2; 1; 384
235; 395; 1; 2; 405
337; 260; 1; 2; 407
252; 240; 2; 1; 408
271; 408; 2; 1; 425
380; 352; 2; 1; 426
240; 278; 2; 1; 428
302; 300; 1; 2; 432
329; 387; 1; 2; 466
406; 268; 1; 2; 476
398; 309; 2; 1; 482
344; 362; 1; 2; 490
286; 366; 1; 2; 496
256; 301; 1; 2; 496
290; 250; 1; 2; 499
275; 283; 1; 2; 508
416; 383; 2; 1; 518
282; 349; 2; 1; 522
382; 343; 1; 2; 526
251; 338; 2; 1; 531
302; 330; 2; 1; 534
350; 326; 2; 1; 539
318; 248; 2; 1; 542
234; 236; 1; 2; 547
258; 258; 2; 1; 548
361; 237; 2; 1; 551
272; 265; 1; 2; 565
288; 367; 1; 2; 597
288; 296; 1; 2; 597
365; 378; 2; 1; 601
263; 256; 2; 1; 602
358; 407; 2; 1; 605
22
7; 1; 15; 1369
3; 1; 3; 1719
2; 1; 12; 2481
5; 1; 21; 4456
21; 1; 3; 5162
20; 1; 9; 5448
17; 1; 3; 6004
11; 1; 16; 6512
13; 1; 49; 9219
14; 1; 25; 9299
1; 1; 38; 10459
8; 1; 29; 12123
6; 1; 35; 12600
15; 1; 16; 14471
19; 1; 14; 15138
0; 1; 9; 19168
12; 1; 17; 19513
16; 1; 37; 19843
18; 1; 15; 21358
4; 1; 15; 22538
9; 1; 47; 23749
10; 1; 4; 27931
