**** 513 ****
96
303; 409; 2; 1; 6
364; 412; 2; 1; 14
274; 234; 1; 2; 15
379; 269; 1; 2; 16
266; 256; 2; 1; 17
260; 285; 2; 1; 17
377; 367; 2; 1; 19
281; 261; 2; 1; 22
377; 351; 1; 2; 22
377; 306; 2; 1; 23
320; 332; 2; 1; 27
377; 275; 2; 1; 33
394; 293; 2; 1; 36
321; 263; 1; 2; 41
333; 403; 1; 2; 42
373; 392; 2; 1; 43
351; 248; 2; 1; 45
249; 377; 2; 1; 48
286; 396; 2; 1; 48
369; 266; 2; 1; 56
368; 292; 2; 1; 57
253; 278; 2; 1; 66
329; 300; 1; 2; 70
268; 335; 1; 2; 77
327; 232; 2; 1; 102
381; 348; 2; 1; 106
285; 386; 2; 1; 113
239; 345; 1; 2; 114
335; 370; 2; 1; 119
414; 398; 2; 1; 124
312; 362; 1; 2; 131
352; 259; 1; 2; 138
404; 343; 2; 1; 160
260; 287; 1; 2; 164
251; 292; 1; 2; 165
289; 257; 2; 1; 169
343; 239; 2; 1; 179
415; 416; 1; 2; 187
325; 306; 1; 2; 194
251; 413; 2; 1; 195
299; 338; 1; 2; 202
388; 401; 2; 1; 213
387; 286; 1; 2; 223
248; 322; 1; 2; 238
370; 332; 2; 1; 242
367; 327; 1; 2; 268
342; 308; 1; 2; 270
389; 235; 1; 2; 274
280; 409; 2; 1; 275
296; 406; 2; 1; 278
257; 285; 2; 1; 279
339; 319; 1; 2; 283
345; 377; 2; 1; 294
319; 317; 2; 1; 303
276; 257; 2; 1; 306
345; 270; 2; 1; 315
381; 337; 1; 2; 323
391; 255; 2; 1; 327
376; 250; 1; 2; 334
314; 310; 1; 2; 341
320; 396; 1; 2; 357
335; 314; 1; 2; 361
343; 415; 1; 2; 366
295; 377; 1; 2; 368
290; 276; 2; 1; 372
261; 378; 2; 1; 372
288; 393; 2; 1; 377
360; 360; 2; 1; 378
376; 268; 2; 1; 389
376; 365; 2; 1; 390
299; 303; 1; 2; 406
318; 339; 2; 1; 412
288; 379; 2; 1; 421
359; 256; 1; 2; 435
250; 273; 1; 2; 435
323; 286; 1; 2; 440
361; 330; 2; 1; 450
339; 290; 1; 2; 460
400; 410; 1; 2; 464
262; 391; 2; 1; 465
372; 295; 2; 1; 468
349; 280; 1; 2; 479
388; 305; 1; 2; 527
322; 389; 2; 1; 529
381; 272; 2; 1; 544
335; 232; 1; 2; 545
304; 344; 1; 2; 560
314; 271; 2; 1; 560
284; 340; 2; 1; 561
415; 294; 2; 1; 566
259; 243; 1; 2; 566
317; 356; 2; 1; 571
305; 237; 1; 2; 588
253; 251; 2; 1; 592
392; 272; 1; 2; 607
321; 255; 2; 1; 611
22
7; 1; 29; 4964
20; 1; 49; 5824
4; 1; 39; 7358
1; 1; 1; 7670
11; 1; 6; 8906
17; 1; 6; 9123
19; 1; 5; 12854
10; 1; 4; 14824
3; 1; 9; 15931
21; 1; 47; 15957
6; 1; 42; 16704
12; 1; 32; 18205
18; 1; 42; 20097
16; 1; 1; 20860
5; 1; 34; 23545
2; 1; 23; 24101
14; 1; 24; 26454
15; 1; 24; 27851
8; 1; 37; 28872
9; 1; 28; 29890
0; 1; 20; 30415
13; 1; 30; 31058
