**** 514 ****
96
406; 393; 2; 1; 12
256; 376; 1; 2; 13
340; 261; 2; 1; 24
312; 331; 2; 1; 24
254; 267; 2; 1; 29
270; 366; 2; 1; 30
394; 278; 2; 1; 37
343; 248; 1; 2; 48
331; 252; 2; 1; 51
341; 389; 1; 2; 63
290; 302; 2; 1; 68
341; 377; 1; 2; 69
314; 361; 2; 1; 81
291; 307; 1; 2; 83
272; 246; 1; 2; 88
349; 271; 1; 2; 94
286; 343; 1; 2; 108
397; 231; 1; 2; 113
384; 262; 1; 2; 115
380; 312; 2; 1; 117
248; 355; 2; 1; 126
263; 332; 2; 1; 131
305; 297; 2; 1; 137
306; 376; 1; 2; 139
309; 305; 2; 1; 183
281; 260; 1; 2; 194
342; 416; 1; 2; 196
331; 351; 1; 2; 206
344; 389; 1; 2; 218
345; 385; 2; 1; 219
379; 341; 2; 1; 224
345; 379; 1; 2; 226
243; 402; 1; 2; 233
361; 270; 1; 2; 237
397; 273; 1; 2; 240
334; 303; 1; 2; 241
359; 341; 2; 1; 249
281; 276; 2; 1; 262
313; 299; 2; 1; 263
378; 310; 2; 1; 282
391; 281; 1; 2; 292
271; 294; 2; 1; 304
310; 397; 1; 2; 306
315; 301; 2; 1; 310
331; 290; 2; 1; 313
259; 242; 1; 2; 320
355; 365; 2; 1; 324
263; 286; 1; 2; 325
307; 380; 2; 1; 332
293; 344; 2; 1; 333
266; 396; 1; 2; 356
386; 248; 2; 1; 368
367; 371; 1; 2; 381
407; 308; 2; 1; 383
322; 360; 2; 1; 391
408; 277; 2; 1; 392
356; 352; 1; 2; 397
235; 411; 2; 1; 404
336; 271; 1; 2; 405
389; 374; 1; 2; 419
416; 299; 1; 2; 428
386; 319; 2; 1; 432
282; 233; 1; 2; 433
339; 343; 2; 1; 434
374; 412; 2; 1; 440
391; 336; 1; 2; 453
314; 394; 2; 1; 453
378; 238; 2; 1; 463
317; 346; 1; 2; 463
340; 320; 1; 2; 491
379; 277; 2; 1; 499
306; 295; 2; 1; 503
379; 243; 2; 1; 512
412; 259; 1; 2; 513
401; 408; 2; 1; 515
385; 388; 2; 1; 521
262; 285; 2; 1; 522
297; 408; 2; 1; 537
356; 411; 1; 2; 538
369; 303; 2; 1; 547
289; 236; 2; 1; 548
286; 337; 2; 1; 548
338; 339; 1; 2; 549
321; 383; 2; 1; 549
301; 384; 1; 2; 569
401; 280; 1; 2; 571
403; 284; 1; 2; 584
330; 371; 2; 1; 588
391; 404; 1; 2; 590
364; 323; 1; 2; 593
298; 401; 1; 2; 594
283; 380; 2; 1; 597
321; 377; 2; 1; 599
266; 261; 1; 2; 599
409; 339; 2; 1; 601
321; 405; 2; 1; 611
22
20; 1; 21; 199
0; 1; 8; 1259
16; 1; 16; 4728
21; 1; 12; 5091
1; 1; 15; 5176
19; 1; 12; 13604
14; 1; 28; 15587
17; 1; 43; 16584
18; 1; 39; 16883
9; 1; 9; 17795
2; 1; 47; 19124
10; 1; 47; 21007
5; 1; 36; 21802
13; 1; 39; 22260
12; 1; 15; 23868
4; 1; 41; 25866
15; 1; 48; 26104
3; 1; 22; 26462
11; 1; 29; 26672
7; 1; 15; 27558
6; 1; 24; 28353
8; 1; 27; 29631
