**** 515 ****
96
407; 326; 2; 1; 5
386; 370; 2; 1; 6
339; 265; 2; 1; 23
290; 384; 1; 2; 35
353; 335; 2; 1; 37
320; 347; 2; 1; 41
358; 390; 1; 2; 63
398; 302; 2; 1; 85
330; 289; 2; 1; 89
396; 313; 2; 1; 91
285; 270; 2; 1; 96
417; 364; 2; 1; 100
292; 243; 2; 1; 106
311; 393; 2; 1; 111
339; 309; 1; 2; 114
337; 381; 1; 2; 123
409; 278; 2; 1; 125
379; 412; 1; 2; 132
307; 389; 1; 2; 132
321; 287; 2; 1; 138
299; 348; 2; 1; 153
280; 364; 1; 2; 161
257; 280; 1; 2; 169
291; 256; 2; 1; 169
368; 242; 1; 2; 182
290; 367; 1; 2; 186
363; 345; 1; 2; 189
245; 381; 2; 1; 192
383; 365; 2; 1; 192
345; 382; 1; 2; 201
253; 391; 1; 2; 205
316; 296; 2; 1; 208
251; 372; 2; 1; 228
375; 364; 1; 2; 230
326; 340; 1; 2; 242
238; 341; 1; 2; 257
301; 294; 1; 2; 257
262; 270; 2; 1; 266
380; 280; 2; 1; 275
413; 256; 2; 1; 277
265; 416; 2; 1; 280
268; 299; 2; 1; 280
396; 355; 1; 2; 288
273; 355; 2; 1; 292
282; 347; 1; 2; 293
330; 385; 1; 2; 298
260; 395; 1; 2; 301
406; 393; 2; 1; 307
337; 231; 2; 1; 308
355; 375; 1; 2; 309
241; 321; 1; 2; 312
293; 233; 2; 1; 324
387; 360; 1; 2; 332
361; 378; 2; 1; 334
320; 410; 2; 1; 341
244; 304; 2; 1; 345
256; 235; 2; 1; 355
309; 267; 1; 2; 359
364; 247; 1; 2; 359
406; 281; 2; 1; 362
384; 332; 1; 2; 369
287; 281; 2; 1; 372
400; 347; 2; 1; 378
253; 267; 1; 2; 393
369; 389; 2; 1; 397
332; 243; 2; 1; 401
377; 335; 1; 2; 407
281; 404; 1; 2; 420
410; 274; 2; 1; 431
272; 403; 2; 1; 452
319; 394; 2; 1; 453
380; 363; 1; 2; 454
249; 236; 2; 1; 454
324; 361; 2; 1; 458
301; 382; 1; 2; 462
267; 401; 1; 2; 462
274; 390; 1; 2; 464
244; 380; 2; 1; 484
391; 319; 2; 1; 487
297; 237; 2; 1; 491
287; 320; 1; 2; 506
387; 334; 2; 1; 510
270; 402; 2; 1; 514
389; 382; 1; 2; 523
284; 320; 2; 1; 542
324; 313; 1; 2; 545
386; 361; 1; 2; 548
286; 268; 2; 1; 550
244; 326; 2; 1; 558
361; 376; 2; 1; 563
276; 258; 2; 1; 575
337; 279; 1; 2; 578
383; 258; 2; 1; 593
234; 250; 2; 1; 599
278; 394; 2; 1; 610
265; 293; 2; 1; 613
22
18; 1; 35; 251
2; 1; 1; 1203
12; 1; 26; 1575
0; 1; 24; 1763
15; 1; 36; 1814
20; 1; 27; 3407
5; 1; 4; 5089
19; 1; 49; 7227
9; 1; 34; 7688
3; 1; 45; 10026
11; 1; 16; 11171
6; 1; 45; 11790
4; 1; 23; 12767
16; 1; 36; 13752
1; 1; 2; 13798
8; 1; 33; 15818
21; 1; 45; 22373
10; 1; 10; 26402
17; 1; 22; 26593
7; 1; 42; 28032
14; 1; 16; 28337
13; 1; 42; 30354
