**** 516 ****
96
378; 362; 2; 1; 10
246; 340; 2; 1; 18
282; 384; 1; 2; 27
373; 385; 1; 2; 27
268; 260; 1; 2; 27
401; 288; 1; 2; 38
243; 315; 2; 1; 49
311; 266; 1; 2; 54
413; 362; 1; 2; 67
404; 350; 2; 1; 67
284; 365; 1; 2; 69
415; 291; 2; 1; 75
315; 238; 2; 1; 75
363; 325; 1; 2; 77
300; 281; 1; 2; 80
263; 285; 1; 2; 87
258; 393; 1; 2; 92
293; 372; 2; 1; 107
310; 395; 1; 2; 115
331; 316; 2; 1; 116
328; 303; 2; 1; 127
417; 366; 1; 2; 136
339; 235; 1; 2; 136
240; 409; 2; 1; 139
276; 349; 2; 1; 142
236; 397; 1; 2; 164
340; 353; 1; 2; 169
248; 259; 1; 2; 174
266; 244; 1; 2; 174
368; 339; 2; 1; 178
318; 273; 2; 1; 179
273; 364; 2; 1; 179
310; 304; 2; 1; 182
403; 334; 1; 2; 194
311; 372; 1; 2; 197
367; 403; 1; 2; 229
342; 376; 1; 2; 237
352; 415; 1; 2; 246
413; 405; 1; 2; 254
279; 381; 1; 2; 266
299; 266; 2; 1; 298
252; 416; 2; 1; 319
319; 296; 2; 1; 321
284; 392; 2; 1; 322
253; 374; 2; 1; 327
254; 357; 1; 2; 328
396; 289; 1; 2; 330
241; 301; 1; 2; 334
252; 392; 2; 1; 335
332; 391; 2; 1; 340
263; 361; 1; 2; 352
344; 344; 2; 1; 371
317; 371; 1; 2; 383
348; 245; 1; 2; 390
260; 264; 2; 1; 397
305; 286; 1; 2; 400
412; 260; 1; 2; 401
327; 334; 1; 2; 402
267; 396; 2; 1; 403
389; 251; 1; 2; 406
337; 373; 1; 2; 409
386; 289; 2; 1; 409
283; 312; 1; 2; 414
410; 303; 1; 2; 420
247; 386; 1; 2; 423
248; 296; 1; 2; 423
379; 379; 2; 1; 432
270; 313; 1; 2; 437
317; 339; 2; 1; 445
355; 249; 1; 2; 460
297; 395; 2; 1; 463
325; 322; 1; 2; 464
267; 316; 1; 2; 466
342; 318; 2; 1; 475
319; 305; 1; 2; 479
276; 303; 1; 2; 481
256; 378; 2; 1; 483
351; 322; 1; 2; 485
381; 359; 2; 1; 488
350; 249; 1; 2; 489
272; 328; 1; 2; 498
286; 243; 1; 2; 506
358; 283; 2; 1; 525
344; 262; 1; 2; 526
327; 261; 1; 2; 537
347; 291; 1; 2; 537
244; 334; 2; 1; 544
301; 395; 1; 2; 551
286; 400; 2; 1; 553
284; 396; 1; 2; 557
342; 287; 2; 1; 565
247; 417; 2; 1; 567
241; 244; 2; 1; 570
414; 372; 1; 2; 589
413; 232; 1; 2; 589
294; 391; 1; 2; 600
22
13; 1; 17; 433
20; 1; 49; 1384
7; 1; 36; 4596
16; 1; 46; 4901
17; 1; 23; 9974
21; 1; 4; 11689
14; 1; 13; 12500
10; 1; 34; 12731
5; 1; 45; 15320
19; 1; 38; 17628
4; 1; 46; 19758
8; 1; 4; 20882
12; 1; 22; 21707
0; 1; 31; 22249
9; 1; 10; 22694
6; 1; 2; 23681
2; 1; 6; 24465
1; 1; 47; 26704
15; 1; 19; 28928
3; 1; 47; 29406
11; 1; 22; 30050
18; 1; 49; 30107
