**** 517 ****
97
359; 424; 2; 1; 0
239; 237; 1; 2; 12
369; 377; 1; 2; 20
289; 291; 1; 2; 32
291; 325; 2; 1; 34
244; 251; 1; 2; 36
375; 389; 2; 1; 44
273; 250; 1; 2; 46
239; 293; 2; 1; 49
403; 281; 2; 1; 56
412; 301; 1; 2; 56
386; 277; 2; 1; 61
275; 359; 2; 1; 63
401; 348; 1; 2; 64
273; 366; 2; 1; 65
315; 415; 2; 1; 67
405; 392; 1; 2; 79
361; 284; 1; 2; 82
301; 328; 1; 2; 84
356; 353; 1; 2; 98
402; 275; 1; 2; 99
380; 403; 2; 1; 99
271; 272; 2; 1; 102
297; 242; 2; 1; 105
394; 357; 1; 2; 125
353; 259; 1; 2; 129
366; 336; 2; 1; 132
318; 314; 2; 1; 133
294; 274; 2; 1; 134
277; 297; 1; 2; 136
247; 328; 1; 2; 144
353; 398; 2; 1; 145
280; 244; 2; 1; 147
408; 320; 1; 2; 156
293; 358; 1; 2; 156
381; 302; 1; 2; 165
423; 350; 2; 1; 171
272; 312; 2; 1; 172
405; 323; 1; 2; 173
270; 321; 1; 2; 177
380; 278; 2; 1; 200
239; 292; 2; 1; 205
286; 293; 2; 1; 212
274; 384; 2; 1; 216
301; 389; 2; 1; 217
361; 392; 1; 2; 235
408; 328; 1; 2; 239
266; 358; 1; 2; 239
336; 383; 2; 1; 241
420; 307; 2; 1; 251
246; 269; 2; 1; 255
305; 359; 2; 1; 258
285; 270; 1; 2; 268
350; 303; 2; 1; 272
323; 314; 2; 1; 283
286; 387; 1; 2; 285
361; 405; 2; 1; 294
269; 266; 1; 2; 300
286; 260; 1; 2; 301
276; 328; 2; 1; 317
419; 399; 2; 1; 329
353; 374; 1; 2; 331
268; 266; 1; 2; 356
269; 271; 1; 2; 365
308; 349; 2; 1; 375
320; 266; 2; 1; 383
241; 270; 2; 1; 392
293; 267; 1; 2; 407
393; 312; 2; 1; 419
367; 422; 1; 2; 423
333; 245; 1; 2; 427
372; 274; 2; 1; 436
278; 256; 1; 2; 437
315; 264; 2; 1; 446
370; 245; 1; 2; 465
294; 405; 2; 1; 475
386; 395; 1; 2; 479
378; 237; 2; 1; 487
297; 300; 2; 1; 498
248; 287; 1; 2; 499
366; 370; 2; 1; 499
254; 404; 2; 1; 511
283; 271; 2; 1; 513
389; 284; 2; 1; 516
321; 368; 1; 2; 516
253; 342; 2; 1; 517
403; 280; 1; 2; 537
292; 292; 1; 2; 549
360; 286; 1; 2; 551
376; 326; 2; 1; 563
383; 282; 2; 1; 566
357; 398; 1; 2; 580
306; 329; 2; 1; 586
370; 293; 2; 1; 593
419; 327; 1; 2; 593
394; 350; 1; 2; 603
399; 282; 1; 2; 615
22
17; 1; 33; 2593
1; 1; 33; 3021
16; 1; 31; 3076
18; 1; 45; 4301
20; 1; 45; 5016
13; 1; 17; 5224
10; 1; 5; 6641
8; 1; 49; 9812
12; 1; 38; 14757
5; 1; 20; 16104
2; 1; 26; 16167
21; 1; 8; 16269
19; 1; 30; 16368
14; 1; 43; 18716
11; 1; 25; 19749
9; 1; 18; 20379
0; 1; 14; 23136
4; 1; 8; 23407
3; 1; 16; 28746
6; 1; 8; 31130
15; 1; 22; 31515
7; 1; 25; 32054
