**** 518 ****
97
422; 253; 1; 2; 2
361; 291; 2; 1; 20
362; 271; 2; 1; 22
350; 312; 1; 2; 28
283; 344; 2; 1; 28
419; 265; 2; 1; 31
249; 324; 1; 2; 32
251; 407; 1; 2; 33
368; 348; 1; 2; 36
246; 339; 1; 2; 36
334; 403; 1; 2; 67
254; 394; 2; 1; 77
334; 295; 2; 1; 80
259; 336; 2; 1; 83
353; 342; 1; 2; 87
306; 314; 2; 1; 88
396; 360; 1; 2; 93
375; 266; 2; 1; 95
259; 303; 2; 1; 122
301; 323; 2; 1; 126
345; 423; 1; 2; 132
369; 270; 1; 2; 137
246; 408; 1; 2; 140
370; 387; 2; 1; 143
417; 300; 1; 2; 152
399; 257; 2; 1; 153
410; 420; 1; 2; 156
405; 314; 2; 1; 186
353; 350; 1; 2; 201
294; 276; 1; 2; 204
271; 423; 2; 1; 212
347; 340; 1; 2; 216
286; 286; 1; 2; 219
401; 249; 2; 1; 221
413; 374; 2; 1; 230
256; 388; 2; 1; 233
386; 265; 2; 1; 233
391; 302; 2; 1; 236
361; 330; 2; 1; 243
404; 414; 1; 2; 255
306; 259; 2; 1; 270
287; 366; 1; 2; 274
406; 389; 1; 2; 295
394; 251; 2; 1; 296
361; 396; 1; 2; 300
362; 383; 2; 1; 308
276; 287; 2; 1; 308
338; 360; 1; 2; 313
305; 310; 2; 1; 328
358; 419; 2; 1; 335
293; 340; 1; 2; 337
246; 362; 1; 2; 342
241; 312; 2; 1; 346
260; 269; 1; 2; 352
290; 329; 1; 2; 352
350; 344; 2; 1; 358
252; 253; 1; 2; 363
359; 309; 1; 2; 364
268; 341; 1; 2; 367
371; 250; 2; 1; 369
280; 366; 1; 2; 371
404; 303; 1; 2; 374
308; 373; 2; 1; 380
301; 407; 1; 2; 393
355; 280; 1; 2; 393
356; 321; 1; 2; 401
274; 358; 2; 1; 406
264; 248; 1; 2; 419
283; 365; 2; 1; 421
345; 339; 2; 1; 423
249; 380; 1; 2; 423
317; 361; 2; 1; 430
261; 404; 2; 1; 438
301; 380; 1; 2; 440
281; 324; 1; 2; 440
286; 396; 2; 1; 450
351; 309; 1; 2; 459
303; 318; 2; 1; 464
375; 317; 2; 1; 467
397; 410; 1; 2; 474
332; 285; 1; 2; 478
344; 305; 2; 1; 484
384; 280; 2; 1; 488
325; 342; 1; 2; 500
336; 365; 1; 2; 510
406; 355; 2; 1; 526
367; 285; 1; 2; 542
269; 304; 1; 2; 545
236; 351; 2; 1; 554
353; 394; 2; 1; 560
283; 398; 2; 1; 571
324; 384; 2; 1; 574
384; 242; 1; 2; 583
269; 260; 1; 2; 587
287; 268; 2; 1; 594
381; 263; 2; 1; 596
296; 256; 1; 2; 605
22
9; 1; 10; 2696
11; 1; 41; 3973
14; 1; 49; 5469
20; 1; 2; 5519
6; 1; 31; 9287
5; 1; 14; 11927
18; 1; 16; 13129
8; 1; 47; 17151
7; 1; 45; 17275
15; 1; 3; 17662
17; 1; 28; 17894
12; 1; 17; 19347
0; 1; 31; 19676
21; 1; 40; 23219
10; 1; 32; 24224
16; 1; 9; 25383
4; 1; 46; 26519
19; 1; 34; 26828
1; 1; 23; 27065
2; 1; 21; 29506
3; 1; 34; 30745
13; 1; 2; 32048
