**** 519 ****
97
267; 267; 1; 2; 0
375; 320; 2; 1; 7
255; 293; 2; 1; 9
252; 364; 2; 1; 38
384; 340; 2; 1; 40
417; 329; 1; 2; 44
345; 291; 1; 2; 45
387; 269; 2; 1; 46
425; 398; 1; 2; 50
361; 399; 1; 2; 50
313; 343; 2; 1; 60
278; 271; 1; 2; 61
238; 239; 2; 1; 90
412; 308; 1; 2; 100
361; 321; 2; 1; 101
315; 254; 1; 2; 106
400; 287; 2; 1; 110
341; 304; 2; 1; 111
340; 270; 2; 1; 128
414; 364; 2; 1; 129
383; 331; 2; 1; 130
330; 372; 1; 2; 134
292; 397; 1; 2; 137
425; 423; 1; 2; 137
301; 407; 2; 1; 137
405; 346; 2; 1; 141
327; 344; 1; 2; 143
401; 286; 1; 2; 157
367; 408; 2; 1; 175
239; 395; 2; 1; 176
277; 341; 1; 2; 186
269; 262; 1; 2; 198
393; 381; 2; 1; 198
253; 262; 1; 2; 200
325; 349; 1; 2; 205
425; 318; 1; 2; 209
425; 368; 2; 1; 212
252; 348; 2; 1; 212
299; 316; 1; 2; 215
346; 350; 2; 1; 225
308; 375; 1; 2; 225
397; 352; 2; 1; 234
350; 289; 1; 2; 235
393; 372; 2; 1; 238
262; 351; 1; 2; 246
419; 380; 1; 2; 246
303; 248; 2; 1; 269
353; 407; 2; 1; 277
392; 407; 2; 1; 285
380; 308; 2; 1; 290
269; 349; 2; 1; 293
300; 256; 1; 2; 293
390; 351; 1; 2; 303
397; 412; 1; 2; 311
250; 392; 1; 2; 314
323; 294; 1; 2; 316
258; 281; 2; 1; 318
425; 282; 1; 2; 326
409; 414; 1; 2; 329
304; 252; 1; 2; 332
425; 365; 1; 2; 345
263; 342; 1; 2; 350
271; 360; 1; 2; 362
303; 418; 2; 1; 370
273; 328; 1; 2; 376
382; 324; 1; 2; 379
262; 340; 1; 2; 397
377; 258; 2; 1; 414
274; 316; 1; 2; 415
356; 398; 2; 1; 418
405; 345; 2; 1; 421
346; 358; 2; 1; 424
320; 258; 2; 1; 438
393; 276; 1; 2; 442
424; 270; 1; 2; 451
400; 306; 2; 1; 459
241; 372; 2; 1; 471
279; 299; 2; 1; 471
283; 264; 2; 1; 475
355; 255; 1; 2; 476
351; 302; 1; 2; 495
340; 344; 2; 1; 501
245; 380; 1; 2; 507
282; 391; 1; 2; 508
344; 240; 2; 1; 509
244; 340; 2; 1; 516
390; 423; 2; 1; 519
243; 381; 2; 1; 532
263; 276; 2; 1; 538
365; 251; 2; 1; 544
238; 252; 2; 1; 553
323; 361; 1; 2; 559
328; 363; 2; 1; 573
347; 410; 2; 1; 584
280; 286; 1; 2; 584
311; 290; 1; 2; 608
290; 421; 2; 1; 616
22
16; 1; 34; 1490
2; 1; 22; 2718
17; 1; 45; 5670
12; 1; 16; 7868
20; 1; 44; 8583
14; 1; 26; 9239
8; 1; 40; 9942
5; 1; 9; 10111
15; 1; 40; 11867
3; 1; 40; 16114
11; 1; 49; 17034
21; 1; 33; 17359
18; 1; 36; 17460
19; 1; 5; 17954
10; 1; 34; 18246
13; 1; 21; 19029
0; 1; 37; 22244
4; 1; 44; 23039
1; 1; 2; 23336
6; 1; 17; 23877
9; 1; 24; 26680
7; 1; 41; 31472
