**** 52 ****
54
44; 78; 2; 1; 2
27; 26; 2; 1; 5
69; 29; 1; 2; 6
22; 28; 1; 2; 7
64; 66; 2; 1; 7
53; 55; 2; 1; 8
42; 48; 2; 1; 11
66; 24; 2; 1; 15
32; 27; 1; 2; 16
29; 33; 2; 1; 16
57; 54; 1; 2; 19
65; 65; 1; 2; 25
79; 33; 2; 1; 28
45; 70; 2; 1; 30
51; 50; 1; 2; 31
76; 24; 2; 1; 34
43; 50; 1; 2; 35
37; 21; 1; 2; 37
35; 22; 2; 1; 39
36; 78; 2; 1; 40
42; 60; 1; 2; 44
47; 57; 1; 2; 44
41; 47; 1; 2; 47
54; 24; 1; 2; 51
76; 66; 1; 2; 51
38; 69; 1; 2; 57
32; 38; 2; 1; 59
59; 49; 2; 1; 59
25; 51; 2; 1; 61
48; 62; 2; 1; 66
28; 34; 1; 2; 72
56; 50; 2; 1; 75
56; 45; 2; 1; 93
44; 60; 2; 1; 96
40; 69; 2; 1; 98
76; 73; 2; 1; 99
72; 66; 1; 2; 101
32; 71; 2; 1; 102
60; 27; 2; 1; 104
61; 72; 1; 2; 107
45; 24; 1; 2; 108
46; 44; 1; 2; 117
35; 59; 2; 1; 122
52; 51; 2; 1; 123
30; 53; 1; 2; 129
46; 70; 1; 2; 131
58; 38; 2; 1; 132
81; 21; 1; 2; 133
44; 25; 2; 1; 135
22; 62; 2; 1; 137
56; 44; 1; 2; 139
37; 79; 2; 1; 141
42; 46; 1; 2; 145
28; 45; 1; 2; 145
13
7; 1; 24; 4
9; 1; 24; 267
0; 1; 32; 361
1; 1; 9; 431
4; 1; 4; 677
12; 1; 3; 925
5; 1; 8; 965
3; 1; 18; 1037
10; 1; 21; 1057
11; 1; 10; 1255
2; 1; 15; 1949
8; 1; 9; 2345
6; 1; 40; 2597
