**** 520 ****
97
380; 386; 1; 2; 8
379; 272; 1; 2; 14
298; 339; 1; 2; 18
400; 256; 2; 1; 25
391; 363; 1; 2; 36
279; 239; 2; 1; 40
420; 386; 1; 2; 52
267; 387; 1; 2; 55
349; 272; 1; 2; 71
255; 271; 2; 1; 76
306; 240; 2; 1; 77
361; 299; 2; 1; 93
312; 325; 1; 2; 95
402; 380; 1; 2; 96
242; 376; 1; 2; 96
367; 403; 2; 1; 99
395; 254; 1; 2; 111
280; 337; 2; 1; 116
240; 406; 2; 1; 120
267; 273; 2; 1; 120
243; 310; 1; 2; 133
341; 255; 2; 1; 141
295; 419; 2; 1; 153
350; 363; 2; 1; 168
412; 259; 2; 1; 177
418; 390; 2; 1; 180
267; 420; 2; 1; 189
247; 280; 1; 2; 197
260; 282; 2; 1; 204
396; 328; 1; 2; 209
287; 410; 2; 1; 216
284; 317; 1; 2; 218
302; 272; 1; 2; 221
265; 334; 2; 1; 223
303; 240; 2; 1; 224
369; 378; 1; 2; 227
379; 268; 2; 1; 227
327; 252; 1; 2; 234
270; 274; 1; 2; 234
303; 326; 1; 2; 238
257; 319; 2; 1; 246
278; 369; 1; 2; 264
304; 292; 2; 1; 287
248; 393; 1; 2; 288
307; 302; 2; 1; 300
346; 278; 1; 2; 309
326; 348; 2; 1; 310
334; 285; 2; 1; 319
404; 415; 1; 2; 323
423; 293; 1; 2; 326
292; 423; 1; 2; 329
346; 246; 1; 2; 335
240; 243; 2; 1; 349
381; 410; 1; 2; 355
352; 380; 2; 1; 362
300; 263; 1; 2; 362
254; 376; 2; 1; 370
288; 357; 2; 1; 378
265; 393; 2; 1; 381
264; 336; 2; 1; 383
358; 263; 1; 2; 387
275; 309; 1; 2; 389
373; 263; 1; 2; 393
395; 335; 2; 1; 399
346; 374; 1; 2; 409
327; 390; 1; 2; 410
322; 286; 1; 2; 413
345; 298; 2; 1; 423
400; 305; 2; 1; 434
293; 374; 2; 1; 435
331; 276; 1; 2; 440
367; 349; 2; 1; 450
349; 337; 2; 1; 464
253; 249; 2; 1; 478
308; 382; 1; 2; 481
312; 295; 1; 2; 492
420; 262; 2; 1; 497
423; 353; 1; 2; 499
283; 307; 2; 1; 508
341; 266; 1; 2; 515
282; 325; 1; 2; 518
298; 350; 2; 1; 545
300; 371; 2; 1; 554
403; 239; 2; 1; 560
322; 352; 1; 2; 568
254; 415; 1; 2; 581
257; 262; 2; 1; 584
374; 408; 1; 2; 595
274; 398; 2; 1; 597
414; 406; 2; 1; 598
369; 236; 2; 1; 602
356; 256; 2; 1; 608
331; 312; 1; 2; 611
359; 360; 2; 1; 614
381; 278; 2; 1; 615
380; 289; 2; 1; 616
311; 237; 1; 2; 617
22
14; 1; 42; 16
11; 1; 19; 6352
0; 1; 29; 6376
4; 1; 22; 9391
2; 1; 33; 14041
3; 1; 40; 15241
16; 1; 48; 16346
12; 1; 43; 18728
10; 1; 26; 19391
5; 1; 28; 20532
9; 1; 30; 20649
13; 1; 46; 24572
21; 1; 28; 26225
19; 1; 10; 26556
7; 1; 46; 26898
20; 1; 43; 28184
15; 1; 4; 28892
1; 1; 2; 29959
18; 1; 34; 30550
8; 1; 19; 30703
6; 1; 3; 31134
17; 1; 39; 32084
