**** 521 ****
97
259; 356; 1; 2; 21
259; 373; 2; 1; 32
372; 299; 2; 1; 34
267; 269; 2; 1; 36
415; 348; 1; 2; 58
305; 423; 1; 2; 61
294; 335; 1; 2; 77
250; 367; 1; 2; 94
273; 236; 1; 2; 94
320; 251; 2; 1; 114
365; 425; 2; 1; 115
362; 377; 1; 2; 118
375; 335; 1; 2; 125
327; 342; 1; 2; 141
396; 237; 1; 2; 156
258; 397; 1; 2; 158
332; 384; 1; 2; 172
319; 408; 2; 1; 172
394; 375; 1; 2; 175
373; 307; 1; 2; 175
256; 419; 1; 2; 183
350; 388; 1; 2; 192
392; 319; 2; 1; 200
331; 270; 2; 1; 208
255; 311; 1; 2; 209
281; 302; 2; 1; 220
301; 244; 2; 1; 226
288; 394; 1; 2; 239
399; 403; 1; 2; 242
255; 408; 1; 2; 244
413; 405; 1; 2; 245
376; 370; 2; 1; 246
237; 323; 1; 2; 248
389; 337; 1; 2; 255
310; 283; 1; 2; 260
360; 273; 2; 1; 263
377; 301; 2; 1; 273
257; 396; 2; 1; 279
253; 268; 1; 2; 279
409; 283; 2; 1; 294
403; 326; 1; 2; 305
350; 398; 2; 1; 306
357; 329; 1; 2; 308
424; 338; 2; 1; 316
416; 418; 2; 1; 318
411; 326; 1; 2; 320
422; 261; 2; 1; 322
378; 408; 1; 2; 347
266; 397; 2; 1; 350
347; 330; 1; 2; 353
335; 273; 1; 2; 357
395; 420; 2; 1; 365
399; 362; 1; 2; 365
349; 310; 2; 1; 366
252; 399; 1; 2; 367
420; 365; 2; 1; 370
347; 425; 1; 2; 381
254; 261; 1; 2; 383
394; 301; 1; 2; 388
355; 333; 1; 2; 390
325; 272; 1; 2; 401
267; 379; 2; 1; 403
317; 372; 2; 1; 413
298; 385; 1; 2; 415
254; 306; 2; 1; 433
365; 245; 1; 2; 434
276; 345; 1; 2; 436
404; 423; 1; 2; 440
314; 263; 2; 1; 443
326; 320; 2; 1; 447
400; 240; 2; 1; 453
252; 410; 1; 2; 453
314; 344; 2; 1; 455
308; 387; 1; 2; 461
281; 337; 1; 2; 477
360; 266; 2; 1; 479
392; 361; 1; 2; 498
397; 351; 2; 1; 500
405; 240; 2; 1; 516
342; 299; 2; 1; 517
252; 385; 1; 2; 520
331; 425; 1; 2; 520
309; 363; 2; 1; 524
252; 319; 1; 2; 534
389; 248; 1; 2; 543
250; 401; 2; 1; 562
336; 237; 1; 2; 565
239; 296; 1; 2; 566
415; 259; 2; 1; 571
287; 284; 1; 2; 589
399; 266; 2; 1; 591
255; 342; 2; 1; 600
288; 312; 1; 2; 606
335; 260; 2; 1; 606
370; 252; 1; 2; 612
344; 382; 2; 1; 617
356; 350; 2; 1; 619
22
16; 1; 36; 84
17; 1; 49; 270
14; 1; 49; 641
11; 1; 7; 3931
2; 1; 44; 9237
19; 1; 31; 9310
10; 1; 19; 11213
1; 1; 24; 11714
8; 1; 3; 13385
15; 1; 2; 15325
5; 1; 9; 15431
0; 1; 32; 15612
6; 1; 31; 16092
4; 1; 37; 16196
13; 1; 39; 16399
3; 1; 4; 16930
7; 1; 30; 19552
9; 1; 22; 19715
18; 1; 23; 20501
20; 1; 3; 21577
21; 1; 15; 22929
12; 1; 39; 29890
