**** 522 ****
97
372; 315; 2; 1; 3
300; 376; 1; 2; 24
374; 403; 2; 1; 24
412; 336; 2; 1; 25
250; 388; 2; 1; 29
241; 284; 2; 1; 32
251; 385; 1; 2; 42
404; 378; 2; 1; 56
310; 396; 1; 2; 59
409; 310; 2; 1; 63
337; 295; 1; 2; 73
318; 268; 2; 1; 82
390; 356; 2; 1; 82
340; 265; 1; 2; 90
350; 331; 1; 2; 101
322; 356; 2; 1; 101
336; 265; 1; 2; 101
384; 425; 2; 1; 103
401; 413; 1; 2; 117
241; 288; 2; 1; 122
332; 284; 1; 2; 127
275; 345; 1; 2; 129
397; 385; 2; 1; 141
326; 370; 2; 1; 144
333; 238; 1; 2; 150
400; 238; 1; 2; 151
396; 254; 1; 2; 160
283; 375; 1; 2; 162
267; 268; 2; 1; 164
411; 284; 1; 2; 174
351; 282; 1; 2; 179
297; 405; 1; 2; 184
342; 298; 1; 2; 190
243; 277; 1; 2; 192
405; 301; 1; 2; 201
402; 404; 1; 2; 210
325; 307; 1; 2; 218
403; 353; 1; 2; 221
368; 330; 2; 1; 224
400; 314; 1; 2; 224
269; 401; 2; 1; 226
263; 416; 2; 1; 228
317; 273; 1; 2; 249
351; 296; 1; 2; 254
424; 278; 2; 1; 255
325; 236; 2; 1; 257
256; 237; 1; 2; 257
308; 409; 1; 2; 264
378; 417; 2; 1; 283
283; 388; 2; 1; 291
321; 265; 2; 1; 311
345; 354; 1; 2; 321
378; 238; 2; 1; 325
309; 293; 2; 1; 326
323; 392; 2; 1; 328
332; 294; 1; 2; 329
327; 236; 1; 2; 330
372; 420; 1; 2; 335
280; 361; 2; 1; 349
254; 253; 1; 2; 360
276; 372; 1; 2; 361
302; 287; 2; 1; 364
345; 280; 1; 2; 366
252; 355; 1; 2; 368
317; 401; 2; 1; 376
365; 392; 1; 2; 390
338; 236; 2; 1; 392
321; 346; 2; 1; 394
350; 364; 1; 2; 395
295; 411; 2; 1; 415
358; 331; 1; 2; 415
306; 355; 1; 2; 416
401; 332; 2; 1; 420
329; 278; 1; 2; 435
247; 294; 2; 1; 439
352; 349; 1; 2; 450
301; 358; 1; 2; 454
385; 241; 1; 2; 456
374; 323; 2; 1; 465
325; 396; 1; 2; 472
236; 290; 1; 2; 473
395; 295; 2; 1; 478
338; 253; 2; 1; 503
339; 405; 1; 2; 504
331; 240; 1; 2; 528
308; 299; 2; 1; 529
347; 261; 2; 1; 538
422; 413; 2; 1; 538
242; 308; 1; 2; 540
387; 305; 2; 1; 546
282; 365; 1; 2; 552
392; 345; 2; 1; 554
408; 246; 2; 1; 558
279; 301; 1; 2; 572
260; 363; 1; 2; 580
367; 389; 1; 2; 596
285; 238; 1; 2; 617
22
2; 1; 31; 2249
9; 1; 17; 3080
15; 1; 26; 5341
6; 1; 7; 6429
4; 1; 20; 7506
16; 1; 20; 7886
17; 1; 19; 7994
20; 1; 10; 14874
5; 1; 24; 15098
0; 1; 34; 15348
11; 1; 13; 15502
3; 1; 46; 17209
14; 1; 45; 17276
10; 1; 13; 18243
21; 1; 31; 19744
13; 1; 37; 23127
8; 1; 35; 23618
7; 1; 38; 29425
12; 1; 26; 30005
1; 1; 47; 30222
18; 1; 17; 30763
19; 1; 12; 32301
