**** 523 ****
97
317; 377; 2; 1; 5
296; 328; 1; 2; 6
253; 358; 2; 1; 7
357; 252; 2; 1; 24
308; 255; 1; 2; 33
355; 343; 1; 2; 34
318; 251; 2; 1; 36
258; 400; 2; 1; 50
267; 393; 2; 1; 58
260; 388; 1; 2; 59
311; 412; 2; 1; 60
371; 411; 2; 1; 61
253; 395; 1; 2; 64
394; 312; 2; 1; 66
278; 320; 2; 1; 70
339; 384; 2; 1; 71
265; 286; 1; 2; 71
377; 345; 1; 2; 72
285; 300; 2; 1; 73
295; 271; 1; 2; 86
328; 236; 2; 1; 89
320; 403; 1; 2; 92
268; 331; 2; 1; 106
340; 267; 2; 1; 111
392; 299; 1; 2; 137
404; 312; 1; 2; 146
423; 269; 1; 2; 165
394; 355; 1; 2; 187
244; 311; 2; 1; 188
253; 249; 1; 2; 191
308; 419; 1; 2; 194
417; 417; 2; 1; 197
308; 419; 1; 2; 199
410; 419; 2; 1; 209
371; 304; 1; 2; 211
297; 365; 2; 1; 219
265; 342; 1; 2; 219
289; 412; 2; 1; 222
405; 381; 1; 2; 224
347; 349; 2; 1; 273
418; 296; 2; 1; 287
328; 423; 1; 2; 296
360; 323; 1; 2; 300
398; 365; 1; 2; 310
382; 313; 2; 1; 324
395; 324; 1; 2; 332
354; 369; 1; 2; 333
288; 253; 2; 1; 336
291; 265; 2; 1; 341
367; 341; 1; 2; 342
370; 381; 2; 1; 347
279; 403; 2; 1; 350
389; 236; 2; 1; 352
384; 270; 2; 1; 362
302; 294; 1; 2; 364
246; 334; 2; 1; 365
385; 391; 2; 1; 367
401; 249; 2; 1; 369
395; 265; 2; 1; 370
407; 313; 1; 2; 370
424; 393; 2; 1; 377
279; 359; 2; 1; 385
292; 310; 1; 2; 393
295; 346; 1; 2; 400
396; 358; 1; 2; 405
252; 278; 1; 2; 413
253; 407; 1; 2; 424
242; 413; 1; 2; 424
408; 317; 2; 1; 426
372; 285; 2; 1; 437
257; 318; 2; 1; 439
269; 419; 1; 2; 442
365; 302; 1; 2; 443
261; 363; 1; 2; 445
283; 425; 2; 1; 446
377; 257; 1; 2; 452
331; 262; 2; 1; 462
247; 250; 2; 1; 463
372; 392; 2; 1; 472
374; 412; 1; 2; 474
349; 419; 2; 1; 479
315; 409; 1; 2; 479
274; 370; 2; 1; 491
398; 313; 2; 1; 497
352; 248; 1; 2; 532
305; 249; 2; 1; 537
344; 324; 1; 2; 547
419; 365; 2; 1; 552
390; 245; 2; 1; 556
328; 315; 1; 2; 568
416; 351; 1; 2; 575
332; 343; 2; 1; 575
345; 320; 2; 1; 587
241; 353; 2; 1; 595
269; 390; 2; 1; 608
353; 338; 2; 1; 611
387; 329; 2; 1; 611
22
0; 1; 42; 10
7; 1; 42; 1584
11; 1; 13; 4969
4; 1; 26; 6894
8; 1; 13; 12553
1; 1; 46; 15796
16; 1; 39; 18765
9; 1; 38; 19222
13; 1; 23; 19453
6; 1; 25; 21171
3; 1; 13; 21424
17; 1; 41; 21730
21; 1; 22; 22558
10; 1; 3; 23151
2; 1; 49; 23648
12; 1; 24; 23701
14; 1; 39; 24101
5; 1; 32; 24262
20; 1; 29; 24868
18; 1; 5; 26105
15; 1; 5; 28137
19; 1; 33; 32501
