**** 524 ****
97
348; 258; 1; 2; 4
402; 372; 2; 1; 9
392; 349; 2; 1; 11
309; 368; 1; 2; 17
407; 370; 1; 2; 32
319; 423; 1; 2; 34
301; 288; 2; 1; 53
243; 251; 2; 1; 66
270; 345; 1; 2; 73
379; 397; 1; 2; 80
383; 401; 1; 2; 109
315; 387; 2; 1; 110
303; 239; 2; 1; 123
391; 402; 2; 1; 129
420; 271; 2; 1; 135
305; 388; 1; 2; 138
287; 313; 1; 2; 142
265; 267; 1; 2; 143
349; 265; 2; 1; 144
277; 403; 2; 1; 148
290; 394; 1; 2; 150
364; 245; 1; 2; 155
315; 351; 1; 2; 173
409; 367; 2; 1; 175
314; 255; 2; 1; 179
377; 324; 1; 2; 187
293; 266; 2; 1; 194
266; 266; 1; 2; 204
361; 368; 2; 1; 212
251; 369; 2; 1; 212
289; 392; 1; 2; 214
318; 343; 1; 2; 236
300; 386; 1; 2; 236
384; 338; 2; 1; 237
386; 390; 2; 1; 240
255; 273; 1; 2; 253
383; 403; 2; 1; 256
334; 264; 1; 2; 261
246; 415; 2; 1; 264
288; 371; 2; 1; 267
348; 347; 2; 1; 272
410; 292; 1; 2; 277
364; 387; 2; 1; 287
292; 373; 1; 2; 297
382; 348; 1; 2; 300
395; 380; 2; 1; 303
356; 332; 2; 1; 303
312; 389; 1; 2; 305
307; 270; 1; 2; 308
350; 277; 2; 1; 314
344; 294; 2; 1; 315
287; 359; 2; 1; 320
405; 353; 2; 1; 324
391; 363; 1; 2; 347
413; 403; 1; 2; 376
414; 247; 1; 2; 379
410; 353; 2; 1; 379
419; 278; 1; 2; 389
259; 238; 2; 1; 392
391; 341; 2; 1; 398
346; 363; 1; 2; 398
418; 266; 1; 2; 399
309; 359; 2; 1; 401
252; 392; 1; 2; 404
266; 347; 2; 1; 418
278; 242; 1; 2; 419
248; 338; 2; 1; 422
296; 419; 1; 2; 424
251; 295; 2; 1; 435
361; 416; 1; 2; 437
255; 342; 2; 1; 455
292; 298; 2; 1; 459
384; 378; 1; 2; 465
373; 305; 2; 1; 471
363; 382; 1; 2; 475
315; 257; 2; 1; 481
317; 254; 2; 1; 486
396; 345; 2; 1; 496
343; 334; 2; 1; 500
376; 279; 2; 1; 523
277; 398; 1; 2; 526
347; 256; 2; 1; 527
307; 243; 2; 1; 532
367; 326; 2; 1; 538
357; 324; 1; 2; 539
330; 411; 2; 1; 557
414; 365; 2; 1; 560
275; 270; 2; 1; 569
259; 320; 1; 2; 572
366; 290; 1; 2; 573
396; 373; 2; 1; 579
239; 412; 2; 1; 586
373; 290; 2; 1; 590
356; 308; 1; 2; 596
316; 392; 2; 1; 610
405; 281; 1; 2; 612
330; 355; 2; 1; 619
22
18; 1; 20; 4312
9; 1; 29; 5804
3; 1; 23; 6044
19; 1; 15; 6962
11; 1; 19; 7577
0; 1; 21; 7950
2; 1; 32; 8328
17; 1; 43; 9413
6; 1; 37; 9800
12; 1; 25; 12391
1; 1; 11; 12683
5; 1; 11; 17569
7; 1; 19; 18819
8; 1; 49; 19020
15; 1; 7; 20258
20; 1; 36; 20772
4; 1; 33; 22773
21; 1; 36; 23214
10; 1; 19; 29930
13; 1; 20; 30365
14; 1; 2; 30386
16; 1; 30; 31680
