**** 525 ****
97
285; 280; 1; 2; 0
317; 267; 1; 2; 4
335; 293; 2; 1; 21
385; 250; 2; 1; 29
407; 262; 1; 2; 30
309; 366; 1; 2; 31
371; 297; 2; 1; 35
345; 367; 1; 2; 39
392; 312; 2; 1; 42
339; 416; 2; 1; 44
327; 309; 1; 2; 46
360; 360; 2; 1; 61
370; 333; 2; 1; 70
242; 236; 2; 1; 70
252; 286; 1; 2; 75
424; 252; 2; 1; 76
262; 356; 1; 2; 80
269; 341; 1; 2; 95
276; 313; 1; 2; 107
352; 396; 2; 1; 112
375; 312; 1; 2; 119
344; 335; 2; 1; 124
362; 337; 2; 1; 135
266; 263; 1; 2; 144
330; 330; 1; 2; 146
321; 373; 2; 1; 151
258; 275; 2; 1; 160
315; 257; 1; 2; 171
250; 407; 2; 1; 173
270; 358; 2; 1; 176
383; 324; 1; 2; 176
308; 377; 1; 2; 184
349; 318; 2; 1; 190
323; 375; 2; 1; 196
267; 425; 1; 2; 202
382; 289; 2; 1; 221
388; 273; 2; 1; 227
259; 248; 2; 1; 236
319; 349; 1; 2; 244
371; 333; 1; 2; 257
394; 393; 1; 2; 260
273; 297; 1; 2; 266
367; 424; 2; 1; 268
237; 254; 2; 1; 280
379; 244; 2; 1; 291
410; 421; 2; 1; 291
424; 260; 2; 1; 294
290; 358; 2; 1; 297
253; 312; 1; 2; 297
381; 375; 1; 2; 303
284; 311; 1; 2; 311
421; 380; 1; 2; 316
297; 307; 2; 1; 319
292; 391; 2; 1; 328
327; 407; 2; 1; 330
302; 334; 1; 2; 332
347; 292; 1; 2; 332
315; 424; 2; 1; 333
410; 401; 1; 2; 334
342; 403; 2; 1; 336
423; 263; 1; 2; 348
385; 280; 1; 2; 355
267; 393; 2; 1; 356
267; 418; 1; 2; 357
268; 262; 2; 1; 358
376; 400; 1; 2; 370
400; 332; 1; 2; 373
272; 415; 2; 1; 394
350; 245; 2; 1; 397
264; 401; 2; 1; 405
248; 295; 2; 1; 408
263; 366; 1; 2; 411
336; 362; 2; 1; 418
403; 380; 1; 2; 421
350; 335; 2; 1; 422
295; 370; 1; 2; 429
259; 236; 1; 2; 443
353; 311; 1; 2; 447
372; 268; 1; 2; 451
342; 392; 2; 1; 483
300; 246; 1; 2; 483
312; 423; 1; 2; 500
266; 402; 1; 2; 503
296; 268; 2; 1; 503
322; 393; 1; 2; 531
320; 359; 2; 1; 560
318; 376; 1; 2; 569
346; 397; 2; 1; 573
316; 251; 2; 1; 575
390; 314; 1; 2; 576
424; 252; 2; 1; 584
335; 277; 1; 2; 594
322; 319; 1; 2; 600
395; 317; 1; 2; 605
363; 283; 1; 2; 611
327; 291; 1; 2; 611
417; 294; 2; 1; 619
22
2; 1; 43; 797
4; 1; 43; 3468
19; 1; 10; 3596
8; 1; 6; 4331
9; 1; 28; 5260
16; 1; 3; 8351
7; 1; 10; 8454
10; 1; 11; 10239
13; 1; 4; 11681
15; 1; 46; 14710
20; 1; 26; 17489
5; 1; 15; 17899
3; 1; 46; 19160
17; 1; 12; 19962
1; 1; 32; 22165
0; 1; 34; 24985
18; 1; 46; 25389
21; 1; 49; 25480
14; 1; 4; 28620
11; 1; 33; 29506
12; 1; 24; 30778
6; 1; 12; 31652
