**** 526 ****
97
416; 350; 1; 2; 1
306; 395; 2; 1; 12
289; 294; 1; 2; 13
276; 407; 2; 1; 20
385; 245; 2; 1; 29
416; 382; 1; 2; 37
302; 291; 1; 2; 50
378; 369; 2; 1; 56
379; 346; 1; 2; 66
350; 239; 1; 2; 72
236; 364; 1; 2; 79
245; 394; 2; 1; 84
353; 280; 1; 2; 90
244; 250; 1; 2; 106
336; 365; 2; 1; 114
364; 366; 1; 2; 132
335; 302; 2; 1; 138
290; 307; 2; 1; 149
367; 405; 1; 2; 151
331; 288; 1; 2; 151
364; 286; 2; 1; 165
420; 361; 2; 1; 170
291; 330; 1; 2; 179
361; 396; 1; 2; 184
314; 239; 2; 1; 198
251; 321; 1; 2; 202
315; 325; 2; 1; 203
266; 387; 2; 1; 208
263; 258; 2; 1; 211
247; 392; 2; 1; 213
390; 419; 1; 2; 216
280; 344; 1; 2; 221
327; 317; 1; 2; 222
254; 364; 1; 2; 225
413; 403; 2; 1; 237
268; 423; 1; 2; 238
341; 269; 2; 1; 245
421; 318; 1; 2; 253
287; 348; 1; 2; 253
314; 373; 2; 1; 257
252; 374; 1; 2; 260
284; 387; 1; 2; 270
268; 414; 1; 2; 276
310; 370; 2; 1; 281
246; 383; 2; 1; 287
265; 354; 1; 2; 289
379; 289; 1; 2; 303
304; 280; 1; 2; 304
407; 421; 1; 2; 313
245; 242; 1; 2; 326
250; 391; 2; 1; 331
352; 341; 2; 1; 337
296; 420; 2; 1; 349
402; 299; 2; 1; 351
363; 271; 1; 2; 353
311; 404; 1; 2; 371
338; 392; 1; 2; 378
331; 312; 1; 2; 381
346; 301; 2; 1; 386
334; 248; 1; 2; 392
275; 383; 2; 1; 395
347; 245; 2; 1; 396
250; 274; 1; 2; 399
398; 325; 1; 2; 400
273; 363; 1; 2; 409
295; 275; 2; 1; 413
404; 247; 1; 2; 422
296; 246; 2; 1; 427
382; 410; 2; 1; 428
303; 328; 2; 1; 439
354; 337; 2; 1; 440
379; 400; 2; 1; 445
394; 294; 1; 2; 449
334; 254; 2; 1; 486
417; 308; 1; 2; 490
246; 381; 2; 1; 508
423; 399; 1; 2; 511
257; 405; 2; 1; 527
267; 287; 1; 2; 527
361; 238; 1; 2; 534
283; 359; 1; 2; 539
236; 375; 2; 1; 546
375; 274; 1; 2; 551
374; 306; 1; 2; 554
241; 239; 2; 1; 558
240; 334; 2; 1; 561
339; 296; 2; 1; 562
318; 395; 1; 2; 582
325; 237; 2; 1; 587
394; 343; 2; 1; 595
300; 359; 2; 1; 595
399; 336; 2; 1; 596
326; 395; 2; 1; 608
401; 370; 1; 2; 608
370; 365; 2; 1; 609
252; 322; 1; 2; 610
294; 363; 1; 2; 616
22
0; 1; 15; 188
15; 1; 2; 2671
20; 1; 29; 4562
17; 1; 46; 4945
7; 1; 10; 5272
21; 1; 23; 5664
4; 1; 43; 7213
6; 1; 32; 7494
5; 1; 31; 8398
3; 1; 43; 12586
13; 1; 12; 14389
11; 1; 29; 16046
10; 1; 37; 16651
1; 1; 22; 17152
19; 1; 19; 17344
16; 1; 21; 19223
2; 1; 45; 19526
12; 1; 7; 22084
18; 1; 5; 23243
14; 1; 20; 23472
8; 1; 30; 25220
9; 1; 18; 26090
