**** 527 ****
97
332; 405; 2; 1; 6
296; 366; 1; 2; 10
257; 398; 2; 1; 11
383; 411; 2; 1; 11
271; 257; 1; 2; 21
389; 345; 2; 1; 24
260; 380; 1; 2; 25
308; 281; 1; 2; 27
309; 281; 2; 1; 33
325; 392; 2; 1; 35
246; 372; 2; 1; 37
343; 414; 1; 2; 44
394; 392; 2; 1; 51
360; 372; 2; 1; 55
320; 339; 2; 1; 60
415; 347; 2; 1; 86
404; 339; 2; 1; 96
347; 236; 2; 1; 98
293; 314; 1; 2; 105
242; 374; 1; 2; 107
247; 380; 1; 2; 108
335; 315; 1; 2; 109
380; 354; 1; 2; 123
297; 285; 1; 2; 124
362; 378; 2; 1; 134
297; 240; 2; 1; 140
294; 296; 1; 2; 144
259; 271; 2; 1; 152
386; 274; 2; 1; 153
380; 379; 1; 2; 154
415; 415; 1; 2; 155
361; 282; 1; 2; 165
328; 386; 2; 1; 167
274; 272; 1; 2; 178
401; 421; 2; 1; 179
278; 398; 2; 1; 182
282; 361; 1; 2; 216
254; 372; 2; 1; 218
237; 290; 1; 2; 222
425; 373; 1; 2; 230
256; 389; 1; 2; 241
385; 268; 2; 1; 243
292; 260; 1; 2; 246
357; 401; 1; 2; 251
241; 418; 1; 2; 252
236; 288; 2; 1; 259
399; 273; 1; 2; 263
270; 418; 1; 2; 272
354; 409; 1; 2; 287
332; 258; 2; 1; 296
246; 294; 2; 1; 298
344; 259; 1; 2; 302
346; 273; 1; 2; 305
323; 254; 2; 1; 310
420; 258; 2; 1; 312
270; 249; 1; 2; 329
414; 291; 2; 1; 331
350; 287; 2; 1; 348
413; 348; 1; 2; 361
375; 243; 2; 1; 374
288; 327; 2; 1; 378
320; 327; 1; 2; 396
416; 238; 1; 2; 399
301; 380; 2; 1; 404
332; 256; 1; 2; 411
310; 330; 1; 2; 422
342; 376; 1; 2; 425
321; 425; 2; 1; 426
333; 326; 2; 1; 443
362; 238; 2; 1; 451
398; 324; 2; 1; 455
252; 292; 1; 2; 479
345; 379; 1; 2; 486
420; 257; 2; 1; 504
268; 277; 1; 2; 506
320; 236; 1; 2; 512
325; 331; 1; 2; 513
289; 293; 2; 1; 516
347; 292; 1; 2; 524
243; 353; 2; 1; 532
309; 264; 2; 1; 535
395; 246; 2; 1; 538
248; 366; 1; 2; 539
384; 335; 1; 2; 565
386; 321; 1; 2; 567
345; 387; 2; 1; 570
344; 344; 2; 1; 580
407; 297; 1; 2; 580
422; 272; 2; 1; 583
317; 262; 2; 1; 585
328; 273; 2; 1; 618
351; 362; 1; 2; 619
248; 236; 1; 2; 619
351; 325; 1; 2; 620
314; 383; 2; 1; 621
280; 335; 1; 2; 622
370; 345; 1; 2; 622
22
5; 1; 26; 1589
0; 1; 17; 1859
21; 1; 16; 2034
16; 1; 37; 2560
12; 1; 18; 2920
2; 1; 11; 8509
9; 1; 15; 9295
10; 1; 14; 13765
13; 1; 4; 14331
20; 1; 47; 18564
6; 1; 26; 18695
1; 1; 5; 19473
15; 1; 16; 19941
11; 1; 22; 22133
17; 1; 10; 22674
3; 1; 22; 24946
7; 1; 37; 27508
18; 1; 27; 28671
19; 1; 17; 29919
8; 1; 14; 30171
4; 1; 33; 31664
14; 1; 31; 31988
