**** 528 ****
98
282; 332; 1; 2; 13
242; 376; 1; 2; 16
349; 338; 1; 2; 16
292; 317; 2; 1; 17
308; 265; 2; 1; 19
419; 277; 2; 1; 19
280; 371; 1; 2; 28
415; 282; 2; 1; 35
421; 275; 1; 2; 44
425; 337; 1; 2; 61
247; 414; 1; 2; 71
408; 301; 2; 1; 71
283; 391; 1; 2; 72
340; 422; 2; 1; 78
361; 295; 1; 2; 78
385; 280; 1; 2; 79
275; 387; 1; 2; 99
294; 315; 1; 2; 106
282; 354; 1; 2; 117
415; 265; 2; 1; 124
376; 424; 1; 2; 135
333; 318; 2; 1; 136
336; 258; 1; 2; 139
262; 266; 2; 1; 150
289; 412; 1; 2; 152
349; 274; 1; 2; 162
350; 426; 1; 2; 164
244; 257; 1; 2; 166
277; 336; 2; 1; 167
384; 283; 1; 2; 170
272; 371; 2; 1; 175
331; 422; 2; 1; 185
411; 415; 2; 1; 189
420; 400; 1; 2; 197
397; 374; 1; 2; 200
404; 296; 2; 1; 204
249; 381; 1; 2; 208
399; 376; 1; 2; 215
372; 280; 2; 1; 216
305; 291; 2; 1; 227
366; 294; 1; 2; 237
405; 394; 1; 2; 247
353; 364; 1; 2; 248
295; 426; 2; 1; 251
395; 420; 1; 2; 257
315; 301; 1; 2; 259
271; 264; 2; 1; 260
347; 407; 1; 2; 261
429; 348; 1; 2; 266
312; 255; 1; 2; 273
354; 333; 1; 2; 302
411; 423; 1; 2; 307
354; 286; 1; 2; 318
368; 378; 2; 1; 325
345; 300; 1; 2; 341
307; 399; 2; 1; 342
393; 310; 1; 2; 344
347; 404; 1; 2; 348
321; 252; 2; 1; 355
390; 389; 1; 2; 356
422; 284; 2; 1; 358
381; 427; 1; 2; 363
357; 432; 1; 2; 368
284; 341; 2; 1; 373
299; 252; 2; 1; 374
285; 431; 1; 2; 403
305; 337; 2; 1; 421
421; 251; 2; 1; 432
254; 384; 2; 1; 436
322; 314; 1; 2; 436
433; 300; 1; 2; 447
290; 339; 1; 2; 449
280; 324; 1; 2; 451
377; 255; 2; 1; 465
395; 346; 2; 1; 470
245; 299; 1; 2; 473
272; 241; 2; 1; 474
362; 278; 2; 1; 491
431; 366; 2; 1; 494
336; 428; 1; 2; 502
386; 316; 1; 2; 512
382; 280; 2; 1; 514
419; 317; 2; 1; 515
322; 414; 1; 2; 523
249; 405; 1; 2; 538
348; 257; 2; 1; 548
300; 427; 1; 2; 565
390; 319; 2; 1; 565
261; 369; 2; 1; 574
278; 300; 1; 2; 587
410; 414; 1; 2; 588
348; 280; 2; 1; 592
248; 336; 1; 2; 596
285; 273; 2; 1; 597
316; 410; 2; 1; 598
393; 406; 1; 2; 605
405; 324; 1; 2; 612
286; 268; 2; 1; 620
22
3; 1; 5; 439
6; 1; 24; 1229
20; 1; 15; 4461
4; 1; 40; 4647
8; 1; 2; 5532
15; 1; 32; 7411
17; 1; 26; 7459
7; 1; 11; 8657
12; 1; 20; 10867
5; 1; 33; 12292
14; 1; 17; 13199
19; 1; 18; 13659
16; 1; 20; 14145
2; 1; 10; 18586
13; 1; 12; 21653
1; 1; 44; 25185
10; 1; 39; 26485
9; 1; 38; 28863
21; 1; 26; 30484
0; 1; 11; 31984
11; 1; 33; 32158
18; 1; 48; 32203
