**** 529 ****
98
349; 355; 1; 2; 3
412; 263; 1; 2; 5
433; 371; 2; 1; 12
295; 275; 1; 2; 19
247; 325; 1; 2; 20
245; 333; 1; 2; 21
392; 382; 2; 1; 21
282; 424; 1; 2; 25
423; 276; 1; 2; 26
248; 417; 2; 1; 33
410; 324; 1; 2; 37
405; 361; 1; 2; 46
419; 280; 1; 2; 69
383; 324; 1; 2; 76
258; 275; 2; 1; 85
266; 348; 2; 1; 88
389; 357; 1; 2; 94
431; 310; 1; 2; 95
393; 246; 1; 2; 97
299; 379; 1; 2; 105
382; 347; 2; 1; 119
252; 305; 1; 2; 122
283; 396; 1; 2; 125
275; 259; 1; 2; 130
288; 307; 2; 1; 141
278; 329; 1; 2; 141
328; 276; 1; 2; 146
295; 377; 2; 1; 147
412; 248; 1; 2; 149
283; 356; 1; 2; 165
395; 358; 2; 1; 167
405; 255; 1; 2; 178
250; 429; 2; 1; 200
398; 343; 1; 2; 212
359; 283; 2; 1; 214
432; 369; 1; 2; 215
366; 380; 1; 2; 218
375; 365; 2; 1; 240
266; 318; 2; 1; 241
302; 421; 2; 1; 243
345; 369; 2; 1; 260
333; 285; 2; 1; 264
272; 425; 1; 2; 264
253; 259; 1; 2; 273
367; 271; 2; 1; 279
417; 345; 2; 1; 287
401; 406; 1; 2; 290
398; 343; 1; 2; 297
412; 242; 2; 1; 298
244; 345; 1; 2; 305
354; 432; 1; 2; 319
431; 395; 1; 2; 328
347; 324; 1; 2; 329
405; 312; 1; 2; 335
425; 394; 2; 1; 344
403; 307; 2; 1; 348
290; 430; 1; 2; 350
418; 265; 2; 1; 353
256; 406; 2; 1; 369
306; 279; 1; 2; 383
423; 433; 1; 2; 383
250; 404; 1; 2; 393
402; 303; 2; 1; 396
292; 380; 2; 1; 404
259; 368; 1; 2; 411
343; 353; 2; 1; 412
359; 379; 1; 2; 414
366; 424; 2; 1; 414
258; 328; 2; 1; 426
338; 249; 1; 2; 438
354; 266; 1; 2; 439
255; 348; 2; 1; 446
336; 252; 2; 1; 448
290; 254; 1; 2; 460
378; 370; 1; 2; 474
418; 285; 2; 1; 483
416; 431; 1; 2; 499
358; 401; 1; 2; 514
354; 269; 2; 1; 514
411; 427; 2; 1; 515
284; 389; 1; 2; 521
252; 370; 1; 2; 521
273; 318; 1; 2; 525
359; 376; 1; 2; 527
375; 264; 1; 2; 527
291; 283; 1; 2; 535
383; 428; 2; 1; 543
378; 303; 1; 2; 567
375; 422; 2; 1; 573
352; 329; 1; 2; 584
333; 353; 2; 1; 586
258; 414; 2; 1; 587
255; 340; 2; 1; 588
388; 245; 2; 1; 605
280; 300; 1; 2; 605
382; 424; 1; 2; 608
343; 423; 1; 2; 612
385; 254; 1; 2; 623
22
19; 1; 27; 919
11; 1; 23; 1681
13; 1; 26; 2182
7; 1; 27; 5686
3; 1; 21; 6401
5; 1; 23; 11233
16; 1; 9; 13438
12; 1; 31; 13544
4; 1; 11; 18119
8; 1; 47; 18958
17; 1; 15; 19240
21; 1; 7; 21240
9; 1; 38; 23786
10; 1; 44; 24485
14; 1; 36; 25590
20; 1; 47; 25754
6; 1; 4; 26413
0; 1; 10; 27245
18; 1; 24; 31627
1; 1; 19; 31788
15; 1; 37; 32540
2; 1; 12; 32702
