**** 53 ****
54
57; 73; 2; 1; 6
39; 24; 1; 2; 6
48; 46; 1; 2; 12
53; 55; 2; 1; 12
45; 33; 2; 1; 21
44; 39; 1; 2; 22
36; 47; 1; 2; 24
45; 33; 1; 2; 27
60; 44; 1; 2; 28
46; 75; 1; 2; 43
61; 30; 1; 2; 44
23; 49; 1; 2; 47
59; 66; 1; 2; 48
39; 48; 1; 2; 48
65; 23; 1; 2; 49
79; 21; 1; 2; 50
51; 42; 2; 1; 52
76; 80; 1; 2; 58
68; 66; 1; 2; 61
26; 64; 2; 1; 61
30; 38; 1; 2; 62
32; 61; 2; 1; 67
74; 80; 1; 2; 67
21; 25; 2; 1; 67
61; 76; 1; 2; 71
37; 79; 2; 1; 76
29; 27; 1; 2; 80
80; 73; 1; 2; 81
60; 41; 2; 1; 83
50; 45; 1; 2; 90
48; 67; 1; 2; 92
46; 38; 1; 2; 96
60; 78; 1; 2; 108
68; 77; 2; 1; 112
81; 63; 1; 2; 114
31; 61; 1; 2; 115
41; 72; 1; 2; 117
68; 25; 2; 1; 119
44; 36; 2; 1; 121
59; 29; 1; 2; 123
44; 49; 2; 1; 124
67; 35; 2; 1; 126
59; 28; 2; 1; 133
38; 51; 1; 2; 135
54; 39; 1; 2; 139
42; 28; 2; 1; 139
28; 37; 2; 1; 140
53; 46; 1; 2; 141
32; 31; 1; 2; 142
25; 58; 1; 2; 143
57; 31; 2; 1; 143
36; 44; 1; 2; 145
32; 31; 1; 2; 147
30; 69; 1; 2; 148
13
8; 1; 21; 68
11; 1; 21; 220
5; 1; 19; 400
4; 1; 13; 626
0; 1; 40; 772
10; 1; 39; 1092
1; 1; 34; 1244
12; 1; 8; 1284
7; 1; 26; 1563
3; 1; 14; 1623
6; 1; 30; 1867
9; 1; 39; 2263
2; 1; 23; 2615
