**** 530 ****
98
290; 387; 2; 1; 0
256; 314; 2; 1; 12
386; 416; 1; 2; 19
324; 351; 2; 1; 24
409; 398; 1; 2; 26
358; 430; 2; 1; 26
367; 396; 2; 1; 29
417; 262; 2; 1; 30
290; 345; 1; 2; 40
308; 256; 1; 2; 56
304; 251; 1; 2; 62
242; 331; 1; 2; 66
403; 246; 1; 2; 67
331; 344; 2; 1; 68
265; 339; 1; 2; 71
345; 295; 2; 1; 73
364; 350; 1; 2; 79
411; 312; 1; 2; 91
383; 398; 1; 2; 102
324; 290; 2; 1; 107
382; 311; 1; 2; 113
390; 324; 1; 2; 117
312; 294; 2; 1; 122
409; 331; 1; 2; 134
419; 322; 1; 2; 142
343; 254; 1; 2; 166
266; 317; 2; 1; 169
241; 326; 2; 1; 176
291; 322; 2; 1; 182
421; 315; 1; 2; 188
432; 414; 1; 2; 189
370; 350; 2; 1; 202
350; 329; 2; 1; 203
321; 304; 2; 1; 212
384; 321; 1; 2; 223
333; 395; 2; 1; 226
306; 243; 1; 2; 234
266; 290; 2; 1; 250
308; 309; 1; 2; 255
321; 315; 1; 2; 257
288; 249; 2; 1; 258
288; 246; 2; 1; 271
399; 250; 2; 1; 278
411; 340; 2; 1; 288
394; 408; 1; 2; 292
281; 333; 1; 2; 296
249; 273; 1; 2; 304
248; 335; 2; 1; 310
413; 331; 2; 1; 311
431; 406; 2; 1; 313
284; 334; 1; 2; 323
404; 423; 2; 1; 341
368; 335; 2; 1; 345
403; 363; 2; 1; 346
284; 244; 2; 1; 347
255; 257; 1; 2; 348
382; 354; 2; 1; 349
403; 372; 2; 1; 349
367; 271; 2; 1; 365
248; 244; 1; 2; 368
311; 426; 1; 2; 369
267; 424; 1; 2; 374
298; 246; 1; 2; 376
299; 433; 2; 1; 377
357; 273; 1; 2; 381
422; 261; 2; 1; 388
295; 427; 2; 1; 391
263; 389; 1; 2; 392
396; 340; 2; 1; 402
420; 265; 2; 1; 406
352; 316; 1; 2; 428
338; 379; 1; 2; 437
270; 407; 1; 2; 440
246; 313; 1; 2; 440
297; 275; 1; 2; 443
370; 292; 2; 1; 452
433; 296; 2; 1; 453
410; 341; 1; 2; 454
262; 349; 1; 2; 459
261; 380; 1; 2; 464
382; 268; 1; 2; 470
286; 329; 2; 1; 481
354; 349; 1; 2; 481
415; 290; 1; 2; 481
287; 263; 1; 2; 488
310; 241; 1; 2; 501
428; 293; 1; 2; 518
380; 259; 1; 2; 531
254; 362; 2; 1; 534
305; 276; 2; 1; 535
246; 309; 1; 2; 565
385; 319; 1; 2; 571
286; 290; 1; 2; 582
397; 256; 2; 1; 585
250; 333; 2; 1; 593
395; 295; 2; 1; 603
372; 354; 2; 1; 616
297; 262; 2; 1; 621
22
15; 1; 32; 87
16; 1; 37; 849
18; 1; 1; 2865
13; 1; 17; 5028
17; 1; 19; 9368
10; 1; 26; 9888
3; 1; 1; 11400
5; 1; 25; 12439
0; 1; 15; 13607
8; 1; 37; 15119
6; 1; 27; 15445
20; 1; 30; 17509
19; 1; 47; 17838
7; 1; 48; 18026
1; 1; 38; 20106
2; 1; 12; 21566
12; 1; 38; 27547
21; 1; 48; 28063
9; 1; 5; 28649
11; 1; 14; 29551
14; 1; 42; 31098
4; 1; 4; 31847
