**** 531 ****
98
343; 359; 2; 1; 3
285; 343; 2; 1; 22
243; 398; 2; 1; 23
340; 407; 2; 1; 28
266; 243; 1; 2; 29
406; 397; 2; 1; 36
291; 425; 1; 2; 44
252; 300; 1; 2; 50
264; 422; 2; 1; 55
301; 323; 2; 1; 56
285; 337; 1; 2; 67
342; 417; 2; 1; 73
354; 265; 2; 1; 74
384; 260; 1; 2; 89
259; 369; 1; 2; 101
256; 378; 2; 1; 105
275; 425; 1; 2; 122
387; 252; 2; 1; 126
253; 345; 1; 2; 128
330; 397; 2; 1; 131
253; 408; 2; 1; 142
322; 363; 2; 1; 147
245; 347; 2; 1; 148
310; 374; 2; 1; 152
408; 249; 1; 2; 165
350; 384; 2; 1; 167
364; 404; 1; 2; 169
271; 251; 2; 1; 169
393; 252; 2; 1; 187
320; 299; 1; 2; 189
430; 411; 2; 1; 191
412; 254; 2; 1; 193
322; 405; 2; 1; 198
433; 297; 2; 1; 207
265; 339; 2; 1; 213
416; 340; 2; 1; 215
317; 259; 2; 1; 216
387; 288; 2; 1; 217
316; 297; 2; 1; 218
289; 416; 2; 1; 221
364; 285; 1; 2; 222
403; 406; 2; 1; 232
379; 278; 1; 2; 246
411; 329; 2; 1; 249
382; 298; 1; 2; 251
425; 305; 1; 2; 257
298; 257; 2; 1; 258
290; 261; 1; 2; 258
297; 262; 2; 1; 264
395; 339; 1; 2; 266
329; 334; 2; 1; 271
272; 290; 1; 2; 272
398; 290; 2; 1; 292
419; 272; 2; 1; 298
302; 351; 2; 1; 312
269; 279; 2; 1; 317
278; 266; 1; 2; 318
390; 362; 2; 1; 332
343; 418; 2; 1; 337
417; 312; 2; 1; 338
345; 288; 2; 1; 347
321; 249; 1; 2; 362
298; 361; 1; 2; 365
293; 360; 2; 1; 371
301; 417; 1; 2; 374
420; 368; 2; 1; 374
428; 358; 1; 2; 376
422; 381; 1; 2; 378
403; 267; 1; 2; 384
266; 284; 2; 1; 396
326; 258; 1; 2; 405
431; 386; 1; 2; 414
409; 376; 2; 1; 428
341; 421; 1; 2; 435
347; 261; 2; 1; 438
364; 262; 1; 2; 444
423; 324; 1; 2; 474
266; 384; 1; 2; 488
354; 367; 2; 1; 488
307; 314; 2; 1; 493
379; 292; 2; 1; 498
306; 255; 1; 2; 505
355; 296; 1; 2; 514
288; 316; 2; 1; 531
399; 272; 2; 1; 536
370; 291; 1; 2; 542
327; 426; 1; 2; 545
322; 344; 2; 1; 545
350; 368; 1; 2; 546
259; 416; 2; 1; 552
265; 252; 2; 1; 565
334; 344; 1; 2; 571
266; 402; 2; 1; 580
278; 377; 2; 1; 585
371; 253; 1; 2; 598
393; 269; 1; 2; 611
387; 364; 2; 1; 620
392; 289; 1; 2; 628
22
18; 1; 34; 447
16; 1; 42; 1380
17; 1; 29; 2277
7; 1; 1; 3539
12; 1; 40; 4769
11; 1; 39; 5050
6; 1; 8; 6951
13; 1; 40; 7968
9; 1; 37; 9528
20; 1; 3; 10190
21; 1; 6; 10704
8; 1; 46; 13433
3; 1; 45; 14982
10; 1; 17; 21747
0; 1; 13; 21931
2; 1; 41; 22128
15; 1; 44; 25013
14; 1; 32; 30835
5; 1; 23; 31380
19; 1; 5; 31533
1; 1; 4; 32690
4; 1; 31; 32715
