**** 532 ****
98
419; 380; 2; 1; 6
371; 283; 1; 2; 26
269; 311; 2; 1; 41
409; 283; 1; 2; 42
405; 266; 2; 1; 46
416; 270; 1; 2; 48
392; 422; 1; 2; 49
366; 402; 2; 1; 57
413; 250; 1; 2; 58
283; 304; 1; 2; 71
356; 364; 1; 2; 103
376; 321; 2; 1; 114
298; 254; 1; 2; 126
348; 280; 2; 1; 129
246; 321; 2; 1; 138
313; 364; 1; 2; 143
327; 405; 1; 2; 143
283; 287; 2; 1; 147
365; 306; 1; 2; 149
433; 382; 2; 1; 159
312; 345; 1; 2; 186
295; 320; 1; 2; 198
339; 242; 2; 1; 199
301; 335; 2; 1; 217
397; 385; 2; 1; 225
336; 412; 1; 2; 242
421; 300; 1; 2; 242
253; 351; 1; 2; 253
274; 346; 2; 1; 256
263; 249; 1; 2; 280
316; 284; 2; 1; 285
271; 243; 1; 2; 287
429; 429; 2; 1; 297
244; 384; 1; 2; 300
271; 332; 1; 2; 304
335; 323; 2; 1; 305
365; 329; 2; 1; 305
401; 420; 1; 2; 317
416; 406; 2; 1; 324
418; 272; 1; 2; 325
385; 287; 2; 1; 332
383; 290; 1; 2; 337
285; 339; 1; 2; 337
291; 326; 2; 1; 347
257; 244; 2; 1; 358
272; 409; 1; 2; 361
400; 297; 1; 2; 362
378; 319; 1; 2; 362
332; 313; 1; 2; 373
330; 394; 2; 1; 374
354; 299; 2; 1; 378
261; 282; 2; 1; 379
427; 399; 2; 1; 386
378; 320; 2; 1; 388
301; 351; 2; 1; 390
337; 311; 1; 2; 397
285; 248; 2; 1; 401
307; 345; 2; 1; 405
355; 395; 1; 2; 407
298; 407; 2; 1; 414
274; 378; 2; 1; 415
289; 288; 1; 2; 437
382; 390; 1; 2; 440
353; 370; 2; 1; 441
324; 430; 1; 2; 444
423; 286; 2; 1; 446
307; 253; 1; 2; 453
294; 288; 1; 2; 461
363; 312; 1; 2; 465
320; 257; 2; 1; 467
322; 368; 1; 2; 469
394; 311; 1; 2; 469
323; 286; 1; 2; 471
299; 308; 2; 1; 490
260; 392; 2; 1; 491
406; 429; 2; 1; 502
341; 308; 2; 1; 518
366; 370; 1; 2; 521
299; 366; 1; 2; 525
365; 291; 2; 1; 527
357; 431; 2; 1; 528
275; 309; 2; 1; 542
270; 421; 2; 1; 543
296; 362; 2; 1; 545
246; 282; 2; 1; 548
405; 330; 1; 2; 563
321; 324; 2; 1; 567
372; 407; 2; 1; 571
342; 433; 2; 1; 590
412; 393; 2; 1; 592
360; 268; 1; 2; 592
350; 315; 2; 1; 593
404; 412; 2; 1; 597
263; 328; 2; 1; 598
304; 416; 1; 2; 607
307; 346; 2; 1; 614
373; 374; 2; 1; 620
288; 264; 2; 1; 628
22
20; 1; 43; 562
3; 1; 23; 1879
14; 1; 21; 2521
21; 1; 39; 3116
1; 1; 7; 3505
18; 1; 5; 3986
11; 1; 42; 4650
4; 1; 46; 5355
17; 1; 28; 13300
0; 1; 3; 13567
8; 1; 41; 17580
12; 1; 41; 20522
19; 1; 45; 21429
9; 1; 9; 22112
15; 1; 47; 22137
7; 1; 48; 24048
16; 1; 23; 25183
2; 1; 18; 25945
10; 1; 20; 26734
6; 1; 11; 28124
5; 1; 36; 28949
13; 1; 22; 32182
