**** 533 ****
98
264; 296; 2; 1; 1
396; 426; 1; 2; 16
241; 388; 2; 1; 27
394; 243; 1; 2; 32
342; 311; 1; 2; 38
257; 388; 1; 2; 60
264; 406; 1; 2; 65
345; 382; 1; 2; 67
253; 305; 2; 1; 70
285; 373; 2; 1; 73
264; 309; 1; 2; 73
265; 394; 1; 2; 74
404; 302; 1; 2; 82
260; 381; 1; 2; 84
280; 301; 1; 2; 86
330; 399; 2; 1; 94
329; 414; 2; 1; 96
393; 251; 1; 2; 109
322; 252; 1; 2; 110
378; 322; 1; 2; 119
301; 247; 2; 1; 127
370; 244; 1; 2; 157
335; 313; 2; 1; 171
415; 433; 1; 2; 174
404; 349; 1; 2; 175
305; 409; 2; 1; 181
317; 286; 2; 1; 186
244; 296; 1; 2; 187
389; 277; 2; 1; 203
292; 274; 1; 2; 209
288; 397; 1; 2; 209
254; 403; 1; 2; 220
269; 326; 1; 2; 231
354; 372; 2; 1; 234
379; 409; 1; 2; 239
384; 251; 1; 2; 240
413; 299; 2; 1; 241
294; 249; 1; 2; 274
328; 346; 2; 1; 277
262; 246; 2; 1; 277
369; 274; 2; 1; 278
373; 356; 1; 2; 279
260; 411; 1; 2; 280
342; 318; 2; 1; 285
379; 366; 1; 2; 294
426; 367; 1; 2; 297
388; 431; 1; 2; 298
272; 315; 2; 1; 305
425; 358; 2; 1; 322
393; 370; 1; 2; 332
410; 390; 2; 1; 344
362; 266; 1; 2; 347
426; 310; 2; 1; 356
347; 244; 2; 1; 358
280; 327; 1; 2; 362
288; 278; 1; 2; 363
277; 382; 1; 2; 405
271; 355; 2; 1; 409
368; 271; 1; 2; 410
366; 277; 2; 1; 411
350; 289; 1; 2; 423
362; 343; 2; 1; 425
433; 357; 2; 1; 427
334; 303; 2; 1; 439
256; 316; 1; 2; 446
281; 288; 2; 1; 456
264; 340; 2; 1; 460
255; 263; 1; 2; 464
374; 282; 1; 2; 467
356; 280; 2; 1; 469
246; 425; 1; 2; 486
419; 407; 1; 2; 499
338; 249; 2; 1; 515
366; 401; 1; 2; 518
278; 316; 1; 2; 537
277; 402; 1; 2; 539
277; 410; 2; 1; 545
421; 382; 1; 2; 547
393; 397; 1; 2; 547
366; 373; 1; 2; 553
362; 403; 1; 2; 556
374; 354; 2; 1; 566
377; 405; 1; 2; 567
318; 293; 2; 1; 568
320; 415; 2; 1; 572
396; 346; 2; 1; 572
375; 281; 2; 1; 575
266; 398; 1; 2; 584
432; 284; 2; 1; 585
267; 265; 1; 2; 589
395; 381; 2; 1; 601
258; 246; 2; 1; 605
314; 411; 2; 1; 606
381; 254; 2; 1; 608
288; 394; 1; 2; 624
340; 305; 2; 1; 624
387; 352; 2; 1; 625
292; 411; 1; 2; 629
22
6; 1; 20; 484
17; 1; 20; 1287
9; 1; 45; 1372
18; 1; 17; 5861
19; 1; 36; 6855
11; 1; 45; 7006
1; 1; 10; 9386
13; 1; 30; 12177
4; 1; 10; 15278
3; 1; 40; 15390
5; 1; 9; 15791
15; 1; 10; 15838
12; 1; 38; 18689
7; 1; 39; 19558
21; 1; 9; 21355
2; 1; 44; 22763
10; 1; 20; 24664
8; 1; 20; 26499
14; 1; 35; 26541
16; 1; 38; 28190
0; 1; 15; 30781
20; 1; 42; 30841
