**** 534 ****
98
307; 309; 1; 2; 4
332; 326; 1; 2; 10
268; 344; 1; 2; 19
334; 284; 2; 1; 28
332; 403; 2; 1; 30
296; 263; 1; 2; 31
361; 341; 1; 2; 35
312; 404; 2; 1; 36
274; 358; 1; 2; 36
301; 357; 1; 2; 38
419; 382; 2; 1; 41
396; 365; 2; 1; 57
345; 421; 1; 2; 58
417; 278; 2; 1; 65
313; 431; 2; 1; 70
254; 242; 2; 1; 73
379; 305; 1; 2; 87
282; 357; 2; 1; 92
325; 316; 1; 2; 116
267; 308; 1; 2; 132
249; 399; 2; 1; 133
408; 389; 2; 1; 137
406; 375; 2; 1; 142
289; 297; 1; 2; 160
388; 387; 1; 2; 167
416; 241; 2; 1; 170
425; 312; 1; 2; 174
269; 417; 2; 1; 176
335; 384; 2; 1; 181
422; 374; 2; 1; 186
334; 355; 2; 1; 192
339; 407; 2; 1; 196
270; 297; 1; 2; 203
427; 336; 2; 1; 209
386; 275; 1; 2; 211
366; 349; 2; 1; 217
327; 358; 2; 1; 221
246; 350; 1; 2; 223
302; 361; 1; 2; 230
293; 301; 1; 2; 234
411; 409; 1; 2; 236
275; 350; 1; 2; 236
335; 339; 1; 2; 254
321; 284; 2; 1; 263
317; 338; 1; 2; 267
336; 357; 2; 1; 283
405; 329; 2; 1; 284
258; 401; 1; 2; 286
413; 358; 1; 2; 286
369; 245; 1; 2; 288
264; 341; 1; 2; 306
409; 309; 1; 2; 315
321; 293; 2; 1; 316
413; 271; 1; 2; 321
334; 398; 2; 1; 332
346; 417; 1; 2; 352
393; 306; 1; 2; 353
361; 346; 1; 2; 354
415; 323; 2; 1; 357
331; 248; 2; 1; 358
356; 255; 2; 1; 362
375; 410; 2; 1; 367
375; 274; 1; 2; 373
418; 292; 2; 1; 378
295; 290; 2; 1; 381
431; 363; 2; 1; 394
282; 279; 2; 1; 401
273; 392; 1; 2; 402
394; 331; 2; 1; 410
373; 321; 2; 1; 414
362; 285; 2; 1; 417
279; 309; 2; 1; 417
318; 317; 1; 2; 421
292; 306; 1; 2; 430
313; 411; 2; 1; 434
301; 286; 2; 1; 435
333; 274; 1; 2; 435
417; 329; 2; 1; 439
380; 345; 2; 1; 454
337; 264; 1; 2; 469
303; 402; 1; 2; 479
288; 364; 2; 1; 483
385; 297; 2; 1; 502
378; 331; 2; 1; 506
294; 317; 1; 2; 510
302; 276; 1; 2; 511
410; 301; 1; 2; 511
424; 285; 2; 1; 523
427; 333; 2; 1; 523
335; 339; 1; 2; 527
252; 324; 2; 1; 540
245; 407; 1; 2; 542
355; 330; 2; 1; 542
268; 374; 1; 2; 562
255; 331; 1; 2; 566
408; 367; 2; 1; 611
355; 311; 2; 1; 615
308; 428; 2; 1; 625
22
6; 1; 30; 443
17; 1; 13; 1051
3; 1; 44; 1134
7; 1; 35; 1834
11; 1; 30; 3747
14; 1; 26; 7606
19; 1; 43; 7999
21; 1; 10; 8654
1; 1; 30; 10697
8; 1; 10; 12984
5; 1; 35; 13368
18; 1; 28; 13478
0; 1; 47; 17688
15; 1; 15; 19411
13; 1; 21; 21157
2; 1; 49; 22958
4; 1; 42; 23170
12; 1; 5; 24533
16; 1; 15; 24943
10; 1; 44; 27916
9; 1; 4; 29935
20; 1; 12; 31750
