**** 535 ****
98
368; 393; 1; 2; 2
299; 271; 2; 1; 14
259; 250; 2; 1; 15
273; 381; 1; 2; 23
388; 322; 1; 2; 33
361; 381; 1; 2; 47
312; 245; 2; 1; 49
335; 298; 2; 1; 54
325; 252; 1; 2; 61
317; 317; 2; 1; 70
245; 320; 1; 2; 77
307; 404; 2; 1; 84
296; 322; 1; 2; 90
297; 272; 2; 1; 114
408; 343; 1; 2; 116
258; 261; 2; 1; 124
318; 258; 1; 2; 125
419; 368; 1; 2; 125
316; 407; 1; 2; 127
290; 321; 2; 1; 138
429; 270; 1; 2; 145
298; 322; 2; 1; 147
272; 356; 2; 1; 147
310; 299; 2; 1; 150
296; 337; 1; 2; 151
394; 303; 1; 2; 152
407; 280; 1; 2; 162
389; 308; 1; 2; 162
253; 304; 2; 1; 171
409; 319; 2; 1; 179
377; 365; 2; 1; 185
383; 272; 2; 1; 186
296; 397; 2; 1; 210
341; 424; 1; 2; 213
374; 420; 2; 1; 218
350; 354; 1; 2; 226
274; 335; 2; 1; 227
409; 321; 2; 1; 230
357; 366; 1; 2; 233
322; 314; 2; 1; 234
294; 277; 2; 1; 235
380; 348; 1; 2; 240
333; 362; 2; 1; 244
341; 374; 2; 1; 250
292; 392; 2; 1; 252
411; 377; 1; 2; 259
433; 414; 2; 1; 260
397; 332; 1; 2; 260
350; 401; 1; 2; 262
391; 256; 1; 2; 268
334; 242; 2; 1; 284
366; 300; 1; 2; 285
332; 258; 2; 1; 300
393; 388; 1; 2; 306
352; 264; 1; 2; 310
433; 360; 1; 2; 320
314; 370; 2; 1; 324
388; 291; 2; 1; 325
298; 412; 1; 2; 331
355; 340; 2; 1; 334
250; 381; 1; 2; 335
380; 292; 1; 2; 341
341; 373; 1; 2; 342
421; 379; 2; 1; 346
416; 378; 2; 1; 357
306; 266; 2; 1; 359
385; 288; 2; 1; 362
378; 275; 2; 1; 368
252; 309; 1; 2; 371
304; 243; 1; 2; 374
299; 378; 1; 2; 396
374; 276; 2; 1; 428
303; 291; 2; 1; 449
347; 330; 2; 1; 450
347; 351; 1; 2; 451
430; 268; 1; 2; 455
291; 429; 1; 2; 458
276; 333; 1; 2; 466
284; 428; 1; 2; 469
254; 386; 2; 1; 473
263; 274; 1; 2; 485
346; 377; 2; 1; 497
283; 293; 2; 1; 508
279; 340; 2; 1; 510
327; 282; 2; 1; 511
398; 254; 1; 2; 520
395; 273; 1; 2; 525
345; 339; 1; 2; 528
342; 287; 2; 1; 529
390; 283; 2; 1; 532
348; 312; 1; 2; 538
281; 258; 2; 1; 541
373; 390; 1; 2; 544
286; 339; 2; 1; 556
270; 257; 1; 2; 561
296; 431; 1; 2; 562
415; 336; 2; 1; 571
259; 305; 1; 2; 600
22
8; 1; 43; 531
18; 1; 4; 935
11; 1; 7; 7296
10; 1; 1; 7500
3; 1; 49; 7560
21; 1; 48; 8708
7; 1; 5; 8874
1; 1; 30; 9959
14; 1; 15; 10281
17; 1; 11; 12737
5; 1; 46; 15226
0; 1; 23; 15872
19; 1; 6; 17338
15; 1; 26; 18254
13; 1; 23; 25327
4; 1; 9; 25387
6; 1; 30; 25441
12; 1; 39; 25694
2; 1; 24; 25817
20; 1; 6; 30732
9; 1; 43; 33168
16; 1; 17; 33215
