**** 536 ****
98
301; 283; 2; 1; 3
273; 394; 2; 1; 6
337; 272; 2; 1; 7
410; 419; 1; 2; 8
272; 269; 2; 1; 13
335; 337; 1; 2; 32
267; 428; 1; 2; 48
387; 317; 2; 1; 50
257; 413; 2; 1; 54
253; 359; 1; 2; 55
358; 308; 2; 1; 68
316; 342; 1; 2; 69
333; 318; 2; 1; 70
415; 412; 1; 2; 73
355; 388; 1; 2; 75
401; 351; 2; 1; 80
380; 412; 1; 2; 82
299; 376; 2; 1; 125
295; 399; 2; 1; 129
269; 272; 2; 1; 132
417; 242; 2; 1; 132
269; 281; 1; 2; 132
285; 310; 2; 1; 141
275; 373; 1; 2; 143
359; 274; 1; 2; 152
423; 294; 2; 1; 172
419; 261; 2; 1; 172
390; 329; 2; 1; 174
376; 363; 2; 1; 182
425; 369; 1; 2; 192
380; 310; 2; 1; 199
294; 250; 1; 2; 204
353; 401; 1; 2; 207
369; 273; 1; 2; 211
338; 396; 1; 2; 220
401; 398; 2; 1; 221
242; 361; 1; 2; 223
365; 391; 2; 1; 231
325; 290; 2; 1; 239
354; 433; 2; 1; 239
396; 264; 2; 1; 245
341; 371; 1; 2; 248
255; 402; 2; 1; 276
312; 395; 2; 1; 294
379; 430; 2; 1; 297
256; 325; 2; 1; 300
352; 355; 2; 1; 313
389; 292; 1; 2; 316
302; 396; 1; 2; 316
391; 268; 1; 2; 317
313; 379; 1; 2; 322
423; 342; 2; 1; 331
433; 381; 1; 2; 332
373; 380; 2; 1; 341
363; 334; 2; 1; 347
432; 301; 1; 2; 351
309; 420; 1; 2; 358
259; 369; 2; 1; 361
308; 336; 1; 2; 363
274; 386; 2; 1; 363
363; 408; 2; 1; 365
249; 291; 2; 1; 365
272; 432; 2; 1; 406
306; 411; 2; 1; 412
344; 351; 1; 2; 424
412; 348; 2; 1; 425
409; 339; 1; 2; 430
329; 404; 2; 1; 432
301; 397; 1; 2; 433
291; 340; 2; 1; 435
410; 385; 2; 1; 436
256; 371; 1; 2; 439
401; 406; 2; 1; 442
359; 341; 1; 2; 443
309; 428; 2; 1; 453
307; 279; 2; 1; 482
296; 329; 2; 1; 482
344; 329; 1; 2; 486
248; 373; 1; 2; 491
341; 415; 2; 1; 505
405; 396; 2; 1; 510
344; 287; 2; 1; 520
304; 433; 2; 1; 528
428; 273; 1; 2; 528
251; 246; 2; 1; 539
291; 304; 1; 2; 539
427; 418; 1; 2; 539
248; 429; 2; 1; 546
409; 365; 2; 1; 553
339; 358; 1; 2; 563
364; 406; 1; 2; 575
279; 352; 2; 1; 580
403; 333; 1; 2; 590
414; 337; 2; 1; 593
397; 323; 2; 1; 606
339; 278; 1; 2; 624
261; 319; 2; 1; 624
389; 261; 1; 2; 633
22
18; 1; 44; 2651
6; 1; 45; 5195
4; 1; 40; 5903
17; 1; 31; 6161
10; 1; 35; 7252
13; 1; 40; 7313
7; 1; 39; 8813
16; 1; 17; 8970
2; 1; 10; 14693
3; 1; 2; 16972
5; 1; 38; 23144
21; 1; 8; 23184
20; 1; 21; 23358
8; 1; 33; 25593
15; 1; 40; 26487
11; 1; 34; 26642
1; 1; 20; 27887
14; 1; 25; 29320
0; 1; 30; 29483
19; 1; 25; 29821
12; 1; 19; 32326
9; 1; 38; 33541
