**** 537 ****
98
426; 244; 2; 1; 1
312; 274; 1; 2; 6
368; 386; 2; 1; 15
257; 282; 1; 2; 21
248; 349; 1; 2; 25
393; 265; 2; 1; 27
378; 313; 2; 1; 38
431; 262; 1; 2; 40
248; 391; 1; 2; 41
339; 396; 2; 1; 45
331; 332; 1; 2; 58
374; 387; 2; 1; 70
288; 256; 1; 2; 74
253; 245; 2; 1; 81
423; 307; 2; 1; 87
339; 311; 2; 1; 95
427; 326; 1; 2; 106
304; 251; 1; 2; 126
387; 423; 2; 1; 129
396; 409; 1; 2; 134
383; 398; 1; 2; 137
410; 252; 2; 1; 138
387; 360; 2; 1; 143
309; 311; 2; 1; 143
365; 417; 1; 2; 150
370; 279; 2; 1; 159
383; 365; 1; 2; 160
254; 387; 2; 1; 169
429; 358; 1; 2; 174
351; 248; 2; 1; 190
314; 302; 1; 2; 196
296; 274; 2; 1; 201
369; 267; 2; 1; 205
270; 364; 2; 1; 224
290; 246; 2; 1; 230
408; 408; 1; 2; 239
241; 267; 2; 1; 247
395; 304; 1; 2; 249
280; 257; 1; 2; 269
363; 296; 1; 2; 273
399; 291; 2; 1; 275
251; 310; 1; 2; 275
319; 307; 2; 1; 283
421; 253; 1; 2; 285
380; 270; 1; 2; 297
410; 425; 2; 1; 298
362; 281; 2; 1; 301
325; 334; 1; 2; 306
288; 266; 1; 2; 316
426; 282; 2; 1; 317
414; 378; 2; 1; 321
430; 248; 2; 1; 331
321; 399; 2; 1; 336
318; 323; 2; 1; 342
266; 309; 1; 2; 352
245; 309; 1; 2; 354
366; 371; 1; 2; 361
432; 260; 2; 1; 362
261; 369; 1; 2; 362
250; 301; 1; 2; 370
433; 402; 1; 2; 372
273; 278; 1; 2; 377
331; 309; 1; 2; 396
276; 249; 1; 2; 397
423; 259; 2; 1; 414
392; 271; 2; 1; 421
328; 342; 1; 2; 424
297; 421; 2; 1; 443
339; 323; 1; 2; 463
248; 277; 1; 2; 479
352; 360; 1; 2; 485
288; 353; 1; 2; 486
323; 432; 1; 2; 491
356; 301; 1; 2; 492
427; 422; 1; 2; 496
250; 372; 2; 1; 498
336; 423; 2; 1; 506
355; 283; 1; 2; 511
316; 281; 1; 2; 512
407; 323; 2; 1; 522
420; 414; 1; 2; 523
409; 302; 1; 2; 529
329; 247; 1; 2; 535
370; 362; 2; 1; 536
319; 353; 1; 2; 543
319; 360; 2; 1; 549
384; 403; 1; 2; 550
395; 333; 1; 2; 555
408; 361; 1; 2; 560
315; 309; 1; 2; 567
352; 373; 2; 1; 568
288; 389; 2; 1; 575
371; 366; 1; 2; 587
395; 411; 1; 2; 592
249; 387; 2; 1; 594
422; 393; 2; 1; 598
335; 381; 1; 2; 612
322; 308; 1; 2; 635
22
12; 1; 25; 405
11; 1; 39; 4343
17; 1; 17; 4609
0; 1; 47; 5885
15; 1; 36; 5953
2; 1; 26; 9731
19; 1; 30; 9859
9; 1; 4; 12723
1; 1; 28; 13234
8; 1; 47; 15278
7; 1; 22; 18848
4; 1; 41; 19048
5; 1; 34; 22268
16; 1; 18; 23111
3; 1; 24; 24525
21; 1; 23; 28762
20; 1; 6; 28847
18; 1; 27; 29512
6; 1; 27; 30105
13; 1; 43; 30252
14; 1; 20; 31100
10; 1; 29; 32818
