**** 538 ****
98
400; 378; 2; 1; 3
279; 281; 1; 2; 3
301; 349; 2; 1; 4
322; 353; 2; 1; 10
423; 372; 2; 1; 16
417; 418; 2; 1; 29
307; 331; 2; 1; 52
337; 296; 2; 1; 75
290; 350; 2; 1; 77
275; 360; 1; 2; 78
425; 320; 2; 1; 87
424; 432; 1; 2; 88
379; 276; 2; 1; 91
261; 387; 2; 1; 91
368; 357; 1; 2; 93
389; 353; 1; 2; 94
398; 350; 1; 2; 100
333; 246; 1; 2; 103
293; 353; 2; 1; 106
256; 343; 1; 2; 111
433; 258; 1; 2; 121
279; 367; 2; 1; 128
353; 306; 2; 1; 135
323; 376; 2; 1; 136
249; 426; 1; 2; 142
358; 258; 2; 1; 143
344; 405; 1; 2; 152
376; 419; 1; 2; 153
370; 245; 1; 2; 154
314; 323; 2; 1; 167
279; 247; 2; 1; 177
372; 403; 2; 1; 194
354; 373; 2; 1; 198
399; 325; 1; 2; 204
427; 429; 1; 2; 211
348; 370; 1; 2; 224
264; 283; 1; 2; 228
266; 346; 1; 2; 230
252; 415; 2; 1; 245
306; 350; 2; 1; 252
417; 394; 2; 1; 263
409; 313; 2; 1; 270
402; 327; 1; 2; 278
427; 413; 2; 1; 282
280; 397; 2; 1; 286
386; 378; 1; 2; 288
244; 245; 2; 1; 294
406; 295; 1; 2; 301
248; 397; 1; 2; 305
303; 401; 2; 1; 305
405; 418; 1; 2; 308
428; 373; 1; 2; 317
425; 347; 1; 2; 326
348; 279; 1; 2; 327
357; 355; 2; 1; 332
420; 296; 2; 1; 334
298; 418; 1; 2; 336
271; 251; 1; 2; 337
341; 416; 1; 2; 347
392; 282; 1; 2; 352
299; 286; 1; 2; 354
295; 356; 2; 1; 367
376; 323; 2; 1; 398
284; 293; 1; 2; 406
258; 241; 2; 1; 408
404; 405; 1; 2; 412
306; 309; 1; 2; 414
269; 293; 2; 1; 415
262; 422; 1; 2; 426
314; 270; 2; 1; 434
289; 378; 2; 1; 440
262; 310; 1; 2; 440
259; 409; 2; 1; 440
348; 424; 1; 2; 453
423; 264; 2; 1; 476
423; 393; 2; 1; 476
395; 286; 2; 1; 485
270; 382; 1; 2; 488
407; 405; 2; 1; 491
273; 391; 2; 1; 498
350; 362; 2; 1; 514
346; 280; 1; 2; 518
325; 377; 1; 2; 531
424; 291; 2; 1; 536
340; 352; 1; 2; 537
401; 352; 2; 1; 552
310; 392; 1; 2; 555
280; 418; 1; 2; 559
368; 315; 2; 1; 562
312; 357; 1; 2; 585
358; 324; 1; 2; 585
408; 398; 1; 2; 585
307; 347; 1; 2; 587
338; 410; 2; 1; 598
341; 266; 1; 2; 600
337; 305; 2; 1; 603
258; 376; 1; 2; 618
242; 248; 2; 1; 626
22
14; 1; 34; 298
9; 1; 31; 2291
5; 1; 32; 2389
15; 1; 41; 3171
21; 1; 21; 5337
11; 1; 20; 6272
1; 1; 18; 9057
6; 1; 21; 11292
10; 1; 46; 11742
17; 1; 49; 11998
19; 1; 27; 13742
8; 1; 11; 14078
13; 1; 26; 18143
20; 1; 7; 18440
3; 1; 4; 19364
2; 1; 20; 21086
16; 1; 16; 26097
4; 1; 40; 28543
18; 1; 18; 29766
0; 1; 28; 29833
12; 1; 16; 31219
7; 1; 22; 32918
