**** 539 ****
99
319; 299; 2; 1; 6
375; 303; 1; 2; 12
246; 310; 2; 1; 13
308; 280; 1; 2; 19
429; 342; 1; 2; 22
390; 398; 2; 1; 26
336; 249; 1; 2; 35
265; 317; 2; 1; 49
278; 345; 2; 1; 58
342; 377; 1; 2; 61
281; 373; 2; 1; 77
278; 374; 2; 1; 86
305; 407; 2; 1; 87
393; 396; 2; 1; 95
326; 270; 1; 2; 97
302; 431; 1; 2; 98
410; 324; 2; 1; 99
276; 398; 1; 2; 102
272; 296; 1; 2; 103
269; 394; 2; 1; 108
254; 334; 2; 1; 113
261; 269; 2; 1; 113
295; 272; 2; 1; 113
340; 328; 1; 2; 117
311; 339; 2; 1; 126
278; 255; 1; 2; 141
418; 364; 2; 1; 147
418; 256; 1; 2; 152
311; 360; 2; 1; 158
314; 430; 2; 1; 167
295; 259; 1; 2; 194
292; 270; 2; 1; 197
288; 387; 2; 1; 216
383; 353; 1; 2; 220
364; 256; 1; 2; 222
289; 329; 1; 2; 227
398; 419; 2; 1; 229
430; 266; 1; 2; 229
292; 288; 2; 1; 230
274; 329; 2; 1; 237
411; 384; 2; 1; 248
250; 246; 2; 1; 253
353; 369; 1; 2; 257
364; 438; 1; 2; 261
428; 438; 2; 1; 266
346; 379; 1; 2; 274
300; 315; 2; 1; 276
282; 323; 1; 2; 286
362; 388; 1; 2; 291
287; 413; 2; 1; 305
344; 371; 1; 2; 308
320; 250; 1; 2; 309
381; 438; 1; 2; 315
374; 302; 1; 2; 317
295; 263; 1; 2; 319
346; 410; 2; 1; 323
323; 439; 2; 1; 328
374; 394; 2; 1; 334
435; 248; 2; 1; 350
279; 336; 1; 2; 351
415; 310; 2; 1; 354
327; 407; 2; 1; 356
312; 433; 1; 2; 358
365; 406; 1; 2; 370
386; 271; 1; 2; 383
363; 440; 1; 2; 388
302; 335; 1; 2; 394
441; 314; 2; 1; 399
441; 416; 2; 1; 427
342; 286; 1; 2; 427
353; 417; 2; 1; 450
363; 390; 2; 1; 464
269; 286; 2; 1; 469
370; 437; 2; 1; 471
249; 435; 2; 1; 480
339; 341; 2; 1; 483
361; 365; 2; 1; 498
392; 408; 1; 2; 500
338; 248; 2; 1; 507
426; 360; 1; 2; 509
372; 432; 2; 1; 521
253; 348; 1; 2; 525
431; 287; 2; 1; 527
282; 285; 1; 2; 535
355; 331; 1; 2; 540
349; 345; 2; 1; 543
340; 389; 1; 2; 543
289; 340; 2; 1; 545
436; 372; 2; 1; 545
335; 337; 2; 1; 555
315; 326; 1; 2; 563
351; 291; 2; 1; 569
292; 381; 1; 2; 599
359; 441; 1; 2; 602
354; 333; 1; 2; 607
426; 281; 1; 2; 614
350; 341; 2; 1; 625
399; 271; 2; 1; 627
284; 362; 2; 1; 631
22
11; 1; 21; 2412
4; 1; 24; 3997
1; 1; 28; 4680
19; 1; 38; 4813
16; 1; 39; 5026
9; 1; 16; 5552
5; 1; 19; 6219
7; 1; 41; 6416
3; 1; 34; 9049
13; 1; 8; 9133
15; 1; 24; 9976
18; 1; 1; 11887
10; 1; 47; 12813
17; 1; 40; 17406
12; 1; 16; 19549
20; 1; 10; 22329
8; 1; 18; 22692
0; 1; 41; 23940
2; 1; 9; 24173
14; 1; 22; 24924
6; 1; 49; 26278
21; 1; 21; 28316
