**** 54 ****
54
39; 35; 2; 1; 15
38; 46; 1; 2; 17
78; 45; 1; 2; 17
54; 58; 2; 1; 18
35; 40; 1; 2; 20
62; 51; 2; 1; 20
57; 30; 2; 1; 22
67; 75; 2; 1; 24
22; 43; 2; 1; 26
67; 37; 1; 2; 33
32; 57; 2; 1; 34
48; 42; 2; 1; 35
53; 81; 2; 1; 39
78; 67; 2; 1; 44
25; 64; 1; 2; 44
71; 56; 1; 2; 47
31; 72; 1; 2; 50
56; 79; 1; 2; 55
56; 23; 1; 2; 56
67; 71; 2; 1; 59
60; 34; 1; 2; 69
67; 21; 1; 2; 70
41; 74; 2; 1; 73
80; 25; 2; 1; 74
24; 77; 1; 2; 76
62; 64; 2; 1; 81
28; 28; 2; 1; 82
42; 30; 2; 1; 83
78; 38; 1; 2; 84
79; 65; 2; 1; 87
56; 81; 1; 2; 87
41; 63; 2; 1; 94
53; 72; 1; 2; 95
73; 52; 1; 2; 98
52; 63; 1; 2; 105
57; 51; 2; 1; 113
38; 73; 2; 1; 113
42; 37; 1; 2; 114
61; 24; 2; 1; 114
66; 74; 1; 2; 115
75; 44; 1; 2; 118
59; 81; 1; 2; 119
35; 70; 1; 2; 119
64; 42; 1; 2; 120
29; 28; 2; 1; 121
71; 38; 1; 2; 127
47; 30; 1; 2; 127
23; 28; 2; 1; 130
74; 78; 1; 2; 130
78; 58; 2; 1; 135
58; 48; 2; 1; 137
46; 21; 1; 2; 139
28; 45; 1; 2; 141
24; 63; 2; 1; 145
13
11; 1; 12; 112
5; 1; 47; 184
6; 1; 32; 732
1; 1; 8; 1050
4; 1; 6; 1061
9; 1; 32; 1113
12; 1; 26; 1356
10; 1; 3; 1394
0; 1; 39; 1499
7; 1; 2; 1579
8; 1; 7; 1606
2; 1; 9; 2506
3; 1; 14; 2516
