**** 540 ****
99
311; 383; 2; 1; 6
285; 378; 2; 1; 12
418; 332; 2; 1; 16
377; 399; 1; 2; 16
273; 345; 2; 1; 18
323; 295; 2; 1; 22
289; 419; 1; 2; 30
380; 315; 1; 2; 30
440; 289; 1; 2; 32
421; 251; 1; 2; 33
350; 376; 1; 2; 35
389; 302; 2; 1; 43
367; 338; 1; 2; 47
286; 248; 1; 2; 52
261; 340; 1; 2; 55
362; 373; 1; 2; 61
323; 398; 1; 2; 79
309; 273; 1; 2; 82
440; 323; 1; 2; 94
434; 338; 1; 2; 95
370; 429; 1; 2; 97
365; 388; 2; 1; 99
278; 253; 2; 1; 128
339; 367; 1; 2; 134
431; 314; 2; 1; 139
313; 383; 1; 2; 141
256; 331; 1; 2; 158
285; 378; 1; 2; 169
370; 374; 2; 1; 169
312; 289; 1; 2; 185
362; 346; 1; 2; 192
310; 388; 2; 1; 193
350; 247; 1; 2; 195
279; 399; 1; 2; 195
349; 429; 2; 1; 200
300; 285; 2; 1; 219
353; 318; 1; 2; 225
430; 286; 1; 2; 236
436; 351; 1; 2; 241
267; 375; 1; 2; 243
274; 324; 2; 1; 247
387; 403; 2; 1; 248
310; 396; 1; 2; 250
402; 385; 2; 1; 253
385; 308; 1; 2; 253
267; 378; 2; 1; 287
273; 408; 1; 2; 301
383; 400; 2; 1; 310
303; 284; 2; 1; 319
292; 414; 1; 2; 319
398; 435; 2; 1; 325
270; 396; 1; 2; 326
429; 259; 2; 1; 331
410; 345; 1; 2; 332
305; 255; 2; 1; 335
325; 333; 2; 1; 343
260; 323; 2; 1; 346
347; 400; 1; 2; 347
427; 414; 2; 1; 354
253; 423; 1; 2; 362
323; 419; 1; 2; 379
331; 332; 1; 2; 383
395; 300; 2; 1; 383
351; 303; 1; 2; 396
251; 421; 1; 2; 397
384; 328; 2; 1; 426
420; 323; 2; 1; 437
256; 348; 1; 2; 442
347; 431; 1; 2; 444
289; 270; 1; 2; 467
425; 380; 2; 1; 475
355; 339; 2; 1; 477
382; 401; 2; 1; 484
374; 378; 1; 2; 488
330; 349; 1; 2; 489
382; 254; 1; 2; 505
331; 319; 2; 1; 505
248; 273; 2; 1; 506
278; 434; 2; 1; 507
425; 291; 2; 1; 518
270; 277; 1; 2; 523
337; 307; 2; 1; 524
358; 282; 1; 2; 524
330; 247; 2; 1; 530
273; 432; 1; 2; 537
349; 325; 1; 2; 538
276; 378; 1; 2; 538
307; 400; 2; 1; 572
259; 423; 1; 2; 572
278; 310; 1; 2; 579
364; 274; 1; 2; 584
418; 363; 1; 2; 598
371; 300; 1; 2; 598
385; 371; 2; 1; 599
419; 334; 1; 2; 603
429; 315; 1; 2; 603
412; 371; 1; 2; 621
432; 300; 1; 2; 622
360; 410; 1; 2; 627
22
2; 1; 46; 246
13; 1; 12; 3839
9; 1; 34; 4393
10; 1; 12; 4489
17; 1; 10; 6383
14; 1; 41; 8477
1; 1; 46; 9650
21; 1; 10; 11371
20; 1; 30; 17483
3; 1; 33; 18481
7; 1; 10; 20895
4; 1; 37; 21797
0; 1; 21; 24320
8; 1; 20; 24965
16; 1; 5; 26403
19; 1; 10; 27083
5; 1; 5; 27538
6; 1; 35; 30250
11; 1; 5; 31039
15; 1; 12; 31129
18; 1; 4; 31264
12; 1; 9; 33946
