**** 541 ****
99
345; 405; 2; 1; 9
422; 351; 2; 1; 11
431; 345; 1; 2; 12
435; 290; 2; 1; 14
311; 310; 2; 1; 21
347; 324; 1; 2; 29
248; 398; 1; 2; 38
386; 246; 1; 2; 45
351; 315; 2; 1; 49
276; 316; 1; 2; 53
331; 349; 2; 1; 64
396; 397; 2; 1; 64
321; 337; 2; 1; 69
352; 317; 1; 2; 73
342; 311; 2; 1; 107
427; 342; 2; 1; 121
355; 354; 1; 2; 143
249; 322; 1; 2; 147
318; 435; 1; 2; 150
396; 437; 1; 2; 150
277; 270; 2; 1; 175
372; 287; 2; 1; 177
324; 273; 2; 1; 181
360; 420; 2; 1; 184
364; 385; 1; 2; 191
309; 391; 2; 1; 194
370; 368; 2; 1; 196
361; 303; 2; 1; 201
425; 339; 2; 1; 203
266; 286; 1; 2; 203
306; 309; 2; 1; 204
291; 361; 2; 1; 208
386; 263; 2; 1; 214
359; 331; 2; 1; 222
390; 285; 1; 2; 226
399; 304; 1; 2; 232
332; 312; 2; 1; 233
296; 265; 1; 2; 240
375; 404; 1; 2; 246
328; 375; 2; 1; 251
264; 283; 1; 2; 253
246; 290; 2; 1; 261
364; 352; 1; 2; 269
319; 253; 1; 2; 274
270; 284; 1; 2; 275
420; 263; 1; 2; 280
346; 312; 2; 1; 284
411; 285; 2; 1; 309
343; 372; 2; 1; 323
399; 340; 1; 2; 339
428; 354; 1; 2; 342
374; 432; 1; 2; 350
369; 300; 1; 2; 357
315; 293; 2; 1; 362
352; 277; 2; 1; 363
322; 323; 2; 1; 366
318; 289; 1; 2; 369
346; 357; 1; 2; 371
316; 255; 1; 2; 371
267; 275; 2; 1; 372
369; 247; 1; 2; 387
378; 415; 1; 2; 387
337; 402; 1; 2; 394
331; 316; 2; 1; 404
254; 403; 2; 1; 410
372; 375; 2; 1; 412
246; 362; 1; 2; 424
322; 323; 2; 1; 439
319; 412; 2; 1; 449
340; 283; 1; 2; 451
384; 398; 1; 2; 452
399; 370; 2; 1; 461
336; 308; 2; 1; 463
318; 332; 1; 2; 467
400; 283; 2; 1; 478
387; 286; 2; 1; 479
296; 279; 2; 1; 482
275; 247; 2; 1; 488
403; 344; 2; 1; 493
361; 311; 2; 1; 498
272; 278; 1; 2; 501
309; 385; 2; 1; 509
315; 261; 1; 2; 511
405; 412; 1; 2; 524
283; 347; 2; 1; 527
284; 370; 1; 2; 528
250; 407; 2; 1; 533
348; 336; 1; 2; 540
257; 307; 2; 1; 568
290; 350; 2; 1; 574
283; 257; 2; 1; 574
260; 394; 2; 1; 580
398; 423; 1; 2; 590
269; 275; 1; 2; 608
262; 379; 1; 2; 615
412; 268; 2; 1; 616
332; 277; 2; 1; 622
308; 342; 1; 2; 635
294; 390; 2; 1; 636
22
20; 1; 26; 1309
15; 1; 45; 2818
2; 1; 26; 6906
17; 1; 49; 7056
19; 1; 25; 11697
1; 1; 40; 12840
6; 1; 48; 13440
5; 1; 10; 17643
0; 1; 36; 18020
12; 1; 20; 19190
3; 1; 27; 19446
14; 1; 49; 21125
16; 1; 34; 21342
21; 1; 7; 21430
7; 1; 17; 22633
10; 1; 13; 23694
9; 1; 32; 24149
4; 1; 8; 24539
8; 1; 41; 26173
18; 1; 30; 27094
11; 1; 4; 32770
13; 1; 17; 33571
