**** 542 ****
99
421; 344; 1; 2; 30
397; 357; 2; 1; 47
410; 268; 2; 1; 50
435; 310; 1; 2; 54
425; 266; 2; 1; 59
298; 299; 1; 2; 64
382; 376; 1; 2; 68
248; 371; 1; 2; 72
425; 350; 1; 2; 78
310; 385; 2; 1; 80
285; 369; 2; 1; 88
416; 300; 1; 2; 95
258; 365; 2; 1; 98
387; 250; 2; 1; 112
333; 254; 2; 1; 122
363; 340; 1; 2; 128
270; 250; 2; 1; 128
285; 289; 2; 1; 131
352; 326; 2; 1; 134
390; 288; 1; 2; 154
256; 349; 1; 2; 155
379; 408; 1; 2; 157
249; 270; 2; 1; 159
287; 401; 1; 2; 168
367; 424; 2; 1; 172
323; 273; 2; 1; 187
276; 315; 1; 2; 194
328; 272; 1; 2; 198
385; 418; 2; 1; 198
340; 388; 1; 2; 198
351; 270; 1; 2; 203
439; 417; 1; 2; 210
422; 404; 1; 2; 211
401; 280; 1; 2; 221
255; 261; 2; 1; 226
317; 420; 2; 1; 233
329; 419; 1; 2; 240
374; 256; 2; 1; 265
436; 259; 1; 2; 267
354; 308; 1; 2; 273
299; 343; 2; 1; 274
303; 286; 1; 2; 281
315; 421; 2; 1; 281
305; 366; 1; 2; 287
289; 363; 1; 2; 289
258; 335; 1; 2; 294
356; 281; 2; 1; 295
437; 257; 1; 2; 300
255; 251; 2; 1; 309
403; 275; 1; 2; 310
270; 351; 1; 2; 311
289; 384; 1; 2; 314
346; 271; 2; 1; 322
259; 414; 1; 2; 328
385; 383; 2; 1; 330
375; 303; 1; 2; 332
279; 385; 2; 1; 361
270; 373; 1; 2; 376
385; 439; 2; 1; 380
326; 324; 1; 2; 395
253; 377; 2; 1; 395
252; 252; 2; 1; 398
376; 394; 2; 1; 405
393; 286; 1; 2; 406
429; 331; 2; 1; 419
410; 286; 2; 1; 419
424; 353; 1; 2; 421
413; 400; 1; 2; 428
354; 254; 2; 1; 430
291; 426; 1; 2; 433
381; 341; 2; 1; 435
247; 405; 1; 2; 442
437; 269; 1; 2; 446
364; 385; 1; 2; 455
373; 291; 1; 2; 468
420; 382; 1; 2; 481
285; 395; 1; 2; 482
259; 362; 2; 1; 484
247; 384; 1; 2; 486
297; 348; 1; 2; 490
345; 396; 2; 1; 499
368; 326; 1; 2; 533
298; 263; 2; 1; 535
247; 412; 2; 1; 550
317; 340; 2; 1; 554
259; 339; 1; 2; 560
267; 399; 2; 1; 564
425; 362; 2; 1; 569
285; 283; 2; 1; 578
400; 390; 1; 2; 584
255; 355; 2; 1; 591
378; 306; 2; 1; 598
304; 266; 2; 1; 610
277; 339; 1; 2; 617
309; 417; 2; 1; 620
407; 295; 1; 2; 622
404; 256; 2; 1; 633
272; 264; 2; 1; 636
338; 400; 2; 1; 637
22
11; 1; 27; 857
2; 1; 21; 1374
9; 1; 48; 2266
0; 1; 32; 3274
6; 1; 2; 4839
17; 1; 12; 7719
3; 1; 36; 7736
8; 1; 35; 8443
16; 1; 21; 10024
13; 1; 24; 10445
7; 1; 14; 12745
20; 1; 14; 13901
12; 1; 23; 16006
18; 1; 34; 16058
15; 1; 18; 18809
19; 1; 30; 21399
5; 1; 34; 23291
10; 1; 30; 25322
21; 1; 34; 25744
1; 1; 11; 28657
4; 1; 21; 30587
14; 1; 26; 33240
