**** 543 ****
99
361; 252; 2; 1; 5
378; 269; 2; 1; 6
345; 433; 1; 2; 8
277; 417; 2; 1; 17
260; 307; 2; 1; 24
374; 288; 1; 2; 30
290; 248; 1; 2; 31
403; 337; 2; 1; 32
251; 389; 1; 2; 33
378; 404; 2; 1; 35
431; 413; 2; 1; 41
363; 354; 2; 1; 44
377; 379; 2; 1; 52
310; 402; 1; 2; 59
340; 395; 2; 1; 61
303; 415; 2; 1; 63
264; 303; 1; 2; 68
350; 271; 1; 2; 72
390; 285; 1; 2; 78
355; 298; 1; 2; 79
425; 435; 1; 2; 80
249; 307; 2; 1; 87
355; 393; 1; 2; 92
282; 423; 2; 1; 126
411; 436; 2; 1; 133
249; 314; 1; 2; 138
374; 346; 2; 1; 148
283; 342; 2; 1; 149
270; 394; 2; 1; 155
268; 283; 2; 1; 161
358; 315; 1; 2; 199
394; 366; 1; 2; 200
297; 393; 2; 1; 207
410; 264; 2; 1; 216
269; 329; 2; 1; 218
397; 358; 2; 1; 220
256; 365; 1; 2; 236
281; 381; 2; 1; 243
408; 359; 2; 1; 244
254; 362; 1; 2; 255
282; 331; 1; 2; 274
265; 414; 1; 2; 283
268; 293; 1; 2; 294
247; 439; 2; 1; 297
251; 364; 2; 1; 310
302; 269; 1; 2; 319
304; 413; 2; 1; 323
396; 353; 1; 2; 324
386; 279; 1; 2; 328
331; 251; 2; 1; 337
429; 392; 1; 2; 341
369; 372; 1; 2; 354
263; 318; 2; 1; 354
257; 312; 2; 1; 373
439; 423; 2; 1; 380
346; 250; 2; 1; 386
406; 422; 2; 1; 388
384; 426; 2; 1; 399
321; 307; 2; 1; 401
330; 251; 2; 1; 426
321; 341; 1; 2; 430
376; 321; 2; 1; 450
264; 361; 1; 2; 457
289; 252; 1; 2; 457
294; 437; 2; 1; 461
246; 338; 2; 1; 476
301; 361; 1; 2; 486
322; 432; 1; 2; 487
289; 302; 2; 1; 494
381; 422; 2; 1; 497
393; 386; 1; 2; 500
381; 440; 2; 1; 502
279; 246; 2; 1; 512
315; 259; 2; 1; 512
271; 406; 1; 2; 514
309; 246; 1; 2; 516
363; 361; 1; 2; 516
311; 328; 1; 2; 529
431; 294; 2; 1; 537
393; 367; 1; 2; 540
330; 344; 1; 2; 544
316; 351; 1; 2; 547
293; 312; 2; 1; 553
265; 316; 2; 1; 558
378; 311; 1; 2; 561
278; 385; 1; 2; 577
371; 353; 2; 1; 581
288; 273; 2; 1; 584
426; 301; 2; 1; 598
279; 407; 2; 1; 599
357; 260; 1; 2; 604
359; 250; 2; 1; 605
435; 351; 2; 1; 610
388; 368; 1; 2; 616
276; 313; 1; 2; 617
396; 427; 1; 2; 621
261; 426; 1; 2; 628
350; 327; 1; 2; 637
311; 251; 1; 2; 640
22
8; 1; 34; 978
7; 1; 1; 1685
21; 1; 44; 2930
17; 1; 27; 3476
6; 1; 27; 4655
2; 1; 11; 9726
11; 1; 7; 10431
0; 1; 24; 10825
16; 1; 8; 14793
10; 1; 18; 16024
3; 1; 37; 17620
18; 1; 29; 20056
9; 1; 31; 20272
4; 1; 22; 23295
5; 1; 18; 23330
19; 1; 11; 23665
14; 1; 47; 24439
15; 1; 33; 28427
12; 1; 41; 28664
13; 1; 32; 30934
20; 1; 21; 31094
1; 1; 40; 32648
