**** 544 ****
99
357; 380; 1; 2; 5
275; 435; 1; 2; 5
402; 426; 1; 2; 23
303; 261; 1; 2; 28
325; 256; 1; 2; 30
423; 361; 1; 2; 37
357; 414; 1; 2; 49
364; 408; 2; 1; 50
264; 393; 1; 2; 54
297; 352; 1; 2; 54
364; 250; 2; 1; 58
421; 432; 1; 2; 60
397; 284; 2; 1; 70
256; 408; 2; 1; 76
401; 395; 1; 2; 88
383; 280; 2; 1; 93
361; 350; 1; 2; 103
395; 254; 2; 1; 108
391; 353; 1; 2; 110
331; 376; 1; 2; 116
436; 263; 2; 1; 118
391; 283; 1; 2; 145
358; 346; 1; 2; 158
354; 313; 2; 1; 164
274; 421; 2; 1; 179
438; 406; 1; 2; 182
363; 288; 1; 2; 183
275; 434; 1; 2; 193
281; 343; 1; 2; 201
317; 351; 1; 2; 202
395; 417; 2; 1; 214
374; 388; 1; 2; 222
436; 381; 1; 2; 228
273; 306; 2; 1; 231
292; 326; 1; 2; 234
375; 260; 2; 1; 238
361; 333; 1; 2; 244
290; 403; 2; 1; 246
322; 307; 2; 1; 247
328; 382; 2; 1; 251
257; 256; 1; 2; 251
398; 342; 1; 2; 260
438; 290; 2; 1; 260
268; 252; 1; 2; 271
247; 273; 1; 2; 285
368; 256; 1; 2; 286
435; 309; 1; 2; 297
409; 296; 1; 2; 318
441; 428; 1; 2; 328
365; 441; 2; 1; 351
246; 373; 1; 2; 357
405; 288; 1; 2; 367
396; 271; 1; 2; 384
272; 297; 1; 2; 400
345; 286; 1; 2; 406
314; 433; 1; 2; 418
344; 323; 2; 1; 418
335; 388; 2; 1; 429
327; 381; 2; 1; 432
314; 363; 2; 1; 436
382; 394; 1; 2; 441
339; 376; 2; 1; 445
369; 394; 2; 1; 451
298; 428; 2; 1; 453
397; 421; 2; 1; 456
325; 246; 1; 2; 458
277; 426; 2; 1; 471
300; 419; 2; 1; 478
382; 374; 2; 1; 483
436; 265; 2; 1; 483
290; 404; 2; 1; 484
363; 424; 1; 2; 489
342; 363; 1; 2; 489
404; 292; 1; 2; 490
256; 255; 2; 1; 512
314; 425; 2; 1; 517
369; 439; 1; 2; 517
282; 286; 2; 1; 523
356; 401; 1; 2; 536
351; 354; 1; 2; 537
401; 437; 1; 2; 538
334; 308; 2; 1; 542
273; 392; 2; 1; 549
281; 313; 2; 1; 557
346; 376; 2; 1; 567
288; 373; 1; 2; 568
304; 345; 1; 2; 569
317; 440; 1; 2; 570
400; 416; 2; 1; 591
251; 257; 1; 2; 598
397; 403; 1; 2; 603
300; 399; 1; 2; 605
426; 267; 1; 2; 611
435; 261; 2; 1; 618
324; 288; 1; 2; 619
318; 279; 2; 1; 620
254; 407; 2; 1; 622
370; 369; 2; 1; 626
312; 367; 2; 1; 636
22
14; 1; 29; 936
18; 1; 36; 1056
4; 1; 35; 2643
16; 1; 45; 3152
10; 1; 11; 4037
20; 1; 20; 5435
15; 1; 2; 5951
5; 1; 31; 6477
2; 1; 15; 8966
21; 1; 37; 13589
17; 1; 40; 15130
6; 1; 23; 16450
9; 1; 41; 18504
19; 1; 38; 21802
12; 1; 7; 23902
0; 1; 7; 24666
3; 1; 8; 25522
7; 1; 19; 26203
8; 1; 4; 29384
13; 1; 13; 29494
11; 1; 38; 31453
1; 1; 31; 31823
