**** 545 ****
99
362; 361; 1; 2; 1
396; 385; 1; 2; 2
414; 250; 1; 2; 9
284; 388; 2; 1; 11
264; 264; 2; 1; 18
379; 358; 1; 2; 19
309; 376; 2; 1; 29
252; 366; 2; 1; 31
266; 359; 2; 1; 39
306; 437; 1; 2; 43
318; 280; 1; 2; 44
300; 262; 2; 1; 46
393; 329; 2; 1; 52
277; 305; 1; 2; 58
263; 265; 2; 1; 60
370; 296; 2; 1; 65
381; 297; 1; 2; 77
287; 326; 1; 2; 85
402; 268; 1; 2; 85
257; 345; 1; 2; 94
389; 272; 2; 1; 98
382; 411; 1; 2; 105
352; 377; 1; 2; 109
441; 409; 1; 2; 114
334; 273; 1; 2; 128
318; 441; 2; 1; 137
378; 266; 2; 1; 138
305; 435; 2; 1; 141
315; 295; 2; 1; 146
373; 419; 1; 2; 155
383; 325; 2; 1; 157
434; 375; 2; 1; 164
308; 342; 1; 2; 166
333; 249; 1; 2; 172
347; 313; 1; 2; 199
330; 393; 1; 2; 213
414; 343; 2; 1; 216
429; 273; 1; 2; 218
275; 253; 1; 2; 227
409; 395; 1; 2; 248
367; 269; 1; 2; 250
344; 439; 2; 1; 253
370; 421; 2; 1; 258
305; 260; 1; 2; 261
275; 322; 2; 1; 271
352; 266; 1; 2; 272
438; 335; 2; 1; 273
358; 336; 1; 2; 290
253; 378; 1; 2; 291
321; 415; 1; 2; 301
418; 341; 1; 2; 307
348; 292; 1; 2; 324
322; 261; 2; 1; 327
393; 307; 1; 2; 354
321; 378; 2; 1; 357
252; 281; 2; 1; 365
427; 382; 1; 2; 368
313; 430; 2; 1; 377
389; 285; 2; 1; 378
357; 375; 1; 2; 394
369; 300; 2; 1; 402
328; 441; 1; 2; 402
382; 299; 1; 2; 402
338; 404; 1; 2; 406
246; 437; 1; 2; 409
329; 319; 1; 2; 413
281; 410; 2; 1; 414
337; 284; 1; 2; 430
404; 300; 2; 1; 432
440; 436; 2; 1; 433
345; 345; 1; 2; 440
359; 286; 2; 1; 444
285; 263; 2; 1; 445
332; 353; 2; 1; 452
312; 292; 1; 2; 459
381; 391; 1; 2; 468
258; 423; 1; 2; 469
369; 330; 2; 1; 483
282; 394; 1; 2; 489
399; 367; 1; 2; 501
289; 307; 1; 2; 512
285; 384; 1; 2; 513
250; 350; 2; 1; 514
435; 385; 2; 1; 516
409; 262; 1; 2; 516
403; 394; 1; 2; 518
312; 306; 2; 1; 520
249; 402; 2; 1; 545
382; 410; 2; 1; 550
361; 269; 1; 2; 552
286; 312; 1; 2; 559
342; 262; 2; 1; 562
298; 259; 2; 1; 572
426; 298; 2; 1; 606
304; 310; 2; 1; 607
375; 368; 1; 2; 610
341; 302; 2; 1; 616
430; 259; 2; 1; 628
315; 438; 2; 1; 643
22
0; 1; 38; 2498
11; 1; 45; 3468
14; 1; 3; 4135
3; 1; 3; 6651
2; 1; 28; 7760
9; 1; 43; 7790
18; 1; 48; 8818
19; 1; 17; 10403
5; 1; 1; 11409
13; 1; 39; 11997
17; 1; 4; 12086
1; 1; 4; 13214
8; 1; 1; 13837
6; 1; 21; 19327
12; 1; 37; 22573
21; 1; 9; 25451
4; 1; 39; 26130
10; 1; 42; 27301
15; 1; 3; 30430
7; 1; 11; 31517
20; 1; 44; 32688
16; 1; 41; 33658
