**** 546 ****
99
352; 324; 2; 1; 5
363; 385; 2; 1; 10
257; 423; 2; 1; 10
388; 289; 2; 1; 15
373; 256; 2; 1; 28
397; 305; 1; 2; 44
424; 324; 2; 1; 53
415; 424; 1; 2; 55
304; 390; 2; 1; 63
362; 365; 2; 1; 69
350; 314; 1; 2; 70
258; 292; 1; 2; 73
269; 288; 1; 2; 78
254; 331; 1; 2; 87
440; 436; 1; 2; 97
266; 434; 2; 1; 107
304; 296; 2; 1; 110
288; 398; 2; 1; 114
318; 254; 2; 1; 117
289; 431; 1; 2; 119
299; 312; 2; 1; 128
415; 435; 1; 2; 129
272; 300; 2; 1; 131
396; 435; 1; 2; 141
371; 373; 1; 2; 144
357; 246; 2; 1; 152
408; 437; 2; 1; 155
313; 309; 2; 1; 158
340; 393; 1; 2; 162
272; 261; 2; 1; 174
390; 370; 2; 1; 182
294; 273; 1; 2; 191
431; 274; 1; 2; 199
345; 250; 1; 2; 203
434; 279; 1; 2; 207
413; 398; 2; 1; 212
281; 369; 1; 2; 215
321; 411; 1; 2; 220
402; 403; 2; 1; 231
425; 341; 2; 1; 245
426; 356; 1; 2; 251
324; 265; 1; 2; 272
356; 414; 2; 1; 273
338; 259; 2; 1; 281
369; 412; 2; 1; 295
325; 377; 1; 2; 302
291; 397; 2; 1; 307
306; 441; 1; 2; 315
338; 375; 1; 2; 339
373; 360; 1; 2; 343
350; 419; 2; 1; 352
390; 377; 2; 1; 368
419; 376; 1; 2; 384
395; 365; 2; 1; 385
311; 248; 2; 1; 393
427; 390; 1; 2; 400
439; 352; 1; 2; 410
348; 391; 2; 1; 411
410; 360; 2; 1; 423
345; 278; 2; 1; 437
382; 405; 2; 1; 439
292; 441; 2; 1; 439
260; 290; 1; 2; 442
264; 402; 2; 1; 455
285; 427; 2; 1; 465
273; 295; 1; 2; 473
439; 287; 2; 1; 480
416; 288; 1; 2; 484
405; 284; 1; 2; 486
406; 389; 2; 1; 488
311; 346; 2; 1; 491
329; 360; 2; 1; 492
268; 406; 1; 2; 501
402; 285; 1; 2; 505
364; 385; 1; 2; 505
393; 378; 1; 2; 507
325; 409; 1; 2; 509
373; 435; 1; 2; 511
286; 355; 1; 2; 514
294; 404; 2; 1; 515
362; 339; 2; 1; 517
259; 299; 2; 1; 536
275; 260; 1; 2; 540
435; 263; 2; 1; 542
380; 393; 2; 1; 558
247; 392; 1; 2; 569
296; 345; 1; 2; 572
337; 422; 2; 1; 577
297; 302; 2; 1; 581
345; 285; 2; 1; 585
419; 292; 1; 2; 586
273; 397; 1; 2; 588
358; 362; 2; 1; 591
407; 276; 2; 1; 592
265; 404; 2; 1; 605
364; 408; 2; 1; 618
358; 325; 1; 2; 620
379; 374; 1; 2; 636
302; 389; 2; 1; 639
22
14; 1; 47; 353
8; 1; 2; 579
16; 1; 23; 6729
13; 1; 1; 9805
0; 1; 28; 10744
20; 1; 21; 11063
6; 1; 17; 11799
10; 1; 41; 13482
4; 1; 44; 13984
21; 1; 29; 14068
17; 1; 49; 14682
9; 1; 18; 15701
2; 1; 17; 16187
7; 1; 30; 16477
3; 1; 5; 19487
5; 1; 30; 20958
11; 1; 11; 22486
19; 1; 1; 23086
12; 1; 8; 23547
15; 1; 49; 30043
1; 1; 28; 31130
18; 1; 16; 34093
