**** 547 ****
99
415; 439; 1; 2; 11
346; 251; 1; 2; 23
254; 420; 1; 2; 30
275; 329; 2; 1; 38
417; 432; 2; 1; 46
292; 250; 2; 1; 53
406; 395; 2; 1; 54
340; 432; 1; 2; 63
266; 326; 2; 1; 65
251; 272; 1; 2; 81
308; 427; 1; 2; 86
341; 424; 1; 2; 97
333; 417; 1; 2; 97
402; 353; 2; 1; 108
272; 246; 2; 1; 109
338; 364; 2; 1; 117
307; 303; 1; 2; 118
384; 350; 2; 1; 120
285; 424; 2; 1; 123
412; 396; 1; 2; 130
380; 309; 2; 1; 132
371; 250; 1; 2; 137
432; 346; 1; 2; 142
296; 363; 1; 2; 146
352; 262; 2; 1; 152
307; 406; 1; 2; 164
368; 436; 1; 2; 179
335; 288; 1; 2; 183
266; 383; 1; 2; 184
252; 312; 2; 1; 194
337; 395; 1; 2; 195
298; 342; 1; 2; 200
315; 438; 1; 2; 213
369; 336; 1; 2; 229
394; 440; 2; 1; 242
275; 302; 2; 1; 248
322; 333; 2; 1; 256
258; 411; 1; 2; 261
395; 379; 2; 1; 263
364; 247; 2; 1; 269
251; 358; 1; 2; 282
412; 288; 2; 1; 285
403; 441; 1; 2; 310
375; 332; 1; 2; 310
358; 418; 1; 2; 319
334; 335; 1; 2; 320
313; 309; 2; 1; 322
296; 317; 2; 1; 326
382; 364; 1; 2; 330
392; 380; 1; 2; 331
429; 258; 2; 1; 334
270; 253; 2; 1; 335
295; 385; 2; 1; 340
434; 437; 1; 2; 345
436; 439; 2; 1; 347
286; 404; 1; 2; 350
397; 319; 1; 2; 351
346; 302; 1; 2; 371
339; 404; 1; 2; 371
330; 304; 1; 2; 387
368; 292; 1; 2; 392
424; 256; 1; 2; 393
292; 399; 1; 2; 394
352; 334; 2; 1; 394
369; 355; 1; 2; 395
260; 434; 1; 2; 400
288; 417; 1; 2; 409
421; 315; 2; 1; 410
356; 392; 1; 2; 419
291; 355; 2; 1; 423
392; 305; 1; 2; 444
336; 310; 2; 1; 444
316; 247; 1; 2; 446
283; 294; 2; 1; 449
411; 325; 2; 1; 457
392; 259; 1; 2; 462
378; 278; 2; 1; 463
396; 248; 1; 2; 468
252; 405; 1; 2; 470
414; 292; 1; 2; 472
413; 428; 2; 1; 479
430; 372; 1; 2; 481
297; 267; 1; 2; 489
283; 427; 2; 1; 497
407; 322; 2; 1; 507
255; 424; 1; 2; 510
370; 435; 1; 2; 516
420; 373; 2; 1; 521
429; 427; 2; 1; 523
344; 364; 1; 2; 539
276; 275; 2; 1; 540
248; 361; 2; 1; 548
267; 310; 1; 2; 553
377; 313; 2; 1; 560
376; 351; 1; 2; 592
284; 327; 1; 2; 595
270; 359; 1; 2; 601
386; 309; 1; 2; 609
435; 377; 2; 1; 636
22
8; 1; 44; 740
17; 1; 47; 911
20; 1; 47; 1071
4; 1; 41; 6639
5; 1; 34; 7745
21; 1; 17; 8496
10; 1; 4; 10485
16; 1; 7; 11385
6; 1; 29; 13901
15; 1; 37; 14510
18; 1; 5; 16722
1; 1; 48; 17558
14; 1; 7; 17856
0; 1; 45; 19228
11; 1; 5; 19958
7; 1; 41; 21293
19; 1; 9; 23264
3; 1; 44; 23966
13; 1; 20; 26204
9; 1; 41; 26967
2; 1; 44; 28544
12; 1; 25; 30652
