**** 548 ****
99
436; 423; 2; 1; 9
316; 303; 2; 1; 10
406; 440; 2; 1; 11
291; 383; 1; 2; 21
322; 417; 2; 1; 24
260; 309; 1; 2; 30
273; 393; 1; 2; 41
430; 398; 2; 1; 45
296; 258; 1; 2; 54
311; 405; 1; 2; 58
327; 355; 1; 2; 66
273; 285; 2; 1; 83
319; 254; 2; 1; 83
311; 381; 1; 2; 95
397; 295; 1; 2; 99
271; 267; 1; 2; 101
311; 404; 1; 2; 104
307; 330; 2; 1; 115
360; 333; 2; 1; 124
348; 401; 1; 2; 126
371; 290; 1; 2; 139
389; 436; 1; 2; 140
352; 334; 2; 1; 147
402; 331; 2; 1; 147
398; 305; 2; 1; 153
379; 396; 1; 2; 155
354; 251; 2; 1; 157
361; 414; 2; 1; 167
417; 348; 2; 1; 167
330; 328; 1; 2; 169
273; 388; 2; 1; 175
371; 248; 1; 2; 175
388; 363; 2; 1; 206
326; 364; 1; 2; 215
371; 381; 2; 1; 217
290; 280; 2; 1; 235
322; 264; 1; 2; 269
378; 266; 2; 1; 272
406; 329; 2; 1; 277
328; 364; 1; 2; 281
281; 263; 1; 2; 289
340; 375; 2; 1; 303
332; 409; 1; 2; 310
320; 286; 2; 1; 314
399; 269; 1; 2; 331
421; 438; 2; 1; 335
292; 343; 2; 1; 348
289; 304; 2; 1; 353
363; 433; 1; 2; 362
383; 308; 2; 1; 370
364; 358; 1; 2; 371
363; 297; 2; 1; 374
414; 339; 1; 2; 398
304; 436; 1; 2; 414
283; 273; 2; 1; 422
317; 282; 2; 1; 424
357; 361; 2; 1; 425
269; 409; 2; 1; 453
298; 294; 1; 2; 453
306; 397; 2; 1; 453
358; 387; 2; 1; 457
281; 368; 2; 1; 464
387; 407; 1; 2; 476
340; 379; 1; 2; 488
413; 276; 2; 1; 491
325; 289; 1; 2; 491
400; 423; 1; 2; 497
289; 398; 1; 2; 501
370; 333; 1; 2; 501
297; 403; 2; 1; 507
421; 317; 2; 1; 507
375; 404; 2; 1; 514
320; 396; 1; 2; 514
263; 266; 2; 1; 517
270; 376; 2; 1; 519
380; 367; 1; 2; 525
428; 281; 2; 1; 531
330; 322; 2; 1; 555
434; 343; 1; 2; 562
265; 411; 1; 2; 588
380; 332; 2; 1; 591
403; 329; 1; 2; 592
430; 391; 1; 2; 592
263; 248; 1; 2; 598
439; 379; 2; 1; 598
323; 408; 1; 2; 599
417; 427; 1; 2; 599
400; 289; 2; 1; 607
261; 324; 2; 1; 610
354; 305; 1; 2; 611
424; 297; 1; 2; 622
441; 351; 2; 1; 623
359; 368; 2; 1; 623
410; 341; 1; 2; 627
318; 434; 2; 1; 630
398; 364; 2; 1; 630
250; 434; 2; 1; 637
309; 359; 1; 2; 642
368; 318; 2; 1; 642
22
2; 1; 25; 1530
20; 1; 5; 1558
9; 1; 44; 4595
5; 1; 49; 6024
19; 1; 5; 6505
18; 1; 15; 6871
12; 1; 38; 8868
1; 1; 20; 12170
13; 1; 11; 14559
7; 1; 36; 15499
16; 1; 38; 18788
3; 1; 14; 19735
8; 1; 20; 20920
14; 1; 33; 21408
11; 1; 12; 22588
17; 1; 37; 23146
6; 1; 6; 23184
21; 1; 17; 26790
0; 1; 19; 26948
15; 1; 46; 27070
10; 1; 31; 28347
4; 1; 36; 32708
