**** 549 ****
99
372; 262; 2; 1; 3
427; 281; 1; 2; 19
290; 328; 2; 1; 32
255; 372; 1; 2; 43
335; 390; 1; 2; 53
435; 257; 2; 1; 64
265; 427; 2; 1; 70
314; 429; 1; 2; 76
262; 328; 2; 1; 80
410; 350; 2; 1; 85
256; 312; 2; 1; 92
434; 357; 2; 1; 94
292; 348; 2; 1; 95
300; 283; 2; 1; 98
412; 383; 1; 2; 102
395; 377; 2; 1; 111
426; 401; 2; 1; 124
247; 310; 2; 1; 125
411; 362; 2; 1; 127
361; 403; 1; 2; 134
378; 425; 1; 2; 136
382; 346; 1; 2; 142
401; 318; 2; 1; 147
377; 320; 2; 1; 150
254; 305; 2; 1; 152
355; 379; 2; 1; 152
282; 340; 2; 1; 159
414; 369; 2; 1; 163
331; 263; 1; 2; 164
336; 298; 2; 1; 167
335; 306; 2; 1; 168
264; 429; 2; 1; 171
355; 405; 1; 2; 180
352; 318; 1; 2; 189
360; 309; 1; 2; 191
294; 250; 2; 1; 196
335; 362; 2; 1; 198
412; 398; 1; 2; 201
317; 335; 1; 2; 204
365; 365; 2; 1; 206
363; 411; 1; 2; 215
270; 306; 1; 2; 218
384; 347; 1; 2; 221
259; 420; 2; 1; 224
384; 272; 2; 1; 224
408; 364; 1; 2; 236
271; 337; 1; 2; 239
295; 287; 2; 1; 245
437; 292; 2; 1; 245
388; 369; 1; 2; 262
427; 427; 2; 1; 266
292; 272; 1; 2; 278
437; 334; 2; 1; 284
307; 362; 2; 1; 286
349; 334; 1; 2; 287
429; 294; 1; 2; 289
368; 273; 2; 1; 293
422; 277; 2; 1; 302
332; 355; 1; 2; 311
377; 316; 1; 2; 319
296; 441; 2; 1; 333
404; 306; 1; 2; 334
378; 342; 1; 2; 340
314; 330; 2; 1; 348
419; 283; 2; 1; 366
395; 372; 2; 1; 376
385; 268; 1; 2; 378
424; 320; 2; 1; 387
299; 275; 2; 1; 387
315; 339; 2; 1; 395
346; 264; 1; 2; 410
426; 438; 2; 1; 428
422; 320; 2; 1; 431
314; 260; 1; 2; 437
312; 318; 1; 2; 463
396; 305; 2; 1; 463
427; 398; 1; 2; 464
405; 263; 1; 2; 473
300; 321; 2; 1; 486
310; 349; 1; 2; 492
420; 367; 1; 2; 493
259; 283; 1; 2; 517
269; 398; 1; 2; 520
300; 423; 2; 1; 525
407; 324; 1; 2; 543
294; 263; 2; 1; 550
318; 371; 1; 2; 564
385; 326; 1; 2; 573
373; 295; 2; 1; 574
389; 392; 1; 2; 575
425; 273; 1; 2; 577
317; 360; 2; 1; 580
347; 354; 2; 1; 586
322; 420; 2; 1; 589
268; 318; 2; 1; 597
286; 304; 2; 1; 610
338; 313; 2; 1; 614
408; 341; 2; 1; 635
384; 380; 1; 2; 645
22
16; 1; 8; 286
12; 1; 39; 1662
21; 1; 43; 3364
2; 1; 25; 4208
18; 1; 4; 4640
8; 1; 4; 6237
20; 1; 24; 6275
17; 1; 41; 7608
7; 1; 21; 9613
13; 1; 42; 13708
4; 1; 43; 14077
9; 1; 17; 14888
15; 1; 2; 18098
1; 1; 36; 18661
14; 1; 25; 20330
5; 1; 13; 20925
11; 1; 35; 26986
19; 1; 31; 27198
10; 1; 26; 28847
0; 1; 42; 30588
6; 1; 46; 32711
3; 1; 41; 34090
