**** 55 ****
55
30; 89; 2; 1; 2
80; 86; 2; 1; 4
38; 54; 2; 1; 4
35; 48; 2; 1; 6
69; 70; 1; 2; 11
33; 51; 2; 1; 21
43; 40; 2; 1; 27
80; 88; 2; 1; 28
54; 47; 1; 2; 33
78; 60; 2; 1; 35
26; 45; 2; 1; 35
58; 62; 2; 1; 36
46; 70; 2; 1; 43
27; 64; 2; 1; 43
27; 75; 2; 1; 49
78; 40; 1; 2; 49
88; 41; 2; 1; 57
44; 32; 2; 1; 58
49; 80; 2; 1; 58
55; 53; 1; 2; 58
56; 32; 2; 1; 59
58; 49; 2; 1; 60
77; 44; 1; 2; 60
73; 44; 2; 1; 60
26; 54; 2; 1; 61
60; 62; 2; 1; 70
40; 85; 2; 1; 72
72; 72; 2; 1; 72
31; 38; 1; 2; 75
88; 71; 1; 2; 78
31; 40; 2; 1; 81
83; 33; 1; 2; 93
49; 47; 1; 2; 95
76; 65; 2; 1; 98
42; 52; 2; 1; 100
28; 62; 1; 2; 101
40; 75; 1; 2; 105
48; 52; 2; 1; 105
48; 31; 2; 1; 107
73; 60; 1; 2; 117
81; 70; 1; 2; 118
52; 60; 1; 2; 120
51; 36; 1; 2; 122
26; 32; 1; 2; 123
72; 30; 2; 1; 126
63; 78; 2; 1; 127
61; 55; 2; 1; 131
71; 60; 1; 2; 131
71; 54; 2; 1; 140
69; 66; 1; 2; 146
67; 70; 2; 1; 148
88; 27; 2; 1; 148
59; 42; 1; 2; 149
47; 67; 2; 1; 151
66; 81; 1; 2; 152
13
9; 1; 13; 81
6; 1; 19; 758
7; 1; 15; 1247
2; 1; 47; 1895
0; 1; 48; 2253
10; 1; 6; 2348
4; 1; 12; 2370
8; 1; 23; 2403
5; 1; 24; 2690
11; 1; 30; 2744
1; 1; 10; 3028
3; 1; 35; 3070
12; 1; 10; 3328
