**** 550 ****
100
430; 313; 1; 2; 8
308; 437; 2; 1; 14
417; 328; 2; 1; 25
277; 336; 2; 1; 37
404; 380; 2; 1; 41
369; 445; 1; 2; 45
418; 403; 1; 2; 46
258; 283; 2; 1; 47
367; 272; 1; 2; 49
257; 433; 2; 1; 51
432; 262; 1; 2; 55
280; 286; 1; 2; 62
306; 412; 1; 2; 70
258; 399; 2; 1; 78
369; 423; 2; 1; 81
416; 282; 2; 1; 84
340; 384; 2; 1; 88
260; 388; 1; 2; 89
357; 421; 2; 1; 91
374; 403; 2; 1; 98
269; 294; 1; 2; 108
333; 447; 1; 2; 109
379; 394; 1; 2; 116
364; 338; 1; 2; 120
280; 360; 1; 2; 136
389; 253; 1; 2; 136
356; 271; 1; 2; 137
437; 361; 1; 2; 155
335; 381; 2; 1; 167
344; 360; 1; 2; 170
305; 382; 2; 1; 171
252; 419; 1; 2; 174
296; 447; 1; 2; 174
260; 289; 1; 2; 178
294; 397; 1; 2; 179
333; 320; 2; 1; 181
353; 425; 2; 1; 191
349; 392; 1; 2; 205
319; 349; 2; 1; 206
306; 424; 1; 2; 215
300; 384; 1; 2; 215
357; 419; 2; 1; 223
433; 427; 1; 2; 247
287; 448; 2; 1; 248
437; 307; 1; 2; 250
315; 267; 2; 1; 270
316; 305; 1; 2; 276
351; 279; 2; 1; 283
284; 381; 2; 1; 290
351; 431; 1; 2; 292
376; 261; 2; 1; 298
263; 253; 1; 2; 303
368; 325; 1; 2; 304
437; 383; 1; 2; 307
435; 414; 1; 2; 311
337; 319; 2; 1; 321
319; 273; 2; 1; 322
281; 362; 2; 1; 323
302; 392; 1; 2; 346
308; 410; 1; 2; 347
306; 442; 2; 1; 349
329; 274; 1; 2; 366
358; 269; 2; 1; 375
326; 336; 1; 2; 378
269; 317; 1; 2; 387
367; 400; 2; 1; 388
295; 306; 1; 2; 393
396; 444; 2; 1; 405
376; 251; 2; 1; 406
266; 373; 1; 2; 412
251; 345; 1; 2; 419
425; 320; 2; 1; 420
272; 347; 2; 1; 421
372; 393; 1; 2; 465
299; 442; 2; 1; 469
376; 316; 2; 1; 470
417; 357; 1; 2; 486
285; 414; 1; 2; 488
372; 378; 1; 2; 508
275; 292; 2; 1; 509
405; 424; 1; 2; 513
372; 253; 2; 1; 518
415; 291; 2; 1; 519
414; 334; 1; 2; 524
355; 441; 1; 2; 543
270; 375; 1; 2; 550
330; 310; 1; 2; 551
314; 376; 1; 2; 553
384; 349; 1; 2; 575
433; 277; 1; 2; 586
359; 263; 1; 2; 592
307; 316; 2; 1; 604
316; 253; 2; 1; 609
354; 326; 1; 2; 626
284; 305; 1; 2; 634
270; 419; 1; 2; 637
424; 372; 2; 1; 640
413; 378; 2; 1; 643
379; 334; 2; 1; 648
286; 269; 2; 1; 648
22
4; 1; 1; 198
19; 1; 29; 749
16; 1; 18; 1077
18; 1; 32; 1622
17; 1; 14; 2342
2; 1; 41; 2605
21; 1; 34; 3514
12; 1; 4; 14446
20; 1; 45; 15161
6; 1; 6; 16797
3; 1; 35; 18538
13; 1; 14; 20145
8; 1; 28; 21553
11; 1; 42; 22879
0; 1; 43; 23158
5; 1; 27; 24317
9; 1; 11; 25994
7; 1; 8; 28292
10; 1; 39; 32326
14; 1; 28; 32386
1; 1; 36; 33411
15; 1; 10; 34129
