**** 551 ****
100
315; 409; 2; 1; 0
436; 293; 1; 2; 4
399; 254; 1; 2; 20
367; 367; 2; 1; 23
382; 276; 1; 2; 33
335; 275; 2; 1; 45
418; 391; 2; 1; 46
366; 354; 2; 1; 62
384; 282; 2; 1; 72
416; 343; 1; 2; 80
390; 389; 2; 1; 82
378; 263; 1; 2; 85
367; 446; 1; 2; 90
303; 324; 2; 1; 94
369; 393; 1; 2; 100
410; 305; 2; 1; 104
340; 448; 1; 2; 109
436; 264; 2; 1; 110
369; 393; 1; 2; 117
283; 445; 1; 2; 125
387; 392; 1; 2; 128
419; 315; 1; 2; 136
352; 424; 2; 1; 147
396; 340; 2; 1; 159
319; 445; 2; 1; 161
262; 351; 2; 1; 183
425; 366; 1; 2; 189
294; 424; 2; 1; 202
441; 368; 2; 1; 203
392; 263; 2; 1; 203
382; 360; 1; 2; 206
324; 440; 2; 1; 227
402; 381; 2; 1; 235
322; 418; 2; 1; 242
299; 426; 1; 2; 245
321; 278; 1; 2; 248
289; 438; 2; 1; 268
408; 441; 1; 2; 286
441; 264; 1; 2; 308
447; 327; 2; 1; 322
421; 397; 1; 2; 322
268; 356; 1; 2; 322
396; 324; 1; 2; 325
262; 333; 2; 1; 326
391; 437; 2; 1; 331
392; 323; 2; 1; 332
326; 331; 2; 1; 335
279; 315; 2; 1; 345
431; 402; 1; 2; 352
365; 448; 1; 2; 371
449; 357; 1; 2; 371
436; 408; 2; 1; 376
386; 430; 1; 2; 380
414; 346; 1; 2; 394
449; 325; 1; 2; 407
343; 438; 1; 2; 416
417; 285; 2; 1; 420
318; 328; 1; 2; 423
388; 335; 1; 2; 429
394; 278; 1; 2; 432
255; 446; 1; 2; 436
362; 377; 1; 2; 444
264; 262; 1; 2; 444
335; 433; 1; 2; 446
331; 436; 2; 1; 450
340; 290; 1; 2; 453
348; 309; 2; 1; 454
427; 362; 1; 2; 460
417; 270; 2; 1; 469
385; 325; 1; 2; 477
315; 325; 2; 1; 480
362; 404; 1; 2; 483
329; 392; 1; 2; 489
371; 430; 1; 2; 497
425; 331; 2; 1; 507
421; 273; 2; 1; 509
312; 326; 1; 2; 511
405; 295; 2; 1; 512
374; 378; 2; 1; 518
266; 296; 1; 2; 520
272; 416; 2; 1; 529
311; 264; 1; 2; 534
271; 355; 2; 1; 537
329; 262; 2; 1; 538
402; 311; 2; 1; 539
350; 313; 1; 2; 552
359; 258; 1; 2; 562
363; 274; 1; 2; 567
414; 365; 2; 1; 571
274; 347; 2; 1; 572
293; 257; 1; 2; 578
277; 441; 1; 2; 595
305; 379; 2; 1; 605
285; 280; 2; 1; 615
325; 344; 2; 1; 618
312; 427; 1; 2; 620
329; 366; 1; 2; 624
414; 396; 2; 1; 628
371; 344; 1; 2; 628
273; 305; 1; 2; 644
22
1; 1; 18; 186
7; 1; 25; 3181
12; 1; 22; 3592
14; 1; 14; 3623
0; 1; 33; 4865
8; 1; 38; 5713
2; 1; 8; 6075
20; 1; 23; 7631
19; 1; 8; 8995
11; 1; 35; 9691
9; 1; 45; 12450
21; 1; 43; 12652
5; 1; 19; 12841
15; 1; 44; 12891
3; 1; 30; 13596
4; 1; 29; 15179
10; 1; 40; 20437
16; 1; 17; 21975
18; 1; 36; 22322
6; 1; 31; 25839
13; 1; 28; 30421
17; 1; 25; 31026
