**** 552 ****
100
259; 328; 1; 2; 11
291; 299; 2; 1; 31
428; 319; 1; 2; 34
298; 267; 2; 1; 44
418; 326; 1; 2; 45
294; 307; 2; 1; 46
367; 347; 1; 2; 64
348; 263; 2; 1; 71
446; 274; 1; 2; 73
380; 306; 1; 2; 73
343; 279; 1; 2; 82
405; 367; 2; 1; 90
312; 256; 2; 1; 106
284; 252; 1; 2; 117
311; 361; 2; 1; 122
389; 254; 2; 1; 138
274; 371; 2; 1; 144
365; 352; 2; 1; 147
434; 297; 2; 1; 158
428; 428; 1; 2; 165
253; 335; 1; 2; 169
413; 309; 2; 1; 178
280; 411; 2; 1; 185
301; 284; 2; 1; 198
324; 332; 1; 2; 198
284; 432; 2; 1; 201
341; 310; 2; 1; 217
283; 398; 2; 1; 221
442; 271; 2; 1; 226
341; 436; 1; 2; 227
373; 369; 1; 2; 227
370; 449; 1; 2; 228
337; 344; 1; 2; 229
307; 319; 1; 2; 235
344; 343; 1; 2; 260
313; 258; 1; 2; 268
268; 300; 1; 2; 275
418; 298; 1; 2; 275
333; 402; 1; 2; 276
321; 288; 2; 1; 279
277; 442; 1; 2; 287
293; 411; 1; 2; 288
305; 417; 2; 1; 290
379; 292; 1; 2; 295
448; 340; 2; 1; 301
381; 380; 1; 2; 307
300; 392; 1; 2; 328
316; 378; 1; 2; 332
394; 261; 1; 2; 333
298; 290; 2; 1; 334
288; 301; 2; 1; 335
398; 400; 1; 2; 337
426; 428; 1; 2; 341
399; 317; 2; 1; 341
407; 264; 1; 2; 346
350; 253; 2; 1; 361
367; 372; 2; 1; 366
273; 306; 2; 1; 383
357; 298; 1; 2; 402
393; 360; 1; 2; 404
422; 437; 1; 2; 405
384; 375; 2; 1; 407
425; 294; 1; 2; 409
360; 299; 1; 2; 414
276; 309; 1; 2; 415
305; 298; 2; 1; 417
398; 353; 2; 1; 420
337; 254; 1; 2; 429
431; 343; 2; 1; 438
416; 443; 1; 2; 446
425; 258; 1; 2; 448
430; 401; 2; 1; 450
422; 444; 1; 2; 450
402; 417; 2; 1; 452
410; 278; 1; 2; 463
376; 408; 1; 2; 467
264; 438; 2; 1; 496
318; 322; 2; 1; 499
338; 276; 1; 2; 500
401; 252; 2; 1; 505
338; 356; 2; 1; 509
266; 360; 2; 1; 510
340; 414; 1; 2; 521
339; 370; 1; 2; 522
339; 413; 2; 1; 524
361; 263; 1; 2; 525
359; 371; 2; 1; 543
387; 446; 1; 2; 545
397; 423; 1; 2; 545
272; 391; 2; 1; 552
386; 349; 2; 1; 563
434; 338; 1; 2; 567
420; 263; 1; 2; 575
384; 279; 1; 2; 582
305; 312; 2; 1; 617
258; 436; 2; 1; 619
259; 387; 2; 1; 624
428; 257; 2; 1; 625
324; 341; 1; 2; 626
380; 301; 1; 2; 639
22
21; 1; 34; 1922
11; 1; 7; 2382
9; 1; 12; 3839
20; 1; 6; 3857
15; 1; 21; 4095
0; 1; 22; 8646
7; 1; 10; 15276
19; 1; 33; 15335
5; 1; 27; 15454
10; 1; 40; 17354
1; 1; 48; 17702
13; 1; 27; 18204
2; 1; 23; 18663
18; 1; 46; 21493
12; 1; 39; 21557
17; 1; 1; 22978
16; 1; 38; 23349
14; 1; 36; 23829
3; 1; 30; 29602
4; 1; 5; 30354
6; 1; 38; 32538
8; 1; 16; 34642
