**** 553 ****
100
281; 318; 2; 1; 3
281; 407; 2; 1; 4
362; 332; 2; 1; 7
304; 425; 2; 1; 19
257; 265; 2; 1; 19
424; 311; 2; 1; 24
392; 293; 1; 2; 35
424; 279; 1; 2; 40
330; 391; 1; 2; 52
300; 402; 2; 1; 56
267; 273; 1; 2; 58
367; 375; 2; 1; 61
436; 422; 1; 2; 63
395; 369; 1; 2; 65
437; 364; 2; 1; 67
308; 412; 1; 2; 76
306; 290; 1; 2; 80
279; 372; 1; 2; 80
328; 409; 2; 1; 86
377; 418; 2; 1; 88
390; 401; 1; 2; 93
348; 442; 1; 2; 94
278; 355; 2; 1; 98
280; 278; 1; 2; 105
389; 445; 2; 1; 125
433; 429; 2; 1; 130
312; 266; 2; 1; 150
402; 281; 2; 1; 155
367; 445; 2; 1; 163
341; 320; 1; 2; 163
416; 324; 1; 2; 169
410; 381; 1; 2; 174
372; 385; 1; 2; 182
254; 263; 2; 1; 182
377; 318; 1; 2; 183
367; 260; 1; 2; 187
350; 300; 1; 2; 188
328; 399; 1; 2; 194
272; 374; 1; 2; 203
256; 414; 1; 2; 208
329; 423; 1; 2; 212
333; 258; 1; 2; 227
343; 347; 1; 2; 236
422; 280; 2; 1; 239
362; 253; 1; 2; 244
366; 287; 1; 2; 256
315; 358; 1; 2; 261
281; 423; 1; 2; 266
316; 346; 1; 2; 269
360; 357; 2; 1; 270
396; 412; 1; 2; 287
346; 428; 2; 1; 297
431; 425; 1; 2; 302
330; 321; 1; 2; 309
318; 445; 1; 2; 312
346; 445; 1; 2; 328
291; 441; 1; 2; 330
436; 362; 2; 1; 345
339; 368; 2; 1; 370
281; 374; 2; 1; 376
421; 360; 1; 2; 386
270; 328; 2; 1; 387
354; 322; 2; 1; 390
266; 385; 1; 2; 395
293; 395; 1; 2; 398
274; 356; 1; 2; 405
413; 382; 1; 2; 414
393; 273; 2; 1; 438
358; 269; 2; 1; 450
318; 305; 2; 1; 453
356; 348; 2; 1; 454
273; 430; 2; 1; 463
376; 300; 2; 1; 468
338; 295; 2; 1; 478
385; 372; 1; 2; 483
287; 363; 1; 2; 484
444; 319; 2; 1; 486
376; 326; 1; 2; 495
404; 367; 1; 2; 499
253; 328; 1; 2; 511
270; 269; 2; 1; 512
410; 253; 2; 1; 520
404; 389; 1; 2; 532
417; 377; 1; 2; 533
273; 391; 1; 2; 541
365; 445; 2; 1; 555
380; 281; 1; 2; 557
376; 442; 2; 1; 558
274; 256; 2; 1; 567
341; 371; 1; 2; 569
256; 431; 2; 1; 581
273; 340; 2; 1; 582
429; 440; 2; 1; 587
416; 334; 1; 2; 596
365; 422; 1; 2; 599
294; 440; 2; 1; 619
252; 377; 2; 1; 631
332; 262; 1; 2; 632
352; 299; 1; 2; 643
317; 254; 2; 1; 647
22
0; 1; 13; 2432
10; 1; 15; 6460
14; 1; 18; 9127
7; 1; 12; 11148
8; 1; 28; 11450
9; 1; 8; 12974
19; 1; 2; 13255
5; 1; 17; 14428
2; 1; 11; 14451
17; 1; 49; 15684
21; 1; 27; 16772
11; 1; 12; 20810
4; 1; 35; 23005
16; 1; 9; 23317
15; 1; 38; 24046
18; 1; 22; 24416
12; 1; 32; 25331
6; 1; 46; 27841
3; 1; 47; 29154
20; 1; 27; 31794
1; 1; 45; 31957
13; 1; 34; 34299
