**** 554 ****
100
390; 284; 2; 1; 1
332; 403; 1; 2; 11
377; 285; 2; 1; 12
393; 353; 1; 2; 14
344; 316; 1; 2; 41
339; 331; 2; 1; 45
449; 386; 2; 1; 54
332; 330; 1; 2; 55
410; 266; 1; 2; 61
355; 319; 2; 1; 64
409; 404; 1; 2; 77
357; 258; 2; 1; 84
344; 438; 1; 2; 95
360; 388; 2; 1; 98
368; 436; 2; 1; 108
367; 422; 1; 2; 130
254; 369; 2; 1; 131
297; 284; 1; 2; 132
418; 343; 1; 2; 142
282; 416; 1; 2; 142
304; 385; 1; 2; 150
379; 357; 1; 2; 157
281; 321; 2; 1; 165
353; 254; 1; 2; 171
429; 428; 2; 1; 173
281; 422; 2; 1; 195
292; 290; 1; 2; 203
433; 435; 1; 2; 216
302; 307; 2; 1; 218
355; 374; 2; 1; 224
370; 342; 2; 1; 224
343; 395; 1; 2; 234
253; 318; 1; 2; 246
265; 377; 2; 1; 249
429; 399; 2; 1; 259
411; 422; 1; 2; 268
334; 312; 1; 2; 277
302; 445; 2; 1; 280
436; 393; 1; 2; 284
344; 426; 1; 2; 284
438; 413; 2; 1; 287
268; 255; 2; 1; 291
381; 375; 1; 2; 294
342; 282; 1; 2; 303
279; 283; 2; 1; 305
401; 419; 1; 2; 306
302; 354; 2; 1; 307
323; 446; 1; 2; 317
385; 409; 1; 2; 329
321; 440; 1; 2; 334
381; 416; 2; 1; 359
276; 331; 2; 1; 368
288; 314; 2; 1; 369
267; 355; 1; 2; 369
269; 356; 1; 2; 379
344; 334; 1; 2; 389
273; 253; 1; 2; 402
253; 327; 2; 1; 402
296; 288; 1; 2; 406
252; 334; 1; 2; 408
350; 358; 1; 2; 410
386; 269; 1; 2; 410
346; 347; 2; 1; 412
288; 336; 1; 2; 415
406; 252; 2; 1; 426
354; 370; 1; 2; 439
265; 342; 1; 2; 451
384; 411; 1; 2; 451
413; 449; 1; 2; 453
310; 345; 2; 1; 462
364; 358; 2; 1; 478
442; 264; 2; 1; 478
271; 359; 2; 1; 492
349; 305; 2; 1; 510
381; 431; 2; 1; 522
385; 311; 2; 1; 533
395; 435; 1; 2; 534
328; 314; 1; 2; 536
394; 379; 2; 1; 543
360; 350; 2; 1; 547
313; 298; 1; 2; 552
260; 273; 2; 1; 557
274; 385; 2; 1; 566
344; 419; 2; 1; 573
388; 271; 1; 2; 597
256; 425; 1; 2; 601
424; 348; 2; 1; 604
306; 273; 2; 1; 604
410; 411; 1; 2; 604
300; 292; 2; 1; 605
291; 383; 1; 2; 617
416; 399; 1; 2; 622
351; 438; 1; 2; 625
422; 334; 2; 1; 630
297; 304; 1; 2; 635
311; 398; 2; 1; 639
259; 425; 1; 2; 640
379; 335; 2; 1; 643
419; 328; 2; 1; 644
301; 295; 2; 1; 645
22
18; 1; 15; 3458
5; 1; 15; 4239
8; 1; 38; 4576
21; 1; 33; 7015
3; 1; 3; 7357
7; 1; 20; 7485
4; 1; 23; 8946
19; 1; 8; 11165
20; 1; 47; 12542
6; 1; 16; 12690
2; 1; 35; 14297
11; 1; 17; 14841
1; 1; 9; 16837
10; 1; 5; 18982
12; 1; 45; 19006
16; 1; 27; 20338
17; 1; 7; 21562
13; 1; 33; 22280
9; 1; 3; 23500
15; 1; 44; 26420
14; 1; 40; 28792
0; 1; 22; 31273
