**** 555 ****
100
289; 302; 2; 1; 0
342; 273; 2; 1; 6
269; 376; 1; 2; 6
354; 368; 2; 1; 36
290; 266; 2; 1; 38
417; 415; 2; 1; 42
251; 409; 1; 2; 51
373; 412; 1; 2; 58
270; 293; 2; 1; 59
414; 351; 2; 1; 61
370; 325; 2; 1; 62
313; 351; 2; 1; 91
303; 287; 1; 2; 105
291; 272; 2; 1; 113
416; 404; 1; 2; 123
335; 423; 2; 1; 143
334; 269; 1; 2; 152
401; 437; 1; 2; 158
445; 408; 2; 1; 163
323; 336; 2; 1; 165
306; 363; 1; 2; 167
407; 254; 1; 2; 178
296; 382; 2; 1; 181
401; 325; 2; 1; 182
408; 413; 1; 2; 203
343; 405; 2; 1; 224
398; 309; 2; 1; 228
407; 432; 1; 2; 238
376; 394; 2; 1; 245
316; 347; 2; 1; 247
296; 415; 2; 1; 250
306; 341; 2; 1; 250
378; 376; 2; 1; 257
429; 373; 1; 2; 261
416; 397; 2; 1; 263
295; 372; 2; 1; 266
376; 262; 1; 2; 273
335; 259; 2; 1; 282
425; 398; 2; 1; 286
391; 264; 1; 2; 293
383; 300; 1; 2; 306
402; 309; 1; 2; 308
393; 373; 2; 1; 314
273; 392; 2; 1; 320
296; 270; 1; 2; 322
358; 255; 2; 1; 324
354; 326; 2; 1; 325
425; 384; 1; 2; 337
422; 318; 1; 2; 346
349; 339; 2; 1; 349
324; 274; 1; 2; 351
300; 417; 1; 2; 353
413; 263; 1; 2; 362
369; 408; 2; 1; 379
318; 288; 2; 1; 380
360; 262; 1; 2; 382
322; 427; 2; 1; 384
392; 387; 1; 2; 396
403; 260; 1; 2; 411
376; 273; 2; 1; 412
434; 336; 1; 2; 424
289; 381; 1; 2; 427
436; 379; 2; 1; 428
327; 315; 2; 1; 435
367; 312; 1; 2; 446
383; 417; 1; 2; 449
385; 441; 1; 2; 449
387; 332; 2; 1; 468
309; 388; 2; 1; 471
316; 335; 1; 2; 474
427; 433; 1; 2; 494
328; 311; 1; 2; 501
255; 377; 2; 1; 512
405; 424; 1; 2; 516
312; 308; 2; 1; 516
415; 318; 2; 1; 525
341; 374; 2; 1; 525
341; 335; 1; 2; 531
265; 408; 1; 2; 532
400; 420; 1; 2; 540
283; 408; 2; 1; 543
443; 344; 1; 2; 555
288; 272; 1; 2; 559
369; 254; 1; 2; 567
382; 317; 2; 1; 578
373; 366; 1; 2; 582
293; 410; 1; 2; 585
337; 429; 2; 1; 593
446; 360; 1; 2; 601
410; 399; 2; 1; 606
280; 299; 1; 2; 610
325; 293; 2; 1; 617
349; 327; 1; 2; 618
311; 319; 1; 2; 623
273; 323; 2; 1; 629
299; 285; 1; 2; 630
350; 271; 1; 2; 637
379; 323; 1; 2; 637
253; 267; 2; 1; 638
396; 298; 2; 1; 651
22
16; 1; 37; 477
6; 1; 12; 1705
13; 1; 27; 4026
18; 1; 41; 5573
8; 1; 38; 8235
11; 1; 48; 8812
14; 1; 33; 10442
21; 1; 42; 10749
0; 1; 7; 11199
15; 1; 15; 11926
17; 1; 22; 18553
2; 1; 36; 20780
20; 1; 48; 22501
10; 1; 43; 24587
4; 1; 24; 26013
7; 1; 3; 27047
5; 1; 24; 27585
12; 1; 30; 28906
3; 1; 46; 31311
9; 1; 37; 32502
1; 1; 17; 34927
19; 1; 21; 35422
