**** 556 ****
100
354; 286; 1; 2; 7
277; 364; 1; 2; 11
289; 280; 1; 2; 21
373; 298; 2; 1; 26
390; 316; 2; 1; 40
335; 295; 1; 2; 40
267; 425; 1; 2; 42
378; 378; 2; 1; 46
429; 411; 2; 1; 53
396; 305; 1; 2; 53
255; 406; 2; 1; 72
404; 442; 2; 1; 75
320; 422; 1; 2; 81
275; 401; 1; 2; 94
405; 392; 1; 2; 95
277; 264; 2; 1; 98
360; 403; 2; 1; 101
395; 284; 1; 2; 107
348; 356; 1; 2; 109
322; 379; 1; 2; 112
336; 441; 1; 2; 123
333; 429; 2; 1; 125
328; 419; 2; 1; 126
276; 300; 1; 2; 135
313; 276; 2; 1; 140
274; 279; 2; 1; 141
397; 368; 1; 2; 146
302; 370; 1; 2; 147
381; 429; 2; 1; 155
271; 374; 2; 1; 160
321; 306; 2; 1; 162
367; 395; 1; 2; 163
292; 333; 1; 2; 165
373; 338; 1; 2; 165
278; 259; 1; 2; 183
392; 402; 1; 2; 183
284; 351; 1; 2; 190
362; 319; 2; 1; 194
390; 421; 1; 2; 200
444; 348; 2; 1; 202
447; 387; 2; 1; 203
297; 308; 1; 2; 209
293; 413; 2; 1; 220
444; 281; 2; 1; 224
256; 293; 2; 1; 246
434; 407; 2; 1; 251
378; 445; 2; 1; 253
376; 326; 2; 1; 266
304; 344; 1; 2; 269
416; 427; 1; 2; 281
266; 439; 1; 2; 287
381; 422; 1; 2; 289
357; 446; 1; 2; 295
291; 288; 2; 1; 303
379; 351; 1; 2; 309
289; 358; 2; 1; 311
293; 421; 2; 1; 311
323; 429; 2; 1; 311
443; 411; 1; 2; 312
315; 333; 2; 1; 333
313; 394; 2; 1; 335
339; 361; 2; 1; 339
402; 292; 2; 1; 346
391; 341; 1; 2; 346
428; 360; 1; 2; 349
416; 397; 1; 2; 352
327; 424; 2; 1; 360
347; 304; 2; 1; 360
403; 429; 2; 1; 391
304; 369; 1; 2; 404
357; 400; 1; 2; 405
284; 264; 1; 2; 411
440; 418; 2; 1; 414
314; 397; 2; 1; 421
363; 391; 1; 2; 437
251; 345; 1; 2; 440
412; 273; 2; 1; 444
353; 395; 1; 2; 444
420; 254; 2; 1; 445
332; 366; 2; 1; 455
418; 271; 1; 2; 458
292; 414; 2; 1; 469
261; 402; 2; 1; 473
445; 405; 2; 1; 487
409; 336; 2; 1; 491
293; 281; 1; 2; 495
335; 324; 1; 2; 513
317; 437; 2; 1; 527
257; 388; 1; 2; 532
263; 338; 2; 1; 539
320; 354; 2; 1; 564
286; 407; 1; 2; 572
357; 431; 1; 2; 580
301; 314; 2; 1; 590
326; 364; 1; 2; 598
431; 259; 1; 2; 604
289; 419; 2; 1; 614
362; 302; 1; 2; 627
289; 424; 2; 1; 643
266; 294; 1; 2; 647
22
0; 1; 14; 1856
10; 1; 14; 2252
5; 1; 42; 5746
11; 1; 11; 6354
21; 1; 28; 6544
3; 1; 38; 8212
12; 1; 27; 8878
8; 1; 36; 9429
16; 1; 11; 10159
7; 1; 16; 13703
14; 1; 15; 14911
1; 1; 48; 16532
15; 1; 17; 17175
17; 1; 46; 17321
6; 1; 35; 18874
20; 1; 47; 19444
18; 1; 8; 20382
13; 1; 15; 21973
4; 1; 24; 25437
19; 1; 5; 29986
9; 1; 13; 32288
2; 1; 13; 33102
