**** 557 ****
100
428; 358; 1; 2; 2
363; 281; 2; 1; 13
433; 262; 1; 2; 16
378; 317; 1; 2; 28
441; 404; 2; 1; 42
431; 343; 2; 1; 60
434; 417; 1; 2; 66
444; 373; 2; 1; 82
276; 412; 1; 2; 83
385; 427; 1; 2; 93
445; 407; 1; 2; 101
303; 322; 2; 1; 106
309; 401; 1; 2; 108
330; 394; 1; 2; 110
439; 443; 2; 1; 117
290; 253; 1; 2; 122
308; 289; 2; 1; 122
359; 252; 2; 1; 123
436; 265; 2; 1; 133
441; 426; 2; 1; 142
402; 325; 2; 1; 144
361; 381; 1; 2; 156
279; 445; 1; 2; 156
391; 321; 2; 1; 159
311; 292; 1; 2; 165
385; 317; 2; 1; 168
366; 280; 1; 2; 175
278; 313; 1; 2; 180
336; 264; 2; 1; 189
446; 309; 2; 1; 189
443; 397; 1; 2; 203
357; 375; 2; 1; 203
262; 304; 2; 1; 218
385; 313; 1; 2; 227
284; 286; 1; 2; 247
291; 276; 1; 2; 254
386; 382; 2; 1; 284
432; 337; 2; 1; 287
319; 342; 2; 1; 299
394; 424; 2; 1; 300
342; 277; 1; 2; 310
317; 313; 1; 2; 310
428; 390; 2; 1; 316
445; 303; 2; 1; 320
368; 352; 2; 1; 331
309; 436; 1; 2; 331
410; 328; 2; 1; 333
416; 358; 1; 2; 345
262; 347; 1; 2; 349
327; 325; 1; 2; 350
439; 284; 2; 1; 359
288; 378; 2; 1; 360
318; 428; 1; 2; 361
319; 316; 2; 1; 383
357; 333; 2; 1; 387
425; 340; 2; 1; 388
335; 358; 1; 2; 393
334; 391; 2; 1; 393
375; 264; 1; 2; 395
398; 430; 2; 1; 404
267; 328; 1; 2; 409
318; 346; 2; 1; 419
328; 416; 2; 1; 424
383; 398; 2; 1; 442
316; 355; 2; 1; 463
348; 396; 1; 2; 469
315; 367; 2; 1; 473
396; 292; 2; 1; 485
304; 449; 1; 2; 501
423; 280; 2; 1; 507
259; 420; 1; 2; 509
284; 302; 2; 1; 510
383; 393; 1; 2; 515
294; 392; 1; 2; 519
364; 287; 2; 1; 524
425; 433; 2; 1; 535
329; 405; 1; 2; 540
260; 370; 2; 1; 542
255; 265; 1; 2; 544
282; 393; 2; 1; 544
309; 440; 1; 2; 552
307; 297; 1; 2; 567
411; 438; 2; 1; 579
368; 378; 2; 1; 582
369; 381; 2; 1; 588
408; 270; 2; 1; 597
429; 368; 1; 2; 597
371; 358; 1; 2; 602
254; 304; 2; 1; 613
312; 402; 1; 2; 614
259; 297; 2; 1; 619
283; 256; 2; 1; 620
421; 375; 2; 1; 621
295; 396; 1; 2; 621
400; 416; 2; 1; 623
322; 318; 2; 1; 630
444; 279; 2; 1; 632
435; 281; 1; 2; 632
268; 342; 2; 1; 637
298; 320; 1; 2; 644
22
20; 1; 8; 159
15; 1; 22; 401
17; 1; 22; 3383
0; 1; 14; 4187
21; 1; 48; 6114
1; 1; 9; 6504
16; 1; 33; 6601
6; 1; 15; 10698
9; 1; 2; 13158
13; 1; 11; 14151
7; 1; 37; 16626
18; 1; 3; 16869
12; 1; 39; 17923
8; 1; 11; 19591
14; 1; 15; 21722
4; 1; 31; 22679
19; 1; 13; 25424
10; 1; 15; 25685
3; 1; 30; 26602
2; 1; 34; 28365
11; 1; 12; 30914
5; 1; 44; 32668
