**** 558 ****
100
260; 406; 2; 1; 5
263; 384; 2; 1; 16
294; 438; 2; 1; 16
335; 340; 2; 1; 22
309; 407; 2; 1; 37
280; 287; 2; 1; 38
272; 384; 2; 1; 39
443; 442; 2; 1; 65
340; 317; 1; 2; 65
400; 403; 1; 2; 79
430; 331; 1; 2; 88
288; 258; 2; 1; 93
394; 336; 2; 1; 96
397; 340; 2; 1; 106
265; 414; 1; 2; 108
354; 292; 2; 1; 114
275; 322; 1; 2; 120
341; 279; 2; 1; 140
329; 416; 1; 2; 142
413; 353; 1; 2; 157
435; 371; 2; 1; 158
418; 295; 1; 2; 159
275; 314; 1; 2; 167
339; 291; 2; 1; 182
422; 266; 2; 1; 210
404; 439; 2; 1; 211
373; 443; 2; 1; 239
315; 294; 1; 2; 239
325; 385; 1; 2; 243
258; 371; 2; 1; 248
427; 291; 1; 2; 249
432; 320; 1; 2; 261
299; 390; 2; 1; 284
360; 384; 1; 2; 291
319; 368; 1; 2; 303
253; 448; 2; 1; 304
276; 312; 1; 2; 305
371; 420; 1; 2; 316
318; 304; 1; 2; 316
437; 252; 1; 2; 327
433; 408; 1; 2; 338
309; 361; 1; 2; 343
350; 382; 2; 1; 344
300; 287; 2; 1; 347
444; 266; 1; 2; 348
259; 355; 1; 2; 353
446; 289; 2; 1; 364
304; 376; 1; 2; 365
273; 252; 2; 1; 366
363; 282; 1; 2; 380
269; 261; 1; 2; 382
353; 376; 2; 1; 382
252; 343; 1; 2; 392
448; 274; 2; 1; 399
305; 267; 1; 2; 403
413; 314; 2; 1; 403
282; 401; 1; 2; 411
329; 378; 1; 2; 414
437; 266; 2; 1; 416
439; 433; 1; 2; 418
364; 407; 2; 1; 421
406; 310; 1; 2; 426
301; 316; 1; 2; 426
282; 283; 1; 2; 438
309; 364; 1; 2; 439
254; 277; 1; 2; 440
408; 318; 1; 2; 451
412; 298; 2; 1; 459
442; 357; 2; 1; 463
255; 345; 1; 2; 474
438; 432; 1; 2; 481
320; 299; 2; 1; 484
332; 318; 2; 1; 501
301; 321; 2; 1; 505
434; 318; 1; 2; 511
361; 340; 1; 2; 512
289; 361; 2; 1; 518
311; 336; 1; 2; 518
289; 443; 1; 2; 529
324; 313; 2; 1; 533
398; 437; 2; 1; 546
414; 281; 1; 2; 548
348; 388; 1; 2; 560
326; 402; 1; 2; 561
412; 317; 2; 1; 563
354; 321; 2; 1; 569
321; 315; 2; 1; 576
323; 445; 1; 2; 581
359; 300; 1; 2; 600
389; 388; 1; 2; 603
402; 350; 2; 1; 603
268; 296; 1; 2; 613
362; 381; 2; 1; 615
268; 436; 2; 1; 616
384; 449; 1; 2; 620
254; 442; 2; 1; 632
442; 365; 2; 1; 636
285; 302; 1; 2; 637
322; 302; 1; 2; 638
426; 344; 1; 2; 652
22
20; 1; 9; 34
2; 1; 18; 2317
8; 1; 13; 4789
5; 1; 47; 5262
13; 1; 9; 5311
6; 1; 26; 5959
14; 1; 26; 7700
11; 1; 25; 8473
7; 1; 21; 11151
18; 1; 19; 11185
4; 1; 47; 12349
17; 1; 20; 13805
10; 1; 1; 19009
9; 1; 35; 20983
12; 1; 30; 21437
15; 1; 46; 24512
0; 1; 8; 24657
1; 1; 6; 24851
19; 1; 24; 26073
16; 1; 17; 28638
3; 1; 29; 33881
21; 1; 33; 34914
