**** 559 ****
100
266; 300; 2; 1; 12
274; 438; 2; 1; 26
414; 414; 1; 2; 28
262; 301; 1; 2; 38
410; 443; 1; 2; 40
275; 388; 1; 2; 49
346; 313; 2; 1; 49
264; 306; 2; 1; 55
370; 307; 2; 1; 61
299; 325; 2; 1; 65
350; 388; 2; 1; 67
434; 297; 2; 1; 70
319; 294; 2; 1; 75
435; 427; 1; 2; 78
251; 418; 1; 2; 78
419; 259; 2; 1; 81
289; 428; 1; 2; 85
285; 268; 1; 2; 99
294; 420; 1; 2; 103
346; 281; 1; 2; 125
379; 284; 1; 2; 128
426; 296; 1; 2; 135
290; 385; 1; 2; 150
285; 401; 1; 2; 163
345; 436; 2; 1; 165
300; 335; 2; 1; 168
327; 413; 2; 1; 174
341; 345; 2; 1; 185
400; 312; 2; 1; 203
301; 338; 2; 1; 209
445; 314; 2; 1; 220
437; 408; 2; 1; 221
287; 414; 2; 1; 225
348; 301; 1; 2; 228
447; 312; 1; 2; 236
345; 363; 2; 1; 237
424; 416; 2; 1; 247
288; 372; 1; 2; 257
335; 298; 1; 2; 260
427; 295; 1; 2; 260
382; 252; 1; 2; 271
342; 388; 2; 1; 295
314; 369; 2; 1; 302
252; 307; 2; 1; 307
345; 259; 1; 2; 317
428; 329; 2; 1; 317
347; 435; 2; 1; 321
290; 447; 2; 1; 328
409; 325; 1; 2; 332
256; 268; 1; 2; 340
287; 435; 2; 1; 342
291; 283; 1; 2; 343
260; 252; 2; 1; 349
434; 252; 2; 1; 362
289; 315; 2; 1; 363
412; 354; 1; 2; 365
345; 338; 2; 1; 372
286; 321; 2; 1; 380
421; 301; 2; 1; 395
345; 368; 2; 1; 399
446; 357; 1; 2; 417
435; 333; 1; 2; 419
301; 438; 1; 2; 422
431; 301; 2; 1; 422
416; 412; 1; 2; 433
399; 325; 2; 1; 435
354; 379; 1; 2; 447
254; 432; 1; 2; 464
396; 276; 1; 2; 474
291; 396; 2; 1; 482
404; 320; 2; 1; 482
328; 256; 1; 2; 486
272; 353; 1; 2; 487
342; 415; 1; 2; 488
446; 338; 1; 2; 489
350; 364; 2; 1; 489
430; 427; 1; 2; 490
331; 281; 2; 1; 506
360; 346; 1; 2; 507
269; 441; 2; 1; 508
308; 262; 2; 1; 514
258; 324; 1; 2; 517
290; 288; 2; 1; 523
376; 423; 2; 1; 530
312; 274; 2; 1; 536
441; 357; 2; 1; 536
447; 382; 2; 1; 548
272; 446; 1; 2; 553
391; 288; 1; 2; 554
391; 262; 2; 1; 556
371; 374; 2; 1; 556
420; 418; 2; 1; 562
296; 403; 2; 1; 578
328; 386; 1; 2; 589
419; 440; 1; 2; 626
264; 311; 1; 2; 627
302; 308; 2; 1; 630
301; 395; 2; 1; 631
257; 424; 2; 1; 636
273; 268; 1; 2; 645
22
3; 1; 36; 127
13; 1; 7; 3884
17; 1; 22; 4656
15; 1; 25; 5677
2; 1; 25; 6049
9; 1; 45; 7083
8; 1; 26; 7261
21; 1; 6; 7303
7; 1; 2; 8160
19; 1; 44; 8593
10; 1; 31; 14122
14; 1; 27; 16193
4; 1; 20; 19378
1; 1; 47; 20077
20; 1; 1; 20290
5; 1; 12; 21863
16; 1; 5; 25400
11; 1; 7; 29142
0; 1; 8; 30011
6; 1; 2; 33168
18; 1; 1; 33408
12; 1; 48; 34673
