**** 56 ****
55
89; 41; 2; 1; 0
56; 72; 1; 2; 3
59; 86; 1; 2; 5
37; 32; 1; 2; 6
75; 69; 2; 1; 7
43; 57; 2; 1; 12
58; 74; 2; 1; 14
89; 60; 1; 2; 17
77; 43; 1; 2; 21
66; 54; 1; 2; 26
29; 74; 2; 1; 29
55; 78; 1; 2; 30
27; 71; 2; 1; 31
46; 26; 2; 1; 34
71; 59; 1; 2; 36
80; 66; 2; 1; 41
74; 85; 2; 1; 47
65; 41; 1; 2; 50
55; 35; 2; 1; 58
85; 86; 1; 2; 59
81; 37; 1; 2; 62
27; 48; 1; 2; 62
35; 78; 1; 2; 63
49; 53; 2; 1; 66
75; 48; 1; 2; 67
46; 44; 2; 1; 67
85; 82; 1; 2; 68
65; 49; 1; 2; 75
28; 44; 2; 1; 75
27; 40; 1; 2; 81
40; 65; 2; 1; 82
30; 84; 2; 1; 87
34; 48; 1; 2; 95
73; 36; 2; 1; 96
67; 59; 2; 1; 97
50; 76; 2; 1; 97
73; 61; 1; 2; 103
86; 84; 2; 1; 106
41; 34; 1; 2; 109
65; 37; 1; 2; 112
80; 75; 2; 1; 116
82; 49; 1; 2; 120
37; 66; 2; 1; 122
44; 37; 1; 2; 122
67; 54; 2; 1; 124
87; 31; 2; 1; 126
35; 80; 2; 1; 130
29; 69; 1; 2; 130
62; 39; 2; 1; 130
31; 49; 2; 1; 136
55; 47; 1; 2; 139
76; 30; 1; 2; 142
72; 32; 1; 2; 143
64; 60; 1; 2; 145
42; 43; 1; 2; 150
13
5; 1; 44; 891
2; 1; 22; 1205
3; 1; 8; 1585
1; 1; 44; 1710
0; 1; 10; 1755
9; 1; 48; 1809
10; 1; 47; 1897
12; 1; 18; 2019
7; 1; 19; 2264
11; 1; 28; 2297
6; 1; 11; 2473
8; 1; 47; 2542
4; 1; 9; 2646
