**** 560 ****
100
331; 348; 2; 1; 14
446; 420; 2; 1; 14
326; 383; 1; 2; 18
311; 266; 2; 1; 18
388; 438; 2; 1; 46
434; 337; 2; 1; 47
269; 309; 1; 2; 48
271; 314; 1; 2; 60
290; 428; 2; 1; 65
321; 447; 2; 1; 71
366; 270; 1; 2; 83
411; 442; 2; 1; 98
430; 278; 1; 2; 100
355; 427; 2; 1; 109
280; 408; 2; 1; 125
415; 413; 2; 1; 126
347; 290; 2; 1; 140
300; 350; 1; 2; 151
362; 257; 2; 1; 155
272; 347; 1; 2; 163
403; 434; 2; 1; 172
338; 428; 2; 1; 172
349; 279; 1; 2; 175
411; 278; 1; 2; 177
366; 436; 1; 2; 183
274; 420; 1; 2; 190
321; 320; 2; 1; 193
417; 446; 1; 2; 199
403; 403; 1; 2; 200
274; 432; 1; 2; 205
273; 305; 1; 2; 211
335; 371; 2; 1; 214
449; 301; 2; 1; 238
259; 343; 1; 2; 245
313; 448; 2; 1; 246
375; 306; 1; 2; 248
413; 347; 1; 2; 260
404; 337; 2; 1; 267
429; 297; 1; 2; 268
406; 289; 2; 1; 281
303; 299; 2; 1; 290
298; 345; 2; 1; 294
292; 319; 1; 2; 296
405; 417; 2; 1; 299
332; 255; 2; 1; 305
319; 406; 1; 2; 306
313; 449; 2; 1; 319
333; 289; 1; 2; 326
334; 269; 2; 1; 335
280; 345; 1; 2; 345
444; 393; 2; 1; 368
373; 283; 2; 1; 372
434; 262; 2; 1; 374
379; 307; 1; 2; 375
441; 372; 2; 1; 376
437; 446; 1; 2; 377
329; 379; 1; 2; 377
256; 323; 2; 1; 378
339; 315; 1; 2; 385
305; 265; 2; 1; 389
435; 344; 1; 2; 411
372; 428; 1; 2; 414
386; 416; 2; 1; 414
325; 268; 2; 1; 427
304; 417; 1; 2; 433
380; 365; 1; 2; 451
398; 281; 1; 2; 453
434; 372; 2; 1; 458
407; 321; 2; 1; 466
312; 356; 2; 1; 468
284; 278; 1; 2; 469
322; 340; 1; 2; 477
368; 265; 2; 1; 478
416; 436; 2; 1; 481
294; 303; 2; 1; 482
365; 289; 2; 1; 486
293; 277; 2; 1; 489
275; 399; 1; 2; 510
439; 282; 2; 1; 522
425; 356; 2; 1; 524
273; 333; 2; 1; 526
369; 433; 2; 1; 528
256; 418; 2; 1; 545
394; 378; 2; 1; 546
303; 281; 1; 2; 559
306; 317; 1; 2; 580
386; 334; 1; 2; 581
358; 259; 2; 1; 589
391; 439; 1; 2; 604
368; 353; 2; 1; 608
337; 309; 1; 2; 611
254; 263; 2; 1; 615
394; 264; 2; 1; 632
417; 365; 2; 1; 634
261; 411; 1; 2; 635
279; 307; 1; 2; 639
278; 357; 2; 1; 648
434; 377; 1; 2; 651
338; 415; 1; 2; 651
295; 256; 2; 1; 658
22
7; 1; 5; 1601
21; 1; 36; 2826
0; 1; 15; 2956
20; 1; 49; 5074
6; 1; 19; 7728
8; 1; 17; 10287
1; 1; 21; 13627
12; 1; 45; 15361
2; 1; 49; 15409
16; 1; 33; 16882
5; 1; 22; 17815
9; 1; 16; 20104
17; 1; 29; 20260
13; 1; 38; 22012
14; 1; 39; 23644
15; 1; 39; 25215
11; 1; 16; 27175
3; 1; 34; 29983
4; 1; 1; 30572
19; 1; 12; 31450
18; 1; 20; 33502
10; 1; 29; 34906
