**** 561 ****
101
408; 268; 1; 2; 9
381; 387; 1; 2; 12
439; 410; 2; 1; 15
310; 297; 2; 1; 16
311; 416; 2; 1; 34
414; 295; 2; 1; 43
455; 318; 1; 2; 44
371; 415; 1; 2; 44
336; 338; 1; 2; 58
431; 387; 2; 1; 60
398; 291; 1; 2; 81
369; 386; 2; 1; 100
401; 259; 1; 2; 101
287; 348; 2; 1; 142
377; 301; 2; 1; 156
303; 404; 2; 1; 158
375; 285; 1; 2; 162
426; 414; 2; 1; 167
447; 337; 1; 2; 168
271; 457; 1; 2; 179
317; 450; 2; 1; 198
302; 421; 1; 2; 206
316; 298; 1; 2; 213
287; 392; 2; 1; 216
260; 358; 1; 2; 221
447; 426; 2; 1; 224
417; 258; 1; 2; 230
384; 344; 1; 2; 235
432; 287; 2; 1; 241
448; 402; 2; 1; 245
259; 429; 1; 2; 261
399; 397; 1; 2; 264
310; 271; 2; 1; 270
430; 305; 2; 1; 270
409; 416; 2; 1; 271
323; 369; 1; 2; 271
375; 388; 1; 2; 272
400; 307; 1; 2; 281
451; 364; 2; 1; 284
406; 322; 1; 2; 285
451; 363; 1; 2; 292
413; 344; 1; 2; 307
274; 386; 1; 2; 307
364; 280; 1; 2; 328
347; 397; 2; 1; 330
400; 273; 1; 2; 335
344; 343; 2; 1; 340
312; 315; 1; 2; 340
384; 408; 1; 2; 354
404; 378; 1; 2; 376
274; 406; 2; 1; 377
391; 409; 1; 2; 383
369; 389; 2; 1; 396
391; 448; 1; 2; 397
387; 428; 2; 1; 398
408; 326; 1; 2; 401
279; 262; 1; 2; 405
304; 382; 1; 2; 409
297; 402; 1; 2; 412
281; 354; 1; 2; 413
456; 422; 1; 2; 417
438; 410; 1; 2; 420
447; 320; 2; 1; 420
311; 266; 1; 2; 437
272; 317; 2; 1; 437
336; 426; 1; 2; 446
456; 456; 1; 2; 447
384; 411; 1; 2; 451
364; 292; 1; 2; 455
368; 406; 2; 1; 468
321; 323; 2; 1; 478
407; 327; 2; 1; 482
410; 306; 2; 1; 493
356; 273; 2; 1; 494
284; 283; 2; 1; 495
435; 350; 1; 2; 504
362; 287; 2; 1; 506
269; 372; 1; 2; 508
406; 311; 2; 1; 516
407; 395; 1; 2; 531
408; 314; 1; 2; 536
450; 433; 2; 1; 547
379; 412; 2; 1; 548
355; 282; 2; 1; 548
369; 368; 1; 2; 550
333; 271; 1; 2; 556
290; 345; 2; 1; 560
426; 415; 2; 1; 573
353; 373; 1; 2; 577
419; 395; 1; 2; 578
404; 314; 2; 1; 578
413; 331; 2; 1; 591
295; 449; 1; 2; 604
425; 439; 2; 1; 605
441; 386; 2; 1; 606
262; 434; 1; 2; 611
432; 309; 1; 2; 627
303; 363; 1; 2; 642
322; 395; 1; 2; 644
313; 353; 1; 2; 645
430; 292; 1; 2; 649
23
16; 1; 28; 532
12; 1; 6; 1266
1; 1; 23; 1339
9; 1; 49; 2053
0; 1; 8; 2561
3; 1; 40; 2658
18; 1; 7; 6278
6; 1; 48; 6876
8; 1; 39; 12914
20; 1; 47; 18099
5; 1; 35; 20330
10; 1; 18; 23042
11; 1; 3; 24467
22; 1; 28; 27698
19; 1; 29; 28365
21; 1; 13; 29929
14; 1; 19; 30023
15; 1; 25; 31891
7; 1; 17; 33359
2; 1; 12; 33898
17; 1; 28; 34368
13; 1; 46; 35244
4; 1; 25; 35351
