**** 562 ****
101
341; 329; 2; 1; 8
350; 413; 2; 1; 11
437; 340; 2; 1; 21
256; 445; 2; 1; 27
310; 337; 1; 2; 44
432; 304; 1; 2; 46
314; 434; 2; 1; 49
340; 424; 1; 2; 74
272; 296; 2; 1; 81
400; 350; 1; 2; 84
319; 295; 2; 1; 87
321; 418; 2; 1; 90
365; 441; 1; 2; 95
457; 332; 2; 1; 102
432; 279; 1; 2; 108
265; 269; 2; 1; 118
402; 374; 1; 2; 118
287; 272; 2; 1; 124
388; 323; 2; 1; 136
452; 391; 2; 1; 149
309; 351; 1; 2; 152
315; 381; 1; 2; 165
369; 335; 1; 2; 175
314; 317; 2; 1; 182
264; 388; 2; 1; 192
388; 260; 2; 1; 199
298; 266; 2; 1; 200
418; 420; 2; 1; 202
322; 310; 1; 2; 206
321; 385; 2; 1; 211
263; 337; 2; 1; 213
430; 441; 1; 2; 217
385; 452; 1; 2; 226
383; 258; 1; 2; 226
446; 413; 1; 2; 233
421; 364; 2; 1; 238
446; 319; 2; 1; 241
381; 307; 2; 1; 243
305; 326; 2; 1; 256
268; 340; 1; 2; 256
431; 262; 1; 2; 259
308; 297; 2; 1; 260
421; 274; 1; 2; 261
355; 438; 1; 2; 267
307; 332; 2; 1; 269
351; 319; 1; 2; 271
411; 349; 2; 1; 272
418; 340; 1; 2; 278
385; 393; 2; 1; 297
311; 455; 2; 1; 310
305; 406; 1; 2; 313
428; 453; 1; 2; 315
260; 451; 2; 1; 318
362; 410; 2; 1; 331
419; 415; 1; 2; 334
402; 261; 1; 2; 345
325; 390; 2; 1; 355
292; 289; 2; 1; 367
275; 406; 1; 2; 367
443; 430; 1; 2; 368
432; 389; 1; 2; 378
300; 354; 1; 2; 389
276; 416; 1; 2; 421
312; 436; 1; 2; 422
271; 320; 1; 2; 427
280; 358; 1; 2; 428
371; 331; 2; 1; 428
377; 349; 2; 1; 432
264; 445; 2; 1; 450
367; 345; 2; 1; 454
375; 410; 1; 2; 455
437; 454; 1; 2; 457
304; 306; 2; 1; 457
433; 278; 1; 2; 463
377; 279; 1; 2; 464
372; 395; 2; 1; 476
316; 405; 1; 2; 480
454; 387; 2; 1; 486
452; 446; 1; 2; 491
348; 291; 2; 1; 492
410; 300; 1; 2; 512
404; 426; 1; 2; 525
274; 267; 2; 1; 531
379; 449; 2; 1; 531
272; 258; 2; 1; 533
272; 453; 2; 1; 534
382; 397; 2; 1; 536
306; 448; 2; 1; 537
305; 401; 2; 1; 539
427; 268; 1; 2; 547
338; 372; 1; 2; 551
378; 296; 2; 1; 569
262; 347; 1; 2; 577
276; 291; 2; 1; 582
392; 369; 1; 2; 592
326; 260; 1; 2; 594
355; 425; 1; 2; 601
306; 421; 1; 2; 606
360; 398; 1; 2; 608
271; 268; 1; 2; 631
354; 417; 2; 1; 633
23
17; 1; 47; 951
18; 1; 36; 1833
10; 1; 12; 6785
5; 1; 43; 7329
16; 1; 30; 7828
20; 1; 35; 8622
19; 1; 24; 9180
13; 1; 48; 10182
21; 1; 35; 14355
2; 1; 45; 15382
1; 1; 44; 16116
4; 1; 12; 18928
9; 1; 19; 19718
22; 1; 4; 21177
12; 1; 12; 24976
3; 1; 42; 25612
8; 1; 44; 29850
6; 1; 41; 29951
15; 1; 14; 30917
11; 1; 17; 31299
0; 1; 23; 32172
7; 1; 27; 33844
14; 1; 29; 35291
