**** 563 ****
101
306; 423; 2; 1; 5
448; 451; 1; 2; 6
365; 316; 1; 2; 14
260; 431; 1; 2; 28
364; 330; 2; 1; 48
316; 410; 1; 2; 51
296; 379; 2; 1; 68
387; 351; 1; 2; 73
340; 264; 1; 2; 88
388; 320; 2; 1; 92
319; 442; 1; 2; 99
384; 448; 1; 2; 110
283; 369; 1; 2; 110
447; 404; 1; 2; 116
324; 308; 2; 1; 129
372; 297; 2; 1; 134
369; 370; 1; 2; 144
452; 389; 1; 2; 144
327; 280; 2; 1; 153
319; 415; 2; 1; 156
368; 447; 2; 1; 156
343; 293; 2; 1; 157
328; 260; 2; 1; 163
358; 362; 2; 1; 169
349; 449; 1; 2; 169
343; 355; 2; 1; 177
410; 328; 2; 1; 188
453; 415; 1; 2; 193
280; 455; 1; 2; 194
303; 446; 2; 1; 214
266; 442; 1; 2; 218
372; 330; 1; 2; 221
263; 317; 2; 1; 239
288; 391; 1; 2; 260
447; 424; 1; 2; 264
389; 430; 2; 1; 265
417; 410; 1; 2; 278
371; 407; 1; 2; 280
362; 439; 1; 2; 280
258; 360; 2; 1; 291
431; 402; 1; 2; 297
369; 306; 2; 1; 298
454; 429; 1; 2; 304
380; 422; 1; 2; 308
397; 284; 1; 2; 326
278; 418; 1; 2; 333
257; 272; 1; 2; 334
353; 294; 2; 1; 336
270; 332; 2; 1; 337
275; 360; 2; 1; 339
416; 447; 1; 2; 354
290; 401; 2; 1; 365
396; 290; 1; 2; 368
264; 266; 1; 2; 370
354; 430; 1; 2; 370
457; 263; 1; 2; 375
449; 294; 1; 2; 388
444; 384; 1; 2; 391
382; 344; 1; 2; 395
345; 292; 2; 1; 411
258; 316; 2; 1; 413
425; 338; 1; 2; 414
388; 358; 1; 2; 418
417; 344; 1; 2; 434
442; 425; 1; 2; 435
414; 303; 1; 2; 443
393; 266; 2; 1; 452
319; 274; 1; 2; 458
397; 287; 1; 2; 458
345; 305; 2; 1; 462
392; 450; 2; 1; 465
355; 264; 1; 2; 465
336; 277; 2; 1; 484
384; 451; 2; 1; 484
440; 437; 2; 1; 485
284; 272; 2; 1; 489
411; 329; 2; 1; 492
296; 375; 2; 1; 497
290; 387; 1; 2; 503
387; 351; 1; 2; 503
358; 388; 1; 2; 538
382; 352; 1; 2; 541
292; 329; 1; 2; 550
405; 433; 2; 1; 562
363; 291; 2; 1; 570
430; 405; 1; 2; 582
277; 320; 1; 2; 586
433; 290; 2; 1; 590
391; 449; 2; 1; 591
318; 438; 2; 1; 596
292; 451; 2; 1; 598
382; 374; 2; 1; 598
319; 410; 1; 2; 602
346; 338; 1; 2; 615
333; 353; 1; 2; 625
453; 447; 2; 1; 626
344; 271; 1; 2; 632
276; 437; 2; 1; 632
271; 366; 2; 1; 643
378; 363; 2; 1; 647
321; 339; 1; 2; 659
23
6; 1; 12; 2613
17; 1; 42; 2710
18; 1; 41; 2978
8; 1; 19; 6382
16; 1; 45; 7675
13; 1; 31; 11612
9; 1; 36; 13404
1; 1; 32; 13563
5; 1; 23; 16188
2; 1; 44; 17047
20; 1; 30; 18664
21; 1; 13; 21421
12; 1; 30; 21857
11; 1; 39; 22510
3; 1; 40; 24831
15; 1; 45; 25090
22; 1; 17; 25153
10; 1; 21; 27761
4; 1; 41; 27803
7; 1; 20; 27897
14; 1; 17; 33564
0; 1; 9; 35375
19; 1; 41; 36618
