**** 564 ****
101
386; 302; 2; 1; 11
276; 440; 2; 1; 12
417; 263; 2; 1; 15
344; 327; 1; 2; 17
322; 290; 1; 2; 30
309; 282; 2; 1; 35
442; 405; 1; 2; 37
356; 396; 1; 2; 67
324; 357; 2; 1; 69
396; 384; 2; 1; 72
419; 394; 1; 2; 79
402; 411; 2; 1; 79
449; 425; 2; 1; 84
422; 288; 1; 2; 90
384; 307; 1; 2; 95
380; 361; 2; 1; 95
287; 411; 1; 2; 97
412; 431; 2; 1; 97
322; 405; 1; 2; 99
386; 313; 2; 1; 100
302; 387; 2; 1; 104
395; 257; 2; 1; 127
394; 359; 2; 1; 129
346; 310; 1; 2; 140
391; 411; 1; 2; 141
323; 430; 1; 2; 147
288; 293; 2; 1; 150
417; 441; 1; 2; 153
401; 271; 1; 2; 155
406; 422; 1; 2; 157
437; 422; 1; 2; 165
309; 286; 1; 2; 168
428; 437; 1; 2; 173
357; 287; 1; 2; 176
451; 353; 2; 1; 181
373; 437; 2; 1; 185
364; 367; 1; 2; 192
355; 311; 1; 2; 200
257; 343; 2; 1; 204
343; 263; 2; 1; 219
408; 416; 2; 1; 224
264; 370; 1; 2; 229
448; 392; 1; 2; 246
359; 283; 2; 1; 268
393; 415; 1; 2; 271
352; 373; 2; 1; 276
307; 314; 1; 2; 283
422; 366; 2; 1; 292
404; 402; 2; 1; 295
456; 370; 1; 2; 296
316; 287; 1; 2; 309
402; 266; 2; 1; 328
335; 332; 1; 2; 329
275; 314; 2; 1; 354
393; 418; 1; 2; 375
451; 284; 2; 1; 381
411; 382; 1; 2; 386
284; 309; 2; 1; 399
296; 420; 2; 1; 399
347; 457; 2; 1; 402
453; 406; 2; 1; 434
309; 275; 2; 1; 436
385; 401; 2; 1; 478
446; 334; 1; 2; 487
378; 385; 2; 1; 489
327; 436; 2; 1; 490
324; 259; 1; 2; 495
348; 443; 1; 2; 496
286; 261; 1; 2; 496
263; 347; 2; 1; 510
342; 379; 1; 2; 510
316; 372; 2; 1; 517
411; 276; 1; 2; 526
352; 403; 1; 2; 526
447; 317; 1; 2; 527
414; 446; 2; 1; 529
282; 278; 1; 2; 534
438; 419; 2; 1; 535
378; 349; 1; 2; 538
350; 349; 2; 1; 539
424; 353; 2; 1; 541
275; 272; 1; 2; 543
327; 360; 2; 1; 553
309; 272; 1; 2; 557
344; 341; 2; 1; 564
453; 285; 1; 2; 577
287; 349; 2; 1; 591
416; 383; 2; 1; 591
387; 405; 1; 2; 591
455; 340; 1; 2; 592
455; 385; 2; 1; 596
368; 359; 1; 2; 601
272; 271; 1; 2; 632
456; 447; 2; 1; 632
448; 428; 1; 2; 635
330; 393; 1; 2; 637
424; 300; 1; 2; 641
403; 365; 2; 1; 649
324; 393; 1; 2; 651
298; 390; 1; 2; 657
295; 430; 2; 1; 661
23
11; 1; 11; 339
15; 1; 35; 1912
9; 1; 26; 2085
4; 1; 46; 3109
19; 1; 47; 4002
13; 1; 7; 6586
21; 1; 19; 9518
10; 1; 39; 10109
7; 1; 22; 10191
18; 1; 47; 10420
16; 1; 41; 13001
12; 1; 5; 13740
6; 1; 8; 15273
22; 1; 19; 15309
5; 1; 42; 23153
3; 1; 13; 23933
17; 1; 29; 25912
0; 1; 39; 27133
1; 1; 33; 27447
8; 1; 48; 27659
2; 1; 36; 29110
20; 1; 49; 30474
14; 1; 18; 33645
