**** 565 ****
101
341; 329; 2; 1; 14
329; 324; 1; 2; 14
384; 428; 2; 1; 16
447; 403; 2; 1; 19
373; 418; 1; 2; 21
375; 439; 1; 2; 22
338; 365; 2; 1; 29
404; 259; 1; 2; 42
292; 351; 2; 1; 59
330; 333; 2; 1; 81
284; 322; 2; 1; 85
443; 333; 1; 2; 94
259; 444; 1; 2; 100
392; 334; 2; 1; 111
452; 342; 2; 1; 116
342; 390; 1; 2; 117
394; 376; 2; 1; 130
256; 428; 1; 2; 147
326; 359; 2; 1; 151
410; 398; 2; 1; 153
307; 392; 1; 2; 158
457; 391; 1; 2; 165
297; 352; 2; 1; 209
386; 353; 1; 2; 223
265; 312; 1; 2; 223
299; 392; 2; 1; 236
309; 391; 2; 1; 247
354; 449; 2; 1; 247
338; 323; 2; 1; 247
415; 277; 1; 2; 257
275; 455; 1; 2; 265
266; 443; 2; 1; 268
292; 317; 2; 1; 278
369; 435; 2; 1; 284
270; 319; 1; 2; 290
287; 372; 1; 2; 293
400; 362; 2; 1; 294
440; 393; 1; 2; 301
334; 388; 2; 1; 302
269; 353; 1; 2; 302
316; 445; 1; 2; 304
366; 264; 2; 1; 316
422; 284; 1; 2; 323
453; 431; 1; 2; 325
359; 423; 2; 1; 328
330; 294; 1; 2; 333
400; 350; 2; 1; 338
333; 319; 2; 1; 342
278; 306; 2; 1; 353
398; 338; 1; 2; 359
260; 434; 2; 1; 361
364; 367; 2; 1; 365
443; 436; 2; 1; 366
410; 301; 2; 1; 377
293; 358; 2; 1; 382
257; 371; 1; 2; 416
454; 451; 2; 1; 418
285; 399; 2; 1; 439
276; 288; 1; 2; 440
299; 336; 2; 1; 446
359; 422; 1; 2; 452
272; 331; 2; 1; 452
384; 272; 1; 2; 484
384; 438; 1; 2; 486
260; 339; 2; 1; 491
287; 360; 1; 2; 503
317; 419; 1; 2; 504
358; 438; 1; 2; 514
403; 403; 1; 2; 517
431; 278; 2; 1; 518
307; 277; 2; 1; 520
262; 360; 1; 2; 534
355; 433; 2; 1; 539
358; 348; 1; 2; 553
391; 360; 2; 1; 559
391; 355; 1; 2; 565
446; 332; 1; 2; 567
359; 387; 2; 1; 568
408; 281; 2; 1; 570
261; 451; 2; 1; 574
453; 286; 2; 1; 580
291; 416; 1; 2; 581
428; 358; 2; 1; 594
317; 258; 1; 2; 594
382; 310; 2; 1; 597
260; 445; 1; 2; 598
263; 266; 2; 1; 602
283; 450; 2; 1; 604
303; 380; 2; 1; 605
264; 365; 2; 1; 606
398; 401; 2; 1; 608
283; 281; 2; 1; 611
393; 344; 1; 2; 615
334; 331; 2; 1; 621
322; 445; 1; 2; 623
256; 309; 2; 1; 626
325; 433; 2; 1; 627
414; 361; 1; 2; 628
442; 350; 1; 2; 643
435; 266; 1; 2; 658
375; 318; 2; 1; 661
23
21; 1; 23; 59
9; 1; 32; 1163
6; 1; 42; 1916
0; 1; 48; 1995
17; 1; 24; 2843
3; 1; 17; 4069
16; 1; 10; 4275
4; 1; 6; 5694
11; 1; 43; 6456
22; 1; 20; 6982
19; 1; 39; 8091
13; 1; 31; 8603
18; 1; 31; 8927
14; 1; 26; 10398
12; 1; 49; 11498
20; 1; 47; 16291
2; 1; 32; 20999
5; 1; 21; 23631
1; 1; 45; 24795
15; 1; 16; 26529
7; 1; 3; 31591
8; 1; 44; 33797
10; 1; 17; 34861
