**** 566 ****
101
313; 345; 2; 1; 7
301; 365; 1; 2; 8
377; 451; 2; 1; 15
434; 401; 2; 1; 21
301; 365; 2; 1; 25
454; 386; 2; 1; 29
331; 276; 1; 2; 30
292; 365; 1; 2; 35
370; 436; 1; 2; 57
374; 425; 1; 2; 59
329; 449; 2; 1; 65
386; 263; 1; 2; 68
333; 444; 1; 2; 79
257; 387; 2; 1; 95
405; 430; 1; 2; 95
298; 292; 1; 2; 97
346; 442; 1; 2; 99
413; 407; 1; 2; 106
412; 444; 2; 1; 111
355; 271; 1; 2; 125
454; 282; 2; 1; 133
422; 457; 2; 1; 135
373; 343; 1; 2; 143
447; 413; 2; 1; 146
268; 289; 2; 1; 148
276; 359; 2; 1; 158
399; 354; 2; 1; 165
352; 397; 1; 2; 180
429; 347; 2; 1; 181
428; 357; 1; 2; 186
404; 298; 2; 1; 188
305; 295; 1; 2; 207
362; 347; 2; 1; 211
415; 369; 1; 2; 216
456; 437; 1; 2; 221
328; 344; 2; 1; 224
449; 387; 1; 2; 228
433; 451; 2; 1; 232
401; 332; 2; 1; 232
399; 441; 2; 1; 238
434; 276; 2; 1; 242
356; 305; 2; 1; 264
268; 363; 2; 1; 267
266; 273; 1; 2; 268
301; 332; 2; 1; 279
457; 269; 1; 2; 280
382; 432; 2; 1; 283
418; 418; 2; 1; 290
417; 262; 2; 1; 302
387; 284; 1; 2; 311
261; 290; 1; 2; 321
260; 308; 1; 2; 328
399; 442; 2; 1; 336
450; 355; 1; 2; 337
403; 277; 1; 2; 349
350; 446; 1; 2; 349
275; 355; 1; 2; 351
293; 417; 1; 2; 364
379; 365; 1; 2; 375
314; 420; 1; 2; 377
297; 345; 2; 1; 379
385; 278; 1; 2; 380
310; 370; 1; 2; 386
279; 425; 1; 2; 388
290; 263; 2; 1; 403
445; 391; 1; 2; 411
357; 329; 1; 2; 414
367; 370; 1; 2; 414
364; 396; 1; 2; 447
405; 343; 1; 2; 473
401; 279; 2; 1; 476
441; 296; 2; 1; 479
272; 341; 1; 2; 480
358; 434; 2; 1; 492
348; 357; 1; 2; 493
440; 427; 2; 1; 493
325; 449; 1; 2; 512
340; 257; 2; 1; 520
442; 378; 2; 1; 525
268; 309; 2; 1; 545
256; 314; 1; 2; 550
393; 425; 2; 1; 554
276; 308; 2; 1; 577
358; 342; 2; 1; 578
405; 346; 1; 2; 582
379; 421; 1; 2; 585
273; 316; 2; 1; 593
370; 376; 2; 1; 594
387; 257; 2; 1; 596
431; 445; 2; 1; 597
327; 360; 2; 1; 606
329; 335; 1; 2; 609
330; 363; 1; 2; 619
389; 330; 2; 1; 628
286; 299; 2; 1; 632
446; 423; 2; 1; 638
399; 341; 1; 2; 639
302; 445; 2; 1; 646
272; 372; 2; 1; 647
327; 313; 1; 2; 661
448; 415; 1; 2; 663
23
10; 1; 38; 185
1; 1; 26; 3166
9; 1; 32; 3557
19; 1; 22; 4213
21; 1; 33; 5436
6; 1; 27; 8858
12; 1; 11; 10395
18; 1; 28; 12253
20; 1; 6; 14478
11; 1; 7; 17494
14; 1; 30; 18609
0; 1; 16; 19105
4; 1; 12; 20554
13; 1; 40; 20816
8; 1; 15; 22716
22; 1; 12; 24341
16; 1; 48; 24547
7; 1; 37; 28726
3; 1; 18; 32246
17; 1; 30; 32800
2; 1; 20; 33009
5; 1; 47; 34261
15; 1; 47; 36129
