**** 567 ****
101
289; 401; 1; 2; 2
275; 449; 2; 1; 26
335; 274; 2; 1; 43
418; 319; 1; 2; 44
272; 446; 1; 2; 59
380; 336; 2; 1; 60
336; 289; 1; 2; 60
309; 331; 1; 2; 63
293; 433; 2; 1; 73
457; 288; 2; 1; 74
345; 367; 2; 1; 89
420; 365; 2; 1; 97
352; 408; 1; 2; 102
321; 445; 2; 1; 111
416; 356; 1; 2; 114
404; 290; 1; 2; 121
442; 434; 1; 2; 125
260; 430; 1; 2; 127
286; 456; 2; 1; 146
279; 399; 2; 1; 147
259; 325; 2; 1; 158
294; 324; 1; 2; 158
342; 264; 1; 2; 159
299; 387; 1; 2; 189
298; 382; 1; 2; 192
453; 356; 2; 1; 209
270; 383; 1; 2; 210
273; 383; 2; 1; 216
362; 376; 1; 2; 227
265; 275; 2; 1; 231
308; 358; 1; 2; 246
274; 258; 2; 1; 247
342; 335; 2; 1; 249
359; 424; 1; 2; 254
303; 411; 1; 2; 258
376; 397; 2; 1; 269
375; 384; 1; 2; 269
436; 325; 2; 1; 275
327; 435; 2; 1; 281
305; 438; 2; 1; 283
388; 369; 2; 1; 285
332; 372; 2; 1; 286
332; 408; 2; 1; 303
348; 391; 1; 2; 303
282; 411; 1; 2; 307
316; 453; 2; 1; 311
301; 407; 2; 1; 311
345; 393; 2; 1; 313
293; 354; 1; 2; 329
352; 274; 2; 1; 337
320; 449; 2; 1; 351
301; 415; 1; 2; 356
409; 375; 1; 2; 359
402; 426; 1; 2; 360
355; 356; 2; 1; 363
273; 381; 2; 1; 364
376; 425; 1; 2; 367
378; 380; 1; 2; 370
353; 438; 2; 1; 372
299; 418; 1; 2; 376
373; 381; 2; 1; 386
394; 268; 1; 2; 389
301; 291; 1; 2; 390
292; 385; 2; 1; 390
257; 295; 2; 1; 400
444; 454; 2; 1; 403
385; 358; 2; 1; 408
405; 443; 2; 1; 415
413; 341; 2; 1; 424
428; 340; 2; 1; 425
405; 428; 2; 1; 439
373; 360; 1; 2; 440
368; 318; 1; 2; 447
302; 446; 2; 1; 473
257; 337; 2; 1; 484
333; 433; 1; 2; 485
347; 447; 1; 2; 498
271; 381; 2; 1; 514
305; 444; 1; 2; 520
429; 442; 2; 1; 521
315; 256; 2; 1; 525
352; 356; 2; 1; 535
322; 441; 2; 1; 542
379; 320; 2; 1; 545
276; 385; 1; 2; 550
354; 329; 1; 2; 556
393; 397; 2; 1; 577
273; 262; 2; 1; 582
280; 345; 2; 1; 592
414; 259; 1; 2; 598
289; 315; 1; 2; 599
351; 366; 2; 1; 614
284; 444; 1; 2; 627
451; 445; 1; 2; 631
270; 299; 2; 1; 636
324; 446; 1; 2; 638
326; 448; 2; 1; 639
416; 371; 1; 2; 641
443; 374; 1; 2; 645
275; 272; 1; 2; 649
349; 316; 2; 1; 657
23
13; 1; 9; 232
12; 1; 14; 741
22; 1; 30; 2568
4; 1; 14; 2635
5; 1; 42; 4574
11; 1; 18; 14351
14; 1; 18; 15292
18; 1; 45; 15690
0; 1; 41; 15957
1; 1; 33; 16521
16; 1; 39; 17831
15; 1; 23; 20124
21; 1; 36; 20672
17; 1; 33; 20854
10; 1; 18; 21711
8; 1; 18; 24795
9; 1; 4; 25394
7; 1; 4; 26054
3; 1; 4; 27204
2; 1; 16; 29017
6; 1; 5; 31941
20; 1; 23; 34137
19; 1; 33; 34397
