**** 568 ****
101
368; 332; 1; 2; 1
408; 317; 2; 1; 1
425; 445; 2; 1; 4
313; 289; 1; 2; 7
276; 375; 2; 1; 12
301; 447; 2; 1; 17
358; 425; 1; 2; 37
306; 404; 1; 2; 39
448; 343; 2; 1; 41
363; 261; 2; 1; 45
434; 278; 1; 2; 59
399; 270; 2; 1; 89
319; 306; 2; 1; 102
320; 322; 2; 1; 103
423; 306; 2; 1; 105
286; 275; 2; 1; 107
426; 401; 2; 1; 109
387; 367; 1; 2; 115
388; 428; 2; 1; 119
406; 411; 2; 1; 125
269; 442; 1; 2; 163
382; 345; 2; 1; 170
324; 449; 1; 2; 190
401; 316; 1; 2; 196
336; 284; 2; 1; 216
436; 454; 1; 2; 221
348; 306; 1; 2; 223
301; 269; 2; 1; 224
337; 440; 2; 1; 228
291; 401; 1; 2; 229
426; 258; 2; 1; 236
337; 370; 1; 2; 239
295; 321; 2; 1; 243
300; 272; 2; 1; 245
325; 280; 2; 1; 249
275; 342; 1; 2; 259
307; 336; 1; 2; 263
294; 364; 1; 2; 278
350; 331; 2; 1; 289
390; 358; 1; 2; 295
440; 324; 2; 1; 317
451; 441; 1; 2; 320
281; 431; 2; 1; 340
335; 269; 2; 1; 343
340; 397; 2; 1; 344
265; 439; 1; 2; 347
388; 268; 2; 1; 348
450; 449; 1; 2; 366
354; 355; 1; 2; 367
354; 276; 2; 1; 374
442; 428; 1; 2; 375
257; 289; 2; 1; 378
450; 350; 2; 1; 382
294; 435; 2; 1; 397
287; 402; 1; 2; 402
268; 279; 1; 2; 403
363; 417; 2; 1; 405
404; 310; 1; 2; 420
322; 355; 2; 1; 436
351; 452; 2; 1; 438
422; 346; 1; 2; 442
284; 325; 1; 2; 454
281; 437; 1; 2; 454
407; 317; 1; 2; 461
265; 305; 2; 1; 473
392; 446; 1; 2; 475
283; 309; 1; 2; 484
427; 334; 2; 1; 490
295; 287; 1; 2; 493
338; 399; 2; 1; 500
289; 327; 1; 2; 524
360; 415; 1; 2; 529
256; 282; 2; 1; 530
422; 423; 2; 1; 533
318; 343; 2; 1; 535
286; 261; 1; 2; 556
272; 274; 1; 2; 565
289; 358; 1; 2; 567
391; 396; 2; 1; 576
358; 330; 1; 2; 578
262; 436; 1; 2; 578
453; 428; 1; 2; 580
331; 265; 1; 2; 584
303; 327; 1; 2; 585
355; 316; 1; 2; 587
447; 450; 1; 2; 588
429; 292; 1; 2; 589
421; 374; 2; 1; 589
265; 452; 2; 1; 591
340; 423; 2; 1; 603
361; 298; 2; 1; 606
298; 410; 2; 1; 610
356; 406; 2; 1; 612
285; 436; 2; 1; 626
284; 396; 1; 2; 633
380; 425; 2; 1; 635
374; 329; 1; 2; 638
432; 438; 1; 2; 639
332; 304; 2; 1; 648
327; 369; 1; 2; 649
439; 349; 1; 2; 654
23
2; 1; 35; 465
13; 1; 48; 1320
7; 1; 46; 1831
11; 1; 49; 4103
22; 1; 2; 5299
0; 1; 38; 7114
6; 1; 21; 7169
5; 1; 40; 13018
10; 1; 12; 17855
19; 1; 28; 18347
1; 1; 45; 19746
9; 1; 29; 20927
16; 1; 27; 21931
17; 1; 22; 26419
20; 1; 32; 29329
3; 1; 40; 29390
14; 1; 39; 29707
15; 1; 3; 30816
8; 1; 16; 32389
21; 1; 34; 33154
4; 1; 6; 33208
18; 1; 2; 35599
12; 1; 11; 35650
