**** 569 ****
101
324; 265; 1; 2; 16
257; 358; 2; 1; 21
362; 331; 1; 2; 25
395; 364; 1; 2; 39
361; 350; 2; 1; 46
292; 295; 1; 2; 57
352; 278; 2; 1; 60
273; 348; 2; 1; 62
360; 317; 1; 2; 64
298; 392; 1; 2; 85
328; 364; 1; 2; 89
326; 283; 1; 2; 93
322; 318; 1; 2; 98
416; 263; 1; 2; 98
395; 322; 1; 2; 100
381; 388; 2; 1; 103
323; 378; 1; 2; 118
306; 338; 1; 2; 123
388; 330; 2; 1; 125
289; 377; 2; 1; 130
318; 438; 1; 2; 146
325; 328; 2; 1; 151
412; 408; 2; 1; 152
424; 364; 2; 1; 155
337; 336; 2; 1; 157
448; 272; 2; 1; 163
358; 342; 1; 2; 166
313; 299; 1; 2; 173
260; 361; 2; 1; 178
451; 422; 2; 1; 180
381; 419; 1; 2; 183
367; 325; 1; 2; 210
416; 429; 2; 1; 220
332; 342; 2; 1; 228
456; 317; 1; 2; 229
336; 301; 2; 1; 231
407; 288; 1; 2; 237
280; 320; 2; 1; 248
309; 400; 2; 1; 257
284; 291; 1; 2; 264
338; 427; 2; 1; 272
362; 306; 2; 1; 276
390; 325; 1; 2; 286
391; 291; 1; 2; 295
424; 287; 1; 2; 315
377; 402; 1; 2; 332
454; 452; 2; 1; 335
324; 332; 1; 2; 336
352; 408; 2; 1; 340
306; 357; 1; 2; 352
385; 387; 1; 2; 352
322; 425; 2; 1; 360
262; 327; 2; 1; 376
436; 432; 1; 2; 377
319; 268; 2; 1; 389
373; 327; 2; 1; 404
386; 311; 1; 2; 408
366; 298; 1; 2; 410
303; 399; 1; 2; 411
289; 362; 1; 2; 413
339; 420; 2; 1; 427
300; 336; 2; 1; 446
408; 349; 2; 1; 449
355; 348; 1; 2; 464
404; 408; 1; 2; 464
290; 355; 2; 1; 466
374; 426; 1; 2; 473
380; 357; 2; 1; 478
360; 408; 2; 1; 482
297; 363; 1; 2; 483
456; 341; 2; 1; 488
316; 335; 1; 2; 488
279; 451; 1; 2; 498
440; 261; 1; 2; 505
345; 362; 1; 2; 506
269; 416; 2; 1; 511
444; 422; 1; 2; 518
434; 288; 1; 2; 526
331; 263; 1; 2; 535
413; 304; 2; 1; 539
443; 426; 2; 1; 543
331; 331; 1; 2; 546
455; 357; 1; 2; 547
380; 277; 1; 2; 573
285; 445; 2; 1; 573
329; 297; 2; 1; 574
382; 267; 2; 1; 576
372; 370; 2; 1; 585
438; 398; 2; 1; 586
276; 449; 2; 1; 588
336; 373; 1; 2; 595
260; 285; 1; 2; 606
308; 321; 1; 2; 608
437; 451; 2; 1; 622
369; 384; 2; 1; 626
455; 370; 1; 2; 636
264; 414; 2; 1; 651
381; 310; 2; 1; 655
383; 291; 2; 1; 658
286; 375; 2; 1; 662
420; 265; 1; 2; 664
23
9; 1; 31; 723
17; 1; 37; 3846
2; 1; 17; 3890
22; 1; 26; 8841
13; 1; 21; 11037
11; 1; 36; 13282
8; 1; 16; 14750
21; 1; 1; 14768
19; 1; 23; 15432
20; 1; 45; 18247
3; 1; 32; 23622
15; 1; 18; 25628
18; 1; 18; 26133
10; 1; 3; 26831
7; 1; 31; 26984
14; 1; 27; 28699
16; 1; 37; 29847
5; 1; 49; 31142
1; 1; 24; 33341
12; 1; 11; 33503
0; 1; 2; 34841
6; 1; 36; 35462
4; 1; 23; 35718
