**** 57 ****
55
72; 51; 1; 2; 4
53; 67; 1; 2; 7
41; 76; 2; 1; 7
75; 54; 2; 1; 9
62; 61; 1; 2; 10
87; 82; 2; 1; 15
63; 65; 2; 1; 15
50; 75; 1; 2; 19
29; 32; 1; 2; 23
40; 44; 2; 1; 27
84; 88; 2; 1; 30
73; 63; 2; 1; 31
84; 33; 1; 2; 33
30; 74; 2; 1; 37
51; 53; 2; 1; 39
70; 76; 1; 2; 40
28; 36; 1; 2; 42
78; 80; 2; 1; 47
51; 44; 2; 1; 51
68; 29; 2; 1; 51
83; 83; 2; 1; 52
51; 26; 2; 1; 52
58; 47; 1; 2; 56
67; 29; 2; 1; 59
73; 44; 1; 2; 60
76; 65; 1; 2; 60
61; 60; 1; 2; 65
41; 54; 1; 2; 66
87; 36; 1; 2; 67
61; 31; 1; 2; 74
29; 51; 1; 2; 75
67; 86; 2; 1; 77
29; 70; 2; 1; 78
71; 26; 2; 1; 78
51; 53; 2; 1; 79
26; 87; 2; 1; 87
76; 67; 1; 2; 91
52; 80; 2; 1; 92
77; 26; 2; 1; 93
49; 66; 1; 2; 93
70; 41; 2; 1; 95
34; 79; 1; 2; 107
79; 49; 1; 2; 110
62; 37; 2; 1; 110
83; 45; 2; 1; 111
31; 87; 2; 1; 112
78; 75; 2; 1; 115
75; 84; 2; 1; 118
53; 86; 2; 1; 119
52; 27; 2; 1; 121
84; 79; 1; 2; 121
70; 72; 2; 1; 127
59; 42; 2; 1; 138
69; 43; 1; 2; 144
77; 33; 2; 1; 144
13
2; 1; 44; 128
9; 1; 12; 554
3; 1; 23; 664
11; 1; 26; 1033
10; 1; 34; 1060
12; 1; 13; 1424
5; 1; 3; 1443
8; 1; 7; 1453
1; 1; 20; 1557
7; 1; 40; 1676
4; 1; 13; 2115
6; 1; 36; 2715
0; 1; 20; 3308
