**** 570 ****
101
410; 383; 2; 1; 2
319; 446; 1; 2; 8
370; 388; 1; 2; 10
292; 355; 1; 2; 15
315; 389; 2; 1; 29
453; 394; 1; 2; 38
290; 278; 2; 1; 39
346; 382; 1; 2; 39
420; 269; 2; 1; 41
406; 337; 1; 2; 49
259; 352; 2; 1; 64
285; 308; 1; 2; 68
296; 433; 1; 2; 78
313; 379; 2; 1; 122
290; 326; 2; 1; 134
256; 335; 2; 1; 151
379; 343; 2; 1; 156
259; 448; 1; 2; 159
266; 369; 1; 2; 162
342; 263; 2; 1; 163
439; 289; 1; 2; 164
372; 307; 2; 1; 166
435; 398; 1; 2; 201
390; 410; 2; 1; 205
293; 335; 2; 1; 207
314; 433; 1; 2; 217
421; 410; 2; 1; 220
369; 298; 1; 2; 234
292; 261; 2; 1; 243
288; 295; 2; 1; 246
416; 301; 1; 2; 247
279; 315; 1; 2; 249
305; 435; 1; 2; 256
401; 431; 1; 2; 266
444; 310; 2; 1; 268
299; 282; 2; 1; 268
319; 407; 1; 2; 269
260; 387; 2; 1; 269
260; 281; 2; 1; 271
431; 359; 1; 2; 273
289; 305; 2; 1; 281
417; 396; 2; 1; 286
426; 362; 2; 1; 297
443; 405; 2; 1; 302
256; 336; 2; 1; 302
339; 284; 1; 2; 308
455; 309; 1; 2; 332
262; 331; 2; 1; 336
432; 392; 1; 2; 338
420; 428; 1; 2; 342
269; 307; 2; 1; 352
423; 409; 2; 1; 376
287; 407; 1; 2; 376
380; 284; 1; 2; 382
332; 323; 1; 2; 386
393; 311; 2; 1; 389
345; 256; 2; 1; 409
283; 321; 2; 1; 428
418; 368; 2; 1; 433
320; 378; 1; 2; 440
432; 391; 2; 1; 450
287; 398; 1; 2; 461
305; 426; 2; 1; 462
372; 295; 1; 2; 463
416; 292; 2; 1; 464
439; 346; 1; 2; 465
389; 290; 2; 1; 475
439; 378; 2; 1; 482
342; 412; 1; 2; 490
267; 277; 2; 1; 492
405; 385; 2; 1; 494
323; 425; 1; 2; 505
313; 353; 2; 1; 513
338; 439; 2; 1; 516
326; 293; 1; 2; 520
390; 265; 1; 2; 534
301; 306; 2; 1; 541
401; 411; 2; 1; 551
418; 298; 2; 1; 551
448; 439; 1; 2; 553
423; 308; 2; 1; 555
386; 297; 2; 1; 555
289; 359; 1; 2; 558
289; 320; 2; 1; 559
308; 312; 2; 1; 567
427; 373; 2; 1; 576
426; 270; 2; 1; 577
366; 442; 2; 1; 582
302; 340; 1; 2; 590
378; 362; 1; 2; 590
415; 348; 1; 2; 596
289; 349; 1; 2; 596
400; 378; 1; 2; 606
337; 429; 1; 2; 608
334; 328; 1; 2; 618
428; 395; 1; 2; 626
366; 457; 2; 1; 631
388; 431; 2; 1; 658
274; 368; 1; 2; 660
303; 386; 1; 2; 668
280; 410; 1; 2; 668
23
2; 1; 45; 460
0; 1; 1; 2242
18; 1; 31; 2782
11; 1; 48; 3790
3; 1; 37; 4868
22; 1; 38; 4982
1; 1; 10; 9081
14; 1; 42; 9922
13; 1; 21; 12326
17; 1; 14; 13554
15; 1; 41; 14168
7; 1; 10; 15231
10; 1; 39; 16237
4; 1; 23; 18554
8; 1; 41; 21473
21; 1; 45; 22568
20; 1; 17; 23794
6; 1; 11; 24333
16; 1; 34; 26074
9; 1; 22; 28325
12; 1; 45; 31328
19; 1; 8; 31501
5; 1; 42; 33655
