**** 571 ****
101
300; 435; 2; 1; 1
425; 424; 2; 1; 15
269; 358; 2; 1; 24
313; 383; 2; 1; 24
297; 286; 1; 2; 26
304; 264; 1; 2; 28
378; 433; 1; 2; 33
344; 266; 2; 1; 37
340; 315; 2; 1; 44
331; 335; 1; 2; 55
269; 309; 1; 2; 64
330; 383; 1; 2; 69
346; 412; 2; 1; 69
432; 328; 2; 1; 74
454; 454; 2; 1; 84
326; 295; 1; 2; 98
299; 320; 1; 2; 100
292; 443; 2; 1; 114
374; 399; 1; 2; 126
317; 447; 1; 2; 131
296; 293; 2; 1; 134
293; 381; 2; 1; 137
322; 272; 2; 1; 141
302; 320; 2; 1; 143
385; 292; 2; 1; 159
308; 282; 1; 2; 174
330; 297; 2; 1; 176
374; 268; 2; 1; 184
272; 422; 2; 1; 186
434; 289; 1; 2; 191
425; 328; 2; 1; 198
353; 266; 2; 1; 199
316; 276; 1; 2; 203
267; 285; 1; 2; 204
346; 381; 1; 2; 208
453; 420; 1; 2; 208
410; 416; 2; 1; 210
341; 289; 2; 1; 232
260; 412; 1; 2; 234
406; 289; 1; 2; 238
318; 418; 1; 2; 269
453; 340; 1; 2; 278
268; 457; 2; 1; 287
377; 264; 2; 1; 297
448; 269; 2; 1; 301
277; 376; 1; 2; 313
367; 302; 1; 2; 314
450; 320; 1; 2; 316
378; 353; 2; 1; 320
339; 412; 2; 1; 322
387; 363; 1; 2; 335
299; 383; 2; 1; 341
299; 282; 1; 2; 346
408; 435; 2; 1; 360
394; 371; 2; 1; 373
347; 389; 2; 1; 373
437; 316; 2; 1; 384
429; 278; 2; 1; 385
425; 359; 1; 2; 452
445; 371; 2; 1; 454
279; 274; 1; 2; 475
303; 335; 2; 1; 484
414; 275; 2; 1; 486
451; 307; 1; 2; 487
340; 282; 1; 2; 499
423; 404; 2; 1; 503
357; 348; 2; 1; 522
273; 408; 2; 1; 528
417; 261; 2; 1; 531
405; 375; 2; 1; 538
415; 404; 1; 2; 538
304; 447; 1; 2; 552
305; 298; 1; 2; 555
323; 311; 2; 1; 559
427; 355; 2; 1; 560
288; 347; 2; 1; 567
418; 427; 1; 2; 572
338; 355; 1; 2; 576
281; 302; 2; 1; 586
413; 270; 1; 2; 587
454; 425; 1; 2; 587
331; 352; 1; 2; 589
430; 345; 2; 1; 595
343; 370; 1; 2; 598
360; 367; 1; 2; 600
300; 357; 1; 2; 603
268; 421; 2; 1; 606
302; 413; 1; 2; 607
386; 330; 2; 1; 614
316; 381; 2; 1; 619
413; 310; 2; 1; 622
338; 400; 1; 2; 625
447; 411; 2; 1; 633
380; 453; 1; 2; 635
276; 353; 1; 2; 640
273; 256; 1; 2; 652
442; 389; 1; 2; 653
395; 304; 1; 2; 659
412; 442; 2; 1; 660
256; 265; 2; 1; 664
301; 305; 2; 1; 669
23
15; 1; 49; 1280
11; 1; 5; 2692
14; 1; 23; 3677
21; 1; 4; 4101
22; 1; 29; 5015
10; 1; 27; 5818
3; 1; 1; 9170
6; 1; 4; 12417
9; 1; 47; 14473
8; 1; 41; 14875
7; 1; 30; 15011
20; 1; 48; 18172
1; 1; 25; 19280
5; 1; 39; 21311
2; 1; 34; 22938
19; 1; 4; 24884
13; 1; 22; 25172
4; 1; 37; 26976
16; 1; 24; 30344
0; 1; 34; 30488
17; 1; 24; 31695
18; 1; 48; 33846
12; 1; 39; 35864
