**** 572 ****
102
448; 442; 1; 2; 18
403; 391; 2; 1; 23
410; 437; 2; 1; 27
340; 446; 1; 2; 28
262; 441; 2; 1; 34
326; 327; 2; 1; 49
423; 415; 2; 1; 51
407; 303; 2; 1; 55
452; 293; 2; 1; 66
416; 322; 1; 2; 67
406; 346; 1; 2; 74
447; 337; 2; 1; 84
326; 312; 2; 1; 105
386; 445; 1; 2; 110
265; 457; 2; 1; 111
278; 362; 2; 1; 115
327; 420; 2; 1; 130
346; 345; 2; 1; 132
306; 350; 2; 1; 136
462; 341; 2; 1; 155
311; 323; 1; 2; 157
371; 313; 2; 1; 165
267; 432; 1; 2; 168
368; 415; 1; 2; 179
434; 350; 2; 1; 184
356; 362; 2; 1; 194
453; 395; 1; 2; 202
335; 300; 2; 1; 210
429; 306; 2; 1; 210
350; 397; 2; 1; 211
324; 301; 2; 1; 228
321; 371; 1; 2; 250
443; 408; 1; 2; 265
342; 423; 1; 2; 276
322; 433; 2; 1; 279
322; 317; 1; 2; 285
366; 430; 2; 1; 296
296; 429; 1; 2; 298
317; 369; 2; 1; 311
334; 394; 1; 2; 320
408; 412; 1; 2; 331
453; 406; 2; 1; 339
375; 353; 2; 1; 351
455; 369; 1; 2; 352
315; 348; 1; 2; 353
442; 382; 2; 1; 358
394; 280; 1; 2; 371
379; 289; 2; 1; 372
318; 294; 1; 2; 373
314; 390; 2; 1; 381
303; 427; 1; 2; 390
288; 389; 1; 2; 400
339; 438; 1; 2; 402
400; 263; 1; 2; 406
310; 433; 2; 1; 407
366; 333; 2; 1; 412
463; 450; 1; 2; 413
369; 408; 2; 1; 416
454; 310; 2; 1; 428
413; 385; 2; 1; 433
311; 344; 2; 1; 436
387; 350; 2; 1; 440
434; 444; 2; 1; 446
328; 368; 1; 2; 448
449; 403; 1; 2; 451
461; 340; 1; 2; 453
319; 437; 1; 2; 479
301; 389; 2; 1; 480
399; 322; 1; 2; 481
319; 284; 1; 2; 485
360; 413; 2; 1; 486
327; 385; 2; 1; 491
270; 356; 2; 1; 495
281; 449; 1; 2; 500
283; 381; 1; 2; 505
449; 458; 1; 2; 507
431; 410; 2; 1; 508
451; 374; 1; 2; 515
436; 456; 1; 2; 521
345; 388; 1; 2; 533
368; 444; 1; 2; 539
309; 413; 2; 1; 539
307; 397; 2; 1; 544
452; 316; 2; 1; 552
261; 316; 1; 2; 557
448; 333; 1; 2; 559
397; 438; 1; 2; 562
437; 402; 2; 1; 565
412; 297; 1; 2; 566
318; 322; 2; 1; 581
406; 310; 1; 2; 584
406; 454; 1; 2; 603
459; 412; 1; 2; 610
310; 302; 1; 2; 622
410; 414; 2; 1; 637
344; 409; 1; 2; 642
411; 297; 2; 1; 647
396; 328; 2; 1; 648
286; 362; 2; 1; 650
329; 440; 2; 1; 658
333; 276; 2; 1; 667
291; 432; 1; 2; 670
23
2; 1; 41; 616
12; 1; 22; 1050
18; 1; 37; 2046
11; 1; 2; 4420
5; 1; 36; 5993
16; 1; 43; 6189
8; 1; 12; 6236
20; 1; 13; 6537
22; 1; 43; 8119
13; 1; 10; 9291
7; 1; 29; 10088
4; 1; 36; 11044
17; 1; 43; 12164
0; 1; 49; 14079
1; 1; 25; 15388
6; 1; 13; 24254
15; 1; 27; 25311
14; 1; 23; 26962
3; 1; 19; 27948
9; 1; 35; 28194
19; 1; 28; 32328
21; 1; 13; 35747
10; 1; 36; 36158
