**** 573 ****
102
268; 282; 2; 1; 0
433; 350; 2; 1; 4
351; 279; 1; 2; 8
413; 444; 2; 1; 17
318; 287; 2; 1; 30
265; 401; 1; 2; 33
390; 354; 1; 2; 36
394; 299; 1; 2; 50
328; 303; 2; 1; 60
345; 379; 2; 1; 65
303; 316; 1; 2; 82
379; 373; 2; 1; 101
427; 282; 2; 1; 104
409; 401; 1; 2; 116
278; 420; 2; 1; 121
333; 390; 2; 1; 126
266; 399; 1; 2; 152
325; 332; 1; 2; 167
402; 415; 1; 2; 168
273; 335; 1; 2; 177
431; 448; 1; 2; 182
338; 319; 1; 2; 183
299; 370; 2; 1; 186
296; 353; 2; 1; 200
311; 267; 2; 1; 200
364; 313; 2; 1; 203
465; 370; 2; 1; 206
445; 355; 2; 1; 209
366; 275; 1; 2; 216
304; 430; 2; 1; 222
312; 438; 1; 2; 228
267; 356; 1; 2; 231
326; 358; 2; 1; 234
312; 331; 1; 2; 243
358; 361; 1; 2; 244
284; 445; 1; 2; 252
276; 456; 1; 2; 253
432; 379; 2; 1; 256
456; 453; 2; 1; 257
444; 272; 2; 1; 267
427; 267; 1; 2; 276
296; 385; 1; 2; 286
408; 356; 1; 2; 289
412; 366; 2; 1; 300
435; 318; 1; 2; 307
367; 358; 2; 1; 311
280; 399; 1; 2; 313
313; 262; 2; 1; 313
341; 435; 2; 1; 313
285; 352; 2; 1; 320
407; 286; 1; 2; 339
279; 356; 1; 2; 340
366; 299; 1; 2; 346
342; 303; 1; 2; 352
364; 389; 1; 2; 356
358; 345; 1; 2; 357
392; 398; 2; 1; 357
434; 341; 2; 1; 361
261; 441; 2; 1; 362
315; 366; 2; 1; 382
393; 267; 2; 1; 399
333; 398; 1; 2; 402
373; 324; 1; 2; 404
372; 403; 2; 1; 415
319; 447; 1; 2; 425
309; 436; 1; 2; 428
431; 295; 2; 1; 436
312; 386; 2; 1; 462
306; 440; 1; 2; 466
300; 427; 1; 2; 481
430; 302; 1; 2; 500
441; 361; 2; 1; 501
288; 450; 1; 2; 527
339; 301; 1; 2; 531
387; 417; 1; 2; 534
434; 345; 2; 1; 536
360; 354; 2; 1; 542
451; 426; 1; 2; 543
443; 387; 1; 2; 553
462; 427; 2; 1; 556
448; 285; 2; 1; 559
385; 461; 1; 2; 560
291; 398; 1; 2; 560
418; 290; 1; 2; 564
391; 302; 2; 1; 576
316; 339; 1; 2; 578
291; 426; 2; 1; 580
443; 294; 1; 2; 583
286; 375; 2; 1; 589
442; 285; 1; 2; 591
312; 304; 2; 1; 606
461; 356; 2; 1; 611
361; 459; 2; 1; 622
292; 348; 1; 2; 626
454; 377; 2; 1; 627
291; 307; 1; 2; 633
417; 329; 1; 2; 637
428; 448; 1; 2; 642
296; 311; 2; 1; 647
302; 438; 1; 2; 651
420; 421; 1; 2; 652
449; 354; 1; 2; 655
23
21; 1; 33; 1026
20; 1; 21; 2140
17; 1; 28; 2527
14; 1; 38; 5194
22; 1; 29; 5258
4; 1; 20; 7977
3; 1; 28; 8575
5; 1; 25; 10458
13; 1; 37; 12102
9; 1; 35; 15612
7; 1; 32; 16709
2; 1; 12; 17932
1; 1; 28; 18385
19; 1; 39; 18437
12; 1; 28; 19005
15; 1; 27; 20097
8; 1; 14; 20859
16; 1; 14; 24031
6; 1; 33; 27150
0; 1; 31; 31363
10; 1; 24; 32940
11; 1; 10; 33459
18; 1; 7; 35382
