**** 574 ****
102
322; 342; 2; 1; 11
286; 369; 2; 1; 20
375; 437; 2; 1; 27
389; 317; 1; 2; 30
325; 383; 2; 1; 36
298; 427; 1; 2; 43
308; 378; 2; 1; 47
287; 283; 1; 2; 48
392; 439; 2; 1; 48
290; 299; 1; 2; 59
324; 427; 1; 2; 60
326; 393; 2; 1; 62
323; 418; 1; 2; 74
336; 425; 2; 1; 78
393; 447; 1; 2; 96
402; 288; 1; 2; 97
352; 387; 1; 2; 135
439; 339; 2; 1; 137
302; 432; 1; 2; 138
351; 424; 1; 2; 147
401; 403; 1; 2; 153
393; 301; 1; 2; 161
267; 361; 2; 1; 161
363; 308; 1; 2; 173
311; 354; 2; 1; 174
425; 277; 1; 2; 174
392; 357; 1; 2; 175
270; 317; 1; 2; 179
451; 357; 1; 2; 179
458; 441; 2; 1; 180
269; 334; 1; 2; 180
438; 272; 2; 1; 192
324; 302; 2; 1; 193
265; 298; 2; 1; 196
312; 352; 2; 1; 217
420; 377; 1; 2; 230
369; 320; 1; 2; 241
261; 449; 2; 1; 244
385; 324; 2; 1; 245
265; 292; 2; 1; 250
385; 420; 1; 2; 257
313; 338; 2; 1; 260
347; 317; 2; 1; 264
312; 392; 2; 1; 269
429; 293; 1; 2; 282
350; 313; 1; 2; 285
437; 319; 2; 1; 286
350; 308; 2; 1; 292
423; 429; 2; 1; 293
376; 445; 2; 1; 311
291; 263; 1; 2; 314
370; 459; 2; 1; 315
294; 344; 1; 2; 325
430; 369; 2; 1; 341
320; 391; 2; 1; 353
329; 375; 1; 2; 358
267; 411; 2; 1; 371
283; 336; 1; 2; 382
270; 361; 2; 1; 400
409; 441; 1; 2; 408
378; 398; 2; 1; 417
327; 365; 2; 1; 418
387; 306; 1; 2; 418
445; 339; 2; 1; 438
326; 425; 1; 2; 438
317; 365; 2; 1; 443
357; 445; 2; 1; 456
284; 332; 1; 2; 460
291; 365; 2; 1; 461
311; 295; 2; 1; 462
377; 343; 1; 2; 462
372; 283; 1; 2; 463
284; 323; 2; 1; 468
418; 362; 2; 1; 469
378; 372; 1; 2; 471
408; 378; 1; 2; 472
316; 452; 1; 2; 472
283; 412; 1; 2; 472
290; 389; 1; 2; 488
338; 324; 2; 1; 489
368; 408; 2; 1; 494
307; 275; 2; 1; 503
347; 263; 2; 1; 509
377; 339; 1; 2; 532
355; 267; 2; 1; 547
303; 302; 2; 1; 556
440; 365; 1; 2; 567
443; 288; 2; 1; 573
328; 458; 1; 2; 587
285; 337; 1; 2; 593
393; 297; 2; 1; 600
348; 269; 1; 2; 609
367; 307; 1; 2; 611
406; 348; 2; 1; 620
456; 268; 2; 1; 625
276; 306; 1; 2; 631
351; 444; 2; 1; 649
321; 351; 1; 2; 657
305; 335; 2; 1; 663
368; 336; 2; 1; 664
370; 449; 1; 2; 665
352; 417; 2; 1; 669
23
4; 1; 19; 1
15; 1; 15; 2217
3; 1; 45; 4992
14; 1; 11; 6716
5; 1; 33; 8343
12; 1; 40; 10390
8; 1; 45; 11051
10; 1; 16; 12043
9; 1; 41; 13098
2; 1; 46; 14789
22; 1; 21; 16436
1; 1; 24; 18738
11; 1; 16; 19423
7; 1; 46; 20498
16; 1; 44; 22247
17; 1; 35; 23144
6; 1; 39; 24940
0; 1; 35; 26745
18; 1; 11; 29359
19; 1; 15; 32666
13; 1; 43; 33836
21; 1; 36; 34039
20; 1; 36; 34189
