**** 575 ****
102
445; 416; 2; 1; 3
312; 308; 2; 1; 3
339; 402; 1; 2; 20
406; 409; 2; 1; 28
420; 363; 1; 2; 41
332; 346; 1; 2; 57
302; 405; 2; 1; 60
462; 428; 1; 2; 67
343; 292; 2; 1; 76
366; 369; 1; 2; 91
383; 385; 2; 1; 91
378; 423; 2; 1; 110
385; 330; 2; 1; 117
387; 276; 1; 2; 118
270; 416; 2; 1; 118
379; 310; 2; 1; 118
454; 413; 2; 1; 124
270; 443; 2; 1; 127
294; 414; 2; 1; 128
329; 428; 2; 1; 133
273; 394; 1; 2; 142
371; 273; 1; 2; 155
341; 361; 1; 2; 171
356; 449; 1; 2; 172
303; 274; 2; 1; 173
447; 262; 2; 1; 187
402; 261; 1; 2; 202
334; 440; 1; 2; 202
342; 445; 1; 2; 203
357; 322; 2; 1; 204
300; 428; 1; 2; 223
403; 292; 1; 2; 228
276; 319; 2; 1; 246
362; 276; 1; 2; 249
367; 459; 1; 2; 249
311; 447; 1; 2; 266
431; 364; 2; 1; 266
460; 388; 2; 1; 268
457; 394; 1; 2; 272
290; 447; 2; 1; 275
264; 277; 2; 1; 291
422; 464; 1; 2; 294
290; 313; 2; 1; 306
281; 281; 2; 1; 306
338; 280; 1; 2; 339
323; 443; 2; 1; 347
319; 347; 2; 1; 349
432; 276; 1; 2; 350
333; 278; 1; 2; 354
445; 431; 1; 2; 357
453; 268; 1; 2; 360
435; 456; 2; 1; 365
327; 303; 1; 2; 366
436; 362; 2; 1; 370
276; 405; 1; 2; 373
392; 319; 1; 2; 375
288; 427; 1; 2; 379
324; 301; 1; 2; 383
376; 350; 2; 1; 384
411; 339; 2; 1; 389
456; 410; 1; 2; 400
351; 293; 1; 2; 426
373; 271; 1; 2; 440
346; 293; 1; 2; 445
343; 440; 2; 1; 448
363; 460; 2; 1; 450
268; 406; 2; 1; 457
288; 316; 1; 2; 474
311; 348; 1; 2; 480
290; 448; 1; 2; 483
434; 299; 2; 1; 497
303; 398; 1; 2; 503
406; 386; 1; 2; 504
368; 392; 1; 2; 505
406; 338; 2; 1; 515
365; 376; 2; 1; 516
394; 276; 2; 1; 519
276; 448; 2; 1; 523
455; 379; 1; 2; 525
400; 386; 2; 1; 538
379; 369; 2; 1; 542
283; 265; 1; 2; 559
400; 348; 2; 1; 562
342; 302; 1; 2; 568
329; 416; 1; 2; 570
276; 266; 1; 2; 571
394; 341; 2; 1; 573
454; 265; 1; 2; 581
276; 442; 2; 1; 583
462; 419; 1; 2; 586
395; 302; 1; 2; 591
291; 300; 1; 2; 597
362; 331; 1; 2; 598
292; 370; 1; 2; 601
281; 293; 2; 1; 603
388; 445; 1; 2; 604
262; 448; 1; 2; 618
273; 416; 2; 1; 634
335; 313; 2; 1; 639
420; 464; 2; 1; 649
393; 457; 2; 1; 670
320; 332; 1; 2; 670
23
1; 1; 30; 2539
19; 1; 37; 5078
15; 1; 18; 7667
13; 1; 19; 8729
17; 1; 8; 12270
11; 1; 14; 12644
2; 1; 16; 13098
18; 1; 31; 16144
14; 1; 22; 19865
4; 1; 40; 22310
0; 1; 38; 22911
7; 1; 47; 28360
3; 1; 23; 28921
12; 1; 43; 29193
6; 1; 49; 31584
21; 1; 28; 32354
5; 1; 5; 33390
16; 1; 3; 33928
22; 1; 13; 34573
8; 1; 8; 35191
10; 1; 49; 35347
20; 1; 8; 35993
9; 1; 5; 36071
