**** 576 ****
102
412; 455; 2; 1; 4
419; 396; 1; 2; 5
341; 455; 1; 2; 11
261; 426; 1; 2; 23
310; 423; 2; 1; 27
329; 451; 1; 2; 35
276; 405; 1; 2; 41
325; 341; 2; 1; 58
326; 426; 1; 2; 65
266; 320; 2; 1; 69
402; 352; 2; 1; 72
461; 351; 1; 2; 81
308; 409; 1; 2; 92
275; 395; 2; 1; 93
458; 281; 1; 2; 94
383; 261; 2; 1; 96
261; 299; 2; 1; 99
316; 447; 1; 2; 114
451; 363; 2; 1; 115
372; 294; 2; 1; 116
442; 424; 2; 1; 116
349; 432; 2; 1; 117
324; 318; 2; 1; 131
407; 352; 2; 1; 136
327; 362; 2; 1; 142
333; 371; 2; 1; 148
377; 460; 2; 1; 152
432; 326; 1; 2; 162
345; 414; 2; 1; 167
446; 327; 1; 2; 187
279; 437; 2; 1; 187
410; 426; 1; 2; 192
363; 427; 1; 2; 192
462; 340; 1; 2; 199
389; 325; 1; 2; 214
326; 367; 2; 1; 221
416; 361; 1; 2; 245
413; 371; 2; 1; 246
301; 288; 1; 2; 246
314; 268; 2; 1; 248
271; 277; 2; 1; 256
395; 447; 2; 1; 264
431; 459; 1; 2; 264
276; 273; 2; 1; 265
450; 364; 2; 1; 270
334; 415; 1; 2; 275
415; 438; 2; 1; 294
426; 391; 2; 1; 295
299; 325; 1; 2; 298
276; 310; 1; 2; 298
394; 368; 2; 1; 318
452; 338; 2; 1; 318
409; 301; 2; 1; 322
382; 330; 2; 1; 329
462; 301; 2; 1; 333
307; 267; 1; 2; 335
348; 391; 2; 1; 341
326; 463; 1; 2; 344
329; 293; 1; 2; 348
366; 304; 1; 2; 362
459; 450; 2; 1; 364
411; 371; 1; 2; 364
327; 439; 2; 1; 410
424; 406; 2; 1; 411
408; 317; 2; 1; 418
346; 454; 2; 1; 419
361; 353; 1; 2; 443
461; 433; 1; 2; 449
392; 387; 2; 1; 451
299; 394; 2; 1; 452
379; 330; 2; 1; 455
459; 327; 2; 1; 472
400; 377; 1; 2; 473
417; 263; 2; 1; 478
443; 416; 1; 2; 485
319; 394; 2; 1; 512
452; 343; 2; 1; 516
357; 428; 2; 1; 517
383; 405; 1; 2; 532
290; 445; 2; 1; 533
463; 355; 1; 2; 533
402; 383; 1; 2; 535
410; 372; 2; 1; 537
445; 267; 1; 2; 540
352; 277; 1; 2; 548
282; 315; 2; 1; 551
299; 282; 2; 1; 551
303; 292; 2; 1; 553
312; 346; 2; 1; 560
338; 418; 2; 1; 560
317; 439; 1; 2; 562
448; 456; 1; 2; 565
312; 417; 1; 2; 587
401; 310; 2; 1; 590
410; 335; 2; 1; 604
436; 306; 2; 1; 613
398; 296; 2; 1; 626
407; 433; 2; 1; 636
354; 268; 2; 1; 658
430; 403; 1; 2; 661
425; 261; 1; 2; 664
435; 278; 1; 2; 665
23
11; 1; 11; 273
7; 1; 22; 822
0; 1; 31; 1284
1; 1; 12; 2808
18; 1; 5; 2821
10; 1; 15; 5039
14; 1; 9; 11807
5; 1; 18; 13253
22; 1; 39; 13305
19; 1; 2; 14452
6; 1; 12; 18717
9; 1; 23; 18919
16; 1; 18; 19049
21; 1; 6; 22045
12; 1; 31; 23491
13; 1; 43; 24148
4; 1; 28; 26148
20; 1; 33; 26251
8; 1; 2; 28515
15; 1; 49; 33954
3; 1; 28; 35546
17; 1; 45; 37290
2; 1; 11; 37510
