**** 577 ****
102
297; 297; 2; 1; 10
455; 424; 1; 2; 20
421; 283; 1; 2; 27
387; 398; 1; 2; 42
271; 394; 1; 2; 53
345; 290; 2; 1; 62
272; 402; 1; 2; 63
351; 436; 1; 2; 71
384; 453; 1; 2; 74
290; 321; 1; 2; 83
292; 370; 2; 1; 86
443; 422; 1; 2; 96
262; 310; 2; 1; 96
355; 441; 1; 2; 96
262; 370; 2; 1; 99
447; 338; 1; 2; 110
309; 455; 1; 2; 119
301; 455; 1; 2; 153
280; 271; 1; 2; 167
464; 367; 1; 2; 167
407; 330; 2; 1; 172
343; 370; 1; 2; 175
271; 383; 2; 1; 183
358; 413; 1; 2; 205
312; 261; 1; 2; 208
376; 454; 2; 1; 219
371; 465; 1; 2; 231
267; 410; 2; 1; 254
353; 405; 1; 2; 256
450; 388; 1; 2; 265
318; 341; 2; 1; 273
285; 342; 2; 1; 274
381; 372; 2; 1; 291
275; 411; 1; 2; 304
340; 320; 2; 1; 318
335; 269; 1; 2; 325
444; 393; 2; 1; 330
283; 398; 1; 2; 331
399; 406; 2; 1; 333
376; 379; 2; 1; 339
355; 414; 1; 2; 342
297; 382; 2; 1; 343
435; 278; 1; 2; 352
261; 343; 2; 1; 364
310; 296; 2; 1; 367
419; 305; 2; 1; 371
324; 333; 1; 2; 371
338; 311; 2; 1; 383
402; 415; 2; 1; 386
332; 406; 2; 1; 389
371; 336; 1; 2; 392
380; 273; 2; 1; 405
398; 392; 2; 1; 414
426; 279; 2; 1; 417
349; 261; 1; 2; 437
400; 431; 2; 1; 449
276; 292; 2; 1; 464
421; 327; 1; 2; 474
338; 357; 2; 1; 478
441; 347; 2; 1; 481
447; 373; 1; 2; 483
269; 313; 2; 1; 489
454; 386; 2; 1; 490
329; 329; 2; 1; 505
344; 289; 2; 1; 507
316; 448; 1; 2; 513
277; 464; 2; 1; 518
345; 406; 2; 1; 522
447; 291; 1; 2; 525
382; 305; 1; 2; 533
407; 457; 1; 2; 533
339; 265; 2; 1; 536
389; 381; 2; 1; 540
380; 274; 2; 1; 546
407; 261; 2; 1; 550
433; 419; 2; 1; 556
301; 421; 2; 1; 557
335; 380; 2; 1; 557
454; 347; 2; 1; 562
408; 351; 1; 2; 568
332; 402; 1; 2; 569
395; 302; 1; 2; 572
411; 363; 2; 1; 573
402; 456; 1; 2; 575
454; 283; 2; 1; 576
358; 430; 2; 1; 576
271; 437; 1; 2; 585
446; 440; 2; 1; 590
302; 295; 1; 2; 603
340; 381; 1; 2; 608
441; 264; 2; 1; 613
445; 355; 2; 1; 625
292; 349; 1; 2; 625
304; 368; 2; 1; 632
358; 409; 2; 1; 638
463; 363; 2; 1; 643
423; 294; 1; 2; 646
401; 442; 2; 1; 653
430; 416; 1; 2; 656
456; 439; 2; 1; 670
393; 264; 2; 1; 674
450; 453; 1; 2; 675
23
13; 1; 27; 276
3; 1; 36; 868
10; 1; 4; 1074
6; 1; 21; 1367
17; 1; 12; 2202
22; 1; 42; 4586
9; 1; 20; 8100
16; 1; 42; 12977
7; 1; 28; 15974
1; 1; 37; 18587
19; 1; 47; 19447
21; 1; 34; 21344
8; 1; 13; 22017
15; 1; 33; 22453
4; 1; 27; 23716
5; 1; 16; 25407
2; 1; 46; 28145
12; 1; 10; 28394
18; 1; 5; 28828
14; 1; 2; 29008
20; 1; 3; 29621
11; 1; 5; 34688
0; 1; 39; 36199
