**** 578 ****
102
411; 463; 1; 2; 6
440; 405; 1; 2; 7
337; 403; 2; 1; 16
410; 327; 1; 2; 20
305; 423; 1; 2; 33
266; 423; 1; 2; 50
281; 464; 1; 2; 61
376; 395; 2; 1; 64
421; 355; 1; 2; 71
425; 460; 2; 1; 89
353; 440; 2; 1; 91
269; 273; 1; 2; 91
281; 399; 2; 1; 99
281; 382; 1; 2; 100
349; 404; 1; 2; 112
452; 401; 1; 2; 141
417; 457; 1; 2; 151
458; 388; 2; 1; 154
392; 328; 1; 2; 154
352; 454; 2; 1; 156
463; 415; 1; 2; 166
312; 326; 1; 2; 171
391; 438; 2; 1; 173
407; 313; 2; 1; 175
463; 314; 1; 2; 178
383; 414; 1; 2; 179
336; 324; 1; 2; 187
357; 374; 2; 1; 190
443; 296; 2; 1; 190
380; 282; 2; 1; 199
374; 321; 1; 2; 202
370; 421; 2; 1; 221
350; 458; 2; 1; 233
427; 331; 2; 1; 235
358; 461; 2; 1; 236
333; 422; 2; 1; 238
343; 437; 2; 1; 240
431; 339; 1; 2; 242
324; 356; 1; 2; 250
409; 391; 2; 1; 271
427; 296; 2; 1; 280
328; 382; 2; 1; 285
279; 314; 2; 1; 285
304; 390; 1; 2; 288
357; 432; 1; 2; 298
274; 383; 2; 1; 303
430; 326; 1; 2; 304
265; 287; 1; 2; 308
280; 351; 2; 1; 338
325; 284; 1; 2; 339
445; 427; 1; 2; 342
288; 305; 2; 1; 342
353; 291; 1; 2; 346
350; 311; 2; 1; 351
386; 412; 1; 2; 361
430; 272; 2; 1; 363
388; 400; 2; 1; 380
351; 446; 1; 2; 390
370; 423; 2; 1; 397
303; 430; 2; 1; 399
364; 400; 1; 2; 400
290; 403; 1; 2; 401
269; 326; 1; 2; 401
278; 400; 2; 1; 406
290; 447; 2; 1; 407
324; 386; 1; 2; 409
346; 377; 1; 2; 409
273; 373; 2; 1; 417
426; 307; 1; 2; 417
323; 437; 2; 1; 417
354; 429; 2; 1; 422
369; 427; 1; 2; 427
363; 342; 1; 2; 456
434; 464; 2; 1; 458
371; 447; 1; 2; 458
273; 366; 1; 2; 473
378; 313; 2; 1; 475
409; 447; 1; 2; 485
324; 414; 1; 2; 509
444; 379; 1; 2; 514
344; 302; 2; 1; 519
425; 333; 1; 2; 521
267; 373; 1; 2; 523
355; 318; 1; 2; 524
416; 357; 2; 1; 527
368; 283; 2; 1; 536
426; 407; 1; 2; 553
318; 369; 2; 1; 559
379; 300; 2; 1; 560
445; 367; 1; 2; 561
294; 354; 1; 2; 563
323; 377; 1; 2; 571
453; 385; 2; 1; 582
355; 415; 1; 2; 590
405; 318; 2; 1; 598
396; 458; 2; 1; 599
368; 442; 2; 1; 606
279; 346; 2; 1; 637
456; 284; 1; 2; 646
465; 298; 1; 2; 650
306; 457; 2; 1; 661
370; 377; 1; 2; 665
23
21; 1; 20; 3279
18; 1; 6; 3727
20; 1; 26; 4389
1; 1; 28; 7230
14; 1; 45; 7355
6; 1; 4; 12009
19; 1; 43; 12243
8; 1; 34; 12554
2; 1; 16; 15556
13; 1; 22; 15865
4; 1; 14; 18405
17; 1; 41; 18490
16; 1; 19; 19078
22; 1; 24; 24090
15; 1; 36; 28065
0; 1; 38; 29934
7; 1; 36; 30494
11; 1; 28; 31525
3; 1; 32; 31909
10; 1; 33; 32643
12; 1; 36; 32726
5; 1; 6; 35599
9; 1; 34; 36934
