**** 579 ****
102
435; 326; 1; 2; 12
292; 381; 2; 1; 14
355; 441; 2; 1; 16
357; 458; 2; 1; 18
330; 282; 1; 2; 22
416; 273; 2; 1; 27
394; 313; 1; 2; 40
339; 419; 1; 2; 41
373; 364; 2; 1; 41
283; 424; 1; 2; 47
371; 276; 2; 1; 54
342; 315; 1; 2; 59
414; 465; 1; 2; 59
442; 262; 1; 2; 63
428; 285; 1; 2; 65
409; 390; 1; 2; 68
270; 392; 1; 2; 71
413; 335; 2; 1; 87
304; 317; 1; 2; 89
330; 317; 2; 1; 101
413; 340; 1; 2; 140
385; 379; 2; 1; 145
361; 368; 2; 1; 148
320; 357; 2; 1; 151
447; 326; 1; 2; 161
378; 391; 2; 1; 168
410; 404; 1; 2; 170
450; 435; 2; 1; 171
331; 297; 2; 1; 172
286; 418; 1; 2; 175
430; 277; 1; 2; 180
265; 280; 2; 1; 186
309; 308; 1; 2; 191
264; 443; 1; 2; 200
329; 324; 1; 2; 205
333; 279; 2; 1; 211
289; 369; 2; 1; 216
338; 276; 2; 1; 218
394; 355; 2; 1; 220
457; 348; 2; 1; 224
348; 463; 1; 2; 256
411; 396; 2; 1; 264
449; 353; 2; 1; 268
447; 383; 1; 2; 285
445; 400; 2; 1; 286
348; 375; 1; 2; 297
374; 358; 1; 2; 310
299; 363; 2; 1; 311
398; 273; 2; 1; 317
296; 372; 1; 2; 320
298; 441; 2; 1; 322
341; 459; 1; 2; 326
352; 308; 2; 1; 333
397; 290; 2; 1; 339
372; 414; 1; 2; 342
446; 428; 2; 1; 342
305; 330; 1; 2; 344
374; 287; 1; 2; 350
349; 293; 1; 2; 356
266; 437; 1; 2; 358
385; 312; 1; 2; 367
448; 449; 2; 1; 374
286; 395; 1; 2; 387
399; 418; 1; 2; 391
390; 282; 2; 1; 393
294; 435; 1; 2; 393
271; 359; 2; 1; 420
292; 456; 2; 1; 426
303; 411; 1; 2; 434
364; 452; 2; 1; 453
414; 367; 1; 2; 455
284; 308; 2; 1; 469
328; 329; 2; 1; 478
420; 397; 2; 1; 479
318; 298; 1; 2; 481
394; 340; 2; 1; 493
395; 397; 1; 2; 498
388; 329; 2; 1; 500
261; 372; 1; 2; 503
420; 370; 1; 2; 506
286; 460; 2; 1; 508
306; 395; 2; 1; 514
287; 303; 1; 2; 516
363; 365; 1; 2; 527
422; 423; 1; 2; 528
262; 410; 1; 2; 536
353; 433; 2; 1; 538
308; 455; 2; 1; 543
416; 451; 1; 2; 569
304; 408; 1; 2; 570
357; 284; 1; 2; 571
276; 297; 1; 2; 578
324; 384; 1; 2; 585
351; 385; 2; 1; 588
327; 371; 2; 1; 594
398; 440; 1; 2; 595
435; 439; 2; 1; 600
458; 314; 1; 2; 606
274; 354; 1; 2; 629
320; 320; 2; 1; 630
317; 285; 2; 1; 632
442; 282; 2; 1; 677
23
22; 1; 4; 1674
12; 1; 28; 3619
20; 1; 21; 4914
19; 1; 3; 9588
8; 1; 33; 13282
13; 1; 15; 13323
14; 1; 21; 13363
18; 1; 20; 15842
1; 1; 5; 16204
17; 1; 19; 18974
15; 1; 13; 22472
0; 1; 1; 24226
5; 1; 36; 26276
6; 1; 29; 27532
7; 1; 3; 28080
11; 1; 17; 28487
9; 1; 2; 28670
21; 1; 45; 28799
2; 1; 21; 31385
16; 1; 35; 31511
3; 1; 35; 32660
10; 1; 13; 32714
4; 1; 19; 35686
