**** 58 ****
55
87; 67; 1; 2; 4
27; 68; 2; 1; 6
35; 63; 2; 1; 6
50; 43; 2; 1; 13
84; 47; 1; 2; 14
70; 83; 1; 2; 19
26; 37; 2; 1; 29
79; 49; 1; 2; 32
33; 60; 1; 2; 33
71; 34; 2; 1; 40
46; 28; 1; 2; 45
57; 76; 2; 1; 49
82; 72; 2; 1; 50
69; 42; 2; 1; 50
35; 67; 2; 1; 52
55; 53; 2; 1; 58
27; 35; 2; 1; 63
72; 52; 2; 1; 70
58; 61; 2; 1; 72
88; 81; 1; 2; 78
82; 44; 2; 1; 80
55; 53; 2; 1; 83
35; 34; 2; 1; 83
52; 26; 2; 1; 88
81; 55; 2; 1; 88
58; 60; 1; 2; 92
86; 57; 2; 1; 92
69; 52; 1; 2; 93
36; 39; 2; 1; 99
88; 61; 2; 1; 101
64; 47; 1; 2; 103
72; 64; 2; 1; 104
40; 57; 2; 1; 106
36; 76; 1; 2; 106
64; 75; 2; 1; 109
45; 44; 1; 2; 112
58; 43; 2; 1; 113
87; 77; 2; 1; 115
34; 75; 1; 2; 122
39; 77; 2; 1; 124
78; 82; 1; 2; 127
84; 76; 1; 2; 128
60; 51; 1; 2; 130
86; 35; 1; 2; 132
64; 84; 2; 1; 132
58; 35; 2; 1; 134
27; 33; 2; 1; 134
70; 41; 2; 1; 137
73; 27; 2; 1; 140
45; 42; 2; 1; 142
69; 35; 1; 2; 151
62; 46; 1; 2; 154
81; 52; 2; 1; 154
56; 27; 1; 2; 154
84; 57; 2; 1; 155
13
1; 1; 7; 267
11; 1; 39; 346
0; 1; 3; 429
3; 1; 27; 456
9; 1; 6; 545
4; 1; 22; 1024
6; 1; 13; 1632
12; 1; 34; 1667
8; 1; 35; 1832
5; 1; 25; 1911
10; 1; 30; 2265
2; 1; 42; 2716
7; 1; 38; 3481
