**** 580 ****
102
425; 404; 2; 1; 0
418; 450; 2; 1; 1
436; 336; 1; 2; 5
338; 342; 1; 2; 6
452; 310; 2; 1; 12
428; 314; 1; 2; 22
430; 319; 1; 2; 23
307; 294; 2; 1; 29
407; 265; 2; 1; 31
461; 310; 2; 1; 48
369; 375; 2; 1; 55
306; 372; 2; 1; 67
289; 288; 1; 2; 68
315; 381; 1; 2; 73
359; 437; 1; 2; 80
336; 465; 1; 2; 80
396; 351; 2; 1; 80
405; 347; 1; 2; 83
281; 382; 2; 1; 86
465; 349; 1; 2; 87
404; 395; 1; 2; 97
300; 392; 2; 1; 99
460; 270; 2; 1; 103
284; 425; 2; 1; 104
422; 370; 2; 1; 117
334; 420; 2; 1; 118
379; 355; 2; 1; 132
369; 306; 2; 1; 135
405; 412; 2; 1; 138
385; 392; 2; 1; 142
366; 265; 2; 1; 155
286; 446; 2; 1; 162
414; 462; 1; 2; 165
370; 449; 1; 2; 166
364; 338; 1; 2; 169
278; 465; 1; 2; 173
382; 292; 1; 2; 183
327; 307; 2; 1; 184
421; 400; 2; 1; 192
343; 423; 2; 1; 207
263; 397; 2; 1; 208
409; 331; 2; 1; 231
274; 292; 2; 1; 234
423; 458; 2; 1; 235
416; 459; 2; 1; 237
283; 449; 1; 2; 244
291; 301; 2; 1; 254
351; 412; 2; 1; 258
324; 450; 1; 2; 264
296; 315; 2; 1; 266
329; 276; 2; 1; 269
423; 287; 1; 2; 283
275; 436; 1; 2; 290
458; 461; 2; 1; 293
413; 384; 2; 1; 294
324; 333; 1; 2; 294
316; 402; 2; 1; 297
274; 276; 1; 2; 307
387; 276; 1; 2; 311
283; 363; 1; 2; 316
327; 375; 1; 2; 319
296; 464; 1; 2; 323
302; 304; 1; 2; 329
401; 266; 1; 2; 355
321; 318; 2; 1; 359
358; 382; 1; 2; 362
456; 443; 1; 2; 373
385; 362; 1; 2; 374
452; 284; 2; 1; 379
291; 421; 1; 2; 382
411; 337; 1; 2; 386
277; 264; 1; 2; 402
311; 417; 2; 1; 406
398; 447; 2; 1; 406
365; 322; 2; 1; 424
315; 440; 2; 1; 424
338; 308; 1; 2; 426
364; 283; 1; 2; 431
406; 413; 2; 1; 441
328; 337; 1; 2; 450
418; 304; 2; 1; 475
424; 447; 1; 2; 486
279; 382; 2; 1; 494
437; 391; 1; 2; 495
313; 461; 1; 2; 497
303; 309; 1; 2; 524
452; 310; 2; 1; 528
398; 372; 2; 1; 531
366; 304; 1; 2; 540
278; 375; 1; 2; 560
273; 407; 2; 1; 563
280; 379; 1; 2; 574
263; 427; 2; 1; 585
337; 402; 1; 2; 622
465; 314; 1; 2; 627
264; 348; 2; 1; 632
263; 282; 2; 1; 632
330; 412; 2; 1; 641
320; 301; 1; 2; 650
441; 318; 1; 2; 655
404; 436; 2; 1; 663
265; 416; 1; 2; 663
23
6; 1; 5; 148
17; 1; 28; 214
12; 1; 31; 3029
16; 1; 24; 4654
22; 1; 37; 5642
10; 1; 6; 7075
18; 1; 46; 10154
0; 1; 1; 11667
19; 1; 37; 13836
5; 1; 35; 17273
20; 1; 19; 24878
15; 1; 26; 25201
8; 1; 3; 25993
3; 1; 31; 26188
13; 1; 10; 27314
1; 1; 26; 29661
7; 1; 9; 30050
11; 1; 22; 31657
21; 1; 23; 32072
14; 1; 43; 33085
2; 1; 10; 33181
9; 1; 5; 33507
4; 1; 38; 35972
