**** 581 ****
102
371; 383; 2; 1; 2
422; 354; 2; 1; 4
455; 450; 2; 1; 15
335; 373; 1; 2; 16
413; 461; 2; 1; 17
372; 337; 1; 2; 24
261; 408; 1; 2; 48
465; 464; 2; 1; 50
334; 312; 1; 2; 50
371; 368; 2; 1; 57
439; 409; 2; 1; 73
340; 306; 2; 1; 73
456; 319; 2; 1; 78
452; 286; 2; 1; 81
279; 398; 2; 1; 83
439; 297; 1; 2; 84
384; 286; 1; 2; 88
450; 463; 1; 2; 88
455; 335; 2; 1; 99
358; 294; 1; 2; 109
443; 433; 1; 2; 113
304; 264; 1; 2; 122
311; 352; 2; 1; 138
446; 439; 2; 1; 139
378; 459; 2; 1; 140
320; 289; 2; 1; 149
367; 343; 2; 1; 149
384; 276; 2; 1; 150
382; 460; 2; 1; 151
263; 336; 1; 2; 161
387; 289; 1; 2; 163
363; 386; 2; 1; 163
295; 298; 2; 1; 164
369; 327; 1; 2; 164
308; 436; 1; 2; 166
437; 318; 1; 2; 176
329; 463; 2; 1; 187
361; 357; 2; 1; 191
334; 316; 2; 1; 201
345; 355; 2; 1; 205
334; 363; 2; 1; 217
457; 445; 2; 1; 223
333; 332; 1; 2; 228
402; 465; 2; 1; 261
322; 443; 2; 1; 273
274; 441; 2; 1; 276
430; 273; 1; 2; 280
415; 277; 1; 2; 282
267; 325; 1; 2; 282
459; 411; 1; 2; 292
285; 325; 2; 1; 298
296; 359; 1; 2; 305
285; 326; 1; 2; 313
319; 311; 1; 2; 321
462; 288; 2; 1; 324
399; 384; 1; 2; 327
336; 268; 1; 2; 339
329; 311; 2; 1; 344
436; 410; 1; 2; 352
309; 304; 1; 2; 354
281; 303; 2; 1; 360
374; 335; 1; 2; 362
382; 345; 1; 2; 366
436; 454; 2; 1; 369
398; 281; 1; 2; 370
301; 354; 2; 1; 373
342; 412; 2; 1; 385
337; 463; 2; 1; 398
439; 450; 2; 1; 399
395; 307; 1; 2; 400
454; 454; 1; 2; 401
377; 457; 1; 2; 409
276; 364; 1; 2; 423
320; 443; 2; 1; 427
435; 340; 2; 1; 428
303; 448; 2; 1; 431
288; 277; 2; 1; 438
293; 395; 2; 1; 450
281; 422; 2; 1; 495
321; 462; 2; 1; 497
292; 439; 1; 2; 500
357; 380; 2; 1; 505
317; 273; 1; 2; 506
289; 295; 2; 1; 526
355; 265; 2; 1; 531
355; 461; 2; 1; 536
404; 344; 1; 2; 542
405; 374; 1; 2; 547
274; 262; 1; 2; 554
299; 264; 2; 1; 557
264; 460; 2; 1; 567
322; 301; 1; 2; 582
415; 341; 1; 2; 597
267; 274; 2; 1; 612
382; 288; 1; 2; 619
317; 419; 2; 1; 622
354; 387; 1; 2; 625
390; 324; 1; 2; 632
319; 276; 1; 2; 638
445; 437; 2; 1; 641
445; 352; 2; 1; 663
317; 383; 1; 2; 667
23
21; 1; 22; 89
20; 1; 41; 1835
8; 1; 37; 5827
15; 1; 10; 9417
17; 1; 14; 11558
9; 1; 48; 11673
13; 1; 27; 14935
11; 1; 16; 16104
5; 1; 25; 20236
14; 1; 39; 21316
22; 1; 34; 21623
16; 1; 21; 28342
10; 1; 16; 28398
7; 1; 15; 28655
18; 1; 1; 28796
19; 1; 19; 30089
2; 1; 18; 30702
1; 1; 6; 30984
4; 1; 45; 31481
6; 1; 43; 31660
3; 1; 33; 32115
12; 1; 13; 33594
0; 1; 5; 34921
