**** 582 ****
102
454; 334; 2; 1; 10
447; 316; 1; 2; 13
410; 286; 2; 1; 14
427; 399; 2; 1; 22
390; 285; 2; 1; 38
369; 428; 1; 2; 50
274; 427; 2; 1; 54
418; 407; 1; 2; 55
321; 296; 2; 1; 57
385; 365; 2; 1; 61
304; 414; 1; 2; 70
374; 287; 1; 2; 77
415; 330; 1; 2; 78
291; 425; 2; 1; 78
349; 373; 1; 2; 94
452; 456; 2; 1; 98
452; 341; 2; 1; 104
305; 370; 1; 2; 109
367; 423; 1; 2; 109
390; 321; 2; 1; 119
339; 272; 1; 2; 130
454; 331; 2; 1; 139
275; 397; 2; 1; 143
276; 381; 2; 1; 173
370; 453; 2; 1; 191
280; 429; 1; 2; 204
347; 261; 2; 1; 204
266; 319; 1; 2; 216
337; 455; 2; 1; 217
407; 275; 1; 2; 220
359; 421; 1; 2; 220
452; 339; 1; 2; 230
374; 350; 1; 2; 236
402; 443; 1; 2; 239
342; 308; 1; 2; 240
266; 453; 1; 2; 261
317; 317; 1; 2; 265
384; 459; 1; 2; 271
278; 299; 1; 2; 272
269; 463; 2; 1; 274
402; 333; 2; 1; 285
342; 336; 2; 1; 288
463; 444; 2; 1; 299
376; 296; 2; 1; 314
321; 448; 2; 1; 316
437; 296; 1; 2; 320
362; 267; 1; 2; 329
405; 325; 1; 2; 341
344; 405; 1; 2; 350
294; 435; 2; 1; 351
378; 452; 1; 2; 361
451; 288; 1; 2; 365
344; 267; 1; 2; 365
408; 380; 2; 1; 366
445; 367; 1; 2; 371
355; 390; 1; 2; 380
415; 426; 1; 2; 387
376; 406; 2; 1; 402
389; 457; 1; 2; 405
404; 328; 2; 1; 406
297; 350; 1; 2; 408
402; 411; 1; 2; 409
430; 443; 1; 2; 412
286; 392; 2; 1; 415
412; 265; 2; 1; 419
278; 318; 1; 2; 426
264; 299; 2; 1; 434
387; 433; 2; 1; 435
424; 410; 1; 2; 438
413; 374; 1; 2; 456
320; 334; 2; 1; 476
345; 398; 1; 2; 478
301; 438; 1; 2; 487
401; 324; 2; 1; 506
360; 429; 2; 1; 519
313; 385; 2; 1; 530
292; 300; 2; 1; 537
378; 427; 1; 2; 541
363; 421; 2; 1; 550
275; 374; 2; 1; 552
441; 432; 2; 1; 553
267; 341; 1; 2; 568
440; 378; 1; 2; 581
446; 429; 2; 1; 584
451; 417; 1; 2; 587
430; 324; 1; 2; 589
381; 372; 2; 1; 594
291; 452; 2; 1; 595
412; 377; 2; 1; 598
357; 273; 1; 2; 604
359; 359; 2; 1; 605
434; 302; 1; 2; 609
382; 290; 1; 2; 610
273; 312; 2; 1; 611
411; 411; 1; 2; 617
291; 373; 2; 1; 619
387; 302; 2; 1; 621
447; 300; 1; 2; 624
406; 263; 1; 2; 635
328; 423; 2; 1; 636
418; 465; 2; 1; 669
266; 369; 1; 2; 671
23
13; 1; 47; 953
18; 1; 26; 1482
1; 1; 1; 11055
12; 1; 39; 11315
0; 1; 26; 11800
11; 1; 29; 13196
4; 1; 35; 14012
10; 1; 16; 14131
9; 1; 27; 16055
14; 1; 12; 16150
15; 1; 6; 18319
20; 1; 13; 18861
8; 1; 49; 21542
3; 1; 10; 22700
21; 1; 35; 24941
7; 1; 31; 25790
2; 1; 14; 28453
22; 1; 23; 30213
5; 1; 9; 33734
19; 1; 14; 35346
16; 1; 22; 35474
17; 1; 2; 36029
6; 1; 1; 36291
