**** 583 ****
103
290; 457; 1; 2; 13
464; 444; 1; 2; 20
415; 308; 2; 1; 35
304; 268; 2; 1; 40
345; 377; 2; 1; 53
340; 429; 1; 2; 70
444; 306; 2; 1; 75
337; 416; 1; 2; 77
441; 361; 1; 2; 84
331; 276; 2; 1; 90
300; 332; 1; 2; 91
341; 302; 1; 2; 98
376; 325; 2; 1; 101
436; 410; 1; 2; 117
327; 381; 2; 1; 127
272; 337; 1; 2; 139
385; 470; 1; 2; 145
295; 403; 2; 1; 161
362; 266; 1; 2; 162
348; 358; 2; 1; 168
284; 446; 2; 1; 172
453; 323; 2; 1; 176
350; 423; 1; 2; 182
382; 294; 2; 1; 198
282; 428; 2; 1; 199
371; 387; 1; 2; 210
278; 327; 1; 2; 221
395; 381; 2; 1; 242
306; 317; 2; 1; 249
444; 451; 2; 1; 253
318; 436; 2; 1; 255
334; 372; 1; 2; 259
441; 286; 1; 2; 265
304; 280; 1; 2; 268
355; 275; 1; 2; 269
390; 323; 1; 2; 276
468; 280; 2; 1; 283
325; 403; 2; 1; 291
398; 454; 2; 1; 302
393; 415; 2; 1; 303
318; 270; 2; 1; 304
426; 366; 1; 2; 314
315; 385; 1; 2; 323
352; 367; 1; 2; 354
325; 409; 2; 1; 355
444; 266; 2; 1; 370
352; 307; 1; 2; 377
320; 422; 1; 2; 378
435; 366; 1; 2; 379
437; 280; 2; 1; 380
407; 305; 1; 2; 386
370; 326; 2; 1; 390
329; 450; 1; 2; 393
325; 464; 2; 1; 400
377; 397; 2; 1; 402
430; 279; 1; 2; 408
439; 338; 2; 1; 410
470; 405; 2; 1; 414
347; 330; 2; 1; 414
466; 455; 1; 2; 424
374; 397; 2; 1; 427
291; 449; 1; 2; 436
429; 386; 1; 2; 443
467; 442; 1; 2; 451
397; 270; 1; 2; 459
356; 459; 1; 2; 463
356; 422; 2; 1; 474
455; 444; 1; 2; 500
353; 379; 1; 2; 503
293; 284; 2; 1; 505
269; 381; 2; 1; 506
456; 281; 1; 2; 508
457; 416; 2; 1; 517
402; 276; 1; 2; 523
453; 424; 1; 2; 524
323; 452; 1; 2; 524
386; 459; 1; 2; 527
297; 448; 2; 1; 528
460; 334; 1; 2; 535
267; 277; 1; 2; 541
439; 335; 1; 2; 557
365; 433; 2; 1; 559
391; 415; 2; 1; 573
411; 280; 1; 2; 576
418; 446; 1; 2; 576
455; 407; 1; 2; 584
346; 281; 2; 1; 586
453; 306; 2; 1; 588
367; 367; 1; 2; 602
426; 448; 1; 2; 609
356; 321; 1; 2; 624
310; 407; 1; 2; 626
448; 412; 2; 1; 630
468; 384; 1; 2; 637
275; 370; 2; 1; 637
357; 303; 1; 2; 639
319; 298; 1; 2; 649
406; 335; 1; 2; 652
455; 375; 2; 1; 656
461; 308; 2; 1; 659
414; 318; 2; 1; 665
317; 420; 2; 1; 674
303; 373; 1; 2; 680
23
2; 1; 4; 911
7; 1; 28; 8347
11; 1; 2; 8497
18; 1; 11; 13341
21; 1; 35; 15341
1; 1; 20; 15848
19; 1; 19; 17343
9; 1; 15; 17597
14; 1; 21; 19516
20; 1; 30; 20898
22; 1; 1; 21611
0; 1; 23; 22955
15; 1; 19; 23745
12; 1; 26; 23967
5; 1; 12; 24176
17; 1; 40; 25201
8; 1; 13; 26974
6; 1; 25; 31196
3; 1; 47; 35087
4; 1; 34; 37090
10; 1; 44; 37147
13; 1; 42; 37954
16; 1; 49; 38769
