**** 584 ****
103
324; 396; 1; 2; 1
387; 425; 1; 2; 41
401; 345; 1; 2; 42
340; 393; 2; 1; 48
375; 471; 1; 2; 49
283; 414; 2; 1; 52
348; 306; 2; 1; 60
468; 465; 2; 1; 111
390; 464; 1; 2; 116
341; 369; 2; 1; 120
329; 278; 2; 1; 124
335; 384; 2; 1; 125
356; 374; 2; 1; 130
324; 279; 1; 2; 142
459; 319; 1; 2; 142
318; 435; 1; 2; 146
297; 417; 2; 1; 146
388; 445; 2; 1; 164
406; 303; 1; 2; 168
446; 375; 1; 2; 169
382; 340; 1; 2; 171
473; 385; 2; 1; 183
393; 387; 1; 2; 187
286; 472; 2; 1; 188
472; 359; 1; 2; 201
294; 312; 1; 2; 205
275; 288; 1; 2; 206
444; 373; 2; 1; 214
301; 436; 1; 2; 215
383; 289; 1; 2; 227
324; 284; 2; 1; 235
300; 289; 2; 1; 237
454; 441; 2; 1; 237
323; 270; 2; 1; 241
364; 309; 1; 2; 249
434; 418; 2; 1; 252
380; 436; 2; 1; 262
360; 413; 1; 2; 268
267; 454; 2; 1; 269
311; 452; 1; 2; 271
421; 381; 1; 2; 277
441; 316; 2; 1; 304
447; 452; 1; 2; 320
283; 374; 1; 2; 323
463; 424; 2; 1; 324
350; 368; 1; 2; 324
399; 291; 1; 2; 325
432; 403; 2; 1; 325
406; 349; 2; 1; 327
457; 362; 1; 2; 329
292; 303; 1; 2; 330
430; 274; 1; 2; 330
360; 414; 2; 1; 332
418; 408; 2; 1; 333
317; 403; 2; 1; 336
279; 472; 1; 2; 341
369; 360; 1; 2; 342
469; 411; 1; 2; 345
464; 380; 2; 1; 352
293; 282; 1; 2; 382
351; 267; 2; 1; 390
334; 272; 1; 2; 391
416; 390; 1; 2; 392
335; 292; 2; 1; 400
394; 410; 2; 1; 402
354; 311; 2; 1; 417
285; 299; 1; 2; 421
282; 393; 2; 1; 421
454; 456; 1; 2; 423
392; 355; 2; 1; 436
382; 299; 2; 1; 470
460; 413; 2; 1; 470
391; 456; 1; 2; 481
470; 452; 1; 2; 487
418; 300; 1; 2; 487
307; 297; 1; 2; 512
392; 341; 1; 2; 542
462; 362; 2; 1; 544
385; 387; 1; 2; 547
439; 282; 1; 2; 549
272; 310; 1; 2; 558
354; 282; 1; 2; 567
341; 464; 1; 2; 573
278; 311; 2; 1; 576
351; 267; 2; 1; 580
267; 446; 2; 1; 588
346; 341; 2; 1; 599
466; 446; 2; 1; 599
331; 342; 2; 1; 603
406; 268; 2; 1; 607
372; 393; 1; 2; 607
472; 390; 1; 2; 618
391; 465; 1; 2; 621
350; 275; 2; 1; 622
340; 448; 2; 1; 624
355; 372; 2; 1; 626
462; 347; 2; 1; 629
408; 319; 1; 2; 655
381; 348; 2; 1; 669
274; 379; 1; 2; 671
300; 284; 2; 1; 671
403; 313; 2; 1; 678
320; 296; 1; 2; 679
23
6; 1; 12; 368
4; 1; 36; 1595
7; 1; 10; 3788
10; 1; 28; 8353
22; 1; 20; 9182
3; 1; 25; 11324
20; 1; 33; 12079
18; 1; 12; 15680
17; 1; 21; 16006
16; 1; 43; 17561
14; 1; 23; 17626
15; 1; 5; 19741
1; 1; 40; 20647
19; 1; 22; 22653
8; 1; 26; 24973
5; 1; 30; 25272
12; 1; 26; 26417
11; 1; 44; 32507
9; 1; 13; 32923
13; 1; 11; 33412
2; 1; 3; 34163
0; 1; 11; 37585
21; 1; 8; 38440
