**** 585 ****
103
358; 277; 2; 1; 2
444; 458; 1; 2; 29
299; 362; 1; 2; 39
349; 451; 1; 2; 49
332; 296; 2; 1; 63
417; 401; 1; 2; 67
351; 386; 2; 1; 69
431; 283; 1; 2; 72
266; 338; 1; 2; 82
473; 429; 1; 2; 88
399; 408; 2; 1; 91
396; 393; 2; 1; 105
374; 411; 1; 2; 108
291; 392; 2; 1; 112
395; 354; 2; 1; 117
333; 458; 1; 2; 124
405; 367; 2; 1; 128
434; 345; 1; 2; 131
283; 415; 2; 1; 133
468; 442; 1; 2; 142
464; 412; 1; 2; 147
308; 326; 1; 2; 149
270; 393; 1; 2; 151
307; 288; 1; 2; 172
343; 318; 2; 1; 184
424; 276; 1; 2; 184
403; 409; 1; 2; 187
281; 382; 2; 1; 190
280; 365; 1; 2; 190
284; 299; 2; 1; 195
284; 376; 2; 1; 196
323; 473; 1; 2; 197
328; 325; 2; 1; 198
440; 438; 1; 2; 198
286; 467; 1; 2; 206
277; 332; 2; 1; 228
387; 383; 1; 2; 239
353; 341; 1; 2; 240
364; 376; 2; 1; 241
296; 279; 2; 1; 257
335; 403; 2; 1; 264
426; 425; 1; 2; 274
340; 322; 1; 2; 281
316; 439; 1; 2; 282
424; 384; 2; 1; 289
458; 347; 1; 2; 318
388; 312; 1; 2; 340
295; 308; 2; 1; 343
378; 451; 1; 2; 351
308; 311; 2; 1; 364
298; 324; 2; 1; 372
441; 452; 2; 1; 376
425; 451; 1; 2; 383
424; 463; 1; 2; 386
346; 317; 1; 2; 390
343; 362; 1; 2; 391
332; 423; 1; 2; 394
352; 414; 2; 1; 397
461; 379; 1; 2; 398
428; 457; 1; 2; 399
465; 427; 1; 2; 401
446; 306; 1; 2; 410
272; 440; 1; 2; 423
449; 418; 1; 2; 426
452; 321; 1; 2; 427
267; 384; 2; 1; 428
370; 400; 2; 1; 444
365; 281; 2; 1; 445
445; 442; 1; 2; 450
291; 281; 2; 1; 480
465; 446; 2; 1; 481
413; 425; 2; 1; 494
311; 433; 1; 2; 504
437; 433; 2; 1; 505
373; 438; 2; 1; 512
468; 327; 2; 1; 530
404; 356; 2; 1; 536
456; 348; 1; 2; 538
410; 407; 1; 2; 543
279; 314; 2; 1; 554
451; 464; 2; 1; 555
283; 454; 2; 1; 556
371; 311; 1; 2; 563
359; 427; 2; 1; 568
366; 396; 2; 1; 569
350; 458; 2; 1; 579
338; 459; 1; 2; 584
297; 268; 1; 2; 599
415; 406; 2; 1; 600
429; 266; 1; 2; 609
437; 472; 2; 1; 613
374; 272; 2; 1; 617
404; 277; 2; 1; 624
438; 314; 1; 2; 627
294; 339; 2; 1; 630
434; 437; 2; 1; 630
392; 382; 1; 2; 646
417; 314; 1; 2; 657
283; 391; 1; 2; 663
290; 347; 2; 1; 667
267; 400; 2; 1; 669
435; 289; 1; 2; 670
429; 448; 2; 1; 673
23
12; 1; 34; 629
10; 1; 38; 932
11; 1; 36; 3290
7; 1; 2; 3766
6; 1; 44; 5269
20; 1; 39; 6834
22; 1; 8; 9092
18; 1; 31; 14486
16; 1; 28; 17698
19; 1; 27; 18203
1; 1; 32; 18526
4; 1; 31; 18586
13; 1; 28; 18917
15; 1; 32; 19503
21; 1; 5; 21036
8; 1; 25; 22884
9; 1; 18; 23394
14; 1; 11; 24534
2; 1; 11; 26267
3; 1; 49; 29654
5; 1; 32; 32116
17; 1; 14; 35818
0; 1; 4; 37215
