**** 586 ****
103
361; 469; 2; 1; 14
434; 284; 2; 1; 17
448; 337; 1; 2; 19
472; 381; 1; 2; 20
266; 461; 1; 2; 30
395; 370; 2; 1; 36
369; 416; 1; 2; 44
291; 336; 2; 1; 50
422; 425; 1; 2; 50
380; 432; 2; 1; 55
472; 300; 2; 1; 67
303; 417; 2; 1; 74
291; 442; 1; 2; 77
446; 383; 2; 1; 96
366; 270; 1; 2; 100
287; 310; 1; 2; 113
386; 330; 1; 2; 140
419; 446; 1; 2; 148
361; 356; 2; 1; 153
424; 466; 2; 1; 155
354; 384; 2; 1; 166
453; 311; 2; 1; 178
308; 375; 2; 1; 178
473; 427; 1; 2; 190
409; 364; 1; 2; 190
327; 421; 2; 1; 192
346; 432; 2; 1; 201
439; 335; 1; 2; 208
385; 313; 1; 2; 214
349; 332; 1; 2; 221
354; 352; 1; 2; 226
348; 376; 2; 1; 239
420; 444; 1; 2; 282
279; 452; 2; 1; 283
281; 361; 1; 2; 285
391; 305; 1; 2; 298
336; 450; 1; 2; 299
463; 337; 1; 2; 305
376; 366; 2; 1; 325
331; 358; 1; 2; 344
275; 275; 1; 2; 348
415; 343; 2; 1; 360
339; 315; 1; 2; 368
342; 440; 2; 1; 368
323; 381; 2; 1; 371
430; 320; 1; 2; 371
425; 292; 1; 2; 371
447; 406; 1; 2; 378
469; 275; 1; 2; 381
360; 418; 2; 1; 384
304; 356; 1; 2; 401
287; 390; 1; 2; 404
296; 318; 2; 1; 413
451; 300; 2; 1; 419
317; 336; 2; 1; 426
391; 272; 2; 1; 427
403; 437; 1; 2; 440
362; 311; 2; 1; 455
356; 311; 1; 2; 460
429; 424; 2; 1; 463
370; 335; 1; 2; 464
468; 452; 2; 1; 470
280; 305; 2; 1; 472
399; 332; 2; 1; 473
296; 358; 2; 1; 477
393; 280; 1; 2; 486
438; 460; 1; 2; 500
394; 289; 1; 2; 523
446; 429; 1; 2; 525
322; 408; 2; 1; 526
397; 379; 1; 2; 528
348; 457; 2; 1; 532
339; 364; 2; 1; 538
354; 350; 2; 1; 539
434; 332; 1; 2; 551
437; 427; 1; 2; 557
279; 413; 2; 1; 560
377; 374; 1; 2; 562
395; 345; 1; 2; 574
410; 437; 1; 2; 576
412; 271; 2; 1; 577
295; 326; 2; 1; 580
366; 450; 2; 1; 583
283; 273; 2; 1; 590
441; 452; 2; 1; 600
354; 428; 2; 1; 602
380; 408; 1; 2; 608
271; 329; 1; 2; 613
420; 462; 2; 1; 615
344; 401; 1; 2; 623
399; 408; 2; 1; 647
437; 337; 2; 1; 648
278; 350; 1; 2; 650
315; 398; 1; 2; 659
416; 451; 1; 2; 659
380; 270; 2; 1; 664
425; 399; 1; 2; 668
442; 281; 2; 1; 672
460; 305; 1; 2; 672
305; 297; 2; 1; 677
363; 430; 2; 1; 681
390; 396; 1; 2; 681
313; 342; 1; 2; 683
23
9; 1; 47; 762
2; 1; 12; 1312
20; 1; 15; 2073
8; 1; 6; 4138
13; 1; 39; 4748
16; 1; 15; 10978
5; 1; 21; 12372
19; 1; 10; 13110
7; 1; 10; 13266
11; 1; 47; 14082
10; 1; 35; 15446
22; 1; 7; 18933
6; 1; 13; 19165
0; 1; 10; 21124
1; 1; 5; 24404
18; 1; 42; 24740
15; 1; 19; 29255
21; 1; 4; 31421
17; 1; 36; 31831
4; 1; 20; 32491
3; 1; 6; 32613
12; 1; 27; 32930
14; 1; 8; 36302
