**** 587 ****
103
359; 307; 1; 2; 0
409; 458; 2; 1; 6
393; 348; 2; 1; 25
369; 266; 2; 1; 29
359; 363; 1; 2; 45
442; 275; 2; 1; 55
303; 303; 2; 1; 68
420; 278; 1; 2; 77
463; 283; 1; 2; 78
433; 335; 2; 1; 84
390; 280; 2; 1; 88
283; 390; 1; 2; 90
407; 320; 2; 1; 105
362; 297; 1; 2; 108
411; 386; 2; 1; 115
390; 344; 2; 1; 134
350; 414; 2; 1; 137
335; 432; 1; 2; 144
397; 394; 2; 1; 148
464; 281; 1; 2; 160
385; 448; 1; 2; 162
473; 394; 2; 1; 166
467; 321; 2; 1; 173
387; 411; 2; 1; 185
399; 463; 1; 2; 195
457; 448; 2; 1; 196
473; 385; 2; 1; 204
368; 288; 2; 1; 221
375; 399; 1; 2; 233
355; 379; 2; 1; 247
439; 408; 1; 2; 248
310; 361; 2; 1; 252
313; 351; 2; 1; 261
333; 334; 2; 1; 264
323; 468; 2; 1; 264
336; 424; 1; 2; 265
464; 305; 2; 1; 265
319; 470; 1; 2; 270
317; 303; 2; 1; 284
351; 293; 1; 2; 301
408; 283; 1; 2; 301
305; 408; 2; 1; 313
396; 384; 2; 1; 313
291; 323; 1; 2; 315
313; 281; 2; 1; 318
292; 379; 2; 1; 327
455; 349; 1; 2; 342
412; 417; 2; 1; 345
286; 332; 2; 1; 354
452; 445; 1; 2; 356
321; 469; 1; 2; 356
266; 357; 2; 1; 362
378; 450; 2; 1; 364
329; 268; 1; 2; 366
458; 368; 1; 2; 376
399; 373; 2; 1; 388
328; 276; 2; 1; 398
277; 391; 2; 1; 415
404; 302; 2; 1; 423
359; 412; 1; 2; 424
281; 298; 2; 1; 426
323; 458; 1; 2; 433
283; 347; 2; 1; 442
284; 384; 2; 1; 451
294; 279; 2; 1; 465
402; 389; 2; 1; 471
300; 329; 2; 1; 479
279; 302; 2; 1; 480
401; 340; 2; 1; 481
323; 444; 2; 1; 488
399; 355; 1; 2; 499
307; 416; 2; 1; 501
418; 401; 1; 2; 513
409; 369; 1; 2; 520
416; 303; 2; 1; 526
348; 284; 1; 2; 529
403; 365; 2; 1; 529
326; 385; 1; 2; 533
361; 317; 2; 1; 544
301; 413; 2; 1; 547
310; 427; 2; 1; 566
386; 460; 2; 1; 569
385; 462; 2; 1; 572
384; 413; 1; 2; 580
283; 423; 2; 1; 580
440; 445; 1; 2; 583
305; 387; 2; 1; 590
454; 385; 1; 2; 592
377; 373; 2; 1; 599
372; 282; 2; 1; 601
418; 375; 1; 2; 603
395; 406; 2; 1; 606
422; 336; 1; 2; 610
455; 441; 1; 2; 627
278; 318; 2; 1; 634
395; 453; 1; 2; 635
425; 452; 1; 2; 638
411; 398; 2; 1; 649
473; 274; 2; 1; 649
382; 377; 1; 2; 656
419; 432; 1; 2; 658
313; 305; 1; 2; 659
316; 392; 1; 2; 664
23
22; 1; 44; 2288
17; 1; 7; 3942
18; 1; 10; 6613
7; 1; 43; 8403
3; 1; 8; 8463
4; 1; 25; 8684
20; 1; 21; 9878
15; 1; 5; 10294
6; 1; 28; 14118
8; 1; 12; 14152
14; 1; 6; 16173
2; 1; 20; 20606
9; 1; 2; 21002
16; 1; 31; 23798
1; 1; 20; 26337
13; 1; 40; 28196
21; 1; 9; 31083
0; 1; 14; 31288
5; 1; 22; 31979
12; 1; 46; 33737
11; 1; 28; 34651
10; 1; 8; 37235
19; 1; 28; 38350
