**** 588 ****
103
471; 278; 1; 2; 20
349; 364; 2; 1; 20
300; 402; 2; 1; 21
281; 315; 2; 1; 25
435; 305; 2; 1; 41
441; 339; 2; 1; 45
271; 320; 2; 1; 58
366; 319; 1; 2; 66
370; 328; 2; 1; 77
395; 320; 1; 2; 98
368; 393; 2; 1; 123
447; 296; 1; 2; 123
331; 280; 2; 1; 129
420; 372; 2; 1; 134
432; 405; 2; 1; 134
317; 472; 1; 2; 136
317; 468; 2; 1; 151
399; 444; 2; 1; 156
351; 290; 2; 1; 159
285; 345; 1; 2; 162
296; 462; 2; 1; 163
469; 275; 2; 1; 166
268; 467; 1; 2; 166
271; 379; 2; 1; 171
395; 326; 1; 2; 178
413; 274; 1; 2; 180
298; 297; 2; 1; 205
412; 451; 2; 1; 210
413; 403; 1; 2; 216
372; 440; 1; 2; 224
404; 367; 1; 2; 225
471; 305; 1; 2; 226
274; 267; 2; 1; 236
292; 302; 2; 1; 244
407; 324; 1; 2; 248
380; 300; 1; 2; 258
412; 369; 1; 2; 260
272; 462; 1; 2; 271
308; 466; 2; 1; 299
293; 293; 2; 1; 303
432; 291; 1; 2; 307
296; 359; 1; 2; 308
325; 415; 2; 1; 309
418; 313; 1; 2; 309
364; 392; 1; 2; 312
377; 267; 1; 2; 317
427; 286; 2; 1; 320
370; 435; 2; 1; 323
355; 442; 1; 2; 331
463; 332; 2; 1; 342
438; 373; 1; 2; 345
362; 295; 1; 2; 349
389; 446; 2; 1; 350
266; 309; 2; 1; 356
273; 296; 2; 1; 384
267; 414; 1; 2; 384
332; 321; 1; 2; 392
465; 342; 1; 2; 403
436; 358; 2; 1; 408
400; 408; 2; 1; 413
276; 272; 2; 1; 424
291; 320; 1; 2; 427
469; 432; 1; 2; 431
304; 425; 1; 2; 441
463; 369; 2; 1; 447
353; 462; 2; 1; 449
379; 284; 2; 1; 457
370; 273; 2; 1; 461
298; 386; 2; 1; 468
450; 471; 1; 2; 473
281; 285; 2; 1; 479
408; 403; 2; 1; 480
472; 353; 1; 2; 483
326; 306; 2; 1; 487
430; 344; 1; 2; 498
359; 290; 2; 1; 502
335; 378; 1; 2; 515
465; 428; 1; 2; 516
407; 411; 1; 2; 519
266; 458; 2; 1; 520
360; 353; 1; 2; 523
469; 270; 2; 1; 533
430; 279; 1; 2; 536
402; 466; 1; 2; 541
317; 338; 1; 2; 548
303; 406; 1; 2; 561
354; 388; 2; 1; 571
446; 292; 1; 2; 572
289; 445; 1; 2; 580
473; 315; 1; 2; 590
445; 397; 2; 1; 594
413; 445; 1; 2; 600
302; 370; 1; 2; 610
361; 290; 2; 1; 613
363; 316; 2; 1; 623
472; 340; 1; 2; 626
472; 296; 1; 2; 635
269; 446; 1; 2; 637
391; 401; 1; 2; 639
275; 362; 2; 1; 667
421; 395; 1; 2; 672
396; 467; 2; 1; 674
285; 286; 2; 1; 684
23
6; 1; 22; 1295
14; 1; 18; 2456
20; 1; 20; 6729
10; 1; 1; 8351
16; 1; 5; 9410
11; 1; 37; 13737
0; 1; 45; 14169
8; 1; 48; 16237
1; 1; 46; 16359
22; 1; 18; 17132
4; 1; 2; 18065
3; 1; 2; 18290
12; 1; 33; 18485
13; 1; 29; 18681
9; 1; 48; 19486
17; 1; 30; 19653
7; 1; 47; 22771
21; 1; 46; 23325
2; 1; 37; 25482
18; 1; 31; 27302
15; 1; 35; 30834
19; 1; 5; 36159
5; 1; 34; 36299
