**** 589 ****
103
328; 448; 2; 1; 11
432; 279; 1; 2; 15
357; 403; 1; 2; 16
448; 465; 2; 1; 21
432; 469; 2; 1; 26
412; 357; 1; 2; 43
430; 365; 1; 2; 44
414; 437; 2; 1; 47
268; 407; 1; 2; 48
435; 470; 1; 2; 50
389; 336; 1; 2; 59
345; 269; 2; 1; 95
311; 266; 1; 2; 111
471; 430; 2; 1; 131
455; 337; 1; 2; 144
285; 429; 2; 1; 152
422; 407; 1; 2; 163
385; 424; 2; 1; 170
311; 351; 2; 1; 172
390; 288; 2; 1; 176
457; 465; 1; 2; 177
320; 414; 1; 2; 197
374; 348; 1; 2; 203
333; 441; 2; 1; 206
271; 430; 1; 2; 214
294; 340; 2; 1; 219
293; 410; 1; 2; 222
348; 435; 1; 2; 224
365; 448; 1; 2; 225
287; 406; 1; 2; 228
429; 407; 2; 1; 228
413; 272; 2; 1; 229
416; 361; 1; 2; 250
274; 340; 1; 2; 251
453; 304; 1; 2; 253
325; 313; 1; 2; 273
273; 317; 1; 2; 279
346; 311; 2; 1; 289
400; 394; 1; 2; 290
419; 282; 2; 1; 293
384; 449; 1; 2; 306
462; 293; 1; 2; 308
340; 452; 2; 1; 325
426; 465; 2; 1; 327
335; 472; 1; 2; 328
347; 364; 1; 2; 338
342; 374; 1; 2; 341
456; 383; 2; 1; 344
356; 298; 2; 1; 346
278; 466; 1; 2; 352
425; 404; 2; 1; 359
320; 288; 1; 2; 361
402; 467; 1; 2; 361
341; 421; 1; 2; 365
371; 397; 2; 1; 365
429; 471; 1; 2; 378
366; 308; 2; 1; 380
297; 290; 2; 1; 382
342; 420; 1; 2; 401
438; 398; 2; 1; 402
460; 398; 1; 2; 404
301; 352; 1; 2; 405
266; 453; 1; 2; 406
344; 367; 2; 1; 406
310; 360; 1; 2; 410
421; 419; 2; 1; 417
400; 339; 1; 2; 421
277; 457; 2; 1; 430
342; 318; 2; 1; 432
366; 335; 2; 1; 437
412; 333; 2; 1; 441
451; 414; 2; 1; 444
353; 360; 2; 1; 449
288; 446; 1; 2; 450
424; 288; 1; 2; 455
463; 296; 1; 2; 463
404; 330; 1; 2; 469
456; 304; 2; 1; 469
462; 341; 1; 2; 474
459; 382; 2; 1; 477
340; 310; 2; 1; 486
274; 281; 2; 1; 493
306; 442; 1; 2; 497
383; 298; 1; 2; 514
357; 381; 1; 2; 517
391; 387; 1; 2; 522
331; 343; 1; 2; 524
360; 370; 2; 1; 537
334; 422; 1; 2; 561
340; 352; 2; 1; 564
351; 347; 1; 2; 567
316; 295; 2; 1; 574
447; 447; 2; 1; 578
442; 435; 1; 2; 578
470; 402; 1; 2; 580
454; 407; 1; 2; 580
319; 356; 2; 1; 593
409; 449; 2; 1; 610
385; 357; 2; 1; 620
293; 319; 1; 2; 624
275; 325; 1; 2; 634
288; 339; 1; 2; 657
279; 467; 1; 2; 673
23
14; 1; 33; 3832
8; 1; 23; 4500
2; 1; 34; 6058
3; 1; 32; 6293
11; 1; 10; 7513
1; 1; 18; 9469
4; 1; 10; 10086
9; 1; 4; 14750
10; 1; 10; 15040
16; 1; 43; 15821
7; 1; 13; 19104
15; 1; 11; 19855
5; 1; 18; 20485
21; 1; 32; 21703
20; 1; 11; 24790
22; 1; 46; 25393
17; 1; 40; 25979
18; 1; 33; 29363
6; 1; 15; 31804
12; 1; 44; 33066
0; 1; 23; 33588
13; 1; 15; 34111
19; 1; 19; 36270
