**** 59 ****
55
76; 65; 2; 1; 1
57; 61; 1; 2; 2
49; 89; 1; 2; 8
37; 41; 2; 1; 8
54; 73; 2; 1; 10
84; 65; 1; 2; 13
88; 62; 1; 2; 16
49; 75; 1; 2; 26
66; 40; 1; 2; 27
78; 30; 1; 2; 28
47; 67; 2; 1; 30
33; 47; 2; 1; 32
70; 68; 1; 2; 34
60; 65; 1; 2; 35
83; 52; 1; 2; 39
50; 35; 1; 2; 40
73; 60; 2; 1; 41
54; 48; 1; 2; 43
47; 84; 1; 2; 43
56; 64; 1; 2; 45
32; 84; 2; 1; 46
68; 81; 1; 2; 48
56; 42; 2; 1; 61
59; 77; 1; 2; 64
66; 52; 2; 1; 67
78; 79; 1; 2; 68
71; 27; 1; 2; 68
65; 56; 2; 1; 70
64; 58; 2; 1; 72
61; 34; 2; 1; 75
39; 73; 2; 1; 80
34; 83; 2; 1; 85
55; 51; 2; 1; 88
33; 29; 1; 2; 90
72; 31; 2; 1; 91
71; 83; 2; 1; 95
73; 38; 1; 2; 95
47; 78; 2; 1; 101
59; 54; 1; 2; 102
85; 68; 2; 1; 103
50; 28; 1; 2; 105
62; 48; 2; 1; 120
81; 29; 1; 2; 128
30; 70; 1; 2; 129
83; 41; 1; 2; 132
72; 44; 2; 1; 133
35; 70; 2; 1; 136
55; 61; 1; 2; 141
57; 64; 1; 2; 141
58; 51; 1; 2; 142
80; 87; 2; 1; 147
27; 26; 2; 1; 151
87; 69; 1; 2; 152
80; 83; 2; 1; 156
45; 38; 2; 1; 156
13
8; 1; 22; 37
4; 1; 44; 300
3; 1; 2; 384
11; 1; 11; 829
7; 1; 4; 1094
9; 1; 10; 1357
10; 1; 36; 1755
5; 1; 11; 2029
12; 1; 15; 2190
0; 1; 7; 2288
1; 1; 41; 2380
2; 1; 37; 2473
6; 1; 37; 2735
