**** 590 ****
103
462; 373; 2; 1; 10
465; 413; 2; 1; 16
444; 463; 1; 2; 22
305; 422; 2; 1; 34
382; 373; 1; 2; 45
364; 379; 2; 1; 58
429; 320; 2; 1; 58
391; 273; 2; 1; 77
372; 432; 2; 1; 94
401; 424; 2; 1; 98
411; 300; 1; 2; 102
373; 379; 2; 1; 106
442; 455; 1; 2; 108
321; 268; 2; 1; 111
468; 397; 1; 2; 114
303; 376; 2; 1; 115
410; 406; 2; 1; 120
407; 443; 2; 1; 123
311; 374; 2; 1; 124
417; 460; 1; 2; 128
398; 448; 1; 2; 139
334; 427; 2; 1; 139
271; 311; 2; 1; 156
363; 431; 1; 2; 158
337; 289; 2; 1; 185
305; 339; 2; 1; 217
435; 353; 1; 2; 227
363; 352; 1; 2; 234
361; 280; 1; 2; 237
326; 447; 2; 1; 237
266; 361; 1; 2; 238
318; 454; 1; 2; 242
466; 400; 2; 1; 244
277; 307; 2; 1; 257
269; 271; 2; 1; 260
468; 430; 2; 1; 273
399; 411; 1; 2; 275
463; 302; 1; 2; 279
341; 278; 1; 2; 283
381; 266; 1; 2; 294
409; 463; 2; 1; 299
398; 351; 2; 1; 307
370; 417; 2; 1; 323
456; 405; 1; 2; 326
373; 387; 2; 1; 329
454; 458; 1; 2; 334
314; 326; 2; 1; 338
433; 329; 2; 1; 346
340; 399; 1; 2; 360
297; 389; 1; 2; 360
466; 334; 1; 2; 362
426; 391; 2; 1; 365
426; 442; 2; 1; 381
324; 364; 2; 1; 389
396; 458; 1; 2; 392
384; 460; 1; 2; 395
458; 360; 2; 1; 402
454; 319; 1; 2; 402
299; 384; 2; 1; 413
470; 287; 1; 2; 415
356; 469; 1; 2; 416
301; 339; 1; 2; 418
406; 346; 1; 2; 425
403; 278; 1; 2; 430
388; 471; 2; 1; 439
398; 388; 2; 1; 443
304; 335; 2; 1; 448
383; 463; 1; 2; 457
283; 437; 1; 2; 458
448; 289; 2; 1; 462
379; 266; 1; 2; 471
376; 374; 1; 2; 478
445; 314; 1; 2; 482
392; 392; 1; 2; 504
326; 453; 1; 2; 507
371; 419; 1; 2; 507
455; 356; 1; 2; 512
370; 273; 2; 1; 523
439; 362; 1; 2; 525
431; 382; 1; 2; 531
411; 441; 2; 1; 533
460; 327; 1; 2; 537
430; 287; 1; 2; 554
457; 404; 2; 1; 554
324; 310; 2; 1; 566
285; 457; 2; 1; 571
439; 396; 2; 1; 573
415; 347; 2; 1; 581
466; 411; 2; 1; 582
399; 292; 2; 1; 587
448; 351; 1; 2; 591
316; 361; 1; 2; 592
417; 438; 2; 1; 610
418; 392; 1; 2; 617
454; 335; 2; 1; 620
350; 349; 1; 2; 621
269; 460; 1; 2; 625
466; 268; 2; 1; 641
313; 316; 2; 1; 657
470; 402; 1; 2; 660
414; 318; 1; 2; 670
462; 300; 1; 2; 671
342; 361; 1; 2; 687
23
19; 1; 9; 2258
18; 1; 6; 6249
12; 1; 22; 7440
17; 1; 23; 11384
21; 1; 31; 11578
2; 1; 12; 11709
16; 1; 21; 14706
5; 1; 32; 19168
15; 1; 31; 20910
8; 1; 20; 22129
0; 1; 3; 22337
7; 1; 17; 22482
14; 1; 11; 24286
10; 1; 17; 24348
1; 1; 46; 25997
4; 1; 18; 31846
20; 1; 49; 32869
6; 1; 25; 33084
11; 1; 44; 33153
13; 1; 20; 34655
9; 1; 25; 36986
22; 1; 46; 39071
3; 1; 33; 39635
