**** 591 ****
103
446; 274; 1; 2; 14
455; 305; 1; 2; 24
402; 278; 1; 2; 43
282; 348; 2; 1; 52
443; 461; 1; 2; 53
266; 456; 1; 2; 58
340; 455; 2; 1; 61
302; 274; 2; 1; 66
436; 397; 1; 2; 71
472; 442; 1; 2; 74
353; 393; 2; 1; 75
437; 291; 1; 2; 77
408; 367; 2; 1; 78
361; 376; 2; 1; 78
468; 328; 2; 1; 79
345; 472; 2; 1; 86
294; 461; 1; 2; 88
459; 275; 2; 1; 106
421; 276; 2; 1; 113
387; 352; 2; 1; 136
363; 409; 1; 2; 138
391; 472; 1; 2; 138
332; 289; 1; 2; 151
433; 377; 1; 2; 153
405; 371; 2; 1; 157
455; 470; 1; 2; 174
389; 419; 1; 2; 181
361; 317; 2; 1; 186
433; 289; 1; 2; 188
447; 373; 2; 1; 193
275; 354; 1; 2; 194
286; 441; 2; 1; 202
434; 373; 2; 1; 202
316; 470; 2; 1; 207
386; 411; 1; 2; 218
297; 387; 2; 1; 252
412; 354; 2; 1; 253
343; 466; 1; 2; 271
300; 353; 2; 1; 278
266; 339; 1; 2; 286
320; 448; 1; 2; 295
456; 390; 2; 1; 312
272; 410; 1; 2; 313
470; 357; 2; 1; 315
387; 435; 2; 1; 319
293; 308; 2; 1; 320
371; 431; 2; 1; 323
447; 464; 1; 2; 330
345; 299; 2; 1; 332
447; 436; 1; 2; 336
353; 331; 2; 1; 348
327; 340; 2; 1; 349
268; 360; 2; 1; 353
281; 350; 1; 2; 359
439; 381; 2; 1; 361
338; 313; 1; 2; 367
357; 369; 2; 1; 367
310; 320; 2; 1; 372
283; 381; 2; 1; 389
278; 361; 1; 2; 405
280; 328; 1; 2; 427
331; 293; 1; 2; 435
308; 396; 2; 1; 445
473; 375; 2; 1; 466
446; 392; 2; 1; 473
266; 415; 2; 1; 473
419; 471; 2; 1; 493
314; 289; 2; 1; 502
272; 329; 1; 2; 506
382; 448; 2; 1; 523
383; 392; 2; 1; 524
274; 304; 2; 1; 529
435; 434; 2; 1; 530
454; 342; 2; 1; 531
438; 295; 1; 2; 534
281; 306; 1; 2; 537
373; 329; 1; 2; 551
324; 329; 2; 1; 555
370; 443; 2; 1; 555
458; 334; 1; 2; 559
284; 349; 2; 1; 561
282; 436; 2; 1; 565
332; 442; 2; 1; 580
374; 374; 2; 1; 580
434; 353; 2; 1; 587
333; 339; 1; 2; 588
427; 385; 2; 1; 593
319; 421; 2; 1; 603
348; 295; 1; 2; 610
469; 375; 1; 2; 617
366; 291; 2; 1; 621
297; 342; 2; 1; 629
297; 367; 1; 2; 630
455; 435; 2; 1; 635
274; 307; 1; 2; 641
367; 278; 1; 2; 643
407; 450; 2; 1; 653
286; 332; 1; 2; 654
318; 318; 2; 1; 661
398; 326; 1; 2; 664
398; 400; 2; 1; 668
458; 419; 2; 1; 669
414; 314; 1; 2; 674
23
2; 1; 17; 572
16; 1; 38; 603
5; 1; 28; 4019
0; 1; 10; 4841
7; 1; 45; 4930
8; 1; 47; 5334
15; 1; 31; 9024
11; 1; 1; 12910
10; 1; 22; 17926
13; 1; 2; 18739
20; 1; 8; 19314
17; 1; 27; 24035
12; 1; 41; 24422
9; 1; 10; 29679
21; 1; 6; 30677
18; 1; 4; 30799
22; 1; 27; 30910
14; 1; 3; 32715
6; 1; 2; 33442
4; 1; 45; 34073
19; 1; 43; 37453
1; 1; 40; 37773
3; 1; 40; 37866
