**** 592 ****
103
321; 450; 1; 2; 15
293; 270; 2; 1; 18
457; 395; 1; 2; 23
433; 266; 1; 2; 24
349; 469; 1; 2; 28
445; 431; 1; 2; 28
333; 315; 2; 1; 33
435; 430; 2; 1; 38
424; 434; 1; 2; 40
307; 425; 2; 1; 43
441; 297; 2; 1; 47
406; 347; 2; 1; 59
287; 382; 1; 2; 65
362; 356; 1; 2; 67
470; 453; 1; 2; 72
387; 444; 2; 1; 73
334; 391; 1; 2; 75
438; 443; 2; 1; 76
414; 317; 2; 1; 92
273; 462; 1; 2; 103
435; 302; 1; 2; 116
378; 370; 1; 2; 119
292; 284; 2; 1; 119
291; 420; 1; 2; 119
426; 389; 2; 1; 123
284; 315; 1; 2; 130
339; 280; 2; 1; 148
282; 377; 1; 2; 151
403; 392; 1; 2; 153
279; 332; 1; 2; 161
366; 371; 1; 2; 174
405; 339; 1; 2; 197
300; 302; 1; 2; 201
302; 318; 2; 1; 214
341; 352; 1; 2; 214
307; 431; 1; 2; 217
279; 438; 1; 2; 224
366; 462; 1; 2; 227
350; 417; 1; 2; 227
278; 317; 1; 2; 230
361; 310; 2; 1; 231
319; 332; 2; 1; 236
328; 361; 2; 1; 237
301; 424; 2; 1; 256
385; 288; 2; 1; 258
473; 466; 1; 2; 262
297; 420; 2; 1; 267
359; 292; 1; 2; 270
394; 272; 2; 1; 274
464; 417; 2; 1; 274
439; 344; 1; 2; 289
312; 422; 2; 1; 290
314; 453; 1; 2; 305
446; 445; 1; 2; 311
354; 437; 2; 1; 313
310; 296; 1; 2; 325
328; 459; 1; 2; 331
388; 449; 1; 2; 342
424; 370; 2; 1; 343
330; 320; 1; 2; 348
447; 381; 2; 1; 351
381; 346; 2; 1; 362
339; 336; 2; 1; 362
335; 399; 2; 1; 363
446; 276; 2; 1; 370
441; 340; 1; 2; 371
403; 426; 2; 1; 379
413; 280; 1; 2; 379
424; 288; 2; 1; 387
433; 396; 1; 2; 389
372; 432; 1; 2; 391
287; 469; 2; 1; 392
277; 407; 1; 2; 394
313; 436; 2; 1; 412
392; 450; 1; 2; 428
447; 299; 2; 1; 432
328; 312; 1; 2; 439
381; 425; 2; 1; 457
440; 351; 2; 1; 461
282; 460; 2; 1; 476
408; 373; 1; 2; 489
425; 352; 1; 2; 490
322; 443; 2; 1; 500
301; 329; 2; 1; 520
320; 409; 2; 1; 520
306; 355; 1; 2; 521
271; 443; 2; 1; 524
395; 458; 1; 2; 531
353; 394; 1; 2; 550
295; 452; 1; 2; 591
326; 459; 2; 1; 594
282; 382; 2; 1; 595
399; 270; 2; 1; 598
350; 421; 1; 2; 611
288; 295; 2; 1; 615
289; 427; 2; 1; 621
467; 274; 1; 2; 623
392; 421; 1; 2; 639
385; 353; 1; 2; 645
420; 436; 1; 2; 646
390; 471; 2; 1; 661
269; 423; 2; 1; 675
356; 444; 2; 1; 684
23
9; 1; 22; 2189
1; 1; 19; 8301
16; 1; 41; 9791
17; 1; 44; 10318
15; 1; 33; 10615
10; 1; 32; 11274
21; 1; 25; 12551
22; 1; 41; 14099
2; 1; 15; 17728
7; 1; 36; 19340
6; 1; 1; 19663
14; 1; 42; 21151
19; 1; 8; 21615
0; 1; 21; 22418
20; 1; 22; 23538
4; 1; 31; 24313
8; 1; 37; 29293
11; 1; 2; 29568
12; 1; 13; 30438
13; 1; 16; 32220
3; 1; 41; 33341
5; 1; 41; 37000
18; 1; 19; 37350
