**** 593 ****
103
400; 330; 2; 1; 9
379; 357; 1; 2; 15
454; 414; 2; 1; 21
353; 393; 1; 2; 28
412; 457; 1; 2; 34
355; 319; 2; 1; 38
327; 431; 1; 2; 47
314; 443; 1; 2; 51
359; 377; 2; 1; 59
467; 314; 2; 1; 62
392; 308; 1; 2; 65
267; 305; 1; 2; 70
310; 341; 2; 1; 80
380; 283; 2; 1; 81
326; 335; 2; 1; 89
461; 453; 1; 2; 91
343; 287; 1; 2; 97
459; 272; 2; 1; 101
325; 409; 1; 2; 109
294; 388; 2; 1; 120
308; 398; 2; 1; 123
345; 302; 1; 2; 127
266; 419; 1; 2; 130
370; 358; 1; 2; 138
424; 394; 2; 1; 157
303; 365; 2; 1; 178
420; 456; 1; 2; 178
427; 428; 2; 1; 182
288; 340; 2; 1; 214
306; 379; 1; 2; 218
392; 410; 1; 2; 249
467; 466; 2; 1; 255
372; 373; 2; 1; 263
374; 313; 2; 1; 268
313; 372; 1; 2; 269
278; 354; 1; 2; 269
363; 324; 2; 1; 271
385; 419; 2; 1; 281
434; 452; 1; 2; 306
347; 390; 1; 2; 321
328; 380; 2; 1; 327
278; 414; 2; 1; 328
444; 472; 2; 1; 331
287; 373; 1; 2; 348
340; 371; 2; 1; 356
360; 292; 2; 1; 359
383; 368; 1; 2; 364
447; 455; 2; 1; 371
273; 326; 2; 1; 386
388; 288; 2; 1; 390
299; 396; 1; 2; 400
326; 334; 2; 1; 405
456; 392; 1; 2; 410
295; 420; 1; 2; 419
269; 309; 1; 2; 422
376; 334; 2; 1; 442
325; 444; 1; 2; 444
318; 329; 1; 2; 446
281; 370; 1; 2; 449
472; 286; 2; 1; 457
354; 431; 1; 2; 461
326; 321; 1; 2; 462
386; 316; 1; 2; 468
401; 469; 2; 1; 477
312; 463; 1; 2; 485
419; 463; 2; 1; 491
298; 393; 2; 1; 492
347; 466; 1; 2; 501
454; 410; 1; 2; 507
304; 456; 2; 1; 510
343; 416; 2; 1; 515
405; 418; 2; 1; 518
425; 470; 2; 1; 532
398; 320; 1; 2; 532
374; 396; 2; 1; 541
389; 326; 1; 2; 542
314; 322; 2; 1; 555
267; 355; 1; 2; 556
457; 447; 1; 2; 569
369; 274; 1; 2; 573
448; 462; 1; 2; 576
318; 439; 2; 1; 578
286; 401; 1; 2; 579
309; 295; 2; 1; 582
317; 368; 1; 2; 591
366; 278; 1; 2; 592
431; 453; 2; 1; 596
293; 437; 1; 2; 599
344; 337; 2; 1; 603
325; 268; 2; 1; 609
467; 318; 1; 2; 609
437; 359; 1; 2; 612
427; 431; 2; 1; 617
316; 415; 2; 1; 625
369; 426; 1; 2; 635
297; 418; 2; 1; 645
433; 450; 2; 1; 646
394; 322; 1; 2; 647
407; 448; 2; 1; 664
348; 450; 1; 2; 671
425; 405; 2; 1; 673
423; 358; 1; 2; 673
436; 410; 1; 2; 676
23
4; 1; 6; 524
20; 1; 47; 3220
12; 1; 41; 4429
7; 1; 31; 9087
21; 1; 27; 10769
0; 1; 13; 16296
8; 1; 38; 17566
14; 1; 18; 18576
9; 1; 2; 20261
18; 1; 45; 23565
15; 1; 40; 24705
19; 1; 45; 25620
22; 1; 33; 28948
10; 1; 2; 31383
1; 1; 6; 31546
13; 1; 5; 31943
17; 1; 44; 33252
5; 1; 40; 33417
3; 1; 20; 34392
11; 1; 37; 35271
16; 1; 30; 35338
6; 1; 18; 36122
2; 1; 42; 36538
