**** 594 ****
104
272; 365; 2; 1; 3
446; 271; 2; 1; 10
370; 469; 2; 1; 11
430; 452; 2; 1; 20
339; 383; 2; 1; 22
349; 294; 2; 1; 31
437; 459; 2; 1; 46
316; 366; 1; 2; 64
397; 383; 1; 2; 70
346; 289; 2; 1; 71
302; 459; 1; 2; 78
375; 371; 1; 2; 80
299; 469; 2; 1; 93
381; 298; 2; 1; 99
445; 364; 2; 1; 100
431; 281; 1; 2; 102
390; 431; 2; 1; 111
384; 468; 1; 2; 111
467; 347; 1; 2; 115
271; 451; 2; 1; 115
276; 407; 2; 1; 116
366; 291; 1; 2; 119
285; 471; 2; 1; 136
272; 450; 2; 1; 139
377; 402; 1; 2; 148
390; 454; 1; 2; 154
421; 383; 1; 2; 164
424; 376; 1; 2; 178
359; 275; 2; 1; 184
435; 337; 1; 2; 190
378; 316; 1; 2; 205
389; 444; 1; 2; 212
424; 333; 2; 1; 226
296; 287; 2; 1; 238
475; 422; 2; 1; 240
305; 445; 1; 2; 247
400; 433; 2; 1; 248
285; 346; 2; 1; 251
414; 363; 2; 1; 256
317; 443; 1; 2; 261
404; 356; 2; 1; 275
302; 411; 1; 2; 279
373; 312; 2; 1; 281
319; 354; 2; 1; 281
309; 466; 2; 1; 284
326; 393; 1; 2; 289
466; 393; 1; 2; 294
355; 331; 1; 2; 314
334; 420; 1; 2; 348
369; 382; 1; 2; 354
312; 472; 2; 1; 367
335; 318; 1; 2; 372
280; 289; 2; 1; 375
391; 282; 1; 2; 377
464; 389; 2; 1; 389
345; 420; 2; 1; 389
479; 320; 1; 2; 397
329; 443; 2; 1; 404
418; 407; 2; 1; 405
328; 323; 2; 1; 410
403; 431; 2; 1; 425
340; 282; 1; 2; 445
288; 324; 1; 2; 453
312; 287; 1; 2; 470
388; 400; 2; 1; 487
412; 399; 1; 2; 489
383; 379; 2; 1; 490
348; 286; 2; 1; 492
309; 462; 1; 2; 500
418; 289; 1; 2; 509
416; 463; 1; 2; 511
478; 363; 2; 1; 511
285; 272; 1; 2; 522
430; 445; 1; 2; 524
272; 478; 2; 1; 527
475; 453; 2; 1; 540
403; 432; 2; 1; 541
337; 425; 1; 2; 546
390; 371; 1; 2; 547
471; 373; 1; 2; 552
274; 359; 1; 2; 563
288; 344; 2; 1; 569
390; 451; 2; 1; 574
414; 481; 2; 1; 584
474; 424; 2; 1; 589
284; 286; 2; 1; 594
468; 336; 2; 1; 598
380; 410; 2; 1; 632
349; 473; 1; 2; 638
303; 367; 2; 1; 640
299; 386; 2; 1; 647
286; 373; 1; 2; 647
317; 377; 1; 2; 651
396; 284; 1; 2; 661
320; 444; 1; 2; 666
470; 388; 1; 2; 666
441; 290; 1; 2; 667
296; 332; 2; 1; 671
398; 319; 1; 2; 677
454; 374; 1; 2; 685
306; 277; 2; 1; 688
285; 455; 2; 1; 688
354; 410; 1; 2; 688
418; 280; 1; 2; 689
23
18; 1; 48; 399
4; 1; 49; 2191
0; 1; 4; 3477
21; 1; 19; 4643
22; 1; 27; 4685
7; 1; 6; 6583
3; 1; 8; 6752
19; 1; 13; 7588
17; 1; 1; 8314
8; 1; 34; 9240
5; 1; 10; 18210
13; 1; 39; 19265
14; 1; 5; 20135
20; 1; 33; 20640
2; 1; 44; 21195
16; 1; 30; 22993
1; 1; 4; 26376
10; 1; 30; 29323
12; 1; 1; 32314
11; 1; 40; 32623
9; 1; 4; 33324
15; 1; 39; 34958
6; 1; 30; 36363
