**** 595 ****
104
421; 325; 1; 2; 0
456; 450; 2; 1; 1
340; 405; 2; 1; 10
335; 466; 1; 2; 10
334; 435; 2; 1; 14
377; 458; 2; 1; 27
313; 361; 2; 1; 38
313; 381; 1; 2; 56
273; 410; 1; 2; 57
388; 337; 1; 2; 60
471; 337; 2; 1; 74
370; 311; 1; 2; 82
434; 405; 1; 2; 91
453; 294; 1; 2; 97
402; 468; 2; 1; 107
399; 405; 1; 2; 109
460; 416; 2; 1; 127
372; 280; 2; 1; 128
441; 319; 1; 2; 131
478; 325; 2; 1; 132
432; 459; 2; 1; 138
456; 331; 1; 2; 140
458; 395; 2; 1; 140
297; 315; 2; 1; 144
355; 422; 1; 2; 144
427; 279; 1; 2; 148
402; 464; 1; 2; 153
422; 313; 1; 2; 157
473; 294; 2; 1; 172
380; 455; 1; 2; 174
442; 460; 2; 1; 183
363; 330; 1; 2; 185
342; 390; 2; 1; 194
402; 293; 1; 2; 197
469; 282; 1; 2; 201
276; 308; 1; 2; 205
440; 445; 1; 2; 224
385; 415; 1; 2; 225
356; 428; 2; 1; 226
302; 400; 2; 1; 249
291; 425; 1; 2; 251
312; 328; 2; 1; 259
467; 326; 1; 2; 260
421; 450; 1; 2; 271
474; 436; 1; 2; 272
400; 350; 1; 2; 278
289; 406; 2; 1; 290
368; 361; 1; 2; 292
350; 353; 1; 2; 307
400; 375; 2; 1; 318
471; 381; 2; 1; 326
348; 387; 2; 1; 342
465; 392; 1; 2; 348
345; 363; 1; 2; 354
409; 471; 1; 2; 379
457; 431; 1; 2; 396
336; 285; 2; 1; 396
285; 477; 1; 2; 413
479; 361; 2; 1; 420
454; 286; 1; 2; 424
348; 280; 2; 1; 428
286; 294; 2; 1; 429
466; 347; 2; 1; 430
421; 420; 2; 1; 436
371; 388; 2; 1; 443
308; 476; 2; 1; 444
382; 280; 2; 1; 451
305; 360; 2; 1; 452
396; 329; 1; 2; 459
372; 465; 1; 2; 460
351; 360; 1; 2; 462
463; 346; 2; 1; 490
427; 384; 2; 1; 516
376; 470; 1; 2; 518
468; 398; 1; 2; 529
440; 322; 1; 2; 531
408; 385; 2; 1; 531
371; 385; 2; 1; 536
436; 358; 1; 2; 540
402; 392; 2; 1; 542
340; 414; 1; 2; 558
415; 381; 2; 1; 558
338; 370; 1; 2; 577
324; 307; 2; 1; 596
304; 366; 2; 1; 599
365; 278; 2; 1; 600
440; 330; 2; 1; 604
317; 430; 1; 2; 605
319; 367; 2; 1; 610
382; 318; 2; 1; 611
430; 358; 1; 2; 615
402; 421; 2; 1; 619
356; 371; 2; 1; 622
290; 397; 2; 1; 624
371; 439; 2; 1; 626
347; 352; 2; 1; 640
334; 405; 1; 2; 647
454; 344; 1; 2; 650
304; 395; 2; 1; 651
299; 468; 2; 1; 671
310; 441; 1; 2; 671
429; 358; 1; 2; 672
379; 472; 1; 2; 677
318; 425; 1; 2; 683
23
22; 1; 42; 714
15; 1; 47; 6413
8; 1; 29; 7729
9; 1; 21; 9168
14; 1; 43; 9628
0; 1; 27; 9811
3; 1; 28; 13081
21; 1; 36; 14872
12; 1; 11; 15297
13; 1; 49; 18513
16; 1; 14; 23946
19; 1; 22; 24258
20; 1; 22; 24729
2; 1; 35; 26475
1; 1; 1; 28219
6; 1; 1; 32184
10; 1; 16; 32222
4; 1; 45; 33026
17; 1; 37; 34258
5; 1; 16; 35637
18; 1; 43; 36485
7; 1; 29; 39367
11; 1; 27; 39612
