**** 596 ****
104
433; 412; 2; 1; 0
297; 306; 2; 1; 11
424; 395; 2; 1; 17
437; 467; 2; 1; 17
445; 401; 1; 2; 20
289; 337; 2; 1; 25
277; 423; 1; 2; 27
458; 439; 2; 1; 33
450; 378; 2; 1; 35
408; 464; 2; 1; 46
359; 388; 2; 1; 49
413; 292; 2; 1; 52
307; 389; 1; 2; 59
275; 478; 2; 1; 67
404; 359; 2; 1; 89
444; 380; 2; 1; 104
314; 319; 2; 1; 105
480; 315; 2; 1; 106
273; 337; 2; 1; 109
409; 287; 1; 2; 136
419; 356; 2; 1; 137
400; 412; 2; 1; 139
292; 326; 1; 2; 141
420; 440; 1; 2; 142
391; 468; 2; 1; 157
308; 431; 1; 2; 170
283; 300; 1; 2; 185
410; 387; 1; 2; 187
312; 323; 2; 1; 197
328; 323; 1; 2; 199
413; 298; 1; 2; 200
473; 454; 1; 2; 202
446; 383; 2; 1; 214
432; 349; 2; 1; 248
442; 361; 1; 2; 266
298; 307; 2; 1; 267
438; 283; 2; 1; 276
375; 428; 2; 1; 284
408; 369; 2; 1; 286
310; 406; 2; 1; 290
366; 471; 1; 2; 291
453; 279; 2; 1; 299
340; 381; 2; 1; 301
353; 345; 2; 1; 311
452; 293; 2; 1; 322
462; 283; 2; 1; 331
295; 322; 2; 1; 340
458; 344; 2; 1; 343
351; 349; 2; 1; 344
342; 350; 1; 2; 348
386; 291; 2; 1; 350
392; 348; 2; 1; 350
314; 470; 1; 2; 354
395; 446; 1; 2; 355
319; 307; 1; 2; 367
353; 435; 1; 2; 369
383; 471; 2; 1; 389
460; 281; 2; 1; 393
356; 292; 1; 2; 401
316; 439; 1; 2; 408
464; 341; 2; 1; 418
463; 460; 1; 2; 421
285; 470; 1; 2; 422
361; 436; 1; 2; 424
341; 345; 1; 2; 424
410; 427; 1; 2; 431
430; 319; 1; 2; 441
384; 281; 2; 1; 468
311; 411; 1; 2; 469
479; 392; 1; 2; 481
337; 424; 2; 1; 491
316; 437; 2; 1; 498
319; 397; 2; 1; 499
388; 340; 2; 1; 502
463; 311; 1; 2; 508
309; 301; 2; 1; 510
413; 432; 1; 2; 518
320; 439; 2; 1; 525
432; 441; 2; 1; 531
343; 292; 1; 2; 539
348; 380; 1; 2; 540
274; 464; 2; 1; 540
281; 433; 1; 2; 547
315; 312; 2; 1; 547
347; 352; 1; 2; 549
334; 361; 1; 2; 552
390; 285; 1; 2; 554
286; 368; 1; 2; 568
444; 475; 2; 1; 569
337; 320; 1; 2; 574
440; 298; 2; 1; 590
408; 458; 1; 2; 599
469; 363; 1; 2; 604
452; 306; 2; 1; 610
296; 429; 2; 1; 611
299; 376; 2; 1; 614
431; 463; 1; 2; 625
382; 284; 1; 2; 635
341; 461; 1; 2; 636
358; 412; 1; 2; 658
457; 472; 1; 2; 667
286; 434; 2; 1; 673
454; 285; 1; 2; 674
381; 469; 1; 2; 689
23
14; 1; 44; 14
5; 1; 12; 2447
21; 1; 47; 5813
0; 1; 38; 7996
8; 1; 40; 9784
22; 1; 29; 14372
11; 1; 47; 14559
7; 1; 14; 16616
16; 1; 27; 17394
6; 1; 10; 19573
9; 1; 13; 21158
4; 1; 15; 23112
18; 1; 30; 24812
1; 1; 48; 25173
12; 1; 5; 27015
20; 1; 37; 28014
2; 1; 47; 29196
13; 1; 47; 29632
19; 1; 30; 32694
15; 1; 17; 32974
3; 1; 27; 34838
10; 1; 28; 38452
17; 1; 6; 38612
