**** 597 ****
104
438; 313; 1; 2; 2
277; 374; 2; 1; 11
347; 417; 2; 1; 12
357; 369; 1; 2; 16
311; 388; 2; 1; 18
348; 273; 1; 2; 39
378; 448; 2; 1; 51
465; 472; 1; 2; 51
279; 394; 2; 1; 63
410; 360; 1; 2; 65
292; 371; 2; 1; 67
301; 459; 2; 1; 69
304; 442; 2; 1; 74
312; 290; 1; 2; 78
382; 334; 1; 2; 92
375; 391; 1; 2; 93
360; 456; 1; 2; 97
469; 370; 1; 2; 99
438; 377; 1; 2; 101
297; 345; 2; 1; 102
370; 379; 2; 1; 104
307; 407; 2; 1; 113
409; 384; 2; 1; 133
448; 353; 2; 1; 147
432; 382; 2; 1; 167
467; 281; 2; 1; 167
481; 294; 2; 1; 171
404; 340; 2; 1; 175
466; 437; 2; 1; 187
283; 407; 1; 2; 196
314; 479; 1; 2; 197
371; 423; 1; 2; 212
463; 300; 2; 1; 213
344; 368; 2; 1; 213
474; 332; 2; 1; 214
460; 380; 1; 2; 217
300; 464; 1; 2; 219
413; 317; 2; 1; 220
430; 298; 1; 2; 221
416; 447; 1; 2; 222
447; 305; 1; 2; 234
365; 391; 2; 1; 244
473; 326; 2; 1; 256
355; 317; 1; 2; 265
453; 439; 1; 2; 270
332; 376; 2; 1; 286
293; 466; 1; 2; 295
292; 310; 1; 2; 306
432; 382; 2; 1; 316
358; 367; 2; 1; 317
384; 451; 2; 1; 333
368; 328; 2; 1; 338
451; 417; 1; 2; 341
364; 338; 2; 1; 352
375; 410; 1; 2; 354
314; 319; 2; 1; 357
439; 302; 1; 2; 370
461; 453; 1; 2; 378
427; 439; 2; 1; 383
402; 439; 2; 1; 392
283; 446; 2; 1; 402
338; 481; 1; 2; 410
395; 466; 1; 2; 413
302; 466; 1; 2; 414
331; 319; 1; 2; 418
445; 367; 2; 1; 420
271; 346; 1; 2; 427
328; 418; 2; 1; 431
396; 395; 2; 1; 440
430; 291; 1; 2; 441
316; 322; 1; 2; 464
468; 432; 2; 1; 466
291; 371; 2; 1; 480
475; 424; 2; 1; 483
280; 323; 1; 2; 485
445; 273; 1; 2; 486
325; 275; 1; 2; 488
442; 397; 2; 1; 495
359; 366; 1; 2; 497
288; 393; 1; 2; 502
476; 434; 2; 1; 502
471; 426; 1; 2; 504
429; 370; 1; 2; 505
275; 449; 2; 1; 509
403; 291; 2; 1; 517
375; 475; 1; 2; 535
440; 338; 1; 2; 550
473; 408; 2; 1; 551
420; 452; 2; 1; 559
470; 340; 1; 2; 565
326; 467; 2; 1; 587
409; 449; 1; 2; 591
303; 294; 2; 1; 596
460; 360; 1; 2; 601
297; 366; 2; 1; 603
326; 358; 1; 2; 611
295; 280; 2; 1; 614
373; 385; 2; 1; 628
462; 340; 1; 2; 630
416; 331; 2; 1; 654
325; 330; 2; 1; 663
474; 388; 2; 1; 681
360; 424; 2; 1; 685
461; 469; 2; 1; 694
23
13; 1; 47; 162
17; 1; 29; 5620
20; 1; 19; 9717
18; 1; 6; 11519
12; 1; 11; 11902
3; 1; 37; 12094
5; 1; 8; 12376
9; 1; 48; 15371
4; 1; 27; 17810
0; 1; 12; 18066
15; 1; 45; 18531
16; 1; 23; 19289
8; 1; 42; 19386
6; 1; 29; 19683
11; 1; 43; 22424
22; 1; 22; 23886
14; 1; 45; 26913
1; 1; 23; 27461
10; 1; 25; 29305
19; 1; 32; 29721
2; 1; 35; 32920
21; 1; 48; 38727
7; 1; 28; 39398
