**** 598 ****
104
435; 466; 2; 1; 14
391; 349; 2; 1; 27
348; 302; 2; 1; 28
326; 462; 2; 1; 28
299; 421; 1; 2; 29
308; 333; 1; 2; 49
353; 326; 1; 2; 55
324; 477; 1; 2; 56
355; 373; 1; 2; 57
318; 478; 1; 2; 66
396; 424; 2; 1; 66
430; 290; 1; 2; 77
397; 279; 1; 2; 83
288; 290; 2; 1; 84
388; 328; 1; 2; 90
369; 330; 2; 1; 97
325; 429; 1; 2; 98
288; 278; 2; 1; 101
438; 449; 2; 1; 116
468; 411; 2; 1; 117
346; 401; 1; 2; 122
465; 374; 1; 2; 138
350; 324; 2; 1; 158
447; 339; 1; 2; 165
322; 339; 1; 2; 176
405; 319; 2; 1; 179
450; 294; 1; 2; 188
467; 462; 2; 1; 191
279; 445; 2; 1; 198
315; 367; 1; 2; 215
438; 458; 2; 1; 221
448; 430; 2; 1; 236
411; 353; 1; 2; 238
314; 360; 1; 2; 241
330; 331; 1; 2; 243
394; 436; 2; 1; 246
272; 335; 2; 1; 254
328; 308; 1; 2; 254
363; 271; 2; 1; 255
460; 443; 1; 2; 257
278; 425; 2; 1; 258
461; 462; 2; 1; 261
357; 384; 2; 1; 265
375; 365; 2; 1; 268
293; 442; 1; 2; 278
438; 337; 1; 2; 278
401; 362; 1; 2; 285
417; 362; 2; 1; 300
297; 280; 1; 2; 301
397; 304; 2; 1; 322
358; 320; 1; 2; 332
422; 289; 1; 2; 344
436; 355; 1; 2; 344
454; 273; 1; 2; 347
376; 450; 1; 2; 350
281; 449; 2; 1; 350
373; 413; 2; 1; 350
431; 318; 2; 1; 368
369; 374; 1; 2; 385
273; 421; 1; 2; 390
469; 475; 1; 2; 392
285; 374; 2; 1; 393
432; 350; 2; 1; 406
455; 481; 2; 1; 410
448; 290; 1; 2; 416
359; 343; 1; 2; 433
359; 420; 1; 2; 441
327; 378; 1; 2; 449
351; 320; 2; 1; 450
407; 321; 2; 1; 454
410; 454; 1; 2; 463
348; 481; 1; 2; 466
404; 394; 2; 1; 470
393; 452; 2; 1; 474
421; 434; 1; 2; 502
465; 371; 2; 1; 504
441; 400; 2; 1; 504
282; 317; 2; 1; 558
295; 278; 2; 1; 568
450; 340; 2; 1; 569
372; 311; 1; 2; 569
377; 432; 2; 1; 569
435; 378; 1; 2; 576
285; 372; 1; 2; 578
331; 315; 1; 2; 579
469; 373; 1; 2; 586
404; 359; 2; 1; 592
322; 479; 2; 1; 602
383; 298; 2; 1; 605
330; 387; 2; 1; 611
434; 348; 1; 2; 628
399; 358; 2; 1; 632
325; 429; 2; 1; 633
394; 338; 2; 1; 635
393; 278; 1; 2; 655
429; 385; 2; 1; 658
445; 365; 2; 1; 675
289; 289; 1; 2; 678
478; 322; 1; 2; 681
282; 288; 2; 1; 685
385; 365; 1; 2; 690
481; 291; 1; 2; 692
298; 411; 1; 2; 695
319; 362; 1; 2; 696
23
9; 1; 34; 3080
2; 1; 22; 3563
12; 1; 19; 3843
11; 1; 1; 5008
13; 1; 41; 6568
0; 1; 40; 7383
16; 1; 31; 7436
21; 1; 24; 9341
7; 1; 18; 9368
19; 1; 41; 11217
22; 1; 49; 12705
10; 1; 21; 17228
6; 1; 38; 18862
5; 1; 33; 22310
1; 1; 33; 23493
14; 1; 34; 26621
17; 1; 11; 28214
8; 1; 14; 28944
15; 1; 29; 33430
3; 1; 30; 34149
4; 1; 4; 37188
20; 1; 17; 37560
18; 1; 26; 38719
