**** 599 ****
104
412; 327; 2; 1; 3
331; 461; 1; 2; 8
356; 455; 2; 1; 11
307; 372; 1; 2; 11
291; 466; 1; 2; 18
379; 367; 1; 2; 19
432; 283; 2; 1; 28
459; 464; 1; 2; 57
345; 403; 2; 1; 62
378; 457; 2; 1; 66
315; 431; 2; 1; 70
401; 345; 1; 2; 100
449; 300; 2; 1; 113
285; 278; 1; 2; 117
306; 310; 1; 2; 119
287; 332; 2; 1; 121
303; 455; 1; 2; 123
312; 406; 2; 1; 131
309; 325; 1; 2; 134
405; 309; 2; 1; 136
294; 465; 2; 1; 144
319; 276; 1; 2; 145
460; 403; 1; 2; 176
443; 353; 1; 2; 192
303; 274; 1; 2; 197
355; 385; 1; 2; 199
272; 451; 1; 2; 205
416; 334; 2; 1; 206
447; 345; 2; 1; 212
315; 318; 1; 2; 213
299; 330; 1; 2; 214
284; 375; 1; 2; 214
446; 448; 1; 2; 221
353; 440; 2; 1; 230
283; 461; 1; 2; 233
398; 312; 1; 2; 242
303; 355; 1; 2; 245
398; 423; 2; 1; 253
451; 450; 2; 1; 253
353; 421; 2; 1; 262
325; 343; 1; 2; 268
290; 341; 1; 2; 278
439; 396; 2; 1; 285
307; 350; 1; 2; 289
415; 301; 2; 1; 297
468; 324; 1; 2; 298
445; 276; 1; 2; 299
330; 404; 1; 2; 304
372; 425; 1; 2; 304
380; 350; 1; 2; 312
431; 449; 2; 1; 314
450; 274; 2; 1; 317
444; 311; 1; 2; 325
326; 471; 1; 2; 341
313; 468; 1; 2; 342
381; 273; 2; 1; 346
390; 454; 2; 1; 351
297; 355; 1; 2; 357
430; 399; 2; 1; 362
328; 286; 1; 2; 367
440; 280; 1; 2; 370
282; 336; 1; 2; 374
357; 292; 2; 1; 378
284; 437; 1; 2; 384
401; 355; 2; 1; 414
320; 450; 2; 1; 423
363; 436; 2; 1; 424
281; 291; 1; 2; 428
347; 352; 2; 1; 430
275; 380; 1; 2; 440
346; 457; 2; 1; 470
431; 462; 2; 1; 475
328; 474; 1; 2; 477
309; 412; 2; 1; 478
342; 356; 2; 1; 483
413; 382; 1; 2; 488
460; 438; 1; 2; 499
332; 283; 2; 1; 499
389; 439; 2; 1; 504
428; 290; 1; 2; 504
444; 301; 1; 2; 505
392; 442; 1; 2; 510
394; 339; 2; 1; 511
387; 273; 2; 1; 523
357; 448; 1; 2; 530
445; 445; 2; 1; 541
333; 336; 2; 1; 544
355; 278; 2; 1; 567
419; 374; 1; 2; 574
324; 347; 2; 1; 599
337; 427; 2; 1; 619
350; 475; 2; 1; 625
367; 430; 2; 1; 630
425; 328; 2; 1; 632
324; 364; 1; 2; 634
311; 428; 2; 1; 638
312; 344; 2; 1; 642
365; 370; 2; 1; 652
465; 429; 2; 1; 655
308; 392; 1; 2; 658
370; 380; 1; 2; 661
399; 305; 2; 1; 668
410; 291; 2; 1; 688
421; 480; 1; 2; 695
23
7; 1; 6; 2222
12; 1; 18; 4247
6; 1; 37; 6461
14; 1; 37; 9514
13; 1; 49; 11660
3; 1; 32; 12470
1; 1; 3; 12696
19; 1; 39; 12923
22; 1; 44; 13785
16; 1; 28; 14454
10; 1; 39; 21535
9; 1; 38; 22650
0; 1; 23; 23029
5; 1; 13; 25123
2; 1; 42; 25259
20; 1; 8; 26526
11; 1; 31; 30092
15; 1; 41; 30272
17; 1; 19; 30364
18; 1; 25; 30459
4; 1; 2; 30668
21; 1; 3; 31375
8; 1; 45; 31971
