**** 6 ****
50
33; 44; 1; 2; 0
6; 3; 1; 2; 0
49; 12; 1; 2; 3
6; 27; 2; 1; 6
9; 49; 1; 2; 9
30; 16; 1; 2; 9
6; 38; 1; 2; 10
3; 39; 2; 1; 11
19; 49; 2; 1; 11
46; 22; 2; 1; 15
45; 7; 1; 2; 16
33; 42; 2; 1; 16
11; 45; 1; 2; 17
35; 15; 1; 2; 19
29; 33; 2; 1; 23
29; 27; 1; 2; 27
9; 47; 2; 1; 27
39; 39; 2; 1; 28
1; 10; 2; 1; 28
19; 45; 2; 1; 28
41; 16; 2; 1; 30
43; 38; 1; 2; 34
2; 36; 2; 1; 35
15; 2; 2; 1; 35
2; 11; 2; 1; 38
32; 28; 1; 2; 42
19; 18; 2; 1; 45
5; 27; 2; 1; 46
47; 13; 1; 2; 46
37; 37; 1; 2; 50
33; 49; 2; 1; 51
37; 44; 1; 2; 52
11; 24; 1; 2; 53
49; 46; 1; 2; 53
9; 25; 2; 1; 57
1; 47; 2; 1; 58
49; 13; 1; 2; 58
7; 44; 2; 1; 61
14; 38; 2; 1; 64
13; 42; 2; 1; 66
16; 18; 2; 1; 69
36; 12; 1; 2; 74
9; 14; 1; 2; 75
35; 35; 2; 1; 75
45; 10; 1; 2; 79
2; 45; 2; 1; 82
10; 8; 2; 1; 84
16; 15; 1; 2; 91
13; 44; 1; 2; 95
21; 16; 1; 2; 104
12
0; 1; 20; 94
1; 1; 35; 195
3; 1; 9; 237
4; 1; 47; 477
5; 1; 40; 662
8; 1; 24; 769
2; 1; 12; 844
6; 1; 49; 889
9; 1; 37; 942
11; 1; 6; 986
7; 1; 1; 1049
10; 1; 5; 1224
