**** 60 ****
55
89; 28; 2; 1; 0
77; 54; 1; 2; 2
43; 32; 1; 2; 9
62; 35; 2; 1; 11
56; 35; 2; 1; 14
70; 52; 1; 2; 17
69; 72; 2; 1; 21
30; 56; 1; 2; 25
27; 84; 2; 1; 25
26; 62; 2; 1; 27
46; 66; 1; 2; 30
82; 44; 1; 2; 30
50; 36; 2; 1; 33
42; 30; 2; 1; 39
84; 44; 1; 2; 41
53; 84; 2; 1; 42
73; 66; 1; 2; 43
70; 33; 1; 2; 47
59; 41; 1; 2; 48
48; 34; 1; 2; 60
44; 35; 2; 1; 61
45; 69; 1; 2; 62
67; 76; 1; 2; 63
57; 83; 2; 1; 66
55; 64; 1; 2; 72
26; 81; 1; 2; 72
54; 65; 2; 1; 76
39; 79; 2; 1; 76
43; 47; 2; 1; 77
55; 80; 2; 1; 79
69; 63; 1; 2; 82
46; 42; 1; 2; 84
37; 61; 2; 1; 85
41; 66; 1; 2; 93
87; 58; 1; 2; 93
67; 33; 2; 1; 93
53; 79; 2; 1; 95
70; 51; 2; 1; 98
81; 76; 2; 1; 98
78; 41; 1; 2; 99
79; 86; 1; 2; 102
27; 47; 2; 1; 103
68; 62; 2; 1; 106
79; 33; 2; 1; 114
82; 80; 2; 1; 118
80; 62; 1; 2; 123
85; 85; 1; 2; 124
66; 76; 1; 2; 127
53; 57; 1; 2; 136
38; 53; 2; 1; 145
41; 50; 2; 1; 146
53; 55; 1; 2; 148
67; 31; 1; 2; 153
51; 35; 2; 1; 157
56; 50; 2; 1; 158
13
7; 1; 31; 114
10; 1; 16; 261
4; 1; 28; 331
9; 1; 21; 890
5; 1; 10; 1067
8; 1; 49; 1826
11; 1; 27; 2270
1; 1; 23; 2354
2; 1; 47; 2778
0; 1; 28; 2842
6; 1; 34; 2872
12; 1; 5; 2934
3; 1; 36; 3187
