**** 600 ****
104
345; 385; 1; 2; 1
414; 411; 2; 1; 3
275; 283; 2; 1; 5
420; 371; 2; 1; 7
394; 343; 2; 1; 8
384; 448; 1; 2; 10
346; 378; 1; 2; 12
426; 426; 2; 1; 15
355; 477; 2; 1; 22
341; 443; 1; 2; 31
361; 324; 1; 2; 52
451; 316; 1; 2; 58
295; 450; 1; 2; 62
373; 473; 2; 1; 70
474; 465; 2; 1; 73
311; 422; 2; 1; 79
478; 297; 2; 1; 94
287; 374; 2; 1; 98
469; 271; 1; 2; 98
279; 419; 2; 1; 99
349; 325; 1; 2; 100
441; 334; 1; 2; 101
392; 431; 2; 1; 102
448; 298; 2; 1; 107
372; 306; 1; 2; 117
480; 408; 1; 2; 119
358; 294; 1; 2; 120
279; 345; 2; 1; 124
305; 284; 2; 1; 132
430; 355; 2; 1; 132
458; 310; 1; 2; 136
353; 410; 1; 2; 142
355; 436; 1; 2; 143
439; 278; 1; 2; 146
285; 434; 1; 2; 170
385; 406; 2; 1; 175
368; 361; 2; 1; 179
367; 276; 2; 1; 183
351; 358; 2; 1; 184
345; 467; 2; 1; 192
418; 300; 2; 1; 196
279; 304; 2; 1; 199
464; 338; 1; 2; 211
436; 305; 1; 2; 215
336; 338; 1; 2; 219
324; 388; 2; 1; 223
429; 447; 1; 2; 223
354; 335; 2; 1; 235
298; 461; 1; 2; 238
424; 276; 2; 1; 254
424; 387; 1; 2; 254
287; 359; 2; 1; 271
408; 406; 2; 1; 274
467; 304; 1; 2; 276
352; 469; 1; 2; 294
288; 279; 1; 2; 314
289; 280; 1; 2; 314
399; 377; 2; 1; 322
352; 477; 1; 2; 327
410; 284; 1; 2; 333
301; 397; 2; 1; 334
351; 281; 1; 2; 336
403; 368; 2; 1; 342
304; 280; 1; 2; 343
284; 346; 2; 1; 353
459; 389; 1; 2; 363
309; 290; 2; 1; 364
382; 413; 1; 2; 364
332; 309; 2; 1; 369
352; 413; 2; 1; 370
385; 448; 2; 1; 371
300; 399; 1; 2; 385
283; 276; 2; 1; 396
376; 337; 2; 1; 403
373; 364; 1; 2; 423
469; 363; 1; 2; 430
338; 357; 1; 2; 438
389; 430; 1; 2; 445
304; 444; 2; 1; 464
472; 383; 2; 1; 475
316; 316; 1; 2; 475
294; 479; 1; 2; 523
435; 286; 1; 2; 526
317; 346; 1; 2; 527
453; 473; 1; 2; 553
425; 466; 2; 1; 555
405; 475; 2; 1; 558
286; 367; 2; 1; 559
388; 418; 1; 2; 560
475; 476; 2; 1; 574
329; 389; 1; 2; 574
314; 308; 1; 2; 592
344; 473; 1; 2; 603
419; 401; 2; 1; 608
314; 453; 2; 1; 620
333; 446; 1; 2; 627
435; 294; 1; 2; 645
336; 285; 1; 2; 647
385; 337; 1; 2; 653
386; 321; 2; 1; 670
375; 438; 2; 1; 672
353; 355; 1; 2; 689
430; 357; 1; 2; 693
302; 302; 1; 2; 696
23
17; 1; 29; 2620
2; 1; 10; 3207
3; 1; 47; 4048
20; 1; 14; 5699
8; 1; 15; 8915
19; 1; 34; 9088
4; 1; 45; 10314
1; 1; 34; 11466
9; 1; 11; 12985
13; 1; 48; 14607
12; 1; 31; 20546
18; 1; 32; 20861
16; 1; 47; 24667
6; 1; 37; 25697
21; 1; 10; 28012
0; 1; 27; 29220
14; 1; 13; 29924
11; 1; 15; 30553
15; 1; 43; 30999
7; 1; 12; 31307
5; 1; 34; 31860
10; 1; 12; 33456
22; 1; 8; 37827
