**** 601 ****
104
408; 445; 1; 2; 13
359; 446; 1; 2; 17
479; 450; 1; 2; 28
359; 477; 2; 1; 29
364; 339; 1; 2; 43
314; 417; 1; 2; 43
420; 283; 1; 2; 47
427; 287; 2; 1; 48
369; 358; 2; 1; 71
344; 436; 2; 1; 81
360; 302; 1; 2; 97
478; 373; 1; 2; 122
384; 330; 1; 2; 123
376; 396; 1; 2; 126
382; 379; 1; 2; 153
432; 465; 2; 1; 153
332; 415; 1; 2; 172
413; 277; 1; 2; 173
374; 340; 2; 1; 182
276; 294; 2; 1; 186
299; 312; 2; 1; 197
289; 471; 1; 2; 211
322; 281; 2; 1; 213
376; 455; 2; 1; 227
319; 360; 1; 2; 232
272; 322; 1; 2; 233
456; 353; 1; 2; 234
358; 386; 1; 2; 239
420; 470; 2; 1; 244
455; 332; 1; 2; 253
402; 480; 2; 1; 253
414; 301; 1; 2; 267
350; 347; 2; 1; 272
452; 480; 1; 2; 273
472; 445; 2; 1; 281
316; 469; 1; 2; 288
324; 308; 2; 1; 290
374; 277; 1; 2; 298
322; 365; 2; 1; 298
372; 374; 1; 2; 310
419; 426; 1; 2; 310
324; 411; 1; 2; 311
412; 284; 1; 2; 327
445; 307; 2; 1; 339
320; 291; 2; 1; 339
435; 347; 2; 1; 360
272; 341; 1; 2; 363
413; 300; 2; 1; 381
362; 385; 1; 2; 400
281; 292; 1; 2; 406
445; 418; 1; 2; 411
405; 423; 2; 1; 412
367; 429; 2; 1; 424
376; 376; 2; 1; 427
300; 279; 1; 2; 436
283; 306; 2; 1; 437
275; 295; 1; 2; 440
395; 278; 2; 1; 441
459; 293; 2; 1; 446
329; 465; 2; 1; 449
392; 324; 2; 1; 463
379; 273; 1; 2; 479
375; 472; 1; 2; 484
365; 354; 2; 1; 488
346; 357; 2; 1; 488
392; 472; 1; 2; 501
472; 336; 1; 2; 502
317; 402; 2; 1; 509
425; 375; 1; 2; 513
284; 322; 1; 2; 515
476; 478; 2; 1; 516
360; 458; 1; 2; 523
314; 404; 2; 1; 524
451; 427; 1; 2; 529
385; 423; 1; 2; 541
294; 322; 1; 2; 543
450; 480; 2; 1; 544
446; 397; 1; 2; 547
388; 440; 1; 2; 552
272; 296; 2; 1; 553
418; 440; 2; 1; 556
285; 406; 2; 1; 562
330; 348; 1; 2; 569
470; 414; 2; 1; 571
400; 285; 2; 1; 579
476; 299; 2; 1; 587
410; 417; 1; 2; 592
362; 313; 1; 2; 595
294; 460; 2; 1; 600
313; 317; 1; 2; 601
309; 477; 1; 2; 614
357; 468; 1; 2; 627
426; 445; 2; 1; 631
362; 360; 2; 1; 649
430; 286; 2; 1; 649
315; 383; 2; 1; 660
466; 419; 1; 2; 666
306; 362; 1; 2; 667
397; 478; 1; 2; 683
307; 451; 1; 2; 683
447; 313; 1; 2; 690
313; 331; 1; 2; 692
388; 392; 1; 2; 693
476; 371; 2; 1; 695
23
10; 1; 34; 2362
20; 1; 4; 3712
22; 1; 28; 3875
1; 1; 16; 5114
17; 1; 7; 6427
21; 1; 4; 7993
3; 1; 13; 9211
8; 1; 49; 9528
0; 1; 32; 10352
19; 1; 48; 11321
18; 1; 23; 16376
11; 1; 30; 16700
7; 1; 13; 18618
16; 1; 45; 22572
4; 1; 8; 23080
12; 1; 30; 24720
14; 1; 16; 25259
9; 1; 7; 28459
15; 1; 5; 29275
2; 1; 11; 30278
6; 1; 30; 32868
5; 1; 43; 38596
13; 1; 46; 38746
