**** 602 ****
104
368; 284; 2; 1; 34
294; 445; 2; 1; 40
396; 283; 2; 1; 42
347; 446; 2; 1; 46
411; 439; 2; 1; 51
392; 289; 2; 1; 52
370; 406; 2; 1; 52
449; 418; 2; 1; 56
345; 304; 1; 2; 73
452; 379; 2; 1; 76
308; 443; 2; 1; 76
414; 316; 2; 1; 81
371; 305; 1; 2; 82
410; 292; 1; 2; 87
405; 352; 1; 2; 89
468; 452; 2; 1; 90
299; 329; 2; 1; 101
337; 344; 1; 2; 116
458; 302; 1; 2; 117
411; 462; 1; 2; 118
477; 428; 1; 2; 118
410; 306; 1; 2; 133
297; 271; 2; 1; 144
411; 279; 2; 1; 145
428; 478; 1; 2; 147
294; 388; 1; 2; 154
303; 287; 1; 2; 163
309; 296; 2; 1; 189
292; 415; 1; 2; 190
478; 366; 1; 2; 205
396; 357; 1; 2; 208
308; 473; 1; 2; 221
350; 336; 2; 1; 224
441; 391; 1; 2; 225
415; 355; 1; 2; 232
366; 404; 1; 2; 239
396; 432; 2; 1; 250
303; 391; 1; 2; 259
334; 274; 1; 2; 264
343; 323; 2; 1; 272
390; 327; 1; 2; 278
423; 309; 2; 1; 280
374; 365; 2; 1; 282
340; 365; 1; 2; 283
427; 355; 1; 2; 286
425; 300; 1; 2; 288
480; 285; 1; 2; 289
456; 334; 2; 1; 295
357; 416; 2; 1; 298
375; 293; 2; 1; 304
317; 457; 1; 2; 309
299; 365; 2; 1; 313
411; 436; 2; 1; 315
284; 318; 1; 2; 316
443; 409; 2; 1; 321
319; 341; 1; 2; 327
293; 326; 2; 1; 341
355; 465; 2; 1; 347
356; 365; 2; 1; 355
274; 337; 2; 1; 358
323; 352; 1; 2; 367
399; 356; 1; 2; 372
438; 384; 2; 1; 376
355; 360; 1; 2; 392
418; 474; 2; 1; 395
277; 353; 2; 1; 403
420; 375; 2; 1; 404
418; 436; 2; 1; 405
322; 334; 2; 1; 407
301; 398; 2; 1; 413
454; 475; 1; 2; 413
332; 474; 1; 2; 418
408; 365; 1; 2; 420
304; 304; 2; 1; 425
364; 403; 1; 2; 429
315; 290; 1; 2; 433
451; 283; 1; 2; 437
405; 287; 2; 1; 444
471; 277; 2; 1; 445
334; 276; 2; 1; 451
361; 464; 2; 1; 468
304; 415; 2; 1; 479
314; 388; 1; 2; 492
358; 332; 1; 2; 492
378; 305; 1; 2; 493
363; 359; 1; 2; 493
274; 426; 1; 2; 494
461; 386; 1; 2; 496
277; 442; 2; 1; 500
466; 345; 2; 1; 502
338; 366; 2; 1; 545
288; 464; 2; 1; 564
468; 381; 2; 1; 566
293; 277; 1; 2; 566
374; 351; 2; 1; 566
336; 464; 2; 1; 572
428; 395; 2; 1; 605
311; 352; 2; 1; 609
324; 329; 2; 1; 622
321; 298; 2; 1; 644
285; 412; 1; 2; 651
311; 447; 1; 2; 680
327; 405; 2; 1; 687
391; 345; 1; 2; 698
23
18; 1; 36; 1518
6; 1; 20; 3773
11; 1; 8; 6268
16; 1; 2; 6721
4; 1; 3; 7791
9; 1; 41; 8445
7; 1; 26; 11585
10; 1; 33; 13489
12; 1; 37; 14732
17; 1; 23; 14971
20; 1; 26; 22162
3; 1; 24; 25898
8; 1; 32; 26578
0; 1; 18; 27355
15; 1; 11; 27951
21; 1; 24; 28351
22; 1; 44; 28823
2; 1; 11; 32524
14; 1; 30; 32734
13; 1; 12; 33358
1; 1; 21; 35406
19; 1; 9; 35691
5; 1; 6; 36814
