**** 603 ****
104
322; 371; 2; 1; 4
369; 340; 2; 1; 4
295; 389; 1; 2; 7
317; 330; 1; 2; 15
276; 428; 1; 2; 24
438; 448; 1; 2; 31
409; 385; 2; 1; 34
290; 313; 1; 2; 36
331; 455; 2; 1; 42
415; 466; 2; 1; 46
345; 334; 2; 1; 54
366; 432; 1; 2; 58
401; 402; 1; 2; 64
473; 414; 1; 2; 67
364; 292; 2; 1; 69
401; 304; 1; 2; 75
449; 295; 1; 2; 76
421; 271; 1; 2; 87
423; 473; 2; 1; 90
274; 393; 1; 2; 96
415; 479; 2; 1; 102
333; 301; 1; 2; 105
400; 299; 2; 1; 118
347; 325; 2; 1; 132
409; 461; 2; 1; 136
374; 291; 1; 2; 137
303; 436; 2; 1; 146
281; 350; 1; 2; 148
274; 417; 2; 1; 150
381; 462; 1; 2; 160
436; 360; 2; 1; 161
271; 361; 2; 1; 162
453; 460; 2; 1; 163
426; 293; 1; 2; 164
403; 416; 2; 1; 169
465; 296; 2; 1; 171
442; 390; 1; 2; 174
439; 359; 2; 1; 179
304; 465; 1; 2; 196
351; 329; 1; 2; 198
438; 397; 2; 1; 209
370; 441; 2; 1; 215
437; 306; 1; 2; 221
447; 323; 2; 1; 223
430; 365; 1; 2; 237
299; 432; 1; 2; 238
434; 402; 1; 2; 239
455; 307; 1; 2; 241
331; 456; 1; 2; 252
362; 367; 2; 1; 270
421; 330; 1; 2; 281
378; 450; 2; 1; 287
402; 387; 2; 1; 295
409; 429; 1; 2; 309
341; 374; 2; 1; 321
357; 410; 2; 1; 331
342; 476; 2; 1; 331
326; 332; 1; 2; 339
433; 405; 1; 2; 358
315; 282; 1; 2; 362
435; 371; 1; 2; 373
327; 378; 2; 1; 377
356; 361; 2; 1; 407
376; 291; 2; 1; 433
454; 478; 2; 1; 435
362; 325; 1; 2; 440
431; 393; 2; 1; 456
434; 476; 1; 2; 467
389; 449; 2; 1; 477
365; 371; 1; 2; 484
293; 458; 1; 2; 490
386; 273; 1; 2; 491
478; 340; 2; 1; 492
339; 392; 1; 2; 500
427; 360; 2; 1; 501
437; 350; 1; 2; 511
305; 415; 2; 1; 515
325; 407; 1; 2; 524
292; 448; 1; 2; 528
466; 369; 2; 1; 540
284; 371; 2; 1; 544
274; 338; 1; 2; 564
457; 304; 2; 1; 567
334; 386; 2; 1; 571
380; 478; 2; 1; 587
320; 422; 1; 2; 588
422; 445; 2; 1; 590
326; 281; 2; 1; 592
326; 367; 1; 2; 594
381; 288; 1; 2; 594
428; 319; 1; 2; 616
331; 452; 2; 1; 617
288; 360; 1; 2; 624
377; 465; 1; 2; 625
329; 367; 2; 1; 627
308; 318; 2; 1; 630
439; 326; 2; 1; 635
376; 275; 2; 1; 655
382; 445; 1; 2; 663
321; 467; 2; 1; 665
313; 444; 1; 2; 666
461; 395; 1; 2; 673
394; 432; 1; 2; 677
416; 471; 2; 1; 692
23
12; 1; 20; 120
0; 1; 16; 295
3; 1; 39; 888
20; 1; 40; 1020
4; 1; 36; 2302
19; 1; 35; 2520
18; 1; 21; 3422
5; 1; 33; 4876
9; 1; 17; 5320
13; 1; 38; 7412
6; 1; 39; 11319
11; 1; 31; 12062
16; 1; 18; 13250
14; 1; 7; 16357
15; 1; 13; 17025
7; 1; 45; 17327
1; 1; 40; 18118
10; 1; 42; 19152
2; 1; 5; 20197
22; 1; 31; 25935
21; 1; 49; 32769
17; 1; 44; 34587
8; 1; 17; 39080
