**** 604 ****
104
292; 311; 1; 2; 3
288; 471; 2; 1; 12
344; 385; 1; 2; 12
279; 355; 1; 2; 14
386; 439; 1; 2; 22
360; 344; 2; 1; 22
305; 481; 1; 2; 25
357; 330; 2; 1; 26
419; 454; 2; 1; 26
370; 375; 2; 1; 28
369; 404; 2; 1; 42
292; 399; 1; 2; 43
452; 368; 1; 2; 44
438; 325; 1; 2; 44
430; 425; 1; 2; 62
413; 405; 2; 1; 83
454; 408; 2; 1; 85
456; 322; 1; 2; 87
297; 361; 1; 2; 89
285; 325; 2; 1; 89
297; 398; 2; 1; 105
394; 383; 1; 2; 112
462; 360; 2; 1; 119
287; 321; 2; 1; 119
393; 272; 2; 1; 120
427; 418; 2; 1; 124
470; 344; 1; 2; 129
398; 416; 2; 1; 142
397; 358; 1; 2; 148
470; 302; 2; 1; 153
334; 369; 1; 2; 160
462; 371; 1; 2; 165
393; 478; 1; 2; 176
409; 389; 2; 1; 181
465; 318; 1; 2; 184
330; 447; 1; 2; 209
451; 400; 2; 1; 210
332; 330; 2; 1; 218
376; 309; 2; 1; 237
333; 318; 1; 2; 238
320; 450; 1; 2; 239
328; 300; 2; 1; 255
367; 274; 2; 1; 255
474; 368; 1; 2; 264
353; 361; 2; 1; 266
383; 415; 1; 2; 274
410; 349; 1; 2; 274
481; 438; 2; 1; 278
435; 327; 1; 2; 280
288; 383; 2; 1; 287
370; 311; 2; 1; 297
407; 447; 1; 2; 327
408; 357; 2; 1; 329
428; 325; 2; 1; 336
313; 448; 1; 2; 347
272; 461; 1; 2; 350
346; 438; 2; 1; 350
293; 354; 2; 1; 355
426; 353; 2; 1; 355
345; 332; 1; 2; 365
303; 399; 2; 1; 370
455; 469; 1; 2; 375
394; 313; 2; 1; 378
324; 429; 2; 1; 384
372; 349; 2; 1; 387
331; 432; 2; 1; 388
379; 279; 1; 2; 390
348; 475; 2; 1; 390
361; 374; 1; 2; 399
410; 406; 2; 1; 400
422; 430; 2; 1; 400
323; 311; 2; 1; 404
440; 331; 1; 2; 417
463; 397; 2; 1; 425
449; 354; 2; 1; 446
441; 310; 2; 1; 459
291; 383; 1; 2; 476
440; 357; 2; 1; 487
471; 397; 1; 2; 487
464; 446; 1; 2; 508
441; 412; 2; 1; 509
382; 305; 2; 1; 515
305; 476; 1; 2; 547
480; 306; 2; 1; 551
374; 374; 1; 2; 554
405; 444; 1; 2; 558
370; 396; 2; 1; 560
441; 324; 1; 2; 561
356; 433; 1; 2; 562
302; 465; 2; 1; 562
365; 316; 2; 1; 581
455; 310; 1; 2; 594
388; 271; 2; 1; 616
433; 460; 2; 1; 619
308; 367; 2; 1; 634
397; 350; 2; 1; 643
353; 350; 2; 1; 644
299; 442; 2; 1; 657
441; 341; 1; 2; 659
282; 352; 2; 1; 660
304; 480; 1; 2; 676
426; 315; 2; 1; 678
294; 306; 2; 1; 682
279; 317; 2; 1; 684
23
2; 1; 3; 4353
22; 1; 22; 4799
11; 1; 29; 5952
8; 1; 30; 11544
5; 1; 49; 13894
15; 1; 1; 15613
1; 1; 21; 16021
20; 1; 35; 16295
16; 1; 30; 16337
7; 1; 8; 19899
9; 1; 13; 20290
0; 1; 7; 21139
13; 1; 20; 23885
17; 1; 11; 24683
19; 1; 3; 28696
3; 1; 1; 29947
6; 1; 4; 31569
4; 1; 31; 32104
12; 1; 5; 32330
10; 1; 7; 33721
14; 1; 40; 34009
21; 1; 31; 34980
18; 1; 9; 36523
