**** 605 ****
105
465; 389; 2; 1; 0
391; 294; 1; 2; 2
297; 452; 1; 2; 11
337; 444; 1; 2; 17
434; 301; 2; 1; 20
477; 393; 1; 2; 21
446; 362; 2; 1; 28
447; 376; 1; 2; 29
463; 419; 2; 1; 36
318; 307; 2; 1; 48
410; 469; 2; 1; 89
327; 291; 2; 1; 96
303; 291; 2; 1; 107
462; 387; 1; 2; 113
485; 446; 1; 2; 115
489; 454; 2; 1; 117
331; 330; 1; 2; 123
390; 460; 1; 2; 126
292; 454; 1; 2; 126
286; 351; 1; 2; 135
325; 290; 2; 1; 138
362; 321; 2; 1; 142
360; 424; 2; 1; 142
323; 390; 1; 2; 146
283; 475; 2; 1; 146
291; 276; 1; 2; 150
403; 388; 1; 2; 162
399; 340; 1; 2; 173
382; 334; 2; 1; 194
280; 412; 1; 2; 198
440; 375; 1; 2; 199
344; 442; 2; 1; 214
379; 327; 1; 2; 221
289; 431; 1; 2; 221
418; 487; 1; 2; 226
358; 284; 1; 2; 229
341; 469; 2; 1; 248
299; 336; 2; 1; 254
398; 489; 2; 1; 268
372; 331; 2; 1; 269
324; 378; 2; 1; 271
279; 452; 2; 1; 273
461; 286; 1; 2; 280
340; 476; 1; 2; 289
355; 343; 1; 2; 290
466; 345; 1; 2; 297
488; 416; 2; 1; 307
448; 285; 1; 2; 314
375; 431; 1; 2; 316
488; 352; 1; 2; 317
338; 473; 1; 2; 330
313; 408; 1; 2; 331
437; 457; 2; 1; 336
452; 443; 2; 1; 338
444; 392; 1; 2; 343
465; 447; 1; 2; 343
460; 329; 1; 2; 344
405; 298; 1; 2; 344
337; 306; 2; 1; 352
409; 320; 1; 2; 353
410; 364; 1; 2; 355
422; 352; 1; 2; 361
447; 278; 1; 2; 363
471; 488; 1; 2; 368
478; 427; 2; 1; 368
353; 388; 1; 2; 370
393; 418; 1; 2; 375
318; 411; 2; 1; 386
324; 286; 1; 2; 391
411; 412; 1; 2; 411
329; 321; 1; 2; 417
377; 325; 2; 1; 437
381; 453; 1; 2; 439
391; 375; 1; 2; 448
459; 481; 1; 2; 459
364; 338; 1; 2; 461
358; 413; 2; 1; 466
276; 378; 1; 2; 467
276; 390; 2; 1; 487
328; 459; 2; 1; 508
468; 424; 2; 1; 517
325; 364; 1; 2; 533
337; 329; 1; 2; 534
304; 339; 1; 2; 536
287; 311; 1; 2; 544
389; 331; 2; 1; 547
461; 457; 1; 2; 548
300; 280; 2; 1; 548
406; 472; 1; 2; 567
326; 462; 1; 2; 582
346; 440; 2; 1; 600
408; 484; 1; 2; 602
446; 401; 2; 1; 602
282; 280; 1; 2; 605
312; 336; 2; 1; 608
464; 393; 1; 2; 636
489; 433; 1; 2; 637
362; 300; 1; 2; 640
444; 296; 1; 2; 640
305; 417; 1; 2; 644
347; 290; 1; 2; 647
485; 336; 1; 2; 648
374; 302; 2; 1; 674
461; 384; 2; 1; 692
421; 466; 1; 2; 702
23
8; 1; 27; 742
12; 1; 43; 3807
11; 1; 7; 4180
20; 1; 13; 4835
2; 1; 45; 5577
13; 1; 4; 7196
15; 1; 4; 8684
10; 1; 21; 15875
16; 1; 12; 16197
19; 1; 17; 18832
22; 1; 30; 19107
18; 1; 5; 21535
6; 1; 7; 22365
4; 1; 25; 22755
0; 1; 27; 23115
3; 1; 37; 25510
21; 1; 9; 27423
17; 1; 7; 28961
1; 1; 21; 32414
5; 1; 41; 33070
14; 1; 43; 35264
7; 1; 2; 35593
9; 1; 35; 36294
