**** 606 ****
105
464; 276; 2; 1; 3
285; 405; 1; 2; 5
484; 299; 1; 2; 26
356; 430; 1; 2; 53
447; 427; 2; 1; 56
308; 475; 1; 2; 61
483; 367; 1; 2; 67
436; 347; 2; 1; 87
301; 468; 1; 2; 102
465; 440; 2; 1; 103
422; 277; 2; 1; 115
408; 471; 2; 1; 120
431; 423; 2; 1; 121
398; 475; 1; 2; 125
392; 437; 1; 2; 126
349; 311; 2; 1; 130
391; 318; 2; 1; 136
356; 410; 1; 2; 136
489; 388; 2; 1; 144
347; 307; 2; 1; 148
351; 484; 2; 1; 153
359; 353; 1; 2; 154
278; 308; 1; 2; 161
418; 283; 1; 2; 162
416; 361; 1; 2; 173
472; 308; 1; 2; 175
308; 486; 2; 1; 195
321; 322; 2; 1; 198
421; 480; 2; 1; 207
370; 352; 2; 1; 232
278; 481; 1; 2; 243
333; 426; 2; 1; 247
441; 323; 1; 2; 255
358; 481; 1; 2; 275
414; 320; 2; 1; 286
455; 446; 2; 1; 287
381; 469; 2; 1; 293
324; 291; 2; 1; 295
403; 412; 2; 1; 298
449; 358; 2; 1; 309
293; 296; 1; 2; 310
300; 278; 2; 1; 313
283; 304; 1; 2; 318
486; 340; 2; 1; 326
405; 460; 2; 1; 329
312; 379; 2; 1; 344
443; 486; 2; 1; 350
428; 307; 1; 2; 356
464; 458; 1; 2; 374
475; 449; 1; 2; 376
378; 468; 2; 1; 379
354; 427; 1; 2; 382
365; 296; 2; 1; 393
374; 305; 1; 2; 404
479; 467; 1; 2; 416
462; 451; 1; 2; 426
488; 319; 2; 1; 441
449; 477; 2; 1; 443
378; 301; 2; 1; 444
324; 486; 2; 1; 446
432; 338; 2; 1; 447
458; 276; 2; 1; 449
480; 460; 2; 1; 452
398; 390; 1; 2; 460
443; 461; 2; 1; 465
331; 277; 1; 2; 470
368; 300; 2; 1; 471
444; 339; 2; 1; 471
354; 341; 2; 1; 474
276; 398; 2; 1; 475
364; 306; 2; 1; 485
319; 410; 2; 1; 490
363; 285; 1; 2; 499
316; 365; 1; 2; 501
430; 347; 2; 1; 508
324; 280; 2; 1; 510
295; 349; 1; 2; 515
433; 366; 1; 2; 516
466; 396; 2; 1; 530
456; 280; 1; 2; 532
300; 384; 2; 1; 532
442; 487; 2; 1; 532
346; 480; 1; 2; 536
462; 315; 2; 1; 552
394; 304; 1; 2; 556
329; 276; 1; 2; 558
338; 440; 1; 2; 559
363; 455; 2; 1; 563
425; 415; 1; 2; 567
429; 487; 2; 1; 579
419; 283; 1; 2; 586
421; 279; 1; 2; 592
437; 286; 2; 1; 600
472; 327; 1; 2; 614
338; 276; 1; 2; 617
337; 325; 2; 1; 630
437; 321; 1; 2; 633
454; 470; 1; 2; 643
284; 427; 2; 1; 655
304; 360; 1; 2; 664
304; 365; 2; 1; 672
291; 360; 2; 1; 672
398; 461; 1; 2; 674
454; 307; 1; 2; 686
319; 353; 2; 1; 701
23
22; 1; 41; 264
3; 1; 12; 1559
8; 1; 45; 3674
5; 1; 25; 4668
4; 1; 4; 8087
7; 1; 21; 9033
16; 1; 11; 14188
6; 1; 47; 15861
21; 1; 2; 16484
13; 1; 26; 17860
1; 1; 10; 18097
14; 1; 44; 18379
19; 1; 18; 20190
10; 1; 48; 21185
0; 1; 10; 23250
2; 1; 32; 27566
12; 1; 36; 29304
17; 1; 16; 29387
18; 1; 16; 30538
11; 1; 19; 33769
15; 1; 1; 35214
9; 1; 6; 36146
20; 1; 43; 37858
