**** 607 ****
105
456; 387; 2; 1; 6
398; 315; 2; 1; 7
472; 312; 2; 1; 13
418; 311; 1; 2; 21
364; 409; 1; 2; 24
280; 364; 2; 1; 34
398; 369; 2; 1; 37
336; 355; 2; 1; 37
364; 427; 2; 1; 47
411; 365; 2; 1; 53
277; 336; 2; 1; 65
358; 409; 2; 1; 78
348; 473; 1; 2; 80
450; 418; 1; 2; 90
383; 276; 1; 2; 100
482; 361; 1; 2; 101
473; 360; 1; 2; 103
404; 422; 1; 2; 104
291; 486; 1; 2; 120
466; 358; 2; 1; 125
299; 435; 1; 2; 133
283; 358; 2; 1; 142
427; 413; 2; 1; 142
482; 432; 1; 2; 150
332; 307; 2; 1; 154
320; 371; 1; 2; 156
296; 443; 2; 1; 163
426; 429; 2; 1; 166
343; 367; 2; 1; 175
396; 372; 2; 1; 180
276; 380; 1; 2; 185
468; 329; 2; 1; 207
351; 318; 2; 1; 208
382; 395; 1; 2; 215
378; 473; 2; 1; 223
464; 328; 2; 1; 225
408; 445; 2; 1; 232
334; 424; 2; 1; 245
411; 425; 2; 1; 247
466; 362; 1; 2; 253
331; 379; 1; 2; 259
409; 467; 2; 1; 263
473; 457; 2; 1; 268
287; 418; 1; 2; 284
422; 361; 2; 1; 291
286; 365; 2; 1; 301
372; 459; 1; 2; 304
462; 417; 1; 2; 305
388; 382; 2; 1; 318
483; 352; 1; 2; 327
309; 319; 1; 2; 328
414; 426; 1; 2; 347
459; 326; 1; 2; 349
404; 288; 1; 2; 353
377; 373; 1; 2; 355
478; 361; 2; 1; 369
469; 323; 1; 2; 375
460; 331; 2; 1; 382
319; 296; 1; 2; 389
457; 375; 1; 2; 394
306; 489; 2; 1; 408
320; 438; 1; 2; 410
277; 473; 2; 1; 423
282; 392; 2; 1; 424
326; 394; 1; 2; 427
450; 483; 1; 2; 430
482; 384; 2; 1; 443
377; 428; 2; 1; 448
452; 311; 1; 2; 464
410; 282; 2; 1; 478
302; 310; 1; 2; 478
348; 358; 2; 1; 486
310; 292; 1; 2; 487
436; 379; 2; 1; 495
343; 349; 2; 1; 507
468; 422; 1; 2; 525
334; 450; 1; 2; 526
342; 473; 1; 2; 528
403; 466; 1; 2; 537
346; 441; 1; 2; 537
472; 323; 2; 1; 542
468; 436; 1; 2; 548
477; 358; 1; 2; 556
414; 489; 1; 2; 558
406; 297; 2; 1; 575
374; 325; 1; 2; 586
419; 461; 1; 2; 593
362; 475; 2; 1; 594
376; 440; 2; 1; 594
347; 448; 2; 1; 607
297; 352; 1; 2; 613
320; 436; 2; 1; 618
277; 316; 2; 1; 620
367; 460; 2; 1; 622
306; 448; 1; 2; 624
407; 455; 1; 2; 625
398; 321; 2; 1; 637
365; 437; 1; 2; 643
315; 294; 1; 2; 647
390; 320; 2; 1; 663
419; 397; 2; 1; 672
368; 409; 2; 1; 673
439; 297; 2; 1; 692
332; 299; 2; 1; 695
450; 300; 1; 2; 705
23
0; 1; 9; 433
12; 1; 32; 827
16; 1; 34; 2648
19; 1; 47; 2685
10; 1; 19; 2880
9; 1; 1; 6911
15; 1; 17; 8264
1; 1; 17; 8371
17; 1; 1; 13084
20; 1; 5; 15454
14; 1; 24; 19133
5; 1; 21; 21827
18; 1; 33; 24544
13; 1; 5; 27136
3; 1; 46; 27853
22; 1; 14; 28905
6; 1; 14; 29671
2; 1; 47; 31723
11; 1; 43; 33875
8; 1; 38; 34494
7; 1; 20; 35060
4; 1; 9; 35086
21; 1; 25; 35218
