**** 608 ****
105
459; 448; 2; 1; 17
479; 466; 2; 1; 18
321; 297; 1; 2; 32
356; 415; 2; 1; 35
403; 466; 1; 2; 42
334; 472; 1; 2; 67
323; 338; 2; 1; 68
391; 442; 2; 1; 73
487; 414; 1; 2; 76
489; 320; 2; 1; 84
463; 360; 1; 2; 85
417; 362; 2; 1; 90
301; 460; 1; 2; 97
387; 405; 2; 1; 106
385; 300; 1; 2; 120
303; 330; 2; 1; 120
349; 313; 1; 2; 121
327; 335; 1; 2; 129
376; 489; 1; 2; 131
294; 456; 2; 1; 135
427; 394; 1; 2; 145
461; 374; 2; 1; 153
289; 434; 2; 1; 155
423; 357; 1; 2; 162
428; 318; 2; 1; 163
383; 326; 2; 1; 171
412; 393; 2; 1; 180
484; 426; 2; 1; 181
332; 310; 2; 1; 187
489; 368; 1; 2; 189
373; 465; 1; 2; 190
387; 295; 1; 2; 191
340; 367; 2; 1; 192
476; 378; 1; 2; 195
399; 363; 1; 2; 198
373; 318; 2; 1; 207
451; 280; 2; 1; 209
402; 468; 2; 1; 210
346; 412; 1; 2; 210
485; 460; 2; 1; 215
397; 321; 2; 1; 224
463; 376; 1; 2; 232
424; 333; 2; 1; 236
415; 393; 1; 2; 238
441; 382; 1; 2; 240
316; 333; 2; 1; 248
385; 447; 1; 2; 258
430; 429; 1; 2; 266
361; 329; 2; 1; 269
335; 464; 2; 1; 270
318; 312; 1; 2; 280
420; 417; 2; 1; 280
489; 470; 2; 1; 294
369; 312; 1; 2; 301
488; 337; 2; 1; 303
451; 298; 1; 2; 303
485; 387; 2; 1; 303
424; 477; 1; 2; 317
489; 350; 1; 2; 322
432; 435; 1; 2; 326
419; 420; 2; 1; 338
459; 438; 2; 1; 367
443; 330; 1; 2; 389
430; 373; 2; 1; 389
458; 367; 1; 2; 394
480; 432; 1; 2; 409
428; 376; 2; 1; 413
336; 459; 1; 2; 427
330; 392; 2; 1; 437
458; 335; 1; 2; 440
323; 330; 1; 2; 445
295; 436; 2; 1; 448
320; 363; 2; 1; 461
401; 300; 2; 1; 461
292; 342; 1; 2; 467
366; 460; 2; 1; 491
424; 342; 1; 2; 495
404; 375; 1; 2; 497
293; 362; 2; 1; 511
408; 284; 1; 2; 514
479; 302; 2; 1; 524
471; 350; 1; 2; 531
396; 477; 1; 2; 532
339; 401; 1; 2; 533
376; 449; 2; 1; 533
288; 320; 2; 1; 534
453; 320; 1; 2; 537
356; 404; 2; 1; 538
302; 364; 2; 1; 547
317; 292; 2; 1; 557
369; 278; 1; 2; 570
357; 413; 1; 2; 581
303; 313; 2; 1; 585
376; 286; 2; 1; 590
305; 486; 1; 2; 592
381; 358; 2; 1; 599
294; 399; 1; 2; 608
384; 411; 2; 1; 612
349; 383; 2; 1; 633
299; 472; 1; 2; 638
427; 347; 1; 2; 668
381; 390; 2; 1; 677
280; 423; 1; 2; 683
292; 289; 2; 1; 695
486; 444; 1; 2; 703
23
4; 1; 5; 663
1; 1; 40; 859
7; 1; 19; 1082
17; 1; 26; 1983
22; 1; 12; 13244
6; 1; 4; 14004
15; 1; 9; 17363
18; 1; 24; 24275
13; 1; 5; 25167
16; 1; 45; 25334
10; 1; 45; 25768
3; 1; 20; 26397
20; 1; 21; 29001
0; 1; 11; 30607
12; 1; 39; 31807
11; 1; 2; 33156
9; 1; 23; 34303
5; 1; 27; 34360
19; 1; 25; 34410
14; 1; 3; 35637
2; 1; 16; 35756
21; 1; 20; 36811
8; 1; 42; 40779
