**** 609 ****
105
410; 379; 2; 1; 4
397; 360; 2; 1; 8
480; 324; 2; 1; 11
473; 333; 1; 2; 31
293; 363; 2; 1; 43
375; 380; 1; 2; 46
343; 401; 2; 1; 68
472; 353; 1; 2; 77
306; 380; 1; 2; 78
477; 282; 2; 1; 83
397; 314; 2; 1; 83
485; 458; 1; 2; 87
349; 283; 2; 1; 93
461; 462; 1; 2; 116
468; 296; 2; 1; 118
379; 429; 1; 2; 120
297; 424; 2; 1; 146
427; 393; 1; 2; 150
454; 422; 2; 1; 152
305; 283; 2; 1; 155
322; 398; 1; 2; 164
463; 378; 2; 1; 171
402; 392; 1; 2; 175
459; 487; 2; 1; 176
466; 356; 2; 1; 177
336; 401; 1; 2; 178
313; 302; 2; 1; 178
382; 344; 2; 1; 181
413; 460; 1; 2; 184
298; 416; 2; 1; 193
473; 487; 2; 1; 194
367; 397; 2; 1; 194
290; 325; 1; 2; 195
302; 461; 1; 2; 204
379; 322; 2; 1; 214
396; 346; 1; 2; 217
322; 356; 1; 2; 219
372; 370; 2; 1; 220
316; 380; 1; 2; 224
391; 311; 2; 1; 224
336; 328; 2; 1; 231
468; 436; 1; 2; 239
399; 363; 1; 2; 248
318; 390; 2; 1; 250
319; 445; 1; 2; 271
470; 367; 1; 2; 274
473; 468; 2; 1; 278
297; 355; 2; 1; 289
385; 449; 2; 1; 291
285; 461; 1; 2; 300
358; 298; 1; 2; 301
363; 432; 2; 1; 328
485; 407; 1; 2; 328
314; 471; 2; 1; 334
318; 302; 1; 2; 340
279; 361; 2; 1; 346
378; 487; 2; 1; 356
277; 489; 2; 1; 361
342; 378; 2; 1; 365
385; 350; 2; 1; 376
422; 446; 1; 2; 376
309; 408; 2; 1; 385
486; 374; 2; 1; 388
417; 476; 1; 2; 400
406; 303; 1; 2; 403
459; 488; 2; 1; 405
429; 364; 2; 1; 411
302; 437; 1; 2; 413
444; 315; 2; 1; 419
463; 455; 1; 2; 421
281; 436; 2; 1; 427
309; 396; 1; 2; 430
435; 342; 2; 1; 432
447; 352; 2; 1; 433
347; 354; 2; 1; 435
336; 392; 2; 1; 444
278; 350; 1; 2; 449
369; 406; 1; 2; 450
463; 400; 2; 1; 455
420; 333; 1; 2; 457
284; 376; 2; 1; 467
479; 294; 2; 1; 482
304; 415; 2; 1; 505
308; 412; 1; 2; 507
430; 467; 1; 2; 508
339; 307; 2; 1; 510
306; 409; 1; 2; 513
381; 280; 2; 1; 528
460; 447; 2; 1; 537
337; 298; 2; 1; 537
359; 389; 2; 1; 555
363; 440; 2; 1; 563
315; 359; 1; 2; 572
336; 380; 2; 1; 579
448; 388; 2; 1; 580
466; 372; 2; 1; 588
401; 335; 1; 2; 628
331; 313; 2; 1; 646
339; 451; 1; 2; 649
316; 307; 2; 1; 652
441; 403; 2; 1; 655
287; 348; 2; 1; 681
358; 354; 1; 2; 684
473; 474; 1; 2; 693
371; 384; 1; 2; 703
23
9; 1; 49; 8539
3; 1; 26; 9343
0; 1; 29; 9511
22; 1; 22; 13249
7; 1; 48; 14939
2; 1; 19; 16537
12; 1; 13; 18390
5; 1; 7; 20908
4; 1; 32; 24009
14; 1; 23; 24436
15; 1; 42; 28711
16; 1; 41; 29477
21; 1; 23; 29541
17; 1; 15; 31027
20; 1; 49; 33504
10; 1; 49; 33777
1; 1; 2; 35460
13; 1; 30; 36072
18; 1; 20; 39342
8; 1; 30; 39363
11; 1; 19; 39516
19; 1; 10; 39760
6; 1; 30; 39797
