**** 61 ****
55
31; 71; 2; 1; 1
30; 45; 2; 1; 3
89; 82; 1; 2; 5
62; 62; 2; 1; 9
57; 85; 1; 2; 17
71; 72; 2; 1; 18
78; 63; 2; 1; 20
28; 50; 2; 1; 21
51; 65; 1; 2; 26
37; 65; 2; 1; 26
43; 78; 1; 2; 28
64; 47; 2; 1; 30
50; 83; 1; 2; 36
86; 32; 1; 2; 37
69; 44; 1; 2; 37
49; 36; 1; 2; 38
66; 79; 1; 2; 42
86; 84; 2; 1; 42
26; 83; 2; 1; 43
67; 42; 2; 1; 48
34; 74; 1; 2; 51
59; 44; 1; 2; 55
62; 55; 1; 2; 56
65; 33; 2; 1; 57
35; 64; 1; 2; 58
77; 80; 2; 1; 61
46; 28; 2; 1; 63
70; 48; 2; 1; 63
75; 86; 1; 2; 67
65; 43; 2; 1; 73
39; 40; 2; 1; 73
30; 29; 2; 1; 74
80; 31; 1; 2; 77
42; 40; 1; 2; 78
34; 78; 1; 2; 87
41; 39; 2; 1; 92
66; 56; 1; 2; 102
58; 67; 2; 1; 105
78; 27; 2; 1; 113
41; 62; 1; 2; 115
81; 87; 1; 2; 123
36; 45; 1; 2; 127
26; 75; 1; 2; 131
67; 26; 1; 2; 134
32; 41; 2; 1; 136
42; 85; 2; 1; 137
59; 47; 1; 2; 137
59; 61; 1; 2; 142
58; 59; 1; 2; 142
31; 30; 1; 2; 143
43; 63; 1; 2; 147
59; 67; 2; 1; 151
35; 66; 2; 1; 153
81; 73; 1; 2; 156
53; 82; 1; 2; 159
13
5; 1; 41; 270
12; 1; 6; 822
0; 1; 40; 854
6; 1; 1; 896
11; 1; 5; 902
9; 1; 6; 1061
10; 1; 40; 1068
1; 1; 14; 1216
2; 1; 25; 1583
3; 1; 30; 2290
4; 1; 30; 2415
8; 1; 37; 2600
7; 1; 26; 2765
