**** 610 ****
105
331; 332; 1; 2; 5
460; 335; 1; 2; 7
476; 316; 1; 2; 19
290; 309; 2; 1; 24
359; 437; 1; 2; 25
455; 402; 1; 2; 32
446; 466; 1; 2; 33
304; 369; 2; 1; 34
362; 292; 2; 1; 40
350; 306; 2; 1; 40
328; 382; 2; 1; 40
448; 352; 1; 2; 60
289; 376; 1; 2; 64
461; 307; 1; 2; 71
409; 451; 1; 2; 80
394; 473; 1; 2; 88
372; 279; 1; 2; 98
402; 279; 1; 2; 100
350; 289; 1; 2; 101
344; 347; 1; 2; 106
419; 477; 2; 1; 107
383; 304; 1; 2; 126
322; 432; 1; 2; 184
383; 458; 2; 1; 187
334; 403; 1; 2; 205
440; 427; 2; 1; 210
399; 295; 1; 2; 212
340; 473; 2; 1; 215
434; 378; 1; 2; 220
303; 452; 1; 2; 226
376; 431; 2; 1; 228
429; 311; 2; 1; 233
480; 442; 1; 2; 233
457; 390; 2; 1; 238
402; 474; 1; 2; 238
382; 474; 1; 2; 247
302; 440; 1; 2; 255
370; 446; 2; 1; 261
432; 465; 1; 2; 267
431; 389; 2; 1; 268
312; 458; 2; 1; 270
300; 285; 1; 2; 282
437; 297; 2; 1; 287
278; 457; 1; 2; 292
404; 371; 2; 1; 300
408; 302; 1; 2; 303
359; 339; 2; 1; 312
450; 408; 2; 1; 327
462; 469; 1; 2; 329
321; 476; 1; 2; 331
428; 300; 2; 1; 334
383; 282; 1; 2; 336
450; 319; 2; 1; 340
472; 340; 1; 2; 344
342; 464; 1; 2; 344
312; 299; 2; 1; 345
435; 280; 1; 2; 348
425; 448; 2; 1; 365
473; 396; 1; 2; 382
323; 333; 2; 1; 382
406; 320; 2; 1; 390
320; 358; 2; 1; 402
304; 325; 1; 2; 405
367; 278; 2; 1; 407
307; 343; 1; 2; 418
458; 280; 2; 1; 445
418; 313; 2; 1; 447
427; 404; 2; 1; 465
377; 399; 2; 1; 468
444; 350; 2; 1; 470
431; 311; 2; 1; 474
361; 398; 2; 1; 475
478; 396; 1; 2; 480
301; 481; 2; 1; 528
325; 298; 2; 1; 534
432; 335; 2; 1; 548
413; 364; 1; 2; 555
390; 426; 1; 2; 557
280; 299; 1; 2; 560
342; 317; 2; 1; 561
474; 468; 2; 1; 583
425; 285; 2; 1; 589
376; 483; 1; 2; 590
390; 415; 2; 1; 592
439; 440; 2; 1; 599
334; 285; 1; 2; 608
439; 404; 2; 1; 613
319; 438; 2; 1; 615
324; 369; 2; 1; 636
475; 418; 2; 1; 639
471; 352; 2; 1; 642
375; 337; 1; 2; 645
434; 294; 2; 1; 649
377; 296; 2; 1; 651
406; 437; 1; 2; 659
335; 362; 2; 1; 660
281; 484; 2; 1; 662
320; 483; 2; 1; 671
409; 377; 1; 2; 689
430; 428; 1; 2; 697
445; 369; 1; 2; 698
398; 304; 1; 2; 702
410; 449; 1; 2; 705
479; 344; 2; 1; 706
358; 290; 1; 2; 706
23
0; 1; 22; 5053
15; 1; 16; 6417
5; 1; 46; 8336
10; 1; 40; 8747
6; 1; 48; 8939
19; 1; 22; 10992
18; 1; 44; 12642
8; 1; 44; 14923
2; 1; 20; 20863
21; 1; 31; 21560
1; 1; 37; 22288
11; 1; 35; 23092
17; 1; 23; 25889
9; 1; 47; 27309
4; 1; 1; 29084
12; 1; 17; 29804
3; 1; 39; 30315
16; 1; 45; 32480
7; 1; 8; 35245
20; 1; 44; 36900
13; 1; 36; 38354
22; 1; 27; 38568
14; 1; 20; 40323
