**** 611 ****
105
289; 435; 2; 1; 22
466; 413; 1; 2; 24
470; 321; 1; 2; 34
365; 342; 2; 1; 36
489; 391; 2; 1; 44
358; 310; 1; 2; 55
385; 479; 1; 2; 70
424; 420; 2; 1; 81
325; 319; 2; 1; 92
295; 362; 2; 1; 112
422; 320; 1; 2; 118
332; 399; 1; 2; 136
342; 414; 2; 1; 150
315; 330; 1; 2; 159
326; 377; 1; 2; 167
486; 480; 2; 1; 174
406; 297; 2; 1; 178
341; 434; 1; 2; 178
306; 421; 1; 2; 181
424; 296; 1; 2; 184
279; 283; 2; 1; 190
473; 433; 2; 1; 194
350; 427; 2; 1; 198
387; 308; 1; 2; 199
332; 402; 1; 2; 202
315; 389; 2; 1; 204
374; 433; 1; 2; 207
441; 421; 2; 1; 207
380; 407; 1; 2; 210
326; 394; 1; 2; 211
391; 367; 1; 2; 228
389; 435; 2; 1; 233
288; 291; 2; 1; 242
285; 358; 1; 2; 244
361; 388; 1; 2; 251
407; 405; 1; 2; 251
372; 360; 2; 1; 254
443; 387; 1; 2; 269
329; 343; 2; 1; 291
290; 489; 1; 2; 299
304; 348; 2; 1; 306
368; 302; 1; 2; 311
434; 282; 2; 1; 312
457; 450; 2; 1; 318
341; 387; 2; 1; 329
339; 420; 2; 1; 329
351; 398; 1; 2; 333
399; 416; 1; 2; 340
397; 474; 1; 2; 342
414; 369; 2; 1; 352
280; 480; 1; 2; 352
416; 277; 1; 2; 367
423; 365; 1; 2; 369
288; 446; 1; 2; 377
400; 354; 2; 1; 378
325; 362; 1; 2; 394
459; 461; 2; 1; 395
378; 345; 1; 2; 397
454; 333; 1; 2; 404
485; 416; 2; 1; 410
322; 428; 1; 2; 412
481; 335; 2; 1; 430
333; 322; 2; 1; 439
394; 428; 1; 2; 448
292; 457; 1; 2; 448
428; 278; 2; 1; 467
345; 379; 1; 2; 473
319; 304; 1; 2; 476
444; 290; 1; 2; 486
442; 404; 1; 2; 493
346; 434; 2; 1; 508
470; 381; 1; 2; 508
450; 446; 2; 1; 509
430; 480; 2; 1; 535
460; 313; 1; 2; 543
440; 460; 2; 1; 552
349; 486; 1; 2; 554
336; 474; 2; 1; 557
303; 467; 1; 2; 559
366; 446; 2; 1; 566
318; 448; 1; 2; 566
373; 398; 1; 2; 577
459; 396; 1; 2; 588
361; 438; 1; 2; 588
352; 453; 2; 1; 591
465; 393; 2; 1; 602
342; 471; 2; 1; 604
310; 458; 1; 2; 605
349; 285; 1; 2; 609
344; 464; 2; 1; 610
374; 427; 1; 2; 615
376; 462; 1; 2; 625
377; 377; 2; 1; 650
357; 308; 2; 1; 652
300; 425; 2; 1; 653
379; 314; 1; 2; 657
462; 450; 2; 1; 659
425; 300; 2; 1; 662
404; 489; 2; 1; 669
322; 473; 1; 2; 680
415; 484; 1; 2; 680
395; 416; 2; 1; 696
355; 435; 1; 2; 702
437; 487; 2; 1; 703
369; 306; 1; 2; 706
23
0; 1; 31; 859
15; 1; 8; 2035
18; 1; 33; 7101
14; 1; 19; 7802
7; 1; 14; 8402
11; 1; 30; 9406
12; 1; 19; 9569
9; 1; 12; 10483
2; 1; 12; 12129
20; 1; 29; 13408
10; 1; 11; 14225
13; 1; 4; 15095
3; 1; 11; 19365
8; 1; 32; 23466
22; 1; 32; 26759
1; 1; 5; 26852
19; 1; 18; 28383
4; 1; 28; 31145
16; 1; 43; 33433
17; 1; 48; 34029
5; 1; 30; 36154
21; 1; 7; 36295
6; 1; 28; 38182
