**** 612 ****
105
331; 420; 2; 1; 4
472; 367; 1; 2; 7
330; 341; 1; 2; 11
350; 297; 1; 2; 14
424; 461; 2; 1; 27
320; 355; 2; 1; 29
473; 290; 2; 1; 52
393; 314; 2; 1; 53
474; 341; 1; 2; 66
319; 307; 2; 1; 69
448; 450; 1; 2; 82
338; 296; 2; 1; 84
347; 394; 2; 1; 84
453; 485; 2; 1; 85
313; 434; 2; 1; 95
290; 384; 2; 1; 99
472; 451; 1; 2; 100
372; 475; 1; 2; 102
488; 407; 1; 2; 137
402; 316; 1; 2; 138
386; 436; 2; 1; 161
409; 311; 1; 2; 164
306; 468; 1; 2; 164
302; 469; 2; 1; 176
309; 321; 2; 1; 179
278; 353; 1; 2; 179
423; 384; 2; 1; 182
391; 386; 1; 2; 190
301; 394; 2; 1; 195
392; 300; 1; 2; 196
317; 425; 2; 1; 198
340; 459; 2; 1; 220
405; 387; 1; 2; 234
409; 477; 2; 1; 248
322; 327; 2; 1; 259
320; 384; 1; 2; 264
321; 376; 2; 1; 270
311; 298; 2; 1; 287
292; 401; 1; 2; 292
477; 401; 2; 1; 296
468; 417; 2; 1; 296
487; 349; 2; 1; 312
430; 289; 2; 1; 312
299; 420; 2; 1; 312
427; 293; 2; 1; 314
300; 414; 2; 1; 331
326; 488; 1; 2; 331
317; 405; 1; 2; 341
418; 392; 2; 1; 343
406; 443; 2; 1; 343
381; 389; 1; 2; 355
483; 305; 1; 2; 360
344; 277; 2; 1; 385
286; 378; 2; 1; 398
360; 480; 2; 1; 413
440; 286; 1; 2; 416
397; 437; 2; 1; 417
399; 464; 1; 2; 421
462; 452; 2; 1; 432
279; 468; 1; 2; 439
352; 353; 1; 2; 448
474; 431; 1; 2; 449
434; 364; 2; 1; 453
394; 439; 2; 1; 459
484; 431; 1; 2; 461
424; 446; 1; 2; 464
297; 324; 1; 2; 496
394; 401; 2; 1; 502
294; 474; 2; 1; 514
418; 476; 2; 1; 517
401; 283; 2; 1; 523
429; 369; 2; 1; 524
452; 320; 1; 2; 528
292; 279; 2; 1; 530
352; 421; 2; 1; 531
291; 335; 1; 2; 533
437; 421; 1; 2; 536
305; 409; 2; 1; 538
480; 422; 2; 1; 540
333; 433; 1; 2; 541
461; 355; 1; 2; 545
460; 286; 2; 1; 565
404; 346; 2; 1; 566
449; 421; 2; 1; 586
422; 311; 1; 2; 589
382; 403; 1; 2; 604
351; 304; 2; 1; 605
407; 310; 2; 1; 608
314; 361; 2; 1; 611
355; 283; 2; 1; 618
391; 457; 1; 2; 620
450; 307; 1; 2; 621
467; 426; 1; 2; 625
320; 392; 2; 1; 630
374; 456; 2; 1; 639
309; 441; 1; 2; 647
375; 420; 2; 1; 652
343; 484; 2; 1; 653
379; 457; 2; 1; 674
398; 445; 2; 1; 683
449; 375; 1; 2; 689
298; 320; 2; 1; 696
434; 453; 2; 1; 703
416; 489; 2; 1; 703
377; 424; 2; 1; 706
23
12; 1; 11; 710
5; 1; 24; 1157
15; 1; 18; 3577
21; 1; 13; 4469
4; 1; 39; 4734
0; 1; 1; 5121
6; 1; 34; 7108
18; 1; 47; 9566
2; 1; 18; 10639
1; 1; 13; 12142
17; 1; 15; 14084
13; 1; 49; 22227
8; 1; 27; 22479
10; 1; 13; 24320
14; 1; 28; 25377
16; 1; 25; 26659
19; 1; 40; 27202
11; 1; 43; 28839
20; 1; 19; 30288
7; 1; 40; 30535
3; 1; 29; 31521
22; 1; 20; 32853
9; 1; 20; 37385
