**** 613 ****
105
450; 463; 2; 1; 3
388; 390; 1; 2; 4
280; 398; 1; 2; 9
363; 352; 2; 1; 21
403; 416; 1; 2; 24
353; 296; 1; 2; 24
326; 375; 1; 2; 29
456; 450; 2; 1; 32
475; 378; 1; 2; 50
336; 455; 2; 1; 52
459; 371; 1; 2; 81
310; 393; 1; 2; 94
456; 296; 2; 1; 99
341; 474; 2; 1; 101
387; 283; 1; 2; 118
346; 464; 1; 2; 128
337; 346; 2; 1; 134
341; 362; 1; 2; 135
293; 326; 1; 2; 148
319; 323; 2; 1; 155
476; 427; 2; 1; 162
283; 445; 1; 2; 163
322; 416; 2; 1; 170
371; 322; 2; 1; 176
431; 314; 2; 1; 177
301; 445; 1; 2; 185
386; 435; 1; 2; 190
390; 374; 1; 2; 190
358; 358; 1; 2; 197
489; 332; 1; 2; 203
299; 291; 2; 1; 203
320; 420; 2; 1; 208
444; 459; 1; 2; 213
334; 330; 2; 1; 214
304; 364; 2; 1; 225
385; 469; 1; 2; 227
473; 422; 2; 1; 233
395; 344; 2; 1; 239
482; 412; 2; 1; 244
398; 436; 1; 2; 244
315; 351; 1; 2; 256
401; 406; 1; 2; 260
399; 379; 1; 2; 261
396; 471; 2; 1; 283
308; 457; 2; 1; 304
407; 381; 2; 1; 327
415; 456; 2; 1; 328
309; 333; 2; 1; 334
365; 362; 1; 2; 337
458; 376; 2; 1; 339
427; 281; 1; 2; 340
350; 401; 1; 2; 342
450; 462; 2; 1; 345
372; 343; 1; 2; 355
475; 483; 1; 2; 371
408; 330; 2; 1; 379
390; 391; 1; 2; 379
413; 470; 2; 1; 396
405; 420; 1; 2; 403
361; 469; 2; 1; 414
396; 388; 2; 1; 417
302; 315; 2; 1; 419
314; 396; 1; 2; 436
281; 316; 1; 2; 442
393; 322; 1; 2; 453
350; 329; 2; 1; 458
446; 477; 2; 1; 473
312; 359; 2; 1; 477
416; 465; 2; 1; 493
486; 297; 2; 1; 502
322; 454; 1; 2; 514
288; 376; 1; 2; 519
314; 358; 1; 2; 523
381; 331; 2; 1; 527
345; 283; 1; 2; 552
418; 423; 2; 1; 558
378; 276; 1; 2; 559
413; 442; 2; 1; 579
352; 468; 2; 1; 580
278; 284; 2; 1; 582
459; 434; 1; 2; 584
470; 399; 2; 1; 593
305; 378; 1; 2; 596
429; 358; 2; 1; 597
450; 481; 1; 2; 603
336; 333; 1; 2; 606
351; 281; 1; 2; 607
443; 444; 1; 2; 608
470; 456; 1; 2; 617
303; 340; 2; 1; 618
461; 319; 2; 1; 620
457; 449; 2; 1; 631
402; 344; 2; 1; 636
289; 285; 2; 1; 659
448; 458; 1; 2; 661
384; 453; 2; 1; 661
277; 464; 1; 2; 670
306; 325; 2; 1; 672
329; 346; 2; 1; 672
466; 412; 1; 2; 674
392; 316; 2; 1; 678
440; 412; 1; 2; 687
280; 283; 1; 2; 696
405; 329; 1; 2; 705
298; 390; 2; 1; 708
23
22; 1; 19; 2385
20; 1; 25; 2666
6; 1; 42; 2904
8; 1; 15; 2956
19; 1; 5; 3252
18; 1; 15; 4848
17; 1; 7; 5152
7; 1; 18; 5180
2; 1; 9; 8859
21; 1; 36; 10020
0; 1; 10; 10930
10; 1; 46; 10956
16; 1; 6; 12181
1; 1; 38; 13913
13; 1; 11; 15944
15; 1; 45; 16697
5; 1; 26; 18178
14; 1; 45; 21368
12; 1; 42; 22663
11; 1; 28; 24772
9; 1; 35; 28429
4; 1; 38; 30525
3; 1; 25; 32782
