**** 614 ****
105
417; 345; 2; 1; 2
295; 289; 2; 1; 2
306; 462; 1; 2; 4
415; 276; 1; 2; 14
486; 317; 1; 2; 14
319; 431; 1; 2; 16
288; 474; 2; 1; 19
436; 317; 1; 2; 21
450; 466; 2; 1; 31
429; 437; 2; 1; 35
459; 358; 2; 1; 40
466; 463; 1; 2; 42
466; 327; 2; 1; 50
406; 404; 1; 2; 51
411; 375; 2; 1; 52
286; 421; 2; 1; 53
321; 398; 2; 1; 63
301; 294; 1; 2; 81
331; 457; 1; 2; 94
429; 401; 2; 1; 104
331; 386; 1; 2; 106
282; 286; 2; 1; 106
371; 303; 2; 1; 111
438; 338; 1; 2; 119
387; 277; 1; 2; 119
432; 352; 2; 1; 127
433; 288; 2; 1; 150
301; 376; 2; 1; 158
480; 380; 2; 1; 159
418; 291; 2; 1; 159
285; 450; 1; 2; 181
469; 399; 1; 2; 197
481; 474; 1; 2; 205
378; 370; 2; 1; 210
365; 365; 2; 1; 225
434; 287; 1; 2; 235
404; 485; 1; 2; 245
416; 419; 1; 2; 249
277; 353; 1; 2; 250
281; 442; 2; 1; 254
471; 428; 1; 2; 255
310; 379; 1; 2; 257
286; 466; 1; 2; 263
433; 436; 1; 2; 269
356; 429; 1; 2; 285
471; 287; 1; 2; 294
455; 456; 2; 1; 309
432; 277; 2; 1; 313
480; 329; 1; 2; 317
333; 428; 1; 2; 318
334; 421; 2; 1; 334
445; 296; 1; 2; 341
337; 380; 1; 2; 353
292; 345; 1; 2; 355
385; 315; 1; 2; 358
415; 285; 1; 2; 365
327; 472; 2; 1; 366
456; 381; 1; 2; 368
413; 294; 2; 1; 370
468; 431; 1; 2; 396
357; 365; 2; 1; 400
466; 371; 1; 2; 402
451; 279; 1; 2; 406
467; 414; 2; 1; 408
318; 303; 1; 2; 436
356; 387; 1; 2; 441
299; 383; 1; 2; 441
401; 358; 1; 2; 455
480; 296; 2; 1; 465
437; 362; 2; 1; 472
294; 419; 2; 1; 476
386; 288; 1; 2; 481
467; 343; 2; 1; 485
283; 419; 2; 1; 490
296; 429; 1; 2; 493
437; 284; 1; 2; 500
398; 409; 1; 2; 502
458; 304; 1; 2; 513
397; 453; 2; 1; 516
433; 451; 2; 1; 517
420; 304; 1; 2; 521
351; 428; 2; 1; 524
403; 420; 2; 1; 525
387; 285; 2; 1; 529
355; 411; 1; 2; 533
332; 435; 2; 1; 549
363; 406; 2; 1; 568
403; 324; 2; 1; 572
362; 310; 2; 1; 576
403; 303; 1; 2; 580
278; 385; 1; 2; 595
366; 291; 2; 1; 607
382; 468; 1; 2; 620
315; 341; 2; 1; 620
474; 407; 1; 2; 626
465; 449; 1; 2; 630
351; 441; 2; 1; 632
445; 360; 1; 2; 637
406; 333; 1; 2; 637
403; 282; 2; 1; 678
321; 299; 1; 2; 687
404; 376; 2; 1; 690
286; 283; 2; 1; 701
432; 300; 1; 2; 704
410; 301; 2; 1; 707
23
1; 1; 38; 344
20; 1; 35; 2326
3; 1; 3; 2897
14; 1; 28; 3183
19; 1; 10; 3217
11; 1; 28; 3707
22; 1; 12; 5838
2; 1; 2; 7839
7; 1; 37; 8723
5; 1; 8; 10393
12; 1; 19; 10875
10; 1; 10; 11293
21; 1; 25; 11470
16; 1; 22; 13303
6; 1; 2; 15472
8; 1; 4; 17350
17; 1; 35; 19565
9; 1; 22; 31170
4; 1; 44; 35189
18; 1; 12; 36777
15; 1; 13; 39580
13; 1; 41; 40266
0; 1; 45; 40433
