**** 615 ****
105
476; 350; 1; 2; 10
387; 287; 1; 2; 20
294; 475; 2; 1; 24
421; 317; 1; 2; 24
486; 377; 1; 2; 26
421; 486; 1; 2; 38
406; 320; 2; 1; 71
311; 330; 1; 2; 72
428; 320; 2; 1; 92
397; 294; 1; 2; 110
343; 394; 1; 2; 115
390; 301; 1; 2; 118
392; 365; 2; 1; 120
416; 410; 1; 2; 121
290; 374; 2; 1; 125
382; 372; 2; 1; 131
468; 367; 2; 1; 133
284; 442; 2; 1; 136
370; 396; 2; 1; 137
436; 380; 1; 2; 141
404; 411; 1; 2; 153
413; 315; 1; 2; 157
286; 343; 2; 1; 196
298; 344; 1; 2; 205
336; 334; 2; 1; 207
478; 448; 2; 1; 214
309; 415; 1; 2; 221
307; 466; 1; 2; 236
313; 446; 2; 1; 243
309; 279; 1; 2; 248
304; 306; 1; 2; 248
356; 439; 2; 1; 257
424; 488; 1; 2; 259
486; 292; 1; 2; 265
488; 466; 2; 1; 269
446; 327; 2; 1; 285
278; 410; 2; 1; 287
488; 296; 1; 2; 293
318; 462; 2; 1; 318
372; 438; 2; 1; 318
403; 467; 2; 1; 329
388; 397; 1; 2; 330
331; 335; 2; 1; 335
407; 320; 1; 2; 353
327; 373; 1; 2; 360
366; 322; 1; 2; 364
290; 404; 2; 1; 375
287; 322; 1; 2; 379
317; 388; 1; 2; 392
476; 316; 2; 1; 399
461; 419; 2; 1; 409
363; 363; 2; 1; 410
386; 430; 1; 2; 412
320; 371; 2; 1; 415
304; 394; 2; 1; 417
320; 370; 2; 1; 420
361; 391; 2; 1; 426
278; 418; 1; 2; 429
324; 453; 1; 2; 433
310; 376; 1; 2; 441
291; 312; 1; 2; 445
301; 486; 2; 1; 446
343; 333; 1; 2; 452
358; 308; 1; 2; 454
416; 350; 1; 2; 456
439; 440; 1; 2; 461
355; 360; 1; 2; 474
444; 400; 1; 2; 477
323; 296; 2; 1; 482
383; 278; 1; 2; 485
303; 366; 2; 1; 487
441; 418; 1; 2; 507
415; 330; 2; 1; 512
320; 483; 1; 2; 517
327; 425; 2; 1; 523
296; 348; 1; 2; 526
350; 334; 1; 2; 527
322; 333; 1; 2; 535
356; 440; 2; 1; 539
373; 401; 2; 1; 541
284; 375; 2; 1; 570
281; 479; 1; 2; 577
422; 356; 2; 1; 581
443; 322; 1; 2; 584
423; 287; 2; 1; 588
302; 424; 2; 1; 589
433; 489; 1; 2; 597
320; 392; 1; 2; 612
477; 398; 1; 2; 618
339; 358; 1; 2; 627
444; 380; 1; 2; 629
310; 417; 1; 2; 630
436; 464; 2; 1; 644
340; 396; 2; 1; 657
468; 397; 2; 1; 662
278; 361; 1; 2; 663
462; 485; 1; 2; 663
301; 439; 2; 1; 665
343; 441; 1; 2; 667
288; 384; 2; 1; 669
429; 401; 2; 1; 670
345; 299; 2; 1; 682
355; 398; 2; 1; 695
298; 388; 1; 2; 698
465; 284; 1; 2; 700
23
15; 1; 8; 468
9; 1; 37; 6070
3; 1; 49; 6863
7; 1; 40; 8767
21; 1; 15; 9170
8; 1; 40; 10981
1; 1; 42; 12060
2; 1; 20; 13247
12; 1; 10; 15930
0; 1; 40; 17754
14; 1; 34; 20266
17; 1; 16; 21609
6; 1; 29; 21997
16; 1; 46; 22485
22; 1; 48; 25410
19; 1; 35; 26677
20; 1; 10; 27776
18; 1; 49; 28787
4; 1; 21; 29151
11; 1; 45; 30292
13; 1; 15; 31084
10; 1; 16; 35279
5; 1; 29; 35566
