**** 616 ****
106
474; 351; 2; 1; 1
423; 446; 1; 2; 13
295; 496; 2; 1; 21
467; 341; 1; 2; 23
329; 293; 1; 2; 36
423; 282; 2; 1; 40
333; 356; 2; 1; 43
422; 348; 2; 1; 47
323; 329; 2; 1; 59
459; 428; 1; 2; 64
338; 363; 2; 1; 82
330; 384; 1; 2; 91
384; 490; 1; 2; 95
464; 476; 2; 1; 98
289; 489; 2; 1; 104
291; 298; 2; 1; 106
348; 474; 2; 1; 116
405; 434; 2; 1; 116
469; 358; 2; 1; 122
439; 299; 1; 2; 125
321; 320; 1; 2; 130
337; 316; 2; 1; 147
399; 304; 2; 1; 148
376; 424; 2; 1; 151
335; 310; 1; 2; 167
496; 388; 2; 1; 174
497; 329; 1; 2; 205
420; 451; 2; 1; 219
394; 475; 2; 1; 223
428; 362; 1; 2; 230
446; 368; 2; 1; 236
296; 307; 2; 1; 237
377; 394; 1; 2; 244
486; 357; 1; 2; 248
348; 380; 2; 1; 257
356; 375; 2; 1; 258
445; 324; 2; 1; 261
308; 416; 1; 2; 267
434; 478; 2; 1; 275
297; 329; 1; 2; 276
445; 383; 1; 2; 278
424; 467; 1; 2; 290
462; 308; 2; 1; 314
461; 397; 1; 2; 324
442; 390; 2; 1; 336
395; 299; 1; 2; 339
476; 288; 2; 1; 342
415; 313; 2; 1; 346
309; 371; 2; 1; 348
439; 477; 2; 1; 353
402; 354; 2; 1; 356
449; 407; 2; 1; 375
358; 353; 2; 1; 378
394; 420; 1; 2; 383
373; 460; 2; 1; 385
309; 383; 2; 1; 386
478; 288; 2; 1; 390
408; 286; 2; 1; 390
326; 380; 2; 1; 398
493; 286; 1; 2; 399
391; 329; 1; 2; 409
290; 464; 2; 1; 412
293; 356; 2; 1; 417
461; 306; 2; 1; 422
392; 375; 1; 2; 450
284; 299; 1; 2; 460
461; 448; 1; 2; 462
331; 350; 2; 1; 464
470; 372; 1; 2; 473
409; 468; 1; 2; 474
368; 353; 2; 1; 476
403; 310; 2; 1; 484
435; 458; 2; 1; 484
464; 320; 2; 1; 485
371; 356; 1; 2; 492
305; 423; 1; 2; 494
413; 399; 2; 1; 500
326; 293; 1; 2; 507
373; 314; 1; 2; 510
486; 329; 2; 1; 515
312; 407; 1; 2; 519
384; 406; 1; 2; 520
336; 311; 1; 2; 528
485; 446; 2; 1; 533
300; 302; 1; 2; 542
372; 306; 2; 1; 547
462; 451; 1; 2; 554
490; 465; 1; 2; 555
446; 378; 1; 2; 569
460; 350; 2; 1; 574
416; 309; 1; 2; 578
358; 356; 2; 1; 579
472; 309; 2; 1; 597
340; 449; 2; 1; 601
322; 421; 2; 1; 609
350; 310; 2; 1; 620
469; 449; 1; 2; 621
352; 343; 1; 2; 626
395; 416; 1; 2; 629
401; 361; 2; 1; 633
489; 314; 1; 2; 651
359; 363; 1; 2; 678
474; 416; 2; 1; 679
494; 367; 2; 1; 685
318; 416; 2; 1; 691
460; 464; 1; 2; 692
24
4; 1; 18; 3427
15; 1; 32; 4167
0; 1; 36; 7126
20; 1; 23; 7314
12; 1; 36; 9049
11; 1; 15; 9909
18; 1; 36; 10251
14; 1; 41; 11790
22; 1; 4; 12746
19; 1; 4; 13938
1; 1; 7; 16946
3; 1; 11; 17015
2; 1; 7; 17740
16; 1; 20; 18855
7; 1; 40; 19294
10; 1; 31; 21772
13; 1; 28; 23787
9; 1; 10; 26763
21; 1; 17; 28193
8; 1; 47; 31051
6; 1; 21; 34699
5; 1; 1; 36113
17; 1; 45; 38518
23; 1; 48; 42324
