**** 617 ****
106
371; 473; 2; 1; 9
368; 473; 1; 2; 14
486; 402; 2; 1; 17
466; 307; 2; 1; 20
395; 313; 1; 2; 22
297; 447; 1; 2; 32
282; 474; 1; 2; 41
440; 407; 2; 1; 46
397; 358; 1; 2; 55
285; 496; 1; 2; 57
342; 365; 2; 1; 61
399; 472; 2; 1; 69
413; 470; 1; 2; 72
370; 322; 1; 2; 72
450; 492; 2; 1; 84
352; 434; 1; 2; 86
482; 411; 2; 1; 88
478; 317; 2; 1; 93
475; 331; 1; 2; 95
477; 358; 2; 1; 100
395; 329; 1; 2; 110
409; 453; 1; 2; 111
459; 494; 2; 1; 122
409; 452; 2; 1; 124
302; 317; 1; 2; 127
379; 332; 1; 2; 133
445; 417; 1; 2; 136
482; 319; 1; 2; 159
489; 326; 2; 1; 172
340; 412; 1; 2; 173
401; 303; 1; 2; 176
338; 305; 2; 1; 183
297; 308; 1; 2; 196
343; 405; 1; 2; 204
344; 358; 2; 1; 209
474; 402; 1; 2; 220
364; 396; 2; 1; 221
385; 346; 2; 1; 229
301; 394; 2; 1; 236
427; 293; 2; 1; 241
428; 360; 2; 1; 243
348; 464; 1; 2; 250
352; 301; 2; 1; 259
282; 419; 1; 2; 262
451; 464; 2; 1; 263
463; 396; 1; 2; 266
466; 365; 1; 2; 292
429; 442; 1; 2; 315
494; 387; 2; 1; 319
442; 288; 1; 2; 320
448; 412; 1; 2; 324
388; 327; 1; 2; 325
400; 383; 1; 2; 335
359; 324; 2; 1; 339
355; 411; 2; 1; 345
282; 462; 1; 2; 355
439; 406; 2; 1; 359
310; 459; 1; 2; 382
414; 303; 2; 1; 387
406; 414; 2; 1; 391
332; 309; 1; 2; 398
330; 355; 1; 2; 403
478; 420; 2; 1; 407
400; 416; 1; 2; 411
335; 341; 2; 1; 411
421; 477; 2; 1; 414
366; 433; 2; 1; 417
335; 461; 1; 2; 431
429; 426; 1; 2; 443
448; 444; 2; 1; 453
417; 436; 2; 1; 459
473; 417; 2; 1; 471
412; 392; 2; 1; 475
422; 400; 1; 2; 475
411; 444; 1; 2; 475
356; 386; 1; 2; 488
401; 387; 2; 1; 519
439; 481; 1; 2; 522
350; 334; 2; 1; 532
306; 335; 2; 1; 534
298; 349; 2; 1; 557
331; 369; 2; 1; 565
349; 331; 2; 1; 567
402; 394; 2; 1; 572
379; 327; 1; 2; 574
356; 457; 1; 2; 575
373; 458; 2; 1; 576
419; 381; 2; 1; 578
312; 378; 2; 1; 583
393; 387; 1; 2; 597
376; 494; 1; 2; 600
462; 324; 2; 1; 603
476; 341; 1; 2; 606
472; 300; 2; 1; 627
370; 351; 2; 1; 628
307; 378; 1; 2; 628
313; 485; 1; 2; 632
361; 457; 1; 2; 632
470; 393; 1; 2; 655
444; 413; 2; 1; 681
348; 307; 2; 1; 694
318; 335; 2; 1; 695
358; 447; 2; 1; 697
327; 350; 1; 2; 699
399; 400; 1; 2; 705
345; 382; 2; 1; 712
24
14; 1; 20; 2188
21; 1; 28; 3833
12; 1; 34; 5275
13; 1; 4; 7621
23; 1; 19; 8030
19; 1; 26; 8581
20; 1; 8; 10072
2; 1; 12; 12129
1; 1; 27; 13077
5; 1; 14; 13284
9; 1; 34; 14241
18; 1; 20; 14456
8; 1; 4; 17995
3; 1; 29; 18694
22; 1; 14; 23843
4; 1; 20; 24453
16; 1; 26; 26744
15; 1; 28; 28443
7; 1; 15; 29132
10; 1; 28; 30163
11; 1; 36; 31190
6; 1; 4; 34137
17; 1; 45; 39584
0; 1; 39; 41195
