**** 618 ****
106
390; 462; 1; 2; 7
387; 367; 1; 2; 8
452; 439; 2; 1; 10
315; 484; 1; 2; 13
295; 382; 2; 1; 34
402; 451; 1; 2; 35
370; 433; 2; 1; 36
450; 452; 2; 1; 41
449; 400; 1; 2; 47
330; 348; 2; 1; 47
428; 314; 2; 1; 52
353; 369; 1; 2; 63
375; 451; 2; 1; 65
286; 486; 1; 2; 75
455; 458; 1; 2; 83
309; 435; 1; 2; 83
369; 380; 2; 1; 94
389; 316; 2; 1; 101
367; 369; 2; 1; 113
468; 336; 1; 2; 120
361; 309; 2; 1; 130
407; 439; 1; 2; 132
379; 306; 1; 2; 137
291; 491; 2; 1; 149
335; 378; 2; 1; 158
314; 393; 1; 2; 163
427; 383; 2; 1; 177
401; 340; 1; 2; 192
315; 293; 1; 2; 198
388; 282; 1; 2; 203
493; 471; 2; 1; 208
410; 322; 2; 1; 216
369; 400; 2; 1; 223
458; 484; 2; 1; 223
372; 328; 1; 2; 225
440; 374; 1; 2; 230
341; 385; 2; 1; 235
351; 434; 1; 2; 235
418; 486; 1; 2; 238
284; 353; 1; 2; 243
355; 435; 1; 2; 249
444; 490; 2; 1; 262
476; 356; 2; 1; 265
327; 416; 2; 1; 268
284; 336; 1; 2; 274
281; 352; 2; 1; 284
486; 342; 2; 1; 288
283; 355; 2; 1; 292
380; 381; 1; 2; 297
481; 452; 2; 1; 304
450; 493; 2; 1; 317
304; 396; 2; 1; 321
414; 305; 1; 2; 330
464; 483; 2; 1; 334
479; 381; 2; 1; 338
414; 302; 2; 1; 346
489; 411; 2; 1; 351
430; 321; 2; 1; 360
409; 381; 2; 1; 366
359; 346; 1; 2; 371
335; 437; 2; 1; 376
378; 386; 1; 2; 396
430; 484; 2; 1; 407
454; 317; 2; 1; 412
436; 342; 2; 1; 417
362; 446; 1; 2; 418
445; 374; 2; 1; 424
373; 455; 1; 2; 439
354; 284; 2; 1; 439
370; 488; 2; 1; 450
427; 479; 2; 1; 470
291; 488; 2; 1; 481
284; 352; 2; 1; 488
461; 288; 1; 2; 497
465; 414; 1; 2; 504
485; 382; 2; 1; 507
378; 407; 1; 2; 517
373; 497; 1; 2; 518
366; 415; 1; 2; 536
336; 473; 2; 1; 555
300; 482; 1; 2; 556
426; 459; 2; 1; 562
478; 317; 2; 1; 570
340; 468; 2; 1; 570
283; 304; 1; 2; 574
494; 312; 1; 2; 581
380; 382; 2; 1; 586
430; 292; 2; 1; 588
463; 320; 2; 1; 588
300; 366; 2; 1; 598
485; 490; 1; 2; 600
419; 439; 2; 1; 623
411; 459; 2; 1; 631
355; 495; 1; 2; 640
494; 469; 1; 2; 646
423; 452; 2; 1; 648
379; 283; 2; 1; 652
286; 451; 2; 1; 658
354; 489; 1; 2; 659
408; 302; 2; 1; 672
287; 381; 1; 2; 673
381; 384; 1; 2; 694
476; 456; 1; 2; 700
308; 323; 1; 2; 701
301; 311; 1; 2; 703
307; 453; 1; 2; 709
24
8; 1; 25; 2085
11; 1; 14; 2898
16; 1; 31; 4463
1; 1; 38; 5020
7; 1; 23; 7960
2; 1; 28; 9738
13; 1; 48; 9978
10; 1; 36; 13109
19; 1; 38; 14809
5; 1; 12; 14966
12; 1; 23; 16061
23; 1; 41; 16195
4; 1; 34; 18980
3; 1; 35; 27762
21; 1; 34; 27885
18; 1; 11; 30200
22; 1; 41; 30810
9; 1; 32; 30943
14; 1; 11; 32825
6; 1; 34; 34897
17; 1; 31; 37543
15; 1; 30; 38445
0; 1; 34; 39325
20; 1; 44; 39910
