**** 619 ****
106
423; 325; 1; 2; 1
335; 296; 1; 2; 18
328; 397; 2; 1; 26
337; 414; 2; 1; 31
467; 336; 2; 1; 36
330; 305; 1; 2; 45
492; 354; 1; 2; 46
345; 399; 1; 2; 49
428; 293; 1; 2; 52
376; 496; 1; 2; 63
318; 347; 1; 2; 66
401; 285; 2; 1; 85
346; 447; 2; 1; 116
460; 469; 1; 2; 119
392; 353; 2; 1; 121
408; 282; 1; 2; 126
329; 450; 1; 2; 139
401; 308; 1; 2; 158
298; 449; 2; 1; 159
391; 301; 1; 2; 163
418; 429; 1; 2; 174
468; 414; 1; 2; 183
311; 401; 1; 2; 188
454; 443; 2; 1; 188
360; 347; 1; 2; 188
365; 496; 1; 2; 200
356; 366; 2; 1; 200
435; 474; 1; 2; 208
429; 364; 1; 2; 212
435; 324; 2; 1; 216
408; 336; 1; 2; 219
459; 370; 1; 2; 235
397; 452; 2; 1; 239
409; 331; 1; 2; 257
408; 466; 2; 1; 257
480; 453; 1; 2; 266
421; 290; 2; 1; 279
421; 366; 2; 1; 289
481; 437; 2; 1; 296
471; 348; 2; 1; 307
411; 380; 1; 2; 310
420; 378; 1; 2; 310
404; 384; 1; 2; 313
298; 488; 2; 1; 319
361; 359; 2; 1; 319
432; 337; 1; 2; 325
439; 455; 1; 2; 331
406; 411; 1; 2; 339
335; 415; 1; 2; 339
445; 425; 1; 2; 341
377; 479; 1; 2; 342
434; 484; 2; 1; 347
470; 361; 2; 1; 349
342; 479; 2; 1; 364
478; 431; 2; 1; 372
298; 379; 2; 1; 387
365; 311; 1; 2; 389
400; 342; 1; 2; 394
313; 326; 1; 2; 400
393; 431; 2; 1; 403
394; 422; 2; 1; 410
298; 468; 2; 1; 410
400; 486; 1; 2; 426
419; 456; 2; 1; 427
459; 450; 1; 2; 444
321; 384; 2; 1; 447
325; 285; 1; 2; 448
346; 410; 2; 1; 451
463; 467; 2; 1; 452
410; 282; 1; 2; 460
326; 307; 2; 1; 462
415; 285; 1; 2; 464
471; 395; 2; 1; 468
471; 329; 1; 2; 521
323; 391; 2; 1; 523
321; 290; 1; 2; 547
330; 408; 2; 1; 549
424; 366; 1; 2; 562
475; 473; 2; 1; 569
375; 287; 1; 2; 580
315; 487; 2; 1; 581
348; 333; 2; 1; 584
470; 452; 2; 1; 588
431; 370; 2; 1; 594
323; 347; 1; 2; 601
391; 457; 1; 2; 602
436; 349; 2; 1; 606
494; 430; 1; 2; 611
330; 449; 1; 2; 631
489; 318; 2; 1; 639
284; 297; 2; 1; 654
281; 354; 1; 2; 657
337; 347; 1; 2; 657
402; 493; 1; 2; 660
397; 325; 2; 1; 662
325; 343; 2; 1; 673
381; 336; 2; 1; 674
379; 347; 1; 2; 676
449; 339; 1; 2; 684
448; 418; 1; 2; 690
326; 437; 2; 1; 700
307; 380; 2; 1; 712
440; 301; 1; 2; 714
293; 347; 1; 2; 715
360; 384; 2; 1; 715
412; 343; 2; 1; 716
24
14; 1; 16; 543
8; 1; 31; 843
21; 1; 11; 5293
7; 1; 20; 7015
18; 1; 46; 7083
1; 1; 38; 7187
4; 1; 4; 11425
23; 1; 22; 11934
2; 1; 48; 15138
11; 1; 47; 23067
16; 1; 34; 24333
22; 1; 41; 27422
6; 1; 34; 30254
19; 1; 27; 30907
0; 1; 21; 31732
13; 1; 16; 33476
17; 1; 5; 34137
3; 1; 14; 35967
10; 1; 43; 36038
9; 1; 49; 36584
12; 1; 15; 37068
20; 1; 9; 39028
15; 1; 7; 39085
5; 1; 9; 41410
