**** 62 ****
55
79; 60; 1; 2; 4
36; 28; 1; 2; 5
55; 81; 2; 1; 8
51; 82; 2; 1; 8
78; 50; 2; 1; 9
44; 85; 2; 1; 13
84; 83; 1; 2; 14
82; 73; 1; 2; 14
40; 47; 2; 1; 15
88; 49; 1; 2; 17
58; 72; 2; 1; 17
55; 52; 1; 2; 32
70; 65; 2; 1; 37
87; 36; 1; 2; 42
62; 68; 2; 1; 44
71; 40; 1; 2; 52
65; 81; 2; 1; 53
55; 73; 2; 1; 54
82; 76; 1; 2; 55
59; 37; 2; 1; 57
67; 51; 2; 1; 58
61; 66; 1; 2; 58
84; 74; 2; 1; 73
38; 80; 1; 2; 81
88; 88; 2; 1; 82
86; 28; 1; 2; 82
38; 51; 1; 2; 83
62; 68; 1; 2; 84
39; 44; 2; 1; 84
73; 47; 2; 1; 86
63; 51; 2; 1; 93
79; 62; 1; 2; 97
58; 66; 2; 1; 105
41; 44; 2; 1; 108
86; 59; 1; 2; 111
46; 54; 2; 1; 111
55; 76; 1; 2; 111
87; 63; 2; 1; 115
61; 84; 1; 2; 115
54; 65; 1; 2; 116
34; 35; 2; 1; 123
32; 50; 1; 2; 124
58; 76; 2; 1; 127
68; 67; 1; 2; 130
30; 30; 2; 1; 132
69; 86; 2; 1; 137
69; 60; 1; 2; 138
75; 42; 2; 1; 140
76; 89; 2; 1; 142
51; 51; 2; 1; 144
66; 88; 2; 1; 144
60; 57; 2; 1; 146
80; 33; 1; 2; 147
80; 74; 2; 1; 153
37; 38; 1; 2; 160
13
3; 1; 14; 95
2; 1; 1; 307
10; 1; 45; 349
7; 1; 41; 1914
0; 1; 24; 1967
12; 1; 39; 2015
5; 1; 36; 2094
4; 1; 35; 2373
1; 1; 25; 2554
8; 1; 48; 2624
11; 1; 31; 2789
6; 1; 42; 2859
9; 1; 48; 3765
