**** 620 ****
106
303; 319; 2; 1; 2
460; 304; 1; 2; 14
304; 333; 2; 1; 17
351; 494; 1; 2; 18
418; 314; 1; 2; 18
313; 457; 1; 2; 21
478; 436; 1; 2; 21
450; 372; 1; 2; 24
377; 451; 1; 2; 49
377; 329; 2; 1; 55
328; 313; 2; 1; 84
412; 418; 1; 2; 90
471; 458; 1; 2; 93
440; 304; 2; 1; 95
465; 408; 1; 2; 112
441; 407; 1; 2; 113
372; 459; 2; 1; 115
393; 436; 1; 2; 117
434; 416; 1; 2; 127
443; 340; 2; 1; 128
403; 306; 1; 2; 129
485; 436; 1; 2; 131
361; 303; 1; 2; 133
340; 334; 1; 2; 137
374; 353; 2; 1; 173
336; 412; 1; 2; 174
327; 449; 1; 2; 179
397; 472; 1; 2; 181
345; 376; 2; 1; 185
486; 368; 1; 2; 198
405; 465; 1; 2; 200
338; 362; 1; 2; 213
387; 417; 2; 1; 226
488; 391; 1; 2; 227
303; 311; 1; 2; 232
319; 495; 1; 2; 238
417; 355; 2; 1; 248
462; 472; 2; 1; 249
344; 453; 2; 1; 254
495; 372; 1; 2; 257
487; 286; 2; 1; 261
324; 445; 2; 1; 265
426; 473; 1; 2; 272
435; 347; 2; 1; 281
417; 387; 1; 2; 285
439; 320; 1; 2; 326
290; 420; 2; 1; 336
430; 396; 2; 1; 340
462; 440; 2; 1; 342
384; 487; 2; 1; 345
337; 299; 1; 2; 370
362; 397; 1; 2; 374
471; 318; 2; 1; 381
302; 336; 1; 2; 382
468; 415; 1; 2; 386
489; 400; 1; 2; 412
434; 330; 1; 2; 430
456; 393; 2; 1; 437
497; 415; 2; 1; 442
414; 317; 2; 1; 443
445; 396; 2; 1; 447
399; 298; 1; 2; 447
358; 281; 2; 1; 452
380; 344; 1; 2; 463
376; 415; 1; 2; 473
418; 318; 1; 2; 491
304; 375; 2; 1; 522
468; 299; 2; 1; 530
416; 480; 1; 2; 536
307; 290; 2; 1; 546
318; 286; 1; 2; 549
470; 410; 2; 1; 549
491; 363; 2; 1; 553
443; 419; 2; 1; 559
378; 362; 2; 1; 576
449; 390; 1; 2; 586
423; 366; 1; 2; 586
472; 493; 1; 2; 601
360; 380; 2; 1; 601
447; 492; 1; 2; 607
451; 471; 1; 2; 611
470; 317; 1; 2; 618
381; 429; 2; 1; 627
346; 406; 2; 1; 634
459; 320; 2; 1; 643
426; 338; 1; 2; 644
362; 304; 1; 2; 645
282; 349; 1; 2; 645
481; 458; 1; 2; 648
430; 427; 2; 1; 650
281; 478; 2; 1; 661
497; 408; 2; 1; 663
386; 452; 2; 1; 663
429; 487; 2; 1; 669
479; 473; 2; 1; 670
465; 419; 2; 1; 671
473; 432; 2; 1; 672
464; 332; 1; 2; 682
383; 375; 1; 2; 689
282; 384; 2; 1; 692
401; 440; 2; 1; 694
386; 313; 1; 2; 695
429; 364; 1; 2; 706
393; 349; 1; 2; 707
419; 435; 1; 2; 714
369; 469; 2; 1; 715
24
23; 1; 43; 2066
6; 1; 24; 3016
18; 1; 23; 3947
5; 1; 43; 4033
14; 1; 13; 4961
19; 1; 2; 5155
16; 1; 18; 9382
22; 1; 11; 12583
9; 1; 13; 13848
10; 1; 30; 14573
8; 1; 26; 14928
13; 1; 28; 18221
15; 1; 18; 19452
0; 1; 46; 20650
7; 1; 42; 22522
3; 1; 36; 22800
2; 1; 9; 23467
11; 1; 30; 26684
21; 1; 37; 27737
4; 1; 40; 28684
17; 1; 15; 32524
1; 1; 20; 32758
12; 1; 4; 39694
20; 1; 10; 40761
