**** 621 ****
106
304; 376; 1; 2; 3
465; 439; 2; 1; 8
486; 441; 1; 2; 8
412; 484; 1; 2; 24
453; 367; 1; 2; 27
485; 321; 1; 2; 30
342; 291; 1; 2; 40
316; 303; 1; 2; 42
358; 397; 1; 2; 52
296; 383; 1; 2; 74
374; 449; 2; 1; 90
359; 415; 1; 2; 94
404; 286; 2; 1; 105
287; 394; 2; 1; 108
383; 475; 2; 1; 108
483; 413; 1; 2; 110
350; 376; 2; 1; 113
481; 472; 2; 1; 134
435; 315; 1; 2; 146
404; 487; 2; 1; 152
342; 431; 2; 1; 162
325; 472; 2; 1; 163
335; 355; 1; 2; 180
426; 392; 1; 2; 182
455; 339; 1; 2; 189
471; 342; 1; 2; 189
435; 311; 2; 1; 196
346; 441; 2; 1; 196
286; 378; 2; 1; 217
470; 404; 1; 2; 224
379; 362; 2; 1; 239
283; 293; 1; 2; 249
308; 348; 1; 2; 252
422; 496; 2; 1; 253
485; 425; 2; 1; 262
440; 329; 1; 2; 283
446; 343; 1; 2; 284
404; 420; 2; 1; 294
455; 493; 2; 1; 300
361; 346; 1; 2; 304
295; 330; 2; 1; 321
347; 356; 1; 2; 326
345; 377; 1; 2; 327
310; 432; 2; 1; 341
301; 442; 1; 2; 349
362; 289; 1; 2; 358
284; 455; 1; 2; 367
451; 443; 1; 2; 372
452; 412; 2; 1; 375
430; 319; 1; 2; 405
326; 400; 1; 2; 414
341; 291; 1; 2; 418
388; 479; 2; 1; 420
397; 356; 1; 2; 421
433; 373; 2; 1; 438
389; 339; 2; 1; 440
353; 490; 2; 1; 443
414; 361; 2; 1; 445
378; 343; 1; 2; 447
340; 491; 1; 2; 451
439; 459; 1; 2; 451
421; 305; 2; 1; 453
294; 352; 2; 1; 455
394; 373; 1; 2; 463
410; 349; 2; 1; 471
364; 299; 2; 1; 475
350; 493; 2; 1; 475
394; 336; 2; 1; 485
471; 440; 1; 2; 500
452; 287; 2; 1; 508
379; 425; 1; 2; 510
407; 475; 2; 1; 518
337; 364; 1; 2; 523
331; 380; 2; 1; 534
328; 389; 2; 1; 545
423; 424; 2; 1; 562
313; 439; 2; 1; 564
464; 334; 1; 2; 569
371; 332; 2; 1; 588
488; 364; 1; 2; 591
379; 286; 1; 2; 593
459; 427; 2; 1; 593
470; 352; 1; 2; 598
351; 401; 1; 2; 602
351; 413; 2; 1; 610
315; 401; 1; 2; 612
457; 391; 2; 1; 613
342; 290; 2; 1; 615
332; 367; 1; 2; 624
382; 370; 2; 1; 634
369; 447; 1; 2; 644
428; 327; 1; 2; 649
418; 382; 1; 2; 655
413; 364; 2; 1; 656
432; 340; 2; 1; 658
376; 392; 1; 2; 661
345; 330; 2; 1; 678
477; 336; 2; 1; 680
404; 380; 1; 2; 690
433; 406; 2; 1; 699
288; 354; 2; 1; 702
472; 434; 1; 2; 703
331; 293; 1; 2; 705
392; 384; 2; 1; 707
328; 351; 1; 2; 707
352; 337; 1; 2; 716
24
17; 1; 15; 1580
4; 1; 8; 5440
6; 1; 12; 6520
19; 1; 25; 8778
14; 1; 10; 9579
23; 1; 17; 10541
12; 1; 29; 11316
13; 1; 23; 11434
15; 1; 48; 11585
18; 1; 12; 13142
5; 1; 48; 15578
10; 1; 27; 16124
20; 1; 7; 17149
22; 1; 2; 17407
7; 1; 8; 17786
21; 1; 22; 19156
11; 1; 32; 20528
16; 1; 39; 22172
1; 1; 23; 24128
3; 1; 16; 24552
0; 1; 34; 26054
8; 1; 17; 31115
9; 1; 33; 31254
2; 1; 33; 39265
