**** 622 ****
106
454; 423; 1; 2; 9
464; 494; 2; 1; 9
422; 410; 2; 1; 17
355; 462; 2; 1; 17
457; 352; 2; 1; 19
299; 401; 1; 2; 23
282; 492; 2; 1; 26
474; 450; 1; 2; 39
449; 369; 2; 1; 48
367; 300; 2; 1; 51
488; 471; 2; 1; 63
429; 418; 2; 1; 70
385; 427; 1; 2; 76
440; 417; 2; 1; 82
288; 300; 1; 2; 94
475; 397; 2; 1; 96
302; 431; 2; 1; 107
439; 467; 2; 1; 113
370; 295; 2; 1; 117
281; 398; 2; 1; 128
413; 379; 2; 1; 135
496; 377; 2; 1; 140
352; 342; 2; 1; 141
412; 496; 2; 1; 146
326; 335; 1; 2; 149
353; 479; 2; 1; 157
409; 353; 2; 1; 163
283; 306; 1; 2; 219
456; 468; 2; 1; 226
316; 486; 2; 1; 235
333; 341; 1; 2; 241
451; 366; 2; 1; 247
436; 424; 1; 2; 254
415; 282; 2; 1; 260
343; 464; 2; 1; 265
485; 410; 1; 2; 265
423; 473; 2; 1; 267
376; 468; 2; 1; 268
441; 428; 2; 1; 269
323; 471; 2; 1; 272
413; 448; 2; 1; 275
424; 413; 1; 2; 277
337; 418; 1; 2; 286
481; 327; 2; 1; 290
402; 475; 1; 2; 290
398; 344; 2; 1; 293
281; 467; 1; 2; 301
415; 438; 1; 2; 303
353; 427; 1; 2; 304
381; 393; 1; 2; 304
416; 466; 1; 2; 318
329; 406; 1; 2; 346
432; 327; 1; 2; 352
301; 443; 2; 1; 360
427; 454; 1; 2; 363
334; 472; 2; 1; 364
452; 336; 1; 2; 366
480; 380; 1; 2; 368
377; 419; 1; 2; 371
447; 411; 2; 1; 374
353; 448; 2; 1; 402
407; 442; 2; 1; 406
373; 325; 1; 2; 421
343; 481; 2; 1; 439
479; 433; 1; 2; 445
462; 386; 1; 2; 451
419; 490; 2; 1; 456
346; 287; 2; 1; 465
341; 473; 2; 1; 465
472; 289; 1; 2; 472
342; 457; 2; 1; 472
481; 285; 1; 2; 473
317; 349; 1; 2; 473
449; 377; 2; 1; 477
397; 342; 2; 1; 479
338; 288; 1; 2; 480
405; 401; 2; 1; 485
346; 451; 2; 1; 493
291; 483; 1; 2; 507
432; 294; 2; 1; 514
353; 292; 2; 1; 515
432; 412; 2; 1; 539
433; 304; 1; 2; 547
325; 412; 2; 1; 547
429; 410; 1; 2; 569
285; 397; 2; 1; 579
341; 406; 1; 2; 589
324; 293; 2; 1; 591
330; 438; 2; 1; 592
481; 316; 1; 2; 608
494; 389; 1; 2; 611
379; 417; 1; 2; 612
457; 372; 2; 1; 614
454; 364; 2; 1; 616
368; 362; 2; 1; 622
470; 466; 2; 1; 624
334; 398; 2; 1; 629
446; 430; 2; 1; 631
388; 444; 1; 2; 631
281; 281; 1; 2; 651
324; 307; 1; 2; 656
479; 478; 2; 1; 676
292; 407; 2; 1; 702
327; 384; 1; 2; 705
477; 465; 2; 1; 705
406; 349; 2; 1; 707
24
23; 1; 43; 3608
14; 1; 11; 6196
16; 1; 26; 6572
17; 1; 15; 6897
1; 1; 9; 7185
5; 1; 9; 9701
2; 1; 4; 9959
3; 1; 27; 10639
8; 1; 28; 10760
12; 1; 49; 11142
19; 1; 1; 11539
18; 1; 36; 14940
9; 1; 24; 20966
20; 1; 43; 21936
4; 1; 42; 22277
13; 1; 30; 27147
6; 1; 43; 30822
10; 1; 45; 32327
7; 1; 8; 34178
21; 1; 39; 37049
22; 1; 28; 37734
15; 1; 39; 38012
0; 1; 27; 38100
11; 1; 38; 39153
