**** 623 ****
106
443; 327; 2; 1; 5
491; 393; 2; 1; 17
289; 428; 2; 1; 19
296; 410; 1; 2; 26
489; 365; 2; 1; 26
471; 468; 2; 1; 37
322; 283; 1; 2; 38
443; 336; 1; 2; 49
340; 411; 1; 2; 57
458; 346; 1; 2; 60
447; 382; 2; 1; 61
314; 480; 1; 2; 62
366; 346; 1; 2; 64
374; 404; 1; 2; 66
483; 437; 1; 2; 69
356; 330; 2; 1; 73
435; 365; 2; 1; 75
352; 408; 1; 2; 79
440; 286; 1; 2; 80
326; 408; 2; 1; 80
472; 401; 2; 1; 90
452; 367; 2; 1; 100
477; 354; 1; 2; 105
304; 326; 2; 1; 116
394; 433; 2; 1; 122
492; 324; 2; 1; 129
352; 447; 2; 1; 130
478; 359; 1; 2; 135
294; 482; 2; 1; 136
354; 468; 2; 1; 149
470; 327; 2; 1; 151
305; 418; 2; 1; 153
460; 455; 2; 1; 162
381; 475; 1; 2; 165
283; 402; 1; 2; 167
338; 460; 1; 2; 170
474; 351; 1; 2; 179
365; 377; 2; 1; 180
287; 387; 2; 1; 186
478; 460; 2; 1; 195
329; 398; 2; 1; 196
299; 329; 2; 1; 222
441; 418; 2; 1; 236
452; 340; 2; 1; 242
447; 309; 2; 1; 242
447; 347; 1; 2; 244
376; 456; 1; 2; 253
327; 365; 1; 2; 266
409; 398; 1; 2; 271
385; 364; 2; 1; 277
475; 424; 1; 2; 280
428; 289; 2; 1; 296
406; 332; 1; 2; 309
308; 399; 2; 1; 331
321; 323; 1; 2; 354
376; 371; 1; 2; 369
282; 287; 2; 1; 372
442; 382; 2; 1; 375
438; 437; 1; 2; 377
448; 372; 1; 2; 395
442; 383; 1; 2; 399
375; 400; 2; 1; 408
338; 377; 2; 1; 421
384; 426; 2; 1; 433
311; 433; 2; 1; 439
299; 480; 2; 1; 447
489; 456; 2; 1; 457
339; 435; 1; 2; 460
338; 458; 1; 2; 460
460; 379; 1; 2; 473
352; 426; 2; 1; 481
333; 409; 2; 1; 483
372; 363; 1; 2; 483
294; 318; 2; 1; 490
471; 394; 1; 2; 490
283; 447; 2; 1; 492
340; 361; 1; 2; 498
287; 384; 2; 1; 508
291; 322; 2; 1; 527
318; 410; 1; 2; 532
330; 414; 2; 1; 533
466; 368; 1; 2; 541
493; 302; 1; 2; 546
422; 388; 1; 2; 559
284; 432; 2; 1; 571
452; 419; 1; 2; 573
320; 294; 2; 1; 574
349; 347; 1; 2; 589
494; 386; 2; 1; 610
333; 407; 1; 2; 614
400; 469; 2; 1; 616
446; 377; 2; 1; 621
321; 289; 2; 1; 623
434; 379; 2; 1; 632
361; 496; 1; 2; 640
459; 341; 1; 2; 648
324; 489; 2; 1; 649
308; 334; 1; 2; 654
404; 354; 1; 2; 657
324; 484; 2; 1; 668
474; 496; 1; 2; 672
402; 317; 2; 1; 682
468; 301; 1; 2; 684
441; 360; 1; 2; 709
313; 489; 1; 2; 714
466; 392; 2; 1; 721
24
17; 1; 2; 1513
15; 1; 23; 1551
7; 1; 6; 1658
10; 1; 30; 2876
14; 1; 1; 3643
9; 1; 37; 5179
12; 1; 42; 5843
16; 1; 23; 13250
19; 1; 10; 18216
1; 1; 1; 18949
3; 1; 30; 22231
4; 1; 4; 23715
20; 1; 10; 24068
18; 1; 6; 24928
8; 1; 9; 28116
0; 1; 38; 28814
6; 1; 35; 28884
5; 1; 44; 31447
11; 1; 26; 31518
23; 1; 15; 33660
22; 1; 17; 37101
21; 1; 24; 37169
2; 1; 20; 40122
13; 1; 32; 40996
