**** 624 ****
106
497; 339; 1; 2; 1
325; 444; 1; 2; 2
289; 383; 1; 2; 3
391; 367; 2; 1; 18
326; 283; 2; 1; 32
383; 390; 1; 2; 44
490; 420; 1; 2; 47
301; 291; 2; 1; 56
283; 401; 1; 2; 60
447; 345; 1; 2; 78
346; 423; 1; 2; 80
323; 477; 2; 1; 84
425; 410; 1; 2; 85
366; 307; 2; 1; 102
466; 291; 2; 1; 106
489; 376; 2; 1; 140
428; 357; 2; 1; 144
421; 444; 1; 2; 156
426; 478; 2; 1; 163
347; 443; 2; 1; 168
299; 387; 1; 2; 170
463; 496; 2; 1; 178
393; 369; 2; 1; 198
495; 492; 2; 1; 204
466; 418; 1; 2; 205
288; 389; 2; 1; 221
425; 452; 1; 2; 242
298; 320; 2; 1; 267
324; 342; 2; 1; 270
399; 353; 1; 2; 286
306; 388; 2; 1; 292
444; 493; 2; 1; 296
433; 449; 1; 2; 303
395; 447; 1; 2; 304
338; 297; 2; 1; 304
422; 431; 1; 2; 310
293; 346; 2; 1; 314
476; 332; 2; 1; 315
472; 464; 2; 1; 317
305; 462; 1; 2; 319
356; 320; 2; 1; 328
461; 427; 1; 2; 345
349; 350; 1; 2; 349
389; 386; 2; 1; 350
475; 441; 1; 2; 353
357; 355; 2; 1; 357
489; 331; 2; 1; 360
288; 464; 2; 1; 365
334; 346; 2; 1; 369
292; 383; 2; 1; 380
467; 332; 2; 1; 389
380; 293; 2; 1; 390
422; 467; 2; 1; 393
409; 390; 2; 1; 414
415; 493; 2; 1; 419
444; 406; 1; 2; 427
311; 287; 2; 1; 435
322; 448; 2; 1; 437
360; 472; 2; 1; 461
300; 452; 2; 1; 463
305; 409; 2; 1; 466
475; 355; 1; 2; 469
420; 292; 1; 2; 473
450; 362; 2; 1; 474
319; 311; 1; 2; 479
331; 329; 2; 1; 499
386; 477; 1; 2; 524
293; 311; 1; 2; 526
459; 308; 1; 2; 526
413; 303; 2; 1; 531
319; 333; 2; 1; 532
381; 464; 1; 2; 538
465; 309; 1; 2; 543
491; 476; 1; 2; 557
487; 465; 1; 2; 558
468; 314; 2; 1; 571
351; 442; 1; 2; 571
354; 323; 2; 1; 575
489; 308; 1; 2; 576
283; 318; 1; 2; 576
291; 452; 2; 1; 583
434; 398; 2; 1; 584
305; 338; 1; 2; 594
434; 336; 2; 1; 599
362; 306; 2; 1; 614
371; 492; 1; 2; 622
331; 440; 1; 2; 634
490; 431; 2; 1; 637
451; 419; 2; 1; 642
495; 419; 2; 1; 648
355; 296; 1; 2; 654
464; 347; 1; 2; 658
489; 389; 2; 1; 666
328; 443; 1; 2; 667
491; 327; 1; 2; 668
395; 325; 2; 1; 670
350; 295; 2; 1; 674
463; 416; 1; 2; 676
361; 474; 1; 2; 679
386; 301; 1; 2; 692
411; 296; 1; 2; 700
434; 353; 1; 2; 704
304; 311; 1; 2; 708
344; 440; 2; 1; 711
323; 496; 1; 2; 715
406; 296; 2; 1; 720
24
11; 1; 41; 545
19; 1; 28; 3112
10; 1; 42; 5202
17; 1; 23; 5616
1; 1; 19; 6110
14; 1; 21; 6938
0; 1; 40; 7570
8; 1; 22; 9660
2; 1; 20; 10278
21; 1; 8; 11587
15; 1; 24; 14396
22; 1; 21; 21601
4; 1; 32; 23385
20; 1; 1; 24768
6; 1; 27; 25491
18; 1; 7; 27540
23; 1; 11; 32127
7; 1; 11; 32540
9; 1; 27; 33402
16; 1; 4; 36109
13; 1; 27; 38671
3; 1; 25; 39211
12; 1; 15; 40434
5; 1; 42; 40583
