**** 625 ****
106
468; 335; 2; 1; 3
360; 374; 2; 1; 3
417; 332; 2; 1; 13
488; 349; 2; 1; 14
443; 379; 2; 1; 20
435; 285; 2; 1; 23
396; 395; 2; 1; 27
397; 329; 1; 2; 34
380; 361; 1; 2; 40
417; 451; 1; 2; 42
444; 379; 1; 2; 42
281; 446; 1; 2; 43
481; 463; 1; 2; 45
476; 323; 1; 2; 47
494; 287; 1; 2; 57
401; 466; 2; 1; 64
301; 283; 1; 2; 70
426; 367; 2; 1; 82
393; 320; 1; 2; 83
297; 380; 1; 2; 83
391; 325; 2; 1; 91
352; 364; 2; 1; 95
326; 490; 1; 2; 97
456; 315; 2; 1; 98
441; 424; 1; 2; 100
424; 389; 2; 1; 101
467; 434; 1; 2; 113
320; 482; 2; 1; 117
485; 342; 1; 2; 132
364; 496; 1; 2; 133
465; 483; 2; 1; 152
382; 317; 2; 1; 155
372; 401; 2; 1; 174
344; 423; 1; 2; 176
361; 312; 2; 1; 177
443; 327; 1; 2; 179
284; 345; 1; 2; 179
365; 467; 1; 2; 179
347; 324; 2; 1; 180
318; 365; 1; 2; 198
374; 294; 1; 2; 214
322; 488; 2; 1; 220
481; 325; 1; 2; 228
303; 428; 1; 2; 240
297; 471; 1; 2; 246
442; 444; 1; 2; 278
471; 335; 2; 1; 292
473; 397; 2; 1; 292
353; 496; 1; 2; 293
293; 429; 2; 1; 294
439; 420; 1; 2; 295
386; 290; 2; 1; 303
482; 327; 1; 2; 305
410; 362; 1; 2; 323
388; 291; 2; 1; 340
459; 292; 1; 2; 348
433; 473; 2; 1; 353
282; 494; 1; 2; 367
472; 343; 2; 1; 377
300; 403; 1; 2; 377
452; 493; 1; 2; 385
290; 439; 1; 2; 387
287; 321; 1; 2; 389
309; 319; 2; 1; 391
497; 323; 2; 1; 413
493; 330; 2; 1; 419
437; 358; 2; 1; 434
404; 366; 1; 2; 435
297; 479; 2; 1; 447
363; 396; 2; 1; 452
358; 422; 1; 2; 467
492; 395; 1; 2; 490
341; 291; 1; 2; 493
335; 340; 2; 1; 504
394; 381; 1; 2; 532
446; 363; 2; 1; 535
394; 311; 1; 2; 540
378; 353; 2; 1; 551
423; 359; 1; 2; 551
471; 481; 1; 2; 553
477; 305; 1; 2; 572
333; 410; 1; 2; 577
370; 305; 1; 2; 580
433; 401; 1; 2; 584
440; 354; 2; 1; 585
330; 345; 1; 2; 593
446; 286; 1; 2; 599
383; 493; 2; 1; 606
300; 417; 1; 2; 608
455; 291; 1; 2; 614
425; 341; 2; 1; 615
320; 399; 1; 2; 624
493; 346; 2; 1; 633
315; 316; 2; 1; 634
480; 293; 2; 1; 639
416; 322; 2; 1; 641
375; 487; 2; 1; 644
297; 380; 2; 1; 661
301; 369; 2; 1; 663
339; 464; 1; 2; 675
299; 291; 1; 2; 682
425; 473; 2; 1; 699
342; 341; 1; 2; 699
451; 296; 1; 2; 705
456; 428; 2; 1; 711
447; 306; 2; 1; 718
24
23; 1; 5; 2179
16; 1; 45; 6347
13; 1; 1; 6623
1; 1; 12; 7670
18; 1; 34; 8720
12; 1; 36; 10246
9; 1; 38; 10311
6; 1; 9; 10546
21; 1; 44; 11646
8; 1; 4; 13723
17; 1; 30; 15857
19; 1; 44; 16803
0; 1; 40; 17691
14; 1; 20; 24896
4; 1; 22; 26903
2; 1; 20; 27144
20; 1; 14; 30695
10; 1; 25; 31227
5; 1; 22; 32817
3; 1; 21; 33201
22; 1; 13; 33460
7; 1; 45; 35952
15; 1; 16; 37141
11; 1; 48; 39316
