**** 626 ****
106
443; 330; 1; 2; 18
467; 290; 1; 2; 18
341; 450; 1; 2; 21
358; 321; 1; 2; 22
310; 435; 1; 2; 36
424; 296; 1; 2; 37
461; 445; 1; 2; 40
487; 467; 2; 1; 45
445; 416; 1; 2; 48
348; 312; 1; 2; 52
407; 415; 2; 1; 55
368; 418; 1; 2; 67
385; 312; 2; 1; 70
340; 480; 2; 1; 71
369; 470; 1; 2; 71
347; 292; 2; 1; 74
338; 391; 2; 1; 74
331; 440; 2; 1; 91
284; 465; 2; 1; 101
319; 453; 1; 2; 105
439; 400; 1; 2; 108
412; 368; 2; 1; 116
288; 322; 1; 2; 124
395; 392; 1; 2; 137
438; 436; 2; 1; 142
385; 422; 1; 2; 153
335; 356; 2; 1; 180
387; 449; 2; 1; 184
341; 385; 1; 2; 187
372; 416; 2; 1; 190
428; 290; 1; 2; 203
377; 312; 2; 1; 207
486; 377; 1; 2; 214
379; 422; 2; 1; 219
488; 303; 1; 2; 220
416; 455; 2; 1; 223
455; 407; 2; 1; 224
318; 376; 1; 2; 238
323; 410; 2; 1; 242
290; 439; 2; 1; 244
392; 349; 2; 1; 260
471; 460; 1; 2; 264
452; 391; 2; 1; 267
414; 385; 2; 1; 267
319; 421; 1; 2; 277
458; 326; 2; 1; 281
293; 445; 1; 2; 281
493; 298; 1; 2; 288
317; 433; 2; 1; 300
351; 453; 2; 1; 303
382; 399; 1; 2; 305
320; 432; 1; 2; 309
292; 375; 2; 1; 333
466; 315; 2; 1; 334
331; 311; 1; 2; 341
288; 353; 2; 1; 358
397; 345; 2; 1; 362
414; 384; 2; 1; 372
366; 314; 1; 2; 379
466; 476; 2; 1; 381
374; 340; 1; 2; 384
483; 399; 2; 1; 393
376; 471; 2; 1; 395
442; 400; 1; 2; 395
322; 436; 1; 2; 402
291; 403; 2; 1; 409
368; 486; 1; 2; 415
354; 347; 2; 1; 417
468; 339; 1; 2; 418
443; 375; 2; 1; 424
314; 330; 2; 1; 429
326; 331; 2; 1; 429
466; 301; 2; 1; 439
376; 476; 2; 1; 453
291; 466; 2; 1; 455
314; 294; 2; 1; 459
391; 365; 2; 1; 469
490; 294; 2; 1; 503
411; 368; 1; 2; 505
409; 323; 1; 2; 516
375; 293; 1; 2; 518
292; 429; 2; 1; 526
312; 462; 1; 2; 527
462; 373; 2; 1; 536
485; 414; 2; 1; 568
426; 478; 1; 2; 572
363; 286; 2; 1; 582
426; 460; 1; 2; 586
383; 403; 2; 1; 588
295; 323; 2; 1; 593
384; 389; 1; 2; 616
481; 401; 2; 1; 618
344; 380; 2; 1; 627
419; 371; 2; 1; 631
386; 353; 2; 1; 638
293; 365; 2; 1; 650
394; 482; 1; 2; 657
364; 478; 1; 2; 657
475; 414; 2; 1; 662
356; 405; 1; 2; 680
317; 359; 1; 2; 695
436; 339; 2; 1; 706
362; 368; 2; 1; 712
314; 482; 2; 1; 712
369; 325; 2; 1; 718
392; 454; 2; 1; 723
24
17; 1; 15; 560
8; 1; 42; 1585
15; 1; 47; 1704
5; 1; 48; 5297
14; 1; 36; 7157
6; 1; 15; 8630
16; 1; 15; 10613
20; 1; 25; 13531
2; 1; 1; 16326
1; 1; 41; 16517
19; 1; 22; 19619
9; 1; 28; 24319
21; 1; 18; 24412
22; 1; 42; 27122
13; 1; 32; 28160
4; 1; 11; 28798
12; 1; 18; 30439
23; 1; 13; 32402
10; 1; 49; 33383
3; 1; 12; 33852
18; 1; 42; 36459
7; 1; 15; 37366
0; 1; 1; 38655
11; 1; 7; 38940
