**** 627 ****
107
382; 409; 2; 1; 4
448; 477; 2; 1; 19
432; 367; 2; 1; 21
432; 296; 2; 1; 21
361; 362; 2; 1; 22
417; 452; 2; 1; 25
383; 428; 2; 1; 27
383; 401; 2; 1; 45
361; 355; 2; 1; 53
301; 408; 2; 1; 55
473; 339; 1; 2; 82
337; 314; 2; 1; 85
443; 369; 1; 2; 109
433; 305; 2; 1; 116
407; 482; 2; 1; 118
447; 334; 1; 2; 127
378; 474; 2; 1; 137
377; 435; 1; 2; 140
330; 493; 2; 1; 166
302; 505; 2; 1; 168
374; 449; 2; 1; 173
337; 475; 1; 2; 179
322; 484; 1; 2; 181
312; 493; 2; 1; 184
463; 296; 2; 1; 187
401; 323; 1; 2; 187
298; 305; 1; 2; 203
360; 447; 2; 1; 216
471; 389; 1; 2; 224
310; 463; 1; 2; 230
353; 470; 1; 2; 242
426; 419; 1; 2; 247
386; 504; 1; 2; 265
446; 312; 1; 2; 269
410; 322; 2; 1; 276
463; 350; 1; 2; 278
472; 430; 2; 1; 281
345; 353; 1; 2; 289
483; 296; 1; 2; 297
488; 496; 1; 2; 314
297; 461; 1; 2; 314
326; 429; 2; 1; 314
311; 465; 1; 2; 344
307; 298; 2; 1; 353
460; 453; 2; 1; 354
359; 505; 2; 1; 357
321; 418; 2; 1; 358
411; 352; 2; 1; 358
492; 453; 2; 1; 359
305; 351; 2; 1; 359
332; 443; 1; 2; 389
454; 397; 2; 1; 392
383; 441; 1; 2; 393
312; 454; 2; 1; 394
430; 345; 2; 1; 397
438; 479; 1; 2; 412
488; 469; 2; 1; 414
287; 500; 2; 1; 417
463; 378; 2; 1; 417
384; 359; 2; 1; 425
460; 296; 1; 2; 427
493; 377; 1; 2; 428
502; 374; 1; 2; 447
312; 361; 2; 1; 456
439; 504; 1; 2; 468
443; 477; 1; 2; 473
461; 456; 2; 1; 474
362; 485; 2; 1; 477
325; 343; 1; 2; 482
365; 380; 1; 2; 488
392; 478; 1; 2; 492
489; 476; 1; 2; 496
318; 492; 2; 1; 509
336; 310; 2; 1; 513
449; 338; 1; 2; 524
370; 472; 2; 1; 527
487; 347; 1; 2; 531
381; 504; 1; 2; 531
385; 428; 1; 2; 540
463; 424; 1; 2; 545
373; 363; 2; 1; 572
462; 376; 1; 2; 573
425; 465; 1; 2; 579
374; 504; 1; 2; 585
428; 428; 2; 1; 590
486; 474; 2; 1; 592
428; 316; 2; 1; 593
421; 365; 2; 1; 594
301; 396; 1; 2; 596
398; 452; 1; 2; 606
374; 291; 1; 2; 608
331; 486; 1; 2; 616
397; 410; 2; 1; 628
457; 427; 2; 1; 634
446; 366; 2; 1; 637
457; 332; 1; 2; 639
501; 413; 2; 1; 640
310; 400; 2; 1; 645
488; 477; 1; 2; 651
445; 504; 1; 2; 651
421; 331; 2; 1; 663
417; 364; 1; 2; 664
422; 387; 1; 2; 701
409; 307; 1; 2; 708
360; 500; 1; 2; 717
482; 453; 2; 1; 719
344; 410; 2; 1; 725
24
10; 1; 10; 415
13; 1; 29; 430
23; 1; 27; 726
11; 1; 26; 2654
7; 1; 26; 4188
17; 1; 18; 5600
20; 1; 33; 8871
21; 1; 12; 9830
6; 1; 26; 12912
14; 1; 7; 15047
0; 1; 39; 15221
4; 1; 18; 15346
2; 1; 4; 15365
18; 1; 30; 15917
1; 1; 29; 16704
19; 1; 31; 18451
5; 1; 28; 21476
16; 1; 42; 21687
12; 1; 3; 25114
9; 1; 13; 34576
22; 1; 28; 41039
3; 1; 9; 42150
15; 1; 49; 42427
8; 1; 43; 42887
