**** 628 ****
107
452; 414; 1; 2; 0
340; 324; 2; 1; 10
316; 497; 2; 1; 24
422; 294; 2; 1; 28
308; 311; 1; 2; 41
310; 455; 2; 1; 45
469; 402; 2; 1; 48
489; 404; 1; 2; 55
346; 310; 2; 1; 62
442; 297; 2; 1; 82
483; 319; 1; 2; 90
504; 412; 1; 2; 94
286; 400; 1; 2; 95
462; 289; 1; 2; 106
410; 324; 2; 1; 113
434; 430; 2; 1; 118
330; 306; 1; 2; 119
441; 383; 1; 2; 121
459; 350; 2; 1; 124
415; 495; 2; 1; 133
489; 407; 1; 2; 133
411; 397; 1; 2; 133
450; 321; 1; 2; 151
465; 433; 2; 1; 160
318; 480; 1; 2; 168
387; 287; 2; 1; 191
380; 505; 2; 1; 197
399; 288; 2; 1; 212
352; 440; 1; 2; 212
302; 343; 1; 2; 225
423; 492; 2; 1; 226
325; 412; 2; 1; 227
422; 436; 2; 1; 234
304; 340; 2; 1; 249
355; 338; 2; 1; 253
351; 424; 2; 1; 256
393; 493; 1; 2; 258
468; 397; 1; 2; 258
329; 473; 1; 2; 263
324; 459; 2; 1; 267
330; 405; 2; 1; 273
293; 316; 1; 2; 294
495; 385; 2; 1; 298
292; 351; 2; 1; 312
489; 296; 2; 1; 312
458; 294; 1; 2; 313
441; 470; 1; 2; 319
392; 350; 1; 2; 326
416; 492; 1; 2; 330
370; 344; 1; 2; 335
504; 306; 1; 2; 335
445; 403; 2; 1; 339
351; 324; 2; 1; 342
375; 305; 2; 1; 346
419; 380; 1; 2; 348
366; 303; 1; 2; 355
382; 484; 1; 2; 370
401; 289; 2; 1; 371
470; 447; 1; 2; 387
324; 305; 2; 1; 395
430; 416; 2; 1; 404
392; 361; 2; 1; 412
375; 360; 2; 1; 420
322; 302; 1; 2; 422
447; 356; 2; 1; 426
470; 469; 1; 2; 431
316; 390; 1; 2; 432
311; 420; 1; 2; 438
416; 402; 2; 1; 438
436; 340; 2; 1; 440
417; 466; 1; 2; 442
390; 432; 1; 2; 447
447; 288; 1; 2; 461
478; 416; 2; 1; 470
410; 500; 2; 1; 477
365; 418; 1; 2; 483
448; 339; 1; 2; 507
461; 323; 1; 2; 508
404; 435; 1; 2; 517
500; 384; 2; 1; 519
291; 356; 1; 2; 527
291; 369; 1; 2; 538
359; 349; 2; 1; 548
404; 397; 1; 2; 551
379; 368; 1; 2; 559
383; 455; 2; 1; 560
422; 290; 2; 1; 561
488; 452; 2; 1; 564
371; 391; 1; 2; 583
501; 313; 2; 1; 595
394; 400; 1; 2; 622
295; 311; 2; 1; 629
383; 429; 1; 2; 632
316; 424; 2; 1; 634
478; 483; 1; 2; 637
318; 448; 1; 2; 639
443; 370; 1; 2; 643
437; 469; 1; 2; 651
450; 375; 2; 1; 654
411; 346; 1; 2; 659
422; 485; 1; 2; 663
442; 444; 1; 2; 684
478; 449; 1; 2; 700
488; 370; 2; 1; 703
307; 435; 2; 1; 705
411; 436; 1; 2; 706
477; 383; 1; 2; 723
24
6; 1; 14; 18
22; 1; 43; 1031
2; 1; 27; 2661
7; 1; 8; 3300
16; 1; 5; 3685
12; 1; 48; 5461
3; 1; 14; 5617
15; 1; 31; 7347
20; 1; 17; 9280
9; 1; 27; 9357
10; 1; 16; 15425
19; 1; 42; 16631
5; 1; 32; 17156
14; 1; 25; 25459
13; 1; 4; 26380
1; 1; 11; 26697
18; 1; 21; 27391
4; 1; 11; 30983
17; 1; 35; 32443
0; 1; 5; 33962
8; 1; 39; 36135
11; 1; 6; 37768
21; 1; 48; 39203
23; 1; 43; 39829
