**** 629 ****
107
443; 469; 2; 1; 2
365; 439; 2; 1; 6
360; 421; 2; 1; 9
482; 349; 2; 1; 12
452; 292; 2; 1; 18
304; 415; 1; 2; 19
370; 470; 2; 1; 24
419; 315; 1; 2; 31
350; 455; 1; 2; 32
433; 300; 2; 1; 34
331; 401; 1; 2; 35
352; 445; 1; 2; 39
367; 395; 2; 1; 49
401; 325; 2; 1; 50
317; 337; 1; 2; 52
504; 330; 2; 1; 75
468; 332; 2; 1; 75
470; 437; 2; 1; 76
325; 488; 2; 1; 85
494; 503; 1; 2; 94
401; 289; 1; 2; 94
439; 288; 1; 2; 95
381; 288; 1; 2; 103
300; 445; 2; 1; 104
288; 334; 1; 2; 118
382; 452; 2; 1; 122
341; 340; 2; 1; 123
367; 496; 2; 1; 129
397; 503; 2; 1; 141
293; 488; 1; 2; 144
422; 322; 1; 2; 152
471; 441; 2; 1; 154
497; 489; 2; 1; 165
466; 423; 1; 2; 167
294; 302; 1; 2; 172
355; 319; 2; 1; 177
475; 360; 2; 1; 178
342; 370; 1; 2; 179
459; 341; 1; 2; 182
442; 404; 2; 1; 184
357; 376; 1; 2; 208
485; 352; 2; 1; 216
328; 292; 1; 2; 232
327; 304; 2; 1; 233
379; 464; 1; 2; 239
421; 367; 1; 2; 251
390; 350; 1; 2; 252
413; 464; 2; 1; 274
477; 495; 2; 1; 275
350; 503; 2; 1; 286
346; 433; 2; 1; 289
415; 407; 1; 2; 296
464; 403; 1; 2; 297
380; 303; 1; 2; 300
443; 468; 1; 2; 300
486; 328; 2; 1; 316
499; 477; 2; 1; 317
452; 393; 1; 2; 320
314; 424; 2; 1; 324
504; 372; 1; 2; 329
329; 350; 1; 2; 336
450; 450; 2; 1; 339
351; 435; 2; 1; 351
354; 288; 2; 1; 356
457; 417; 1; 2; 363
404; 463; 2; 1; 367
398; 361; 2; 1; 368
406; 441; 1; 2; 374
363; 352; 2; 1; 378
467; 490; 2; 1; 379
329; 320; 2; 1; 379
460; 331; 2; 1; 383
382; 354; 1; 2; 404
501; 432; 2; 1; 405
475; 455; 2; 1; 410
330; 488; 2; 1; 414
503; 299; 2; 1; 467
342; 405; 1; 2; 471
443; 415; 2; 1; 486
376; 398; 1; 2; 486
346; 322; 2; 1; 491
434; 375; 2; 1; 496
495; 446; 1; 2; 501
417; 489; 2; 1; 520
429; 291; 1; 2; 522
350; 324; 2; 1; 530
368; 480; 1; 2; 539
499; 392; 2; 1; 553
478; 437; 1; 2; 566
505; 377; 2; 1; 580
327; 504; 2; 1; 592
354; 442; 1; 2; 605
463; 362; 1; 2; 607
440; 408; 2; 1; 619
429; 420; 2; 1; 636
437; 435; 2; 1; 640
495; 382; 1; 2; 645
469; 370; 2; 1; 646
422; 430; 1; 2; 659
456; 328; 1; 2; 695
343; 475; 1; 2; 696
418; 304; 2; 1; 705
420; 331; 2; 1; 710
505; 471; 2; 1; 716
379; 405; 2; 1; 717
486; 472; 2; 1; 719
398; 330; 1; 2; 723
24
22; 1; 9; 356
6; 1; 37; 937
23; 1; 32; 10396
7; 1; 49; 11127
11; 1; 2; 12580
15; 1; 47; 12982
17; 1; 46; 13441
9; 1; 22; 13540
5; 1; 28; 14756
13; 1; 5; 15876
20; 1; 20; 18427
2; 1; 44; 19637
21; 1; 14; 20568
10; 1; 33; 22038
8; 1; 12; 23008
12; 1; 35; 25259
1; 1; 7; 26869
3; 1; 29; 29677
0; 1; 19; 33942
4; 1; 18; 35484
16; 1; 44; 36977
18; 1; 4; 37073
19; 1; 15; 38031
14; 1; 30; 43898
