**** 63 ****
55
71; 86; 2; 1; 0
75; 70; 2; 1; 6
28; 69; 2; 1; 20
39; 43; 1; 2; 22
78; 62; 1; 2; 22
32; 72; 1; 2; 29
72; 51; 1; 2; 34
53; 62; 2; 1; 34
30; 55; 2; 1; 36
54; 82; 1; 2; 36
37; 48; 1; 2; 46
77; 61; 1; 2; 50
74; 35; 2; 1; 56
73; 77; 2; 1; 60
37; 76; 2; 1; 60
79; 41; 1; 2; 60
56; 26; 1; 2; 61
70; 36; 1; 2; 64
82; 49; 1; 2; 65
61; 40; 2; 1; 66
78; 39; 1; 2; 67
44; 69; 1; 2; 67
54; 56; 1; 2; 68
27; 49; 1; 2; 69
48; 89; 2; 1; 75
26; 35; 2; 1; 78
41; 43; 2; 1; 79
30; 39; 2; 1; 86
50; 85; 2; 1; 87
33; 28; 2; 1; 91
50; 73; 1; 2; 93
49; 35; 2; 1; 93
78; 35; 2; 1; 95
76; 88; 2; 1; 98
78; 75; 2; 1; 99
58; 33; 2; 1; 100
29; 47; 2; 1; 101
32; 30; 2; 1; 107
49; 35; 1; 2; 109
74; 27; 2; 1; 111
31; 33; 2; 1; 112
39; 76; 1; 2; 114
29; 61; 2; 1; 121
62; 41; 2; 1; 123
31; 56; 2; 1; 124
83; 71; 2; 1; 124
53; 62; 1; 2; 127
82; 77; 2; 1; 136
30; 62; 2; 1; 143
82; 88; 2; 1; 151
45; 51; 1; 2; 154
84; 29; 2; 1; 155
39; 30; 1; 2; 158
29; 51; 2; 1; 160
79; 26; 1; 2; 161
13
6; 1; 10; 451
1; 1; 47; 1033
3; 1; 20; 1142
7; 1; 4; 1259
4; 1; 42; 1368
10; 1; 5; 1411
0; 1; 26; 1529
9; 1; 5; 1684
8; 1; 13; 1829
5; 1; 27; 2038
12; 1; 26; 2859
11; 1; 10; 2892
2; 1; 48; 3098
