**** 630 ****
107
459; 307; 2; 1; 17
363; 324; 1; 2; 22
349; 498; 1; 2; 28
349; 442; 1; 2; 36
396; 504; 1; 2; 59
423; 500; 2; 1; 63
450; 495; 1; 2; 65
332; 478; 1; 2; 67
348; 359; 2; 1; 74
429; 355; 1; 2; 77
504; 386; 1; 2; 96
311; 364; 1; 2; 99
417; 457; 1; 2; 104
408; 500; 1; 2; 111
468; 381; 2; 1; 117
351; 431; 2; 1; 124
503; 442; 2; 1; 137
403; 324; 1; 2; 150
393; 342; 2; 1; 159
458; 434; 2; 1; 163
440; 368; 1; 2; 165
361; 308; 1; 2; 168
306; 396; 2; 1; 180
292; 406; 2; 1; 181
437; 341; 2; 1; 185
487; 349; 1; 2; 196
439; 389; 2; 1; 200
489; 303; 2; 1; 211
498; 328; 2; 1; 214
326; 419; 1; 2; 216
439; 437; 2; 1; 217
389; 388; 2; 1; 223
390; 305; 1; 2; 226
336; 476; 1; 2; 248
345; 472; 1; 2; 248
490; 461; 1; 2; 248
481; 347; 2; 1; 256
358; 475; 1; 2; 256
469; 417; 2; 1; 264
385; 396; 2; 1; 266
310; 372; 2; 1; 268
488; 374; 1; 2; 271
328; 356; 2; 1; 271
339; 353; 1; 2; 301
341; 399; 1; 2; 305
489; 453; 1; 2; 306
376; 325; 2; 1; 312
421; 367; 2; 1; 338
441; 420; 1; 2; 340
309; 485; 2; 1; 348
501; 294; 2; 1; 350
297; 381; 2; 1; 352
289; 302; 1; 2; 353
378; 403; 1; 2; 372
408; 389; 1; 2; 377
407; 297; 1; 2; 390
461; 429; 1; 2; 394
296; 343; 2; 1; 397
330; 419; 2; 1; 400
328; 362; 2; 1; 400
358; 373; 1; 2; 425
459; 375; 2; 1; 431
447; 290; 2; 1; 432
422; 475; 1; 2; 438
464; 383; 1; 2; 447
288; 468; 2; 1; 451
489; 356; 1; 2; 453
444; 477; 2; 1; 458
338; 363; 1; 2; 476
468; 342; 2; 1; 478
493; 485; 2; 1; 485
309; 364; 2; 1; 493
449; 297; 2; 1; 518
460; 336; 2; 1; 526
410; 288; 2; 1; 541
396; 493; 2; 1; 544
327; 388; 2; 1; 549
425; 306; 1; 2; 550
462; 471; 1; 2; 570
489; 366; 2; 1; 582
333; 308; 1; 2; 597
329; 337; 1; 2; 607
296; 314; 2; 1; 610
497; 463; 2; 1; 616
489; 473; 2; 1; 617
469; 447; 1; 2; 619
343; 411; 1; 2; 619
326; 349; 2; 1; 625
324; 495; 2; 1; 630
331; 364; 1; 2; 631
432; 301; 1; 2; 637
492; 423; 1; 2; 647
417; 373; 2; 1; 655
364; 387; 1; 2; 659
294; 295; 2; 1; 660
398; 314; 2; 1; 674
303; 465; 1; 2; 676
341; 293; 1; 2; 678
438; 325; 2; 1; 678
343; 443; 2; 1; 678
490; 501; 2; 1; 684
312; 380; 1; 2; 686
331; 335; 2; 1; 692
405; 387; 1; 2; 693
361; 360; 1; 2; 697
443; 340; 1; 2; 703
489; 455; 1; 2; 715
24
9; 1; 43; 2839
18; 1; 25; 4540
1; 1; 31; 8613
4; 1; 34; 8671
14; 1; 5; 8992
7; 1; 43; 8998
19; 1; 22; 12300
21; 1; 3; 13657
12; 1; 46; 15142
17; 1; 42; 15970
11; 1; 42; 17834
13; 1; 38; 18481
15; 1; 34; 19324
3; 1; 4; 19445
2; 1; 20; 20865
0; 1; 38; 22996
8; 1; 37; 29274
16; 1; 28; 29732
20; 1; 36; 31870
10; 1; 38; 33590
23; 1; 12; 34422
22; 1; 10; 35363
6; 1; 9; 36984
5; 1; 6; 41735
