**** 631 ****
107
501; 427; 2; 1; 0
426; 413; 2; 1; 5
462; 407; 2; 1; 22
374; 443; 1; 2; 25
497; 500; 2; 1; 30
445; 378; 1; 2; 30
433; 301; 1; 2; 38
334; 418; 1; 2; 40
344; 307; 1; 2; 42
406; 375; 2; 1; 54
416; 392; 2; 1; 56
420; 324; 1; 2; 58
459; 338; 2; 1; 64
325; 494; 2; 1; 67
406; 493; 1; 2; 85
498; 352; 2; 1; 85
431; 385; 2; 1; 90
487; 342; 2; 1; 94
421; 389; 2; 1; 112
429; 287; 2; 1; 119
487; 458; 2; 1; 140
298; 319; 2; 1; 147
424; 403; 1; 2; 151
318; 489; 2; 1; 184
449; 304; 2; 1; 187
335; 348; 2; 1; 200
341; 375; 1; 2; 209
397; 478; 1; 2; 213
292; 477; 2; 1; 223
360; 390; 2; 1; 237
318; 497; 2; 1; 240
320; 319; 2; 1; 247
294; 399; 1; 2; 256
421; 375; 2; 1; 263
385; 439; 2; 1; 281
429; 311; 2; 1; 298
342; 343; 2; 1; 301
476; 399; 2; 1; 305
330; 419; 2; 1; 318
420; 362; 2; 1; 328
342; 426; 2; 1; 332
487; 479; 2; 1; 338
448; 480; 2; 1; 338
476; 387; 1; 2; 355
391; 355; 1; 2; 359
462; 503; 2; 1; 362
492; 473; 2; 1; 363
358; 290; 2; 1; 373
287; 459; 2; 1; 376
297; 311; 2; 1; 378
454; 396; 2; 1; 379
433; 362; 1; 2; 395
444; 404; 2; 1; 412
315; 466; 2; 1; 420
477; 370; 1; 2; 421
481; 306; 2; 1; 422
308; 366; 2; 1; 429
339; 470; 1; 2; 429
319; 410; 2; 1; 433
492; 486; 2; 1; 438
418; 425; 2; 1; 439
398; 377; 2; 1; 446
363; 324; 2; 1; 454
329; 401; 1; 2; 456
312; 433; 2; 1; 457
356; 330; 1; 2; 457
389; 498; 1; 2; 464
306; 450; 2; 1; 467
493; 361; 1; 2; 480
470; 402; 1; 2; 487
378; 478; 2; 1; 488
322; 493; 2; 1; 496
305; 389; 2; 1; 498
489; 414; 2; 1; 504
325; 336; 2; 1; 508
471; 353; 1; 2; 513
303; 416; 1; 2; 526
358; 332; 2; 1; 527
448; 426; 2; 1; 542
458; 408; 1; 2; 563
389; 365; 2; 1; 570
458; 451; 1; 2; 574
461; 403; 1; 2; 577
362; 334; 2; 1; 578
315; 366; 1; 2; 589
437; 286; 1; 2; 592
306; 446; 2; 1; 601
385; 288; 1; 2; 613
376; 484; 1; 2; 622
465; 308; 2; 1; 623
467; 301; 1; 2; 635
397; 433; 2; 1; 638
462; 426; 1; 2; 642
432; 450; 1; 2; 654
378; 435; 1; 2; 673
402; 305; 1; 2; 673
361; 341; 1; 2; 673
447; 366; 1; 2; 679
361; 483; 2; 1; 679
483; 311; 2; 1; 683
403; 381; 1; 2; 686
288; 357; 2; 1; 706
467; 497; 2; 1; 707
492; 403; 2; 1; 716
303; 292; 2; 1; 721
382; 403; 2; 1; 725
451; 487; 2; 1; 728
24
15; 1; 6; 1280
19; 1; 22; 3183
16; 1; 30; 3309
12; 1; 15; 4749
23; 1; 38; 4797
2; 1; 42; 9533
13; 1; 34; 10858
4; 1; 20; 12600
17; 1; 10; 12694
5; 1; 33; 12927
14; 1; 22; 13220
18; 1; 27; 13322
6; 1; 4; 17250
21; 1; 15; 18054
1; 1; 40; 19014
22; 1; 23; 22420
11; 1; 10; 28061
7; 1; 10; 28424
9; 1; 12; 28808
0; 1; 17; 29011
20; 1; 37; 37350
3; 1; 14; 38138
10; 1; 46; 40907
8; 1; 27; 41317
