**** 632 ****
107
387; 400; 2; 1; 8
453; 433; 2; 1; 13
420; 420; 2; 1; 16
457; 450; 2; 1; 22
436; 324; 1; 2; 28
443; 480; 1; 2; 36
392; 384; 2; 1; 39
406; 457; 1; 2; 41
387; 337; 2; 1; 45
495; 342; 2; 1; 68
426; 341; 2; 1; 69
419; 470; 2; 1; 75
312; 375; 2; 1; 77
375; 356; 1; 2; 82
323; 379; 1; 2; 96
331; 353; 1; 2; 103
350; 436; 2; 1; 107
442; 290; 1; 2; 108
483; 295; 2; 1; 110
391; 459; 1; 2; 148
331; 464; 1; 2; 148
371; 492; 2; 1; 149
337; 470; 1; 2; 153
441; 497; 1; 2; 160
402; 291; 1; 2; 164
326; 476; 1; 2; 169
323; 376; 2; 1; 171
448; 500; 1; 2; 174
493; 418; 1; 2; 175
471; 465; 2; 1; 200
452; 319; 1; 2; 205
314; 319; 1; 2; 210
300; 419; 1; 2; 212
326; 389; 1; 2; 233
357; 387; 2; 1; 237
324; 504; 2; 1; 245
305; 319; 2; 1; 271
368; 292; 2; 1; 271
450; 323; 2; 1; 278
340; 327; 1; 2; 290
409; 399; 1; 2; 290
495; 426; 2; 1; 300
389; 321; 2; 1; 305
401; 388; 1; 2; 314
388; 333; 2; 1; 325
291; 354; 1; 2; 339
483; 294; 2; 1; 341
291; 341; 1; 2; 342
376; 404; 2; 1; 342
320; 325; 2; 1; 346
459; 395; 1; 2; 350
344; 290; 1; 2; 352
427; 460; 2; 1; 352
316; 303; 1; 2; 358
338; 479; 1; 2; 367
435; 335; 1; 2; 372
390; 309; 2; 1; 377
301; 331; 1; 2; 378
498; 496; 2; 1; 385
302; 392; 1; 2; 391
418; 337; 1; 2; 394
470; 336; 2; 1; 403
449; 359; 2; 1; 405
476; 295; 2; 1; 411
362; 346; 2; 1; 423
477; 497; 2; 1; 424
477; 317; 2; 1; 430
385; 376; 2; 1; 430
447; 467; 2; 1; 433
388; 442; 2; 1; 436
313; 483; 2; 1; 440
414; 504; 1; 2; 508
370; 372; 2; 1; 509
369; 468; 1; 2; 518
377; 415; 1; 2; 518
422; 301; 2; 1; 520
354; 505; 2; 1; 524
402; 362; 2; 1; 526
466; 452; 2; 1; 530
350; 491; 2; 1; 532
391; 384; 2; 1; 538
413; 422; 1; 2; 542
396; 442; 1; 2; 549
369; 359; 2; 1; 551
473; 325; 1; 2; 565
337; 412; 1; 2; 577
447; 295; 2; 1; 597
377; 403; 1; 2; 613
402; 479; 1; 2; 618
308; 435; 1; 2; 623
412; 440; 1; 2; 626
310; 295; 1; 2; 627
387; 329; 1; 2; 633
469; 351; 2; 1; 643
295; 364; 1; 2; 653
350; 455; 2; 1; 654
343; 484; 1; 2; 654
436; 435; 2; 1; 663
458; 408; 2; 1; 667
410; 300; 2; 1; 708
449; 464; 2; 1; 709
343; 497; 2; 1; 711
460; 321; 2; 1; 714
415; 383; 1; 2; 715
324; 477; 2; 1; 720
326; 319; 2; 1; 723
319; 291; 2; 1; 724
24
20; 1; 1; 1662
5; 1; 47; 2154
23; 1; 20; 3524
10; 1; 37; 4119
4; 1; 22; 7192
2; 1; 16; 8355
19; 1; 43; 9500
6; 1; 24; 11056
15; 1; 28; 12955
17; 1; 28; 15200
9; 1; 35; 15691
0; 1; 43; 16128
11; 1; 23; 19573
22; 1; 39; 21827
13; 1; 31; 23677
18; 1; 45; 24718
1; 1; 10; 24997
12; 1; 39; 27252
16; 1; 22; 31408
3; 1; 8; 32845
21; 1; 2; 33358
7; 1; 17; 35166
14; 1; 32; 35646
8; 1; 22; 37901
