**** 633 ****
107
501; 309; 2; 1; 0
295; 293; 1; 2; 8
420; 388; 1; 2; 15
295; 324; 1; 2; 15
433; 402; 1; 2; 22
356; 385; 2; 1; 22
384; 289; 2; 1; 24
453; 341; 1; 2; 31
328; 349; 1; 2; 36
505; 305; 2; 1; 36
337; 328; 2; 1; 47
386; 336; 2; 1; 56
300; 375; 1; 2; 75
411; 329; 2; 1; 81
505; 372; 1; 2; 88
349; 301; 2; 1; 105
314; 312; 2; 1; 106
383; 462; 2; 1; 110
342; 438; 1; 2; 128
487; 363; 2; 1; 134
435; 296; 2; 1; 137
308; 318; 1; 2; 143
373; 352; 1; 2; 144
504; 348; 2; 1; 152
356; 311; 2; 1; 154
381; 294; 2; 1; 162
345; 335; 2; 1; 170
391; 490; 2; 1; 172
497; 427; 1; 2; 173
483; 432; 2; 1; 174
291; 391; 1; 2; 181
430; 431; 2; 1; 212
441; 486; 2; 1; 217
455; 378; 2; 1; 221
423; 475; 1; 2; 236
414; 330; 2; 1; 242
382; 313; 2; 1; 245
390; 299; 1; 2; 254
418; 422; 1; 2; 262
293; 485; 1; 2; 265
489; 313; 2; 1; 276
448; 325; 1; 2; 295
294; 301; 1; 2; 305
378; 332; 2; 1; 320
497; 421; 2; 1; 321
394; 493; 2; 1; 324
465; 335; 2; 1; 332
358; 428; 1; 2; 339
462; 306; 2; 1; 365
345; 437; 1; 2; 367
378; 476; 2; 1; 369
291; 451; 1; 2; 374
330; 406; 1; 2; 375
467; 503; 2; 1; 388
403; 503; 2; 1; 391
472; 304; 2; 1; 391
335; 348; 1; 2; 391
390; 367; 1; 2; 391
505; 323; 2; 1; 392
454; 465; 2; 1; 396
476; 396; 2; 1; 405
486; 311; 2; 1; 415
494; 349; 1; 2; 421
302; 287; 1; 2; 427
482; 435; 1; 2; 440
404; 428; 1; 2; 445
366; 495; 1; 2; 446
403; 341; 1; 2; 447
407; 458; 1; 2; 449
351; 405; 2; 1; 456
347; 505; 1; 2; 458
305; 419; 2; 1; 469
415; 463; 2; 1; 474
319; 431; 1; 2; 478
353; 358; 2; 1; 478
391; 490; 2; 1; 486
360; 424; 1; 2; 489
404; 456; 2; 1; 498
504; 329; 1; 2; 513
444; 428; 2; 1; 525
475; 408; 1; 2; 546
405; 384; 1; 2; 550
473; 441; 2; 1; 551
368; 301; 2; 1; 561
452; 403; 1; 2; 562
415; 404; 1; 2; 581
386; 434; 1; 2; 590
337; 303; 1; 2; 593
337; 431; 2; 1; 599
418; 293; 2; 1; 615
448; 380; 2; 1; 622
389; 425; 1; 2; 625
299; 346; 2; 1; 630
504; 501; 1; 2; 633
448; 407; 1; 2; 652
435; 329; 1; 2; 660
466; 504; 1; 2; 662
303; 367; 2; 1; 680
479; 298; 2; 1; 684
447; 340; 2; 1; 695
445; 418; 1; 2; 698
460; 356; 1; 2; 702
458; 307; 1; 2; 703
296; 495; 2; 1; 708
482; 418; 1; 2; 710
364; 504; 1; 2; 724
327; 333; 2; 1; 725
24
2; 1; 19; 623
11; 1; 34; 2932
13; 1; 5; 4268
1; 1; 23; 4439
3; 1; 19; 6197
4; 1; 7; 9745
22; 1; 11; 10152
12; 1; 17; 11590
5; 1; 19; 11799
15; 1; 17; 14263
0; 1; 48; 15390
9; 1; 28; 16269
16; 1; 43; 16753
17; 1; 25; 17330
10; 1; 28; 17533
18; 1; 5; 22071
19; 1; 22; 23319
23; 1; 25; 23416
21; 1; 26; 26913
14; 1; 14; 34905
6; 1; 7; 38639
7; 1; 41; 41525
20; 1; 36; 41949
8; 1; 40; 42190
