**** 634 ****
107
450; 336; 1; 2; 3
314; 394; 2; 1; 14
287; 338; 1; 2; 31
443; 452; 2; 1; 43
316; 471; 1; 2; 48
287; 483; 1; 2; 52
379; 391; 1; 2; 65
441; 430; 1; 2; 74
421; 362; 1; 2; 76
418; 465; 2; 1; 87
435; 324; 1; 2; 95
383; 297; 1; 2; 118
288; 292; 1; 2; 118
438; 368; 1; 2; 119
381; 360; 2; 1; 123
319; 465; 2; 1; 123
425; 341; 1; 2; 124
459; 298; 2; 1; 126
427; 306; 2; 1; 127
452; 313; 2; 1; 147
351; 298; 1; 2; 149
354; 457; 1; 2; 149
456; 419; 2; 1; 163
294; 304; 2; 1; 167
353; 311; 1; 2; 175
468; 396; 1; 2; 176
311; 493; 1; 2; 177
415; 456; 2; 1; 180
317; 383; 1; 2; 185
471; 375; 1; 2; 187
373; 383; 2; 1; 191
403; 461; 2; 1; 229
321; 338; 1; 2; 237
321; 325; 1; 2; 239
294; 350; 2; 1; 243
473; 453; 1; 2; 266
339; 472; 1; 2; 268
334; 310; 1; 2; 278
462; 430; 1; 2; 285
430; 380; 1; 2; 297
473; 371; 2; 1; 302
439; 316; 2; 1; 307
361; 417; 2; 1; 318
435; 352; 1; 2; 325
315; 427; 1; 2; 330
470; 455; 2; 1; 338
380; 470; 2; 1; 353
480; 484; 1; 2; 357
438; 299; 2; 1; 360
419; 396; 2; 1; 363
497; 479; 1; 2; 368
293; 434; 2; 1; 372
349; 487; 2; 1; 376
290; 337; 1; 2; 389
344; 404; 1; 2; 390
313; 437; 1; 2; 393
305; 307; 2; 1; 395
419; 324; 1; 2; 397
448; 450; 2; 1; 398
300; 410; 1; 2; 406
405; 326; 2; 1; 418
422; 297; 1; 2; 428
456; 377; 1; 2; 429
350; 310; 2; 1; 438
434; 313; 2; 1; 455
418; 296; 2; 1; 455
286; 440; 2; 1; 471
502; 454; 2; 1; 494
310; 364; 2; 1; 495
380; 334; 2; 1; 507
346; 476; 1; 2; 523
467; 418; 1; 2; 538
299; 311; 2; 1; 551
376; 379; 1; 2; 559
403; 426; 2; 1; 561
358; 339; 1; 2; 564
386; 401; 1; 2; 566
464; 463; 1; 2; 576
371; 341; 1; 2; 577
315; 496; 2; 1; 578
499; 306; 1; 2; 580
488; 407; 2; 1; 583
428; 433; 1; 2; 587
420; 468; 1; 2; 591
286; 433; 2; 1; 621
399; 385; 2; 1; 624
420; 501; 1; 2; 636
356; 405; 1; 2; 639
335; 299; 2; 1; 641
300; 498; 1; 2; 641
488; 320; 2; 1; 642
421; 391; 1; 2; 644
421; 362; 2; 1; 646
384; 308; 2; 1; 650
326; 475; 1; 2; 651
308; 369; 2; 1; 655
326; 349; 2; 1; 655
355; 363; 2; 1; 667
476; 325; 2; 1; 669
494; 346; 2; 1; 670
341; 353; 2; 1; 685
359; 450; 2; 1; 691
441; 503; 2; 1; 697
313; 345; 2; 1; 711
328; 400; 2; 1; 711
290; 430; 1; 2; 713
460; 486; 2; 1; 731
24
19; 1; 42; 624
13; 1; 48; 1427
12; 1; 41; 3246
20; 1; 22; 3418
17; 1; 17; 4276
0; 1; 14; 5279
8; 1; 34; 8275
7; 1; 47; 11871
1; 1; 14; 13242
9; 1; 16; 13828
2; 1; 7; 15633
21; 1; 43; 23395
11; 1; 21; 24937
14; 1; 9; 25155
5; 1; 27; 25859
4; 1; 29; 27019
3; 1; 21; 27074
10; 1; 28; 27683
18; 1; 46; 28667
16; 1; 39; 31932
6; 1; 44; 37047
15; 1; 42; 39047
23; 1; 13; 41450
22; 1; 17; 41702
