**** 635 ****
107
322; 446; 2; 1; 9
298; 305; 2; 1; 15
484; 303; 1; 2; 16
358; 460; 2; 1; 24
331; 485; 2; 1; 25
289; 447; 1; 2; 26
342; 444; 2; 1; 31
408; 463; 1; 2; 33
335; 362; 2; 1; 39
460; 433; 2; 1; 42
405; 373; 1; 2; 43
293; 331; 2; 1; 47
361; 315; 2; 1; 48
478; 300; 1; 2; 57
436; 397; 2; 1; 67
428; 324; 2; 1; 72
364; 449; 2; 1; 73
347; 304; 2; 1; 81
480; 349; 2; 1; 83
366; 466; 2; 1; 83
503; 372; 1; 2; 86
334; 487; 2; 1; 100
501; 435; 2; 1; 101
431; 378; 2; 1; 119
413; 333; 2; 1; 121
330; 376; 2; 1; 123
316; 384; 2; 1; 129
433; 495; 2; 1; 145
286; 484; 2; 1; 145
439; 440; 2; 1; 146
461; 319; 2; 1; 151
481; 426; 1; 2; 176
306; 479; 2; 1; 183
329; 439; 1; 2; 188
471; 412; 1; 2; 190
351; 362; 2; 1; 193
441; 420; 1; 2; 197
323; 420; 2; 1; 202
437; 504; 2; 1; 202
394; 429; 2; 1; 208
350; 308; 2; 1; 209
485; 480; 2; 1; 217
448; 426; 1; 2; 220
354; 287; 2; 1; 221
390; 477; 1; 2; 225
385; 289; 2; 1; 230
369; 364; 1; 2; 231
437; 318; 1; 2; 236
365; 467; 2; 1; 240
297; 306; 2; 1; 241
370; 430; 2; 1; 243
314; 463; 1; 2; 253
497; 362; 2; 1; 256
338; 309; 2; 1; 259
478; 345; 2; 1; 266
492; 322; 2; 1; 272
303; 288; 1; 2; 277
321; 382; 2; 1; 285
396; 502; 2; 1; 301
443; 440; 1; 2; 319
326; 360; 2; 1; 320
357; 321; 1; 2; 354
473; 292; 2; 1; 357
354; 476; 2; 1; 358
438; 433; 2; 1; 381
407; 475; 1; 2; 389
489; 440; 2; 1; 398
415; 478; 1; 2; 429
329; 477; 2; 1; 445
337; 482; 1; 2; 452
466; 428; 1; 2; 456
496; 371; 2; 1; 472
465; 324; 2; 1; 473
488; 413; 1; 2; 478
332; 407; 1; 2; 481
389; 502; 1; 2; 506
421; 314; 2; 1; 511
459; 450; 2; 1; 515
475; 488; 1; 2; 516
463; 412; 2; 1; 516
439; 409; 1; 2; 516
406; 491; 1; 2; 522
377; 417; 2; 1; 528
455; 386; 1; 2; 533
306; 325; 1; 2; 553
416; 401; 1; 2; 556
335; 432; 1; 2; 561
400; 330; 1; 2; 575
395; 361; 2; 1; 577
469; 342; 1; 2; 591
323; 323; 1; 2; 591
311; 414; 1; 2; 598
489; 432; 1; 2; 602
458; 344; 1; 2; 606
322; 315; 1; 2; 612
442; 436; 1; 2; 621
412; 408; 2; 1; 622
397; 491; 1; 2; 633
304; 394; 2; 1; 658
288; 340; 2; 1; 675
303; 486; 1; 2; 681
442; 442; 2; 1; 690
379; 390; 2; 1; 694
434; 427; 1; 2; 711
364; 434; 2; 1; 714
303; 296; 1; 2; 714
386; 479; 1; 2; 719
24
7; 1; 30; 5534
18; 1; 32; 7878
22; 1; 3; 10395
21; 1; 24; 11186
17; 1; 15; 11287
0; 1; 49; 15206
11; 1; 39; 15589
8; 1; 42; 17460
5; 1; 11; 19479
6; 1; 17; 23660
14; 1; 42; 23799
13; 1; 32; 24722
20; 1; 42; 26781
1; 1; 4; 27602
10; 1; 40; 28064
3; 1; 25; 29090
4; 1; 34; 31880
15; 1; 11; 33138
9; 1; 27; 36702
19; 1; 17; 37458
2; 1; 44; 37560
12; 1; 39; 38072
16; 1; 29; 39206
23; 1; 12; 41348
