**** 636 ****
107
477; 316; 1; 2; 3
433; 426; 2; 1; 9
343; 321; 2; 1; 15
287; 355; 2; 1; 42
353; 294; 2; 1; 47
310; 296; 2; 1; 50
450; 449; 1; 2; 56
494; 330; 2; 1; 64
320; 306; 2; 1; 68
438; 462; 2; 1; 68
483; 378; 1; 2; 79
338; 497; 2; 1; 84
360; 371; 1; 2; 101
495; 421; 1; 2; 108
498; 462; 1; 2; 110
344; 481; 1; 2; 112
326; 438; 2; 1; 112
413; 403; 2; 1; 117
345; 498; 2; 1; 118
300; 325; 1; 2; 126
378; 389; 1; 2; 133
334; 469; 2; 1; 133
454; 491; 2; 1; 134
498; 495; 1; 2; 134
446; 293; 1; 2; 153
330; 343; 2; 1; 163
316; 378; 1; 2; 177
317; 392; 2; 1; 179
442; 290; 2; 1; 179
447; 382; 1; 2; 195
319; 439; 1; 2; 200
313; 494; 1; 2; 208
487; 455; 1; 2; 218
398; 334; 2; 1; 242
294; 494; 2; 1; 248
304; 477; 1; 2; 258
349; 495; 2; 1; 262
360; 298; 2; 1; 264
439; 479; 1; 2; 275
340; 398; 2; 1; 279
400; 376; 2; 1; 300
331; 362; 1; 2; 306
371; 351; 1; 2; 319
415; 299; 2; 1; 330
286; 299; 2; 1; 337
488; 308; 2; 1; 341
311; 384; 1; 2; 352
447; 487; 2; 1; 363
331; 296; 1; 2; 371
459; 290; 1; 2; 377
469; 311; 2; 1; 387
363; 322; 2; 1; 399
489; 490; 1; 2; 404
379; 462; 1; 2; 408
337; 298; 1; 2; 411
415; 423; 1; 2; 413
336; 373; 1; 2; 417
389; 504; 2; 1; 423
467; 380; 2; 1; 431
354; 420; 1; 2; 447
399; 433; 1; 2; 452
380; 301; 1; 2; 461
452; 501; 2; 1; 461
467; 492; 2; 1; 467
365; 463; 2; 1; 470
405; 428; 2; 1; 483
464; 330; 1; 2; 491
362; 475; 1; 2; 506
316; 504; 2; 1; 508
479; 430; 1; 2; 511
491; 448; 1; 2; 513
330; 331; 1; 2; 514
358; 329; 1; 2; 520
361; 332; 1; 2; 527
436; 485; 1; 2; 530
421; 370; 1; 2; 541
422; 369; 2; 1; 567
329; 310; 2; 1; 573
435; 371; 1; 2; 577
423; 348; 1; 2; 579
323; 325; 1; 2; 581
312; 493; 2; 1; 588
330; 321; 1; 2; 589
342; 291; 1; 2; 593
440; 425; 1; 2; 595
434; 419; 2; 1; 597
499; 317; 1; 2; 600
498; 409; 1; 2; 608
497; 377; 2; 1; 610
418; 370; 1; 2; 618
379; 485; 2; 1; 624
437; 463; 2; 1; 628
330; 429; 2; 1; 652
354; 401; 2; 1; 653
322; 438; 2; 1; 667
317; 336; 2; 1; 668
478; 293; 2; 1; 671
301; 321; 1; 2; 675
296; 364; 2; 1; 677
494; 404; 1; 2; 682
471; 451; 2; 1; 717
463; 370; 2; 1; 720
304; 364; 1; 2; 721
363; 306; 2; 1; 722
366; 332; 1; 2; 729
372; 477; 2; 1; 730
482; 390; 2; 1; 733
24
7; 1; 46; 1000
15; 1; 12; 6695
9; 1; 1; 12806
20; 1; 12; 12865
1; 1; 5; 13116
18; 1; 26; 13245
6; 1; 9; 13444
4; 1; 23; 18690
2; 1; 1; 18909
19; 1; 15; 21129
21; 1; 19; 23557
23; 1; 26; 24310
22; 1; 37; 24691
12; 1; 6; 25490
8; 1; 22; 28491
11; 1; 10; 29827
17; 1; 23; 31114
0; 1; 6; 35830
16; 1; 44; 38875
14; 1; 6; 39876
3; 1; 49; 41031
5; 1; 28; 41509
10; 1; 18; 41829
13; 1; 11; 41855
