**** 637 ****
107
411; 336; 2; 1; 4
496; 354; 1; 2; 13
313; 291; 2; 1; 26
424; 474; 1; 2; 37
301; 345; 2; 1; 45
469; 439; 1; 2; 46
466; 384; 1; 2; 49
392; 456; 1; 2; 58
447; 400; 1; 2; 86
299; 382; 2; 1; 88
351; 404; 1; 2; 108
431; 424; 2; 1; 108
481; 347; 2; 1; 114
325; 407; 2; 1; 116
424; 389; 2; 1; 128
416; 357; 2; 1; 129
504; 332; 2; 1; 131
459; 297; 1; 2; 133
335; 436; 2; 1; 145
300; 412; 1; 2; 146
405; 340; 1; 2; 157
404; 288; 2; 1; 167
328; 430; 2; 1; 176
406; 390; 2; 1; 176
473; 471; 1; 2; 182
427; 350; 2; 1; 182
480; 496; 1; 2; 203
289; 354; 2; 1; 204
465; 293; 2; 1; 207
293; 405; 1; 2; 208
483; 362; 2; 1; 232
381; 329; 2; 1; 240
289; 286; 1; 2; 242
461; 322; 1; 2; 243
350; 369; 2; 1; 243
498; 390; 1; 2; 252
465; 306; 2; 1; 252
503; 459; 2; 1; 259
380; 499; 1; 2; 259
425; 333; 2; 1; 260
419; 338; 2; 1; 269
288; 447; 2; 1; 270
378; 346; 2; 1; 303
368; 498; 2; 1; 310
451; 446; 2; 1; 316
335; 318; 2; 1; 318
476; 390; 2; 1; 320
360; 348; 1; 2; 320
291; 391; 2; 1; 325
365; 423; 2; 1; 325
442; 331; 1; 2; 326
322; 406; 2; 1; 343
358; 338; 2; 1; 351
501; 289; 1; 2; 352
442; 431; 2; 1; 353
452; 427; 2; 1; 355
290; 485; 2; 1; 356
365; 434; 1; 2; 359
377; 346; 2; 1; 359
407; 408; 1; 2; 366
328; 364; 1; 2; 367
384; 482; 1; 2; 369
434; 339; 1; 2; 369
350; 435; 1; 2; 378
356; 504; 2; 1; 378
305; 321; 2; 1; 379
324; 386; 1; 2; 380
450; 469; 1; 2; 395
401; 406; 2; 1; 404
487; 321; 1; 2; 421
504; 373; 2; 1; 434
456; 402; 2; 1; 435
359; 404; 2; 1; 447
422; 485; 1; 2; 453
504; 337; 2; 1; 459
481; 352; 2; 1; 467
296; 443; 2; 1; 471
494; 496; 2; 1; 483
477; 483; 1; 2; 497
413; 452; 1; 2; 502
407; 473; 1; 2; 506
365; 428; 1; 2; 508
292; 411; 1; 2; 518
415; 406; 1; 2; 518
490; 306; 2; 1; 519
491; 421; 1; 2; 525
342; 286; 1; 2; 530
394; 489; 1; 2; 543
340; 330; 2; 1; 549
287; 288; 1; 2; 559
408; 348; 2; 1; 563
461; 311; 1; 2; 566
468; 449; 2; 1; 583
400; 473; 1; 2; 586
467; 325; 1; 2; 603
298; 379; 2; 1; 614
490; 455; 1; 2; 637
428; 471; 1; 2; 664
360; 478; 1; 2; 666
408; 453; 2; 1; 668
346; 308; 1; 2; 677
337; 413; 2; 1; 686
313; 406; 2; 1; 693
492; 365; 2; 1; 703
504; 312; 2; 1; 704
395; 443; 2; 1; 710
385; 335; 2; 1; 731
24
3; 1; 13; 1976
21; 1; 48; 7584
2; 1; 17; 8264
15; 1; 45; 9071
12; 1; 7; 11639
23; 1; 38; 12632
13; 1; 7; 13814
9; 1; 11; 14291
11; 1; 45; 15182
18; 1; 15; 15990
14; 1; 12; 16304
5; 1; 40; 19045
20; 1; 43; 19325
22; 1; 4; 20697
1; 1; 2; 21250
6; 1; 1; 25933
19; 1; 25; 30420
10; 1; 28; 30724
17; 1; 26; 34740
7; 1; 34; 35378
0; 1; 38; 38603
16; 1; 31; 38656
8; 1; 37; 40313
4; 1; 46; 42190
