**** 638 ****
108
466; 320; 2; 1; 16
382; 394; 1; 2; 16
352; 494; 1; 2; 30
445; 330; 2; 1; 41
422; 362; 1; 2; 44
510; 419; 1; 2; 45
420; 415; 1; 2; 56
426; 291; 1; 2; 63
374; 458; 1; 2; 74
414; 357; 2; 1; 79
321; 461; 2; 1; 82
414; 315; 1; 2; 84
364; 468; 1; 2; 91
442; 410; 1; 2; 99
504; 301; 2; 1; 111
305; 341; 1; 2; 114
369; 304; 2; 1; 137
358; 408; 2; 1; 142
501; 405; 1; 2; 144
358; 463; 1; 2; 148
329; 458; 1; 2; 156
497; 457; 1; 2; 160
368; 482; 2; 1; 162
478; 306; 1; 2; 165
419; 412; 1; 2; 169
455; 306; 1; 2; 173
425; 321; 1; 2; 178
485; 432; 1; 2; 193
434; 435; 2; 1; 193
495; 327; 2; 1; 199
322; 412; 2; 1; 208
463; 318; 2; 1; 212
388; 332; 1; 2; 213
433; 294; 2; 1; 213
318; 478; 1; 2; 233
507; 316; 1; 2; 236
306; 367; 1; 2; 238
456; 339; 2; 1; 243
411; 504; 1; 2; 244
508; 304; 2; 1; 259
329; 346; 1; 2; 262
364; 334; 2; 1; 263
490; 294; 2; 1; 269
434; 318; 1; 2; 296
407; 478; 1; 2; 305
427; 296; 1; 2; 312
316; 455; 1; 2; 318
429; 348; 1; 2; 336
501; 463; 2; 1; 340
301; 386; 1; 2; 343
371; 399; 2; 1; 346
437; 467; 1; 2; 346
479; 504; 2; 1; 356
384; 476; 1; 2; 364
333; 458; 2; 1; 365
382; 439; 1; 2; 370
457; 407; 1; 2; 370
495; 392; 2; 1; 376
399; 312; 2; 1; 383
414; 330; 1; 2; 386
465; 392; 2; 1; 386
386; 328; 1; 2; 391
503; 388; 2; 1; 394
375; 508; 2; 1; 395
325; 330; 1; 2; 402
508; 447; 2; 1; 412
437; 389; 2; 1; 434
384; 452; 2; 1; 435
309; 336; 1; 2; 447
406; 328; 2; 1; 456
341; 460; 2; 1; 462
362; 299; 2; 1; 481
512; 314; 1; 2; 482
330; 512; 2; 1; 485
501; 462; 2; 1; 490
375; 434; 2; 1; 493
470; 291; 1; 2; 502
412; 337; 2; 1; 513
467; 304; 2; 1; 517
496; 458; 2; 1; 535
457; 310; 2; 1; 535
332; 328; 2; 1; 536
395; 450; 1; 2; 552
320; 384; 1; 2; 553
379; 300; 2; 1; 557
298; 478; 1; 2; 557
486; 325; 2; 1; 563
485; 295; 1; 2; 570
506; 396; 2; 1; 572
313; 464; 1; 2; 574
506; 354; 1; 2; 578
440; 333; 1; 2; 588
297; 415; 2; 1; 594
368; 425; 2; 1; 615
461; 488; 1; 2; 632
450; 491; 2; 1; 637
445; 498; 2; 1; 637
501; 438; 2; 1; 640
427; 512; 1; 2; 655
400; 449; 2; 1; 661
417; 354; 1; 2; 666
500; 491; 1; 2; 667
339; 486; 1; 2; 668
395; 351; 2; 1; 669
460; 377; 2; 1; 671
410; 511; 2; 1; 700
432; 462; 2; 1; 703
465; 342; 1; 2; 736
24
16; 1; 28; 506
12; 1; 11; 911
13; 1; 36; 5486
11; 1; 19; 5545
17; 1; 35; 8609
23; 1; 40; 9246
5; 1; 21; 14695
6; 1; 8; 18269
10; 1; 18; 18933
7; 1; 25; 19287
1; 1; 46; 22301
18; 1; 13; 28378
15; 1; 19; 28769
19; 1; 48; 29492
21; 1; 4; 29741
2; 1; 41; 33695
14; 1; 4; 36971
3; 1; 12; 37743
22; 1; 12; 38885
4; 1; 39; 40377
9; 1; 37; 41180
0; 1; 22; 42534
8; 1; 23; 44075
20; 1; 35; 45088
