**** 639 ****
108
324; 324; 2; 1; 3
336; 440; 2; 1; 11
497; 461; 1; 2; 16
292; 365; 1; 2; 20
470; 363; 2; 1; 29
504; 374; 1; 2; 31
316; 343; 2; 1; 32
400; 457; 1; 2; 50
396; 476; 1; 2; 52
383; 317; 1; 2; 53
393; 300; 2; 1; 69
349; 433; 2; 1; 70
467; 385; 1; 2; 78
422; 408; 1; 2; 84
464; 334; 2; 1; 90
414; 462; 2; 1; 96
428; 323; 1; 2; 97
298; 506; 1; 2; 99
432; 419; 1; 2; 101
315; 329; 2; 1; 101
378; 309; 2; 1; 110
478; 430; 1; 2; 118
431; 468; 2; 1; 118
320; 419; 1; 2; 145
339; 434; 2; 1; 159
385; 305; 2; 1; 165
390; 500; 1; 2; 167
393; 500; 2; 1; 176
312; 349; 1; 2; 178
310; 351; 2; 1; 189
398; 353; 2; 1; 204
463; 483; 2; 1; 206
373; 347; 2; 1; 207
445; 307; 1; 2; 217
469; 291; 1; 2; 218
392; 398; 2; 1; 223
358; 473; 2; 1; 225
489; 315; 2; 1; 227
422; 382; 1; 2; 227
466; 351; 1; 2; 230
477; 320; 1; 2; 240
316; 501; 1; 2; 244
349; 479; 1; 2; 244
440; 506; 1; 2; 247
497; 469; 1; 2; 258
337; 374; 2; 1; 269
378; 375; 2; 1; 285
410; 313; 1; 2; 291
452; 378; 1; 2; 305
506; 383; 1; 2; 307
444; 355; 1; 2; 310
402; 488; 2; 1; 317
360; 486; 1; 2; 323
396; 377; 1; 2; 337
496; 404; 2; 1; 342
350; 414; 1; 2; 345
355; 410; 1; 2; 353
343; 325; 2; 1; 359
462; 301; 2; 1; 363
480; 425; 1; 2; 366
376; 326; 2; 1; 400
369; 468; 2; 1; 417
354; 346; 2; 1; 421
496; 404; 2; 1; 423
476; 311; 2; 1; 426
431; 379; 1; 2; 427
320; 428; 1; 2; 447
321; 355; 1; 2; 447
335; 462; 1; 2; 456
490; 405; 1; 2; 456
395; 373; 2; 1; 463
446; 336; 2; 1; 480
308; 396; 1; 2; 490
425; 502; 1; 2; 496
492; 503; 1; 2; 496
468; 454; 2; 1; 497
339; 473; 1; 2; 504
348; 398; 1; 2; 512
389; 434; 1; 2; 516
484; 297; 2; 1; 539
373; 430; 2; 1; 541
316; 434; 1; 2; 553
388; 311; 1; 2; 568
440; 324; 2; 1; 572
415; 383; 2; 1; 574
418; 328; 2; 1; 577
436; 426; 1; 2; 580
446; 396; 1; 2; 583
491; 431; 1; 2; 588
431; 382; 2; 1; 601
496; 436; 1; 2; 617
468; 379; 1; 2; 620
395; 463; 2; 1; 625
460; 321; 1; 2; 632
480; 399; 2; 1; 639
402; 415; 1; 2; 658
395; 454; 2; 1; 660
391; 375; 2; 1; 662
304; 313; 1; 2; 664
298; 329; 1; 2; 666
362; 312; 2; 1; 671
442; 378; 2; 1; 673
325; 297; 1; 2; 684
483; 390; 2; 1; 697
395; 433; 2; 1; 707
416; 502; 1; 2; 711
433; 299; 1; 2; 712
438; 450; 1; 2; 715
24
23; 1; 15; 1760
14; 1; 15; 3596
8; 1; 39; 3895
0; 1; 35; 6083
22; 1; 40; 9931
21; 1; 4; 11223
4; 1; 39; 11660
17; 1; 10; 11705
2; 1; 46; 11723
3; 1; 6; 16081
5; 1; 23; 16314
6; 1; 4; 17383
19; 1; 26; 18924
13; 1; 3; 21496
9; 1; 2; 23514
7; 1; 38; 28212
1; 1; 21; 29691
20; 1; 38; 33043
15; 1; 35; 33465
11; 1; 44; 34528
10; 1; 4; 36635
12; 1; 34; 39038
18; 1; 17; 39083
16; 1; 27; 43958
