**** 64 ****
55
58; 39; 1; 2; 4
27; 80; 1; 2; 5
33; 82; 1; 2; 6
85; 69; 1; 2; 11
60; 73; 2; 1; 14
78; 38; 2; 1; 15
36; 81; 1; 2; 16
63; 68; 1; 2; 23
53; 65; 1; 2; 26
73; 47; 2; 1; 36
49; 26; 1; 2; 40
69; 54; 2; 1; 45
70; 89; 1; 2; 49
28; 74; 2; 1; 50
42; 76; 2; 1; 50
69; 72; 2; 1; 52
69; 62; 1; 2; 55
52; 42; 1; 2; 55
83; 72; 1; 2; 57
75; 68; 1; 2; 58
35; 54; 2; 1; 63
45; 39; 1; 2; 63
26; 47; 1; 2; 65
53; 29; 2; 1; 68
27; 76; 1; 2; 74
73; 45; 2; 1; 76
33; 48; 2; 1; 78
46; 27; 2; 1; 85
53; 79; 1; 2; 88
65; 61; 2; 1; 89
68; 29; 2; 1; 89
67; 63; 2; 1; 90
42; 56; 1; 2; 93
46; 55; 2; 1; 96
76; 64; 2; 1; 98
49; 82; 1; 2; 99
32; 59; 2; 1; 103
43; 38; 2; 1; 112
47; 51; 1; 2; 114
44; 52; 1; 2; 118
71; 48; 1; 2; 119
36; 42; 1; 2; 122
57; 65; 1; 2; 123
54; 72; 2; 1; 126
74; 30; 2; 1; 136
49; 84; 1; 2; 138
64; 44; 2; 1; 139
77; 68; 1; 2; 140
36; 56; 2; 1; 145
58; 83; 2; 1; 147
55; 55; 1; 2; 148
46; 85; 2; 1; 149
29; 26; 1; 2; 153
44; 51; 1; 2; 154
54; 26; 2; 1; 158
13
5; 1; 32; 341
8; 1; 2; 497
1; 1; 34; 760
2; 1; 41; 857
9; 1; 36; 909
11; 1; 20; 965
12; 1; 16; 988
4; 1; 10; 1826
0; 1; 11; 1878
7; 1; 31; 2400
6; 1; 10; 2686
10; 1; 17; 2796
3; 1; 6; 2838
