**** 640 ****
108
367; 433; 2; 1; 4
486; 407; 2; 1; 23
460; 294; 1; 2; 27
486; 326; 1; 2; 28
357; 434; 2; 1; 35
495; 393; 1; 2; 38
443; 486; 2; 1; 44
337; 362; 1; 2; 45
393; 423; 2; 1; 53
332; 493; 2; 1; 64
311; 480; 2; 1; 66
477; 446; 2; 1; 69
305; 506; 2; 1; 77
501; 505; 1; 2; 78
399; 379; 2; 1; 89
480; 400; 2; 1; 98
418; 344; 1; 2; 98
410; 493; 2; 1; 122
388; 492; 1; 2; 129
475; 408; 2; 1; 130
406; 383; 1; 2; 130
342; 425; 1; 2; 133
343; 440; 1; 2; 135
324; 459; 1; 2; 152
510; 484; 1; 2; 157
362; 432; 2; 1; 160
373; 376; 1; 2; 165
330; 328; 1; 2; 169
338; 506; 2; 1; 172
398; 477; 2; 1; 172
310; 415; 1; 2; 183
329; 310; 2; 1; 185
384; 291; 1; 2; 187
413; 415; 1; 2; 190
498; 457; 1; 2; 190
367; 452; 2; 1; 212
481; 479; 1; 2; 213
375; 503; 2; 1; 220
509; 430; 2; 1; 235
334; 299; 2; 1; 238
308; 483; 1; 2; 241
346; 423; 1; 2; 242
453; 309; 1; 2; 254
314; 298; 2; 1; 259
439; 411; 1; 2; 260
365; 489; 1; 2; 271
498; 412; 1; 2; 273
337; 372; 2; 1; 278
354; 493; 2; 1; 278
292; 459; 1; 2; 278
365; 511; 2; 1; 280
297; 459; 1; 2; 307
379; 332; 2; 1; 312
315; 352; 2; 1; 318
433; 508; 2; 1; 320
434; 508; 1; 2; 323
470; 328; 2; 1; 323
509; 451; 1; 2; 332
438; 308; 2; 1; 340
446; 292; 1; 2; 347
473; 446; 2; 1; 351
484; 501; 1; 2; 355
335; 460; 1; 2; 356
304; 474; 1; 2; 376
312; 388; 1; 2; 392
368; 445; 1; 2; 401
448; 376; 2; 1; 403
309; 442; 2; 1; 409
329; 327; 1; 2; 413
463; 470; 2; 1; 425
460; 426; 1; 2; 443
418; 363; 2; 1; 444
405; 421; 2; 1; 448
442; 497; 1; 2; 456
423; 355; 2; 1; 466
417; 458; 2; 1; 485
363; 380; 2; 1; 486
312; 439; 1; 2; 501
362; 396; 2; 1; 508
511; 440; 1; 2; 510
338; 348; 2; 1; 515
438; 429; 2; 1; 518
361; 429; 1; 2; 521
329; 370; 1; 2; 521
417; 366; 2; 1; 528
446; 406; 2; 1; 545
335; 324; 2; 1; 549
463; 362; 2; 1; 553
296; 376; 1; 2; 570
391; 419; 1; 2; 583
400; 394; 2; 1; 587
464; 382; 2; 1; 604
485; 422; 1; 2; 611
352; 513; 1; 2; 620
463; 484; 1; 2; 623
374; 310; 2; 1; 638
448; 293; 2; 1; 643
374; 295; 1; 2; 649
457; 469; 1; 2; 653
398; 383; 2; 1; 661
470; 502; 2; 1; 668
423; 321; 1; 2; 692
360; 347; 1; 2; 703
496; 411; 2; 1; 705
468; 404; 2; 1; 725
353; 326; 1; 2; 732
369; 298; 2; 1; 732
332; 358; 2; 1; 734
24
1; 1; 39; 2106
9; 1; 44; 3121
18; 1; 47; 7221
19; 1; 13; 9663
13; 1; 27; 11940
20; 1; 4; 16093
3; 1; 3; 16143
10; 1; 2; 18394
22; 1; 20; 18671
0; 1; 13; 19034
6; 1; 16; 19756
23; 1; 31; 20056
15; 1; 44; 21089
16; 1; 10; 24716
2; 1; 16; 25696
5; 1; 19; 28734
7; 1; 1; 28842
21; 1; 10; 29007
11; 1; 5; 34284
4; 1; 15; 35188
14; 1; 19; 36765
12; 1; 13; 36918
17; 1; 16; 39037
8; 1; 36; 39926
