**** 641 ****
108
342; 401; 2; 1; 12
331; 332; 1; 2; 14
362; 358; 1; 2; 21
351; 418; 2; 1; 22
502; 328; 1; 2; 29
493; 368; 1; 2; 35
317; 438; 2; 1; 39
344; 332; 2; 1; 55
484; 435; 1; 2; 59
358; 383; 2; 1; 77
417; 466; 2; 1; 83
374; 368; 1; 2; 84
307; 433; 2; 1; 85
340; 354; 1; 2; 100
504; 384; 2; 1; 103
335; 505; 2; 1; 112
491; 314; 1; 2; 119
418; 441; 2; 1; 120
326; 448; 1; 2; 143
497; 303; 1; 2; 143
401; 355; 2; 1; 152
358; 472; 2; 1; 155
376; 361; 2; 1; 184
428; 379; 1; 2; 206
509; 357; 1; 2; 208
333; 512; 2; 1; 210
299; 442; 2; 1; 218
308; 473; 1; 2; 229
456; 377; 2; 1; 230
416; 355; 2; 1; 230
508; 475; 1; 2; 233
412; 299; 1; 2; 244
292; 506; 2; 1; 250
493; 333; 1; 2; 272
334; 324; 1; 2; 280
459; 408; 2; 1; 289
504; 491; 2; 1; 295
350; 418; 1; 2; 296
509; 354; 2; 1; 298
335; 403; 1; 2; 305
482; 387; 1; 2; 306
408; 466; 1; 2; 310
471; 437; 1; 2; 314
311; 312; 1; 2; 320
306; 491; 2; 1; 330
326; 399; 2; 1; 349
390; 317; 1; 2; 351
509; 480; 2; 1; 354
402; 357; 1; 2; 355
370; 478; 2; 1; 359
405; 292; 2; 1; 374
326; 308; 2; 1; 374
405; 340; 2; 1; 376
357; 405; 2; 1; 382
300; 504; 2; 1; 385
315; 422; 2; 1; 395
482; 427; 1; 2; 397
495; 419; 2; 1; 405
436; 356; 2; 1; 412
382; 453; 2; 1; 417
480; 449; 2; 1; 418
353; 502; 1; 2; 420
409; 369; 1; 2; 442
457; 469; 1; 2; 444
354; 381; 2; 1; 454
441; 295; 1; 2; 455
437; 505; 1; 2; 456
354; 478; 2; 1; 465
426; 415; 1; 2; 466
446; 414; 1; 2; 473
508; 432; 2; 1; 476
306; 334; 2; 1; 483
344; 415; 1; 2; 486
347; 300; 2; 1; 494
395; 357; 1; 2; 531
483; 480; 1; 2; 534
411; 474; 1; 2; 536
461; 390; 2; 1; 543
383; 306; 1; 2; 549
491; 398; 2; 1; 551
401; 474; 2; 1; 554
473; 432; 1; 2; 570
405; 362; 2; 1; 593
383; 409; 1; 2; 593
485; 403; 1; 2; 597
460; 398; 1; 2; 605
431; 414; 2; 1; 607
414; 494; 2; 1; 613
389; 411; 2; 1; 615
448; 305; 2; 1; 619
356; 491; 2; 1; 626
305; 338; 2; 1; 631
440; 322; 2; 1; 632
464; 401; 2; 1; 638
420; 488; 1; 2; 660
354; 444; 1; 2; 663
369; 475; 2; 1; 669
336; 406; 2; 1; 675
299; 315; 2; 1; 678
441; 334; 1; 2; 681
359; 472; 2; 1; 685
490; 422; 1; 2; 692
320; 449; 2; 1; 694
477; 457; 2; 1; 701
441; 505; 2; 1; 705
507; 463; 2; 1; 732
437; 334; 2; 1; 737
310; 488; 2; 1; 737
24
4; 1; 36; 2285
11; 1; 35; 3412
8; 1; 9; 5963
9; 1; 32; 8607
1; 1; 42; 10263
17; 1; 18; 10690
22; 1; 18; 17574
12; 1; 7; 18164
2; 1; 12; 19312
18; 1; 4; 19641
7; 1; 26; 22829
20; 1; 10; 22857
16; 1; 24; 24471
15; 1; 48; 30141
6; 1; 28; 30242
13; 1; 12; 30841
0; 1; 16; 35267
19; 1; 16; 36441
10; 1; 32; 37192
21; 1; 7; 39989
5; 1; 29; 41046
3; 1; 8; 41718
14; 1; 22; 42156
23; 1; 43; 42989
