**** 642 ****
108
336; 350; 1; 2; 9
458; 513; 1; 2; 13
404; 512; 2; 1; 17
346; 408; 1; 2; 22
488; 379; 1; 2; 26
313; 491; 1; 2; 37
438; 495; 1; 2; 47
395; 477; 1; 2; 47
496; 422; 2; 1; 67
403; 387; 2; 1; 72
334; 475; 2; 1; 87
415; 364; 1; 2; 96
409; 322; 2; 1; 101
440; 326; 2; 1; 103
417; 358; 1; 2; 107
331; 356; 1; 2; 115
356; 413; 1; 2; 117
495; 444; 2; 1; 118
423; 343; 1; 2; 125
456; 477; 2; 1; 159
367; 495; 2; 1; 164
302; 482; 2; 1; 173
312; 485; 1; 2; 177
493; 451; 1; 2; 180
389; 364; 2; 1; 184
355; 370; 1; 2; 185
351; 502; 2; 1; 193
306; 312; 1; 2; 205
436; 342; 1; 2; 208
484; 418; 1; 2; 210
375; 352; 1; 2; 227
503; 497; 2; 1; 236
438; 396; 2; 1; 246
376; 408; 2; 1; 260
368; 345; 1; 2; 272
356; 364; 1; 2; 276
330; 465; 1; 2; 295
402; 431; 1; 2; 301
427; 436; 2; 1; 305
344; 420; 1; 2; 319
492; 463; 1; 2; 324
473; 429; 2; 1; 326
342; 507; 1; 2; 327
375; 472; 1; 2; 343
384; 330; 2; 1; 343
351; 331; 1; 2; 345
455; 499; 1; 2; 351
318; 415; 2; 1; 356
437; 497; 1; 2; 366
414; 457; 1; 2; 385
482; 480; 1; 2; 389
355; 433; 1; 2; 393
402; 364; 1; 2; 411
446; 404; 2; 1; 417
444; 372; 2; 1; 435
450; 345; 1; 2; 452
402; 425; 1; 2; 457
397; 451; 2; 1; 468
465; 464; 2; 1; 476
471; 395; 1; 2; 492
496; 470; 1; 2; 496
312; 490; 2; 1; 504
490; 498; 1; 2; 514
466; 398; 1; 2; 518
358; 385; 2; 1; 521
366; 311; 2; 1; 534
329; 403; 2; 1; 554
386; 417; 2; 1; 555
349; 422; 2; 1; 556
337; 422; 2; 1; 559
513; 436; 1; 2; 560
465; 377; 2; 1; 563
394; 484; 2; 1; 563
311; 474; 2; 1; 568
334; 397; 1; 2; 569
308; 413; 2; 1; 572
349; 467; 2; 1; 575
430; 488; 2; 1; 578
357; 467; 2; 1; 586
389; 416; 2; 1; 613
470; 443; 2; 1; 614
293; 402; 1; 2; 614
436; 350; 1; 2; 615
309; 466; 1; 2; 624
446; 386; 1; 2; 632
301; 318; 1; 2; 633
387; 320; 1; 2; 637
495; 333; 2; 1; 640
467; 510; 2; 1; 651
317; 334; 1; 2; 657
481; 466; 1; 2; 663
327; 405; 2; 1; 682
414; 308; 2; 1; 684
366; 443; 2; 1; 688
434; 300; 2; 1; 690
465; 408; 2; 1; 693
467; 445; 1; 2; 699
332; 411; 2; 1; 703
450; 441; 2; 1; 703
346; 510; 1; 2; 704
366; 471; 2; 1; 712
400; 400; 1; 2; 712
411; 497; 2; 1; 714
364; 485; 2; 1; 721
347; 367; 2; 1; 726
509; 309; 2; 1; 728
342; 411; 1; 2; 732
338; 363; 1; 2; 732
24
10; 1; 19; 264
0; 1; 2; 993
7; 1; 34; 3581
23; 1; 14; 5458
19; 1; 17; 6020
21; 1; 32; 10485
18; 1; 29; 12985
1; 1; 24; 17386
12; 1; 8; 18907
4; 1; 10; 21563
5; 1; 47; 24530
14; 1; 22; 24835
13; 1; 16; 28232
15; 1; 6; 28653
8; 1; 14; 28900
22; 1; 24; 29269
3; 1; 23; 31771
17; 1; 3; 32253
16; 1; 19; 34077
9; 1; 11; 36088
2; 1; 16; 37270
20; 1; 21; 38287
11; 1; 33; 39563
6; 1; 49; 43083
