**** 643 ****
108
414; 427; 1; 2; 10
504; 469; 2; 1; 12
476; 325; 2; 1; 20
416; 405; 1; 2; 28
412; 302; 2; 1; 35
305; 465; 1; 2; 47
447; 480; 2; 1; 48
304; 408; 2; 1; 56
302; 480; 1; 2; 58
386; 460; 2; 1; 66
448; 354; 1; 2; 71
420; 505; 1; 2; 89
469; 322; 2; 1; 99
483; 476; 1; 2; 100
499; 292; 1; 2; 107
449; 299; 2; 1; 121
325; 292; 1; 2; 123
470; 303; 1; 2; 133
402; 487; 2; 1; 134
378; 374; 1; 2; 136
376; 452; 2; 1; 147
394; 364; 2; 1; 153
404; 455; 2; 1; 175
292; 511; 1; 2; 190
388; 339; 1; 2; 190
320; 438; 1; 2; 195
348; 327; 2; 1; 196
298; 466; 1; 2; 197
464; 502; 1; 2; 201
291; 388; 1; 2; 202
366; 465; 1; 2; 210
405; 318; 1; 2; 225
509; 304; 1; 2; 226
366; 500; 1; 2; 240
432; 298; 2; 1; 245
322; 483; 1; 2; 256
450; 317; 1; 2; 257
389; 368; 2; 1; 260
503; 451; 1; 2; 260
334; 311; 2; 1; 263
355; 508; 2; 1; 267
315; 444; 1; 2; 292
339; 327; 2; 1; 293
293; 486; 2; 1; 293
454; 469; 1; 2; 300
432; 484; 1; 2; 301
434; 478; 1; 2; 307
317; 504; 2; 1; 308
373; 438; 1; 2; 318
483; 350; 2; 1; 321
335; 442; 1; 2; 322
418; 324; 2; 1; 323
323; 313; 1; 2; 346
513; 313; 1; 2; 366
320; 487; 1; 2; 377
380; 354; 1; 2; 397
313; 312; 2; 1; 411
438; 492; 1; 2; 412
367; 408; 2; 1; 413
352; 474; 1; 2; 435
316; 387; 2; 1; 444
337; 497; 2; 1; 473
345; 494; 2; 1; 479
494; 300; 1; 2; 481
355; 319; 1; 2; 487
400; 342; 2; 1; 499
395; 449; 1; 2; 503
315; 347; 1; 2; 511
330; 295; 2; 1; 521
489; 366; 1; 2; 527
467; 441; 1; 2; 529
506; 428; 2; 1; 557
446; 489; 1; 2; 558
425; 426; 1; 2; 560
469; 497; 2; 1; 585
308; 497; 2; 1; 590
369; 332; 1; 2; 590
296; 360; 2; 1; 595
359; 358; 1; 2; 596
386; 483; 1; 2; 597
433; 372; 2; 1; 602
334; 294; 2; 1; 603
502; 503; 1; 2; 611
415; 467; 2; 1; 614
303; 441; 1; 2; 619
478; 377; 2; 1; 631
362; 511; 1; 2; 634
307; 316; 2; 1; 643
486; 440; 2; 1; 649
442; 396; 2; 1; 650
465; 505; 2; 1; 654
378; 321; 1; 2; 659
354; 448; 1; 2; 659
307; 312; 2; 1; 663
292; 343; 1; 2; 665
312; 327; 1; 2; 670
325; 481; 1; 2; 685
507; 337; 2; 1; 689
387; 403; 2; 1; 690
405; 354; 2; 1; 700
369; 401; 2; 1; 714
392; 428; 2; 1; 716
495; 461; 1; 2; 718
473; 438; 1; 2; 722
365; 322; 2; 1; 729
495; 302; 1; 2; 734
367; 505; 1; 2; 736
378; 472; 2; 1; 737
24
8; 1; 12; 4105
9; 1; 43; 4399
0; 1; 4; 5372
13; 1; 17; 5845
1; 1; 29; 6006
11; 1; 10; 7608
4; 1; 15; 9379
17; 1; 42; 9844
10; 1; 49; 11090
21; 1; 43; 14845
6; 1; 30; 15377
15; 1; 3; 15642
2; 1; 19; 26043
20; 1; 6; 29363
16; 1; 5; 29887
14; 1; 15; 30633
19; 1; 33; 31468
23; 1; 11; 33987
12; 1; 33; 35713
22; 1; 2; 36513
3; 1; 30; 38286
5; 1; 21; 39104
7; 1; 24; 40043
18; 1; 42; 41753
