**** 644 ****
108
372; 484; 1; 2; 1
361; 292; 1; 2; 7
410; 354; 2; 1; 8
346; 460; 1; 2; 16
313; 377; 2; 1; 18
323; 494; 1; 2; 21
466; 451; 1; 2; 26
444; 505; 1; 2; 31
402; 327; 2; 1; 74
433; 316; 2; 1; 74
449; 475; 2; 1; 90
368; 355; 2; 1; 91
504; 319; 1; 2; 100
396; 411; 1; 2; 112
483; 481; 2; 1; 114
480; 452; 2; 1; 123
362; 359; 2; 1; 125
310; 320; 2; 1; 128
291; 409; 1; 2; 130
371; 488; 1; 2; 143
401; 484; 2; 1; 145
431; 369; 1; 2; 150
328; 291; 2; 1; 155
291; 358; 1; 2; 162
478; 360; 1; 2; 169
303; 303; 1; 2; 174
451; 468; 1; 2; 174
424; 428; 1; 2; 180
323; 480; 1; 2; 191
499; 444; 1; 2; 192
473; 506; 2; 1; 194
487; 309; 1; 2; 196
494; 403; 2; 1; 203
481; 513; 2; 1; 218
387; 346; 2; 1; 219
432; 331; 2; 1; 219
298; 292; 1; 2; 226
481; 411; 1; 2; 238
463; 381; 1; 2; 240
294; 494; 2; 1; 246
487; 453; 1; 2; 257
505; 500; 2; 1; 264
405; 330; 1; 2; 265
322; 415; 2; 1; 272
414; 506; 1; 2; 275
361; 363; 2; 1; 279
485; 312; 1; 2; 281
442; 304; 2; 1; 291
354; 377; 1; 2; 292
498; 309; 1; 2; 294
453; 472; 2; 1; 297
429; 497; 2; 1; 318
446; 317; 1; 2; 322
310; 417; 1; 2; 325
344; 363; 1; 2; 334
507; 335; 2; 1; 336
317; 310; 1; 2; 351
385; 489; 2; 1; 351
390; 500; 1; 2; 369
318; 436; 2; 1; 375
294; 385; 1; 2; 376
441; 393; 1; 2; 398
320; 490; 1; 2; 401
306; 447; 1; 2; 406
511; 326; 1; 2; 407
494; 490; 1; 2; 411
474; 492; 1; 2; 415
375; 469; 1; 2; 441
439; 431; 2; 1; 466
488; 420; 2; 1; 472
462; 469; 2; 1; 479
304; 313; 2; 1; 488
467; 458; 2; 1; 489
444; 416; 2; 1; 496
448; 328; 1; 2; 509
383; 339; 1; 2; 521
456; 447; 1; 2; 530
438; 387; 2; 1; 543
507; 432; 2; 1; 545
372; 367; 1; 2; 556
359; 391; 2; 1; 562
469; 326; 2; 1; 579
300; 350; 1; 2; 589
508; 357; 2; 1; 589
429; 357; 1; 2; 595
395; 384; 1; 2; 600
453; 461; 2; 1; 608
379; 335; 1; 2; 613
413; 320; 2; 1; 617
466; 387; 1; 2; 620
479; 457; 2; 1; 626
308; 323; 2; 1; 652
500; 414; 2; 1; 657
334; 383; 2; 1; 661
462; 499; 2; 1; 671
421; 306; 2; 1; 675
335; 483; 1; 2; 677
306; 319; 1; 2; 691
486; 336; 2; 1; 700
296; 399; 2; 1; 703
318; 462; 1; 2; 706
435; 294; 1; 2; 709
471; 331; 2; 1; 710
394; 507; 2; 1; 713
352; 323; 1; 2; 720
355; 400; 2; 1; 734
484; 294; 1; 2; 735
334; 362; 2; 1; 736
24
18; 1; 28; 967
19; 1; 12; 1429
2; 1; 16; 8863
23; 1; 30; 9341
10; 1; 29; 9648
4; 1; 7; 10990
3; 1; 4; 11815
22; 1; 17; 12470
6; 1; 17; 16474
17; 1; 16; 16565
21; 1; 31; 25404
8; 1; 38; 25440
14; 1; 16; 26562
15; 1; 17; 30897
5; 1; 3; 33051
12; 1; 36; 35379
9; 1; 10; 36045
20; 1; 34; 36324
1; 1; 20; 36821
11; 1; 27; 37298
16; 1; 18; 38423
13; 1; 14; 41598
0; 1; 24; 43634
7; 1; 19; 43809
