**** 645 ****
108
359; 474; 2; 1; 7
480; 295; 2; 1; 32
388; 440; 2; 1; 33
319; 448; 2; 1; 36
369; 453; 1; 2; 36
296; 377; 2; 1; 57
354; 346; 2; 1; 64
470; 373; 2; 1; 67
354; 425; 2; 1; 87
329; 383; 2; 1; 92
482; 401; 1; 2; 92
491; 430; 1; 2; 98
426; 335; 1; 2; 115
311; 338; 2; 1; 137
513; 380; 2; 1; 144
372; 480; 2; 1; 149
446; 361; 2; 1; 151
326; 372; 2; 1; 152
383; 390; 1; 2; 154
379; 361; 2; 1; 155
499; 395; 1; 2; 167
428; 452; 2; 1; 167
336; 497; 2; 1; 172
294; 305; 2; 1; 175
487; 311; 2; 1; 187
319; 433; 1; 2; 202
460; 346; 1; 2; 222
327; 471; 2; 1; 225
512; 323; 1; 2; 227
367; 449; 2; 1; 229
422; 457; 2; 1; 236
456; 408; 1; 2; 240
468; 482; 1; 2; 251
425; 297; 1; 2; 253
296; 379; 1; 2; 264
362; 404; 1; 2; 275
431; 327; 2; 1; 277
433; 488; 2; 1; 302
479; 502; 1; 2; 313
497; 373; 2; 1; 319
311; 337; 2; 1; 339
407; 409; 1; 2; 342
298; 341; 2; 1; 345
482; 428; 1; 2; 353
367; 356; 1; 2; 360
295; 406; 2; 1; 362
339; 379; 2; 1; 368
478; 318; 2; 1; 377
322; 302; 1; 2; 381
452; 433; 2; 1; 382
332; 362; 2; 1; 385
329; 313; 2; 1; 400
479; 334; 2; 1; 406
437; 398; 1; 2; 409
504; 393; 1; 2; 417
379; 401; 1; 2; 425
370; 312; 1; 2; 434
361; 369; 1; 2; 436
505; 364; 1; 2; 440
511; 505; 2; 1; 455
467; 310; 2; 1; 457
305; 453; 1; 2; 459
308; 320; 2; 1; 465
432; 429; 2; 1; 467
427; 510; 1; 2; 473
439; 328; 2; 1; 476
455; 338; 1; 2; 481
511; 292; 1; 2; 484
313; 482; 1; 2; 502
313; 458; 1; 2; 507
397; 356; 1; 2; 515
449; 406; 1; 2; 523
476; 380; 2; 1; 526
494; 404; 2; 1; 535
492; 379; 1; 2; 538
305; 413; 2; 1; 542
380; 489; 2; 1; 560
487; 435; 2; 1; 560
321; 379; 2; 1; 565
459; 395; 1; 2; 570
333; 446; 1; 2; 573
463; 433; 2; 1; 584
347; 310; 1; 2; 585
420; 411; 1; 2; 606
365; 430; 2; 1; 616
353; 339; 1; 2; 618
367; 398; 1; 2; 639
343; 499; 1; 2; 644
377; 505; 2; 1; 652
367; 430; 2; 1; 654
321; 448; 1; 2; 659
470; 453; 2; 1; 673
380; 484; 2; 1; 680
400; 292; 2; 1; 681
474; 396; 2; 1; 695
404; 383; 1; 2; 698
332; 342; 1; 2; 698
430; 397; 1; 2; 700
465; 368; 1; 2; 708
443; 354; 2; 1; 712
451; 374; 2; 1; 715
386; 418; 1; 2; 720
436; 397; 1; 2; 721
372; 424; 1; 2; 730
374; 429; 2; 1; 730
294; 438; 2; 1; 731
504; 479; 2; 1; 733
387; 445; 1; 2; 742
24
21; 1; 5; 1486
3; 1; 11; 2037
6; 1; 41; 3277
15; 1; 46; 7109
8; 1; 8; 8981
4; 1; 29; 9005
16; 1; 4; 12746
5; 1; 44; 12755
9; 1; 33; 12946
12; 1; 28; 19859
10; 1; 44; 20267
18; 1; 3; 20830
2; 1; 14; 21059
17; 1; 48; 21950
13; 1; 24; 23305
7; 1; 44; 28442
23; 1; 23; 28663
20; 1; 47; 34725
11; 1; 34; 37278
14; 1; 9; 37938
19; 1; 9; 40847
1; 1; 27; 41011
0; 1; 31; 41246
22; 1; 18; 42615
