**** 646 ****
108
503; 493; 2; 1; 0
418; 345; 1; 2; 1
303; 474; 2; 1; 7
329; 418; 1; 2; 9
357; 338; 1; 2; 10
507; 385; 1; 2; 13
397; 472; 1; 2; 27
439; 356; 2; 1; 32
458; 412; 1; 2; 51
465; 362; 2; 1; 53
396; 390; 1; 2; 66
472; 409; 1; 2; 66
452; 452; 2; 1; 68
331; 343; 1; 2; 68
291; 370; 1; 2; 89
359; 340; 2; 1; 127
433; 354; 2; 1; 139
398; 305; 1; 2; 146
331; 494; 2; 1; 161
457; 409; 2; 1; 163
393; 443; 1; 2; 171
365; 508; 2; 1; 175
339; 484; 1; 2; 189
494; 312; 1; 2; 190
482; 373; 1; 2; 192
482; 482; 2; 1; 194
320; 397; 2; 1; 197
407; 324; 2; 1; 204
463; 343; 2; 1; 207
396; 318; 2; 1; 210
365; 497; 2; 1; 215
430; 344; 2; 1; 217
303; 331; 1; 2; 224
414; 410; 1; 2; 239
510; 454; 1; 2; 258
296; 463; 2; 1; 260
363; 404; 1; 2; 265
471; 495; 1; 2; 266
323; 345; 2; 1; 266
360; 506; 2; 1; 267
291; 503; 2; 1; 274
407; 400; 2; 1; 275
475; 398; 1; 2; 301
351; 499; 1; 2; 303
336; 412; 1; 2; 304
342; 411; 2; 1; 308
506; 456; 1; 2; 311
379; 431; 1; 2; 316
420; 487; 1; 2; 317
476; 492; 2; 1; 322
452; 477; 2; 1; 333
431; 342; 1; 2; 353
344; 430; 2; 1; 369
473; 395; 1; 2; 374
358; 400; 2; 1; 383
344; 349; 2; 1; 387
299; 313; 1; 2; 396
323; 456; 2; 1; 402
384; 359; 2; 1; 403
382; 484; 1; 2; 417
443; 443; 2; 1; 421
485; 297; 2; 1; 440
318; 361; 2; 1; 455
366; 430; 1; 2; 472
459; 451; 1; 2; 480
341; 440; 1; 2; 482
396; 323; 1; 2; 487
426; 513; 2; 1; 494
418; 477; 2; 1; 497
339; 343; 1; 2; 501
347; 296; 1; 2; 505
338; 500; 1; 2; 514
361; 425; 2; 1; 521
345; 497; 2; 1; 530
448; 329; 2; 1; 544
481; 347; 1; 2; 547
335; 433; 1; 2; 550
495; 335; 1; 2; 552
511; 439; 1; 2; 554
487; 409; 1; 2; 558
408; 339; 1; 2; 578
361; 509; 2; 1; 580
376; 319; 1; 2; 584
431; 513; 2; 1; 592
370; 380; 1; 2; 594
421; 428; 2; 1; 595
419; 367; 1; 2; 597
467; 490; 2; 1; 602
454; 413; 2; 1; 605
378; 447; 2; 1; 611
294; 379; 2; 1; 613
491; 501; 1; 2; 625
314; 483; 2; 1; 643
470; 351; 2; 1; 644
369; 428; 1; 2; 645
375; 492; 2; 1; 647
359; 402; 1; 2; 662
309; 342; 2; 1; 662
369; 335; 1; 2; 666
509; 465; 2; 1; 668
299; 504; 2; 1; 683
296; 344; 1; 2; 715
427; 475; 1; 2; 723
296; 350; 1; 2; 725
340; 431; 1; 2; 739
373; 499; 1; 2; 739
391; 500; 2; 1; 742
459; 295; 2; 1; 742
24
3; 1; 32; 873
18; 1; 3; 4203
5; 1; 38; 8805
17; 1; 25; 12442
2; 1; 9; 14600
16; 1; 45; 16954
11; 1; 43; 18803
19; 1; 12; 19272
10; 1; 9; 20565
13; 1; 8; 21669
20; 1; 34; 23985
23; 1; 14; 24242
4; 1; 14; 24323
9; 1; 41; 25344
12; 1; 47; 30163
15; 1; 29; 30756
22; 1; 23; 31063
7; 1; 22; 31405
6; 1; 7; 31447
14; 1; 41; 31993
8; 1; 39; 33910
0; 1; 37; 35736
1; 1; 2; 38672
21; 1; 26; 43287
