**** 647 ****
108
416; 309; 1; 2; 0
429; 464; 1; 2; 9
424; 331; 2; 1; 24
403; 292; 1; 2; 50
444; 489; 1; 2; 58
340; 405; 2; 1; 59
391; 470; 2; 1; 62
512; 453; 1; 2; 64
326; 384; 2; 1; 64
411; 501; 1; 2; 64
302; 422; 2; 1; 68
504; 428; 2; 1; 80
341; 340; 1; 2; 81
456; 410; 1; 2; 82
385; 453; 1; 2; 90
435; 492; 2; 1; 91
419; 458; 1; 2; 102
447; 408; 1; 2; 104
504; 392; 2; 1; 108
329; 385; 2; 1; 108
357; 336; 1; 2; 110
335; 482; 2; 1; 113
306; 398; 2; 1; 130
362; 469; 2; 1; 131
327; 361; 1; 2; 169
439; 387; 2; 1; 188
323; 508; 2; 1; 191
361; 411; 2; 1; 196
425; 361; 2; 1; 199
404; 293; 1; 2; 199
501; 337; 1; 2; 201
467; 445; 1; 2; 207
305; 392; 2; 1; 208
301; 300; 2; 1; 211
351; 302; 1; 2; 217
421; 309; 1; 2; 220
405; 440; 2; 1; 223
494; 395; 2; 1; 226
407; 390; 2; 1; 234
376; 307; 2; 1; 254
365; 323; 2; 1; 257
348; 319; 1; 2; 264
475; 349; 1; 2; 273
416; 328; 1; 2; 274
500; 495; 2; 1; 283
300; 325; 1; 2; 284
484; 510; 1; 2; 288
502; 491; 2; 1; 293
483; 466; 1; 2; 298
306; 385; 2; 1; 302
406; 429; 1; 2; 305
506; 446; 2; 1; 308
395; 425; 1; 2; 319
417; 488; 2; 1; 340
293; 431; 2; 1; 340
291; 293; 1; 2; 342
468; 343; 1; 2; 343
348; 410; 1; 2; 347
414; 332; 1; 2; 347
409; 459; 2; 1; 350
500; 418; 1; 2; 356
421; 389; 1; 2; 356
464; 399; 2; 1; 360
493; 418; 1; 2; 362
495; 497; 2; 1; 363
412; 420; 1; 2; 363
494; 467; 2; 1; 372
479; 400; 1; 2; 385
455; 324; 2; 1; 386
410; 361; 1; 2; 389
505; 489; 1; 2; 417
485; 482; 1; 2; 424
301; 338; 1; 2; 448
424; 381; 1; 2; 451
380; 317; 2; 1; 464
387; 498; 1; 2; 465
462; 353; 1; 2; 467
510; 471; 2; 1; 472
508; 345; 2; 1; 472
370; 426; 1; 2; 473
394; 458; 2; 1; 499
500; 351; 1; 2; 503
500; 312; 1; 2; 513
402; 345; 2; 1; 518
489; 366; 1; 2; 521
425; 327; 2; 1; 529
502; 332; 1; 2; 530
348; 482; 1; 2; 532
320; 437; 2; 1; 566
340; 293; 2; 1; 569
452; 417; 1; 2; 583
380; 372; 2; 1; 587
340; 328; 1; 2; 589
458; 384; 2; 1; 607
467; 427; 2; 1; 609
321; 437; 1; 2; 646
353; 386; 1; 2; 648
407; 474; 2; 1; 652
510; 328; 2; 1; 664
300; 510; 2; 1; 665
452; 367; 1; 2; 673
401; 355; 1; 2; 680
346; 341; 1; 2; 692
464; 371; 1; 2; 723
311; 338; 1; 2; 726
425; 451; 2; 1; 737
419; 465; 2; 1; 738
301; 448; 2; 1; 744
24
15; 1; 17; 1077
17; 1; 13; 5030
1; 1; 49; 5263
16; 1; 19; 7363
6; 1; 47; 8239
19; 1; 39; 10722
13; 1; 11; 12288
12; 1; 45; 15673
0; 1; 42; 16643
7; 1; 42; 16841
5; 1; 11; 18517
21; 1; 42; 20220
9; 1; 9; 23189
20; 1; 45; 24125
8; 1; 2; 24283
22; 1; 19; 27745
23; 1; 29; 32847
2; 1; 40; 32928
10; 1; 1; 34037
14; 1; 38; 35917
3; 1; 28; 36074
4; 1; 19; 38123
18; 1; 5; 41595
11; 1; 35; 42160
