**** 648 ****
108
374; 509; 2; 1; 0
479; 361; 2; 1; 2
309; 312; 1; 2; 5
389; 330; 2; 1; 7
455; 410; 1; 2; 12
511; 452; 1; 2; 18
407; 393; 1; 2; 18
314; 511; 2; 1; 21
411; 408; 1; 2; 25
424; 372; 2; 1; 31
296; 464; 2; 1; 34
452; 293; 1; 2; 47
479; 495; 1; 2; 49
299; 365; 1; 2; 68
307; 293; 2; 1; 83
408; 296; 2; 1; 93
401; 328; 2; 1; 103
456; 406; 2; 1; 105
400; 413; 1; 2; 105
372; 352; 2; 1; 115
376; 443; 2; 1; 127
509; 507; 2; 1; 139
450; 354; 1; 2; 141
374; 383; 1; 2; 153
471; 505; 1; 2; 156
493; 448; 1; 2; 160
323; 510; 2; 1; 174
464; 414; 2; 1; 179
477; 382; 1; 2; 184
336; 391; 2; 1; 196
324; 382; 2; 1; 214
496; 485; 2; 1; 243
337; 420; 2; 1; 254
372; 491; 2; 1; 254
451; 491; 2; 1; 263
383; 355; 2; 1; 272
313; 492; 1; 2; 273
427; 430; 2; 1; 275
406; 452; 2; 1; 280
291; 293; 1; 2; 281
342; 484; 1; 2; 289
297; 486; 1; 2; 289
465; 437; 1; 2; 289
442; 339; 2; 1; 290
414; 455; 2; 1; 290
377; 377; 2; 1; 297
469; 376; 1; 2; 302
410; 456; 2; 1; 303
413; 316; 1; 2; 304
428; 346; 2; 1; 320
395; 344; 1; 2; 323
323; 298; 2; 1; 327
366; 460; 1; 2; 342
320; 460; 2; 1; 351
356; 422; 2; 1; 361
512; 365; 1; 2; 363
367; 482; 1; 2; 369
503; 383; 2; 1; 384
481; 319; 2; 1; 387
511; 481; 1; 2; 393
502; 492; 2; 1; 398
307; 462; 1; 2; 400
333; 425; 2; 1; 402
300; 307; 1; 2; 416
456; 499; 2; 1; 423
441; 500; 2; 1; 427
457; 386; 2; 1; 427
319; 299; 1; 2; 435
303; 478; 2; 1; 438
394; 310; 1; 2; 456
345; 473; 1; 2; 482
331; 386; 2; 1; 486
477; 313; 2; 1; 500
450; 393; 1; 2; 505
435; 467; 2; 1; 509
460; 355; 2; 1; 515
463; 480; 2; 1; 523
467; 417; 1; 2; 537
345; 481; 2; 1; 541
438; 315; 2; 1; 546
466; 348; 1; 2; 569
424; 466; 1; 2; 580
407; 424; 2; 1; 582
498; 365; 2; 1; 591
309; 359; 1; 2; 604
408; 395; 1; 2; 620
442; 291; 1; 2; 636
508; 470; 1; 2; 643
464; 365; 2; 1; 644
470; 327; 2; 1; 651
317; 460; 1; 2; 658
335; 469; 1; 2; 660
372; 354; 1; 2; 667
356; 339; 1; 2; 671
501; 373; 2; 1; 674
365; 296; 2; 1; 678
433; 374; 1; 2; 691
507; 340; 2; 1; 692
352; 350; 1; 2; 700
428; 347; 1; 2; 703
319; 366; 2; 1; 706
477; 504; 2; 1; 708
351; 331; 2; 1; 715
338; 476; 1; 2; 729
338; 308; 1; 2; 731
469; 393; 2; 1; 734
291; 416; 1; 2; 742
377; 403; 2; 1; 746
24
15; 1; 33; 1373
20; 1; 11; 3709
5; 1; 30; 4204
2; 1; 8; 6026
14; 1; 26; 9932
16; 1; 48; 11429
3; 1; 43; 11715
8; 1; 33; 11942
13; 1; 37; 12674
17; 1; 42; 17107
19; 1; 13; 19076
7; 1; 17; 20399
0; 1; 21; 21257
11; 1; 19; 22731
10; 1; 19; 24803
1; 1; 19; 27651
4; 1; 33; 29946
22; 1; 20; 30183
9; 1; 28; 31431
12; 1; 34; 35791
18; 1; 34; 37064
23; 1; 38; 37994
21; 1; 10; 39555
6; 1; 34; 41118
