**** 649 ****
109
353; 315; 2; 1; 25
374; 433; 2; 1; 25
329; 452; 2; 1; 34
315; 505; 1; 2; 35
385; 431; 1; 2; 47
360; 390; 1; 2; 49
296; 505; 2; 1; 50
410; 375; 2; 1; 53
387; 484; 1; 2; 59
362; 361; 1; 2; 70
407; 516; 2; 1; 73
375; 436; 1; 2; 87
444; 304; 1; 2; 90
326; 357; 1; 2; 115
378; 354; 1; 2; 119
475; 454; 1; 2; 124
366; 340; 2; 1; 129
337; 352; 1; 2; 133
501; 479; 2; 1; 141
513; 296; 1; 2; 147
446; 423; 1; 2; 147
319; 326; 1; 2; 152
470; 416; 2; 1; 153
422; 310; 1; 2; 160
304; 509; 1; 2; 176
409; 486; 1; 2; 180
302; 427; 1; 2; 194
444; 429; 1; 2; 205
467; 479; 2; 1; 223
302; 495; 1; 2; 229
312; 301; 2; 1; 232
520; 451; 1; 2; 234
516; 315; 2; 1; 238
400; 323; 2; 1; 239
325; 389; 2; 1; 239
314; 488; 1; 2; 243
327; 445; 1; 2; 266
426; 356; 2; 1; 276
326; 414; 1; 2; 286
383; 415; 1; 2; 290
344; 339; 2; 1; 293
484; 416; 1; 2; 294
303; 369; 1; 2; 299
481; 452; 2; 1; 301
518; 476; 1; 2; 310
356; 514; 1; 2; 327
451; 493; 1; 2; 330
481; 368; 1; 2; 343
303; 366; 1; 2; 345
424; 385; 1; 2; 348
414; 348; 1; 2; 350
464; 439; 2; 1; 350
355; 384; 2; 1; 353
507; 443; 2; 1; 357
320; 360; 1; 2; 360
432; 324; 1; 2; 362
480; 389; 1; 2; 364
468; 343; 1; 2; 367
405; 317; 2; 1; 373
356; 470; 2; 1; 376
440; 349; 2; 1; 377
484; 450; 2; 1; 385
499; 366; 2; 1; 390
386; 465; 2; 1; 418
499; 414; 1; 2; 418
384; 376; 1; 2; 419
371; 389; 2; 1; 423
405; 395; 2; 1; 426
469; 410; 2; 1; 429
438; 308; 2; 1; 432
506; 388; 1; 2; 440
482; 474; 2; 1; 445
463; 318; 2; 1; 449
423; 298; 1; 2; 459
412; 337; 1; 2; 459
508; 441; 2; 1; 460
313; 406; 1; 2; 461
488; 488; 2; 1; 467
374; 377; 2; 1; 467
347; 462; 1; 2; 484
395; 470; 2; 1; 493
322; 340; 1; 2; 495
504; 409; 2; 1; 511
511; 449; 1; 2; 531
417; 388; 1; 2; 544
473; 359; 1; 2; 553
451; 464; 1; 2; 577
296; 509; 2; 1; 585
414; 375; 1; 2; 586
306; 511; 2; 1; 590
448; 388; 1; 2; 601
401; 322; 1; 2; 618
465; 418; 2; 1; 623
340; 509; 1; 2; 627
404; 468; 2; 1; 633
406; 354; 2; 1; 635
329; 443; 2; 1; 642
330; 455; 1; 2; 652
324; 480; 1; 2; 685
393; 435; 2; 1; 685
429; 368; 2; 1; 693
360; 426; 2; 1; 700
440; 475; 2; 1; 701
423; 347; 1; 2; 704
477; 341; 2; 1; 712
433; 377; 1; 2; 721
308; 418; 2; 1; 725
443; 392; 2; 1; 729
432; 487; 1; 2; 747
24
6; 1; 33; 97
10; 1; 21; 3209
13; 1; 4; 3327
16; 1; 20; 7752
12; 1; 46; 9419
2; 1; 26; 9569
7; 1; 46; 9921
1; 1; 16; 15195
17; 1; 16; 16486
14; 1; 24; 17441
15; 1; 3; 19638
19; 1; 49; 21289
18; 1; 7; 21774
21; 1; 11; 21857
9; 1; 13; 24372
22; 1; 41; 27708
5; 1; 37; 28082
23; 1; 32; 28161
0; 1; 8; 28971
20; 1; 2; 29081
11; 1; 26; 33063
4; 1; 18; 36222
3; 1; 30; 40976
8; 1; 14; 41661
