**** 65 ****
55
74; 26; 1; 2; 0
46; 31; 1; 2; 0
62; 66; 2; 1; 0
31; 28; 1; 2; 5
74; 57; 2; 1; 14
68; 47; 2; 1; 16
29; 77; 2; 1; 16
30; 52; 2; 1; 21
41; 47; 2; 1; 29
64; 87; 1; 2; 30
67; 77; 2; 1; 31
75; 29; 1; 2; 32
38; 65; 2; 1; 37
61; 71; 1; 2; 38
83; 54; 1; 2; 38
64; 51; 2; 1; 38
41; 66; 2; 1; 40
32; 42; 1; 2; 40
87; 50; 1; 2; 45
53; 45; 2; 1; 46
52; 44; 2; 1; 47
51; 83; 2; 1; 48
57; 33; 1; 2; 55
44; 77; 2; 1; 60
46; 44; 2; 1; 65
83; 68; 1; 2; 68
39; 48; 1; 2; 69
71; 64; 2; 1; 70
83; 54; 1; 2; 73
44; 88; 2; 1; 80
46; 67; 2; 1; 88
68; 46; 2; 1; 91
62; 87; 2; 1; 93
69; 78; 2; 1; 96
74; 40; 2; 1; 98
55; 40; 1; 2; 102
70; 46; 2; 1; 104
81; 82; 2; 1; 104
58; 80; 2; 1; 110
53; 80; 2; 1; 113
26; 63; 1; 2; 116
78; 54; 1; 2; 119
65; 73; 1; 2; 125
88; 42; 2; 1; 138
32; 74; 1; 2; 139
41; 26; 1; 2; 144
38; 31; 2; 1; 146
39; 35; 1; 2; 150
50; 35; 1; 2; 152
87; 42; 2; 1; 153
79; 72; 1; 2; 156
74; 75; 1; 2; 156
78; 33; 1; 2; 158
50; 70; 1; 2; 161
59; 77; 1; 2; 163
13
9; 1; 40; 371
1; 1; 26; 743
6; 1; 7; 1027
2; 1; 10; 1091
12; 1; 22; 1159
4; 1; 40; 1390
3; 1; 17; 1567
0; 1; 25; 1749
7; 1; 30; 1851
5; 1; 45; 2002
10; 1; 25; 2232
11; 1; 5; 2621
8; 1; 45; 2873
