**** 650 ****
109
435; 512; 1; 2; 17
511; 352; 1; 2; 31
482; 403; 2; 1; 33
313; 521; 2; 1; 51
330; 473; 1; 2; 57
350; 349; 2; 1; 76
321; 336; 1; 2; 80
445; 500; 2; 1; 82
502; 317; 2; 1; 84
473; 408; 2; 1; 94
327; 508; 2; 1; 97
503; 388; 1; 2; 117
347; 343; 1; 2; 120
473; 442; 2; 1; 121
385; 318; 2; 1; 127
463; 473; 2; 1; 131
420; 365; 1; 2; 133
364; 395; 2; 1; 135
508; 307; 1; 2; 159
307; 464; 1; 2; 168
494; 381; 1; 2; 172
488; 390; 2; 1; 172
413; 502; 1; 2; 178
414; 314; 1; 2; 179
361; 305; 2; 1; 184
505; 376; 1; 2; 192
403; 412; 2; 1; 195
424; 482; 1; 2; 200
520; 426; 2; 1; 211
498; 362; 1; 2; 211
515; 486; 2; 1; 216
347; 456; 2; 1; 216
422; 356; 2; 1; 238
521; 419; 2; 1; 247
422; 505; 2; 1; 256
400; 460; 1; 2; 256
466; 482; 1; 2; 270
414; 373; 2; 1; 276
411; 324; 1; 2; 281
324; 479; 2; 1; 290
347; 453; 1; 2; 290
350; 298; 2; 1; 290
414; 507; 1; 2; 299
302; 493; 1; 2; 308
300; 323; 2; 1; 310
425; 469; 1; 2; 315
515; 332; 2; 1; 322
342; 345; 2; 1; 335
321; 376; 2; 1; 335
376; 517; 1; 2; 345
445; 416; 2; 1; 350
341; 470; 1; 2; 352
356; 336; 2; 1; 358
344; 381; 1; 2; 364
323; 395; 2; 1; 376
517; 447; 2; 1; 381
307; 452; 2; 1; 383
520; 357; 2; 1; 398
476; 497; 2; 1; 401
454; 477; 2; 1; 405
327; 318; 2; 1; 409
458; 444; 2; 1; 411
307; 309; 2; 1; 413
333; 441; 1; 2; 422
483; 451; 2; 1; 462
520; 358; 2; 1; 474
521; 421; 1; 2; 481
484; 339; 1; 2; 496
390; 391; 2; 1; 506
388; 498; 2; 1; 509
490; 468; 2; 1; 523
323; 308; 2; 1; 525
504; 471; 1; 2; 528
315; 409; 2; 1; 531
353; 470; 1; 2; 532
333; 332; 2; 1; 537
318; 322; 2; 1; 541
422; 358; 2; 1; 554
296; 327; 1; 2; 568
406; 472; 2; 1; 572
297; 312; 1; 2; 581
405; 309; 2; 1; 595
457; 484; 1; 2; 599
417; 373; 2; 1; 614
304; 382; 2; 1; 624
465; 503; 2; 1; 625
500; 373; 1; 2; 626
472; 473; 1; 2; 630
465; 364; 2; 1; 632
297; 476; 1; 2; 635
388; 347; 2; 1; 635
392; 469; 2; 1; 636
427; 332; 2; 1; 643
334; 417; 1; 2; 644
316; 303; 1; 2; 652
394; 400; 1; 2; 657
492; 441; 2; 1; 658
409; 491; 1; 2; 666
330; 447; 1; 2; 672
337; 309; 1; 2; 677
426; 302; 2; 1; 691
355; 455; 2; 1; 695
362; 419; 1; 2; 696
353; 298; 1; 2; 709
301; 503; 2; 1; 712
497; 317; 1; 2; 722
307; 327; 1; 2; 736
486; 356; 1; 2; 740
366; 353; 2; 1; 743
24
9; 1; 36; 1505
4; 1; 40; 3750
1; 1; 11; 4401
3; 1; 22; 5534
15; 1; 22; 5861
12; 1; 40; 6656
23; 1; 14; 7867
17; 1; 49; 9686
5; 1; 25; 21393
10; 1; 13; 21681
13; 1; 40; 22357
2; 1; 12; 22490
21; 1; 23; 22903
22; 1; 2; 25014
0; 1; 13; 26182
6; 1; 4; 27980
18; 1; 16; 29934
11; 1; 37; 31946
16; 1; 32; 33729
7; 1; 13; 37637
14; 1; 6; 38802
20; 1; 21; 41035
19; 1; 23; 42073
8; 1; 38; 42725
