**** 651 ****
109
431; 509; 2; 1; 2
497; 519; 2; 1; 9
330; 450; 1; 2; 12
469; 443; 2; 1; 17
483; 480; 2; 1; 19
426; 310; 1; 2; 53
335; 323; 2; 1; 59
465; 376; 1; 2; 59
350; 472; 1; 2; 80
410; 490; 1; 2; 100
315; 425; 1; 2; 101
383; 299; 1; 2; 111
517; 357; 2; 1; 113
449; 513; 2; 1; 122
299; 440; 1; 2; 144
464; 402; 1; 2; 146
440; 503; 1; 2; 147
368; 407; 1; 2; 158
365; 520; 1; 2; 166
372; 420; 2; 1; 166
474; 343; 2; 1; 172
363; 444; 1; 2; 191
460; 428; 1; 2; 192
304; 500; 1; 2; 208
440; 499; 1; 2; 214
331; 455; 1; 2; 225
455; 519; 1; 2; 232
490; 362; 1; 2; 238
388; 435; 2; 1; 242
398; 519; 1; 2; 260
373; 304; 2; 1; 265
313; 393; 1; 2; 267
427; 434; 1; 2; 271
383; 428; 2; 1; 272
402; 514; 2; 1; 279
417; 413; 1; 2; 282
326; 377; 2; 1; 307
413; 363; 1; 2; 317
511; 442; 2; 1; 322
507; 517; 2; 1; 330
516; 306; 1; 2; 333
296; 382; 1; 2; 333
517; 433; 1; 2; 340
306; 378; 2; 1; 353
488; 409; 1; 2; 353
307; 312; 2; 1; 355
333; 442; 1; 2; 357
355; 494; 2; 1; 367
480; 411; 1; 2; 369
508; 418; 1; 2; 372
511; 521; 1; 2; 377
442; 298; 1; 2; 383
303; 404; 2; 1; 383
380; 342; 1; 2; 388
436; 326; 1; 2; 394
375; 511; 2; 1; 401
398; 363; 1; 2; 406
503; 354; 1; 2; 408
410; 364; 2; 1; 411
412; 424; 1; 2; 425
310; 388; 1; 2; 441
371; 379; 1; 2; 443
344; 315; 1; 2; 445
348; 483; 1; 2; 447
386; 323; 2; 1; 458
393; 517; 1; 2; 469
491; 508; 2; 1; 479
343; 418; 2; 1; 481
457; 510; 2; 1; 493
301; 354; 1; 2; 493
419; 426; 1; 2; 502
447; 361; 1; 2; 502
411; 324; 1; 2; 504
300; 500; 1; 2; 509
517; 364; 2; 1; 511
353; 511; 1; 2; 516
321; 411; 1; 2; 519
444; 451; 2; 1; 549
443; 484; 1; 2; 552
349; 296; 2; 1; 572
319; 387; 1; 2; 574
437; 440; 2; 1; 600
440; 512; 1; 2; 607
402; 309; 2; 1; 608
494; 439; 2; 1; 609
444; 440; 1; 2; 616
296; 515; 1; 2; 619
440; 450; 2; 1; 622
365; 407; 2; 1; 628
419; 425; 2; 1; 629
358; 437; 1; 2; 641
464; 381; 2; 1; 651
460; 505; 2; 1; 660
454; 310; 2; 1; 668
496; 430; 2; 1; 670
371; 439; 1; 2; 678
366; 393; 2; 1; 684
395; 452; 1; 2; 684
325; 368; 2; 1; 698
350; 500; 2; 1; 701
399; 384; 1; 2; 712
452; 307; 1; 2; 714
303; 418; 1; 2; 725
365; 465; 2; 1; 727
414; 448; 1; 2; 731
305; 492; 2; 1; 731
349; 421; 1; 2; 736
467; 435; 2; 1; 743
323; 514; 1; 2; 744
24
7; 1; 44; 383
11; 1; 45; 1062
12; 1; 10; 1845
22; 1; 31; 2618
21; 1; 25; 2686
8; 1; 43; 5445
20; 1; 31; 8498
2; 1; 24; 8770
17; 1; 37; 10192
23; 1; 35; 11047
0; 1; 1; 12438
16; 1; 9; 14663
3; 1; 21; 22395
9; 1; 6; 22422
1; 1; 49; 24442
15; 1; 21; 26583
6; 1; 3; 28228
13; 1; 39; 29687
10; 1; 7; 32961
5; 1; 39; 35701
19; 1; 49; 36650
18; 1; 11; 41146
4; 1; 42; 42115
14; 1; 33; 43360
