**** 652 ****
109
445; 322; 1; 2; 18
316; 433; 2; 1; 29
345; 441; 1; 2; 34
296; 462; 2; 1; 36
392; 341; 1; 2; 40
391; 440; 1; 2; 52
507; 346; 1; 2; 52
378; 457; 2; 1; 59
520; 323; 1; 2; 61
506; 369; 1; 2; 67
492; 513; 2; 1; 79
418; 505; 2; 1; 93
418; 481; 1; 2; 96
449; 320; 1; 2; 98
469; 368; 2; 1; 99
436; 412; 1; 2; 110
501; 516; 1; 2; 123
434; 413; 2; 1; 125
449; 379; 2; 1; 127
411; 402; 1; 2; 143
370; 399; 2; 1; 144
420; 497; 1; 2; 149
337; 454; 1; 2; 149
429; 348; 1; 2; 155
327; 509; 2; 1; 170
303; 329; 1; 2; 171
431; 480; 1; 2; 176
328; 509; 1; 2; 184
402; 389; 1; 2; 202
337; 425; 2; 1; 206
325; 501; 1; 2; 218
457; 313; 2; 1; 222
358; 434; 2; 1; 229
468; 429; 1; 2; 235
519; 387; 2; 1; 236
319; 491; 1; 2; 244
443; 435; 1; 2; 247
436; 337; 1; 2; 258
454; 318; 2; 1; 258
440; 457; 2; 1; 262
299; 386; 1; 2; 270
343; 365; 2; 1; 274
312; 350; 1; 2; 275
458; 516; 1; 2; 275
435; 347; 2; 1; 276
300; 517; 1; 2; 289
311; 521; 2; 1; 290
306; 461; 1; 2; 292
395; 312; 1; 2; 309
367; 411; 1; 2; 321
336; 474; 1; 2; 324
488; 486; 1; 2; 331
489; 423; 1; 2; 331
382; 494; 2; 1; 334
315; 497; 1; 2; 335
362; 489; 1; 2; 340
512; 313; 1; 2; 353
488; 320; 1; 2; 360
440; 360; 1; 2; 360
373; 439; 2; 1; 366
322; 450; 1; 2; 366
321; 398; 2; 1; 370
304; 456; 1; 2; 399
323; 499; 1; 2; 399
429; 401; 1; 2; 399
485; 433; 1; 2; 402
399; 415; 1; 2; 403
461; 511; 2; 1; 413
395; 306; 1; 2; 414
381; 371; 1; 2; 419
343; 464; 1; 2; 427
380; 367; 2; 1; 429
350; 500; 2; 1; 438
363; 350; 1; 2; 438
314; 487; 2; 1; 462
460; 314; 2; 1; 475
320; 376; 2; 1; 485
365; 435; 1; 2; 496
483; 440; 2; 1; 500
511; 470; 2; 1; 502
334; 330; 2; 1; 520
389; 506; 2; 1; 522
429; 423; 2; 1; 527
437; 451; 2; 1; 539
347; 365; 1; 2; 545
367; 407; 1; 2; 554
484; 433; 2; 1; 572
436; 387; 2; 1; 604
384; 312; 2; 1; 609
433; 355; 2; 1; 613
496; 341; 1; 2; 619
364; 461; 2; 1; 630
368; 303; 2; 1; 630
469; 348; 1; 2; 633
498; 496; 1; 2; 634
315; 334; 1; 2; 638
476; 473; 1; 2; 646
424; 478; 2; 1; 656
496; 460; 2; 1; 674
394; 413; 2; 1; 680
347; 436; 1; 2; 685
300; 458; 1; 2; 700
362; 456; 2; 1; 702
346; 397; 2; 1; 720
339; 477; 2; 1; 721
299; 409; 2; 1; 725
477; 506; 2; 1; 725
503; 379; 1; 2; 738
409; 388; 2; 1; 747
24
12; 1; 4; 1078
9; 1; 46; 1148
6; 1; 5; 3073
19; 1; 19; 3937
11; 1; 42; 4489
5; 1; 15; 4805
7; 1; 48; 6227
1; 1; 31; 7192
17; 1; 3; 9507
0; 1; 20; 10147
15; 1; 18; 11969
21; 1; 36; 12045
22; 1; 18; 13637
23; 1; 4; 14489
14; 1; 40; 17257
8; 1; 22; 19916
13; 1; 3; 24455
20; 1; 22; 27450
10; 1; 25; 29595
3; 1; 43; 31422
16; 1; 49; 36777
2; 1; 40; 38820
18; 1; 11; 40073
4; 1; 37; 40103
