**** 653 ****
109
424; 498; 1; 2; 11
358; 488; 2; 1; 11
308; 478; 1; 2; 14
467; 405; 1; 2; 15
335; 456; 2; 1; 16
506; 495; 1; 2; 20
329; 499; 1; 2; 32
430; 372; 2; 1; 38
375; 428; 2; 1; 40
342; 424; 1; 2; 41
506; 513; 2; 1; 42
456; 321; 1; 2; 45
425; 463; 1; 2; 45
483; 317; 2; 1; 49
450; 363; 1; 2; 52
497; 316; 2; 1; 52
421; 447; 1; 2; 73
424; 441; 1; 2; 73
427; 395; 1; 2; 85
395; 388; 2; 1; 90
445; 341; 1; 2; 113
489; 376; 1; 2; 125
412; 516; 1; 2; 128
402; 446; 1; 2; 146
361; 314; 1; 2; 148
333; 353; 1; 2; 151
357; 447; 1; 2; 153
426; 390; 1; 2; 156
357; 478; 1; 2; 170
482; 311; 2; 1; 174
301; 450; 2; 1; 181
425; 373; 1; 2; 181
319; 347; 1; 2; 181
480; 475; 1; 2; 201
408; 516; 1; 2; 209
470; 520; 1; 2; 212
388; 305; 1; 2; 229
413; 365; 1; 2; 240
339; 315; 1; 2; 242
408; 335; 2; 1; 246
404; 376; 2; 1; 251
437; 473; 2; 1; 294
348; 377; 1; 2; 299
436; 405; 2; 1; 303
464; 471; 2; 1; 305
437; 444; 1; 2; 311
432; 500; 1; 2; 314
452; 311; 1; 2; 315
355; 451; 2; 1; 316
309; 367; 1; 2; 321
388; 482; 2; 1; 324
362; 361; 2; 1; 335
426; 316; 2; 1; 339
455; 358; 2; 1; 340
410; 313; 1; 2; 356
393; 304; 1; 2; 359
485; 423; 2; 1; 360
519; 465; 1; 2; 376
487; 517; 1; 2; 376
422; 313; 1; 2; 381
517; 312; 2; 1; 382
374; 371; 2; 1; 396
498; 369; 1; 2; 399
343; 405; 2; 1; 413
314; 409; 1; 2; 442
356; 421; 2; 1; 455
479; 519; 2; 1; 461
475; 329; 1; 2; 462
508; 358; 1; 2; 462
332; 485; 1; 2; 472
472; 491; 2; 1; 479
502; 337; 2; 1; 487
346; 426; 1; 2; 493
359; 412; 1; 2; 500
312; 387; 2; 1; 502
429; 428; 2; 1; 504
504; 440; 2; 1; 508
346; 427; 1; 2; 511
438; 303; 1; 2; 512
412; 515; 2; 1; 523
512; 454; 1; 2; 527
340; 341; 2; 1; 528
402; 345; 1; 2; 528
406; 355; 2; 1; 530
322; 399; 1; 2; 538
398; 385; 1; 2; 550
297; 507; 2; 1; 553
460; 364; 1; 2; 559
458; 495; 1; 2; 571
497; 462; 2; 1; 583
341; 337; 2; 1; 633
325; 346; 2; 1; 644
472; 508; 1; 2; 648
463; 317; 2; 1; 651
503; 425; 2; 1; 658
312; 441; 2; 1; 670
301; 510; 2; 1; 677
383; 464; 2; 1; 685
368; 493; 1; 2; 691
458; 345; 1; 2; 696
353; 325; 1; 2; 711
385; 478; 2; 1; 713
403; 384; 1; 2; 719
447; 462; 1; 2; 729
382; 496; 1; 2; 730
428; 400; 2; 1; 730
493; 311; 1; 2; 730
337; 328; 1; 2; 744
330; 385; 2; 1; 751
24
18; 1; 20; 1802
12; 1; 6; 3368
7; 1; 32; 5102
8; 1; 46; 5141
5; 1; 15; 12775
14; 1; 2; 15808
1; 1; 34; 17456
16; 1; 2; 18004
10; 1; 13; 18234
23; 1; 15; 19168
9; 1; 3; 22170
6; 1; 18; 22223
20; 1; 11; 23615
17; 1; 43; 24263
4; 1; 32; 24580
2; 1; 22; 26574
15; 1; 23; 27480
11; 1; 41; 29447
19; 1; 5; 34995
21; 1; 40; 35876
0; 1; 7; 36272
22; 1; 43; 42539
3; 1; 26; 42734
13; 1; 1; 44163
