**** 654 ****
109
302; 401; 1; 2; 4
431; 409; 2; 1; 9
477; 435; 2; 1; 9
436; 432; 1; 2; 17
444; 424; 2; 1; 25
350; 447; 2; 1; 35
469; 435; 2; 1; 41
296; 400; 2; 1; 43
503; 313; 2; 1; 44
480; 515; 1; 2; 47
374; 413; 2; 1; 53
434; 353; 1; 2; 61
375; 446; 1; 2; 66
391; 472; 1; 2; 71
431; 388; 2; 1; 83
474; 517; 2; 1; 90
372; 429; 1; 2; 93
433; 375; 2; 1; 95
441; 390; 2; 1; 98
493; 454; 2; 1; 119
485; 476; 2; 1; 120
322; 475; 1; 2; 124
366; 492; 2; 1; 130
404; 503; 2; 1; 146
403; 380; 1; 2; 156
351; 358; 1; 2; 161
377; 429; 2; 1; 164
512; 312; 1; 2; 177
363; 325; 1; 2; 186
479; 356; 1; 2; 193
478; 335; 1; 2; 202
471; 309; 2; 1; 206
426; 395; 1; 2; 207
400; 356; 1; 2; 213
312; 464; 1; 2; 219
422; 356; 1; 2; 238
505; 457; 1; 2; 249
479; 495; 2; 1; 253
423; 505; 2; 1; 255
483; 428; 1; 2; 256
416; 347; 2; 1; 260
358; 429; 1; 2; 261
489; 424; 2; 1; 266
329; 488; 2; 1; 269
362; 364; 2; 1; 276
297; 473; 2; 1; 279
321; 431; 2; 1; 288
485; 499; 2; 1; 295
500; 379; 1; 2; 302
399; 419; 2; 1; 313
466; 383; 1; 2; 324
510; 515; 1; 2; 348
504; 438; 2; 1; 361
429; 446; 1; 2; 361
298; 305; 2; 1; 368
326; 429; 2; 1; 375
443; 485; 2; 1; 387
355; 314; 2; 1; 395
313; 481; 1; 2; 401
518; 373; 1; 2; 405
318; 458; 1; 2; 417
360; 511; 1; 2; 419
386; 366; 1; 2; 422
384; 383; 1; 2; 426
339; 466; 2; 1; 428
491; 299; 1; 2; 430
326; 490; 2; 1; 433
450; 508; 2; 1; 448
313; 344; 2; 1; 460
297; 363; 1; 2; 472
306; 497; 2; 1; 474
336; 446; 2; 1; 475
485; 345; 2; 1; 484
499; 384; 1; 2; 510
503; 497; 2; 1; 511
381; 384; 1; 2; 523
483; 409; 1; 2; 524
392; 508; 2; 1; 531
363; 479; 2; 1; 544
505; 441; 1; 2; 555
390; 372; 2; 1; 588
495; 496; 2; 1; 593
465; 321; 1; 2; 598
459; 510; 1; 2; 601
369; 477; 2; 1; 605
316; 407; 2; 1; 620
347; 348; 2; 1; 627
395; 302; 1; 2; 629
416; 391; 1; 2; 634
493; 353; 1; 2; 642
455; 464; 1; 2; 645
352; 328; 2; 1; 647
439; 328; 2; 1; 651
437; 356; 2; 1; 653
312; 476; 1; 2; 659
324; 516; 1; 2; 663
486; 335; 1; 2; 668
518; 319; 1; 2; 678
484; 388; 1; 2; 681
497; 401; 2; 1; 692
366; 515; 2; 1; 696
317; 513; 2; 1; 703
337; 452; 1; 2; 707
345; 304; 1; 2; 707
402; 317; 2; 1; 710
405; 513; 2; 1; 735
511; 405; 1; 2; 735
449; 324; 1; 2; 745
449; 473; 2; 1; 752
24
6; 1; 33; 2079
12; 1; 33; 3181
0; 1; 48; 6531
3; 1; 44; 7358
10; 1; 28; 7404
20; 1; 40; 14218
2; 1; 9; 16226
14; 1; 14; 20071
17; 1; 28; 21840
13; 1; 14; 23657
15; 1; 11; 25032
11; 1; 42; 29279
4; 1; 6; 29370
22; 1; 14; 30637
16; 1; 15; 31562
21; 1; 34; 31696
1; 1; 22; 32222
7; 1; 34; 34161
5; 1; 27; 37660
8; 1; 6; 38590
19; 1; 3; 39496
9; 1; 20; 40280
18; 1; 31; 43232
23; 1; 4; 43745
