**** 655 ****
109
434; 473; 2; 1; 0
498; 343; 2; 1; 11
329; 409; 1; 2; 11
445; 428; 1; 2; 19
511; 459; 1; 2; 31
428; 372; 1; 2; 37
433; 479; 2; 1; 38
383; 357; 1; 2; 46
461; 367; 2; 1; 47
332; 366; 2; 1; 48
464; 366; 1; 2; 51
365; 323; 1; 2; 64
460; 502; 2; 1; 64
499; 337; 1; 2; 66
374; 440; 2; 1; 86
410; 397; 2; 1; 109
341; 373; 2; 1; 111
504; 307; 1; 2; 116
488; 480; 2; 1; 137
435; 375; 2; 1; 138
487; 428; 2; 1; 140
488; 312; 2; 1; 142
436; 504; 2; 1; 147
324; 445; 1; 2; 163
460; 328; 2; 1; 170
335; 340; 2; 1; 182
310; 338; 2; 1; 203
514; 335; 1; 2; 204
425; 401; 1; 2; 210
353; 514; 2; 1; 211
473; 304; 1; 2; 215
521; 375; 1; 2; 228
338; 358; 1; 2; 237
419; 406; 1; 2; 238
342; 428; 1; 2; 244
427; 319; 1; 2; 254
451; 428; 1; 2; 259
322; 439; 1; 2; 262
334; 442; 2; 1; 269
419; 489; 1; 2; 279
366; 329; 1; 2; 283
385; 465; 1; 2; 285
464; 409; 1; 2; 308
489; 402; 2; 1; 325
404; 329; 2; 1; 328
410; 356; 2; 1; 334
416; 436; 2; 1; 334
416; 412; 1; 2; 342
302; 420; 1; 2; 358
346; 340; 1; 2; 360
396; 297; 1; 2; 362
347; 500; 1; 2; 363
401; 418; 1; 2; 371
385; 445; 1; 2; 376
325; 399; 2; 1; 394
489; 351; 2; 1; 394
319; 409; 1; 2; 396
445; 428; 1; 2; 396
380; 379; 2; 1; 406
427; 420; 1; 2; 409
488; 509; 2; 1; 413
438; 417; 1; 2; 417
482; 307; 1; 2; 418
454; 512; 2; 1; 420
352; 497; 1; 2; 428
352; 496; 2; 1; 435
337; 405; 1; 2; 437
485; 320; 2; 1; 442
330; 298; 1; 2; 443
390; 441; 1; 2; 452
486; 353; 2; 1; 454
449; 379; 1; 2; 455
472; 401; 2; 1; 457
479; 403; 2; 1; 459
510; 515; 2; 1; 465
475; 369; 2; 1; 472
416; 353; 2; 1; 474
420; 501; 1; 2; 481
328; 476; 2; 1; 482
453; 510; 2; 1; 489
360; 448; 2; 1; 496
511; 374; 1; 2; 514
478; 482; 2; 1; 520
495; 327; 1; 2; 526
409; 496; 1; 2; 533
515; 325; 1; 2; 541
319; 395; 1; 2; 550
398; 474; 2; 1; 570
494; 475; 2; 1; 608
353; 306; 2; 1; 608
482; 426; 2; 1; 616
424; 476; 2; 1; 626
347; 365; 2; 1; 631
345; 304; 2; 1; 643
375; 374; 2; 1; 644
359; 299; 2; 1; 658
488; 479; 1; 2; 675
419; 336; 1; 2; 675
328; 317; 1; 2; 676
322; 473; 1; 2; 679
305; 296; 2; 1; 697
469; 462; 2; 1; 697
338; 407; 1; 2; 702
512; 445; 2; 1; 704
432; 415; 1; 2; 706
429; 412; 2; 1; 710
408; 489; 2; 1; 713
299; 354; 1; 2; 737
458; 389; 1; 2; 741
24
15; 1; 9; 509
5; 1; 26; 654
7; 1; 49; 2674
18; 1; 35; 3574
8; 1; 38; 4160
14; 1; 23; 4723
22; 1; 8; 7464
21; 1; 37; 10787
19; 1; 17; 12933
20; 1; 48; 13193
12; 1; 44; 13317
6; 1; 41; 14391
0; 1; 9; 16844
23; 1; 45; 17554
9; 1; 22; 18172
2; 1; 44; 19368
17; 1; 1; 21497
11; 1; 1; 22359
10; 1; 17; 22966
13; 1; 34; 30233
3; 1; 31; 32333
1; 1; 5; 33220
4; 1; 11; 36228
16; 1; 3; 40823
