**** 656 ****
109
344; 323; 2; 1; 8
473; 390; 2; 1; 26
360; 482; 2; 1; 27
419; 418; 1; 2; 33
386; 434; 2; 1; 38
407; 519; 1; 2; 40
510; 333; 2; 1; 49
426; 514; 1; 2; 66
460; 451; 1; 2; 79
499; 341; 2; 1; 102
306; 480; 2; 1; 115
298; 502; 1; 2; 119
417; 307; 2; 1; 119
454; 454; 1; 2; 130
494; 498; 1; 2; 133
460; 461; 1; 2; 136
404; 365; 2; 1; 141
471; 464; 1; 2; 148
463; 342; 1; 2; 151
423; 491; 2; 1; 163
393; 422; 1; 2; 171
504; 400; 1; 2; 191
377; 521; 1; 2; 201
347; 460; 2; 1; 202
352; 308; 1; 2; 206
424; 320; 1; 2; 206
434; 395; 2; 1; 213
320; 467; 1; 2; 214
454; 491; 1; 2; 224
439; 369; 2; 1; 229
408; 453; 2; 1; 230
401; 495; 2; 1; 231
369; 394; 1; 2; 245
373; 325; 1; 2; 255
472; 315; 1; 2; 259
311; 468; 1; 2; 278
443; 493; 2; 1; 280
368; 402; 2; 1; 281
404; 424; 2; 1; 293
353; 436; 1; 2; 296
465; 372; 1; 2; 302
403; 350; 2; 1; 307
454; 299; 2; 1; 318
345; 439; 2; 1; 321
375; 350; 1; 2; 354
350; 383; 2; 1; 357
311; 433; 2; 1; 372
385; 519; 1; 2; 373
390; 361; 1; 2; 374
376; 503; 2; 1; 384
366; 465; 2; 1; 393
508; 379; 1; 2; 396
435; 378; 1; 2; 406
391; 403; 2; 1; 413
375; 509; 1; 2; 415
466; 442; 2; 1; 416
442; 502; 1; 2; 425
388; 430; 2; 1; 435
417; 419; 2; 1; 435
506; 416; 2; 1; 441
408; 338; 2; 1; 443
516; 365; 1; 2; 443
357; 439; 2; 1; 449
493; 511; 2; 1; 451
349; 494; 1; 2; 452
311; 304; 1; 2; 467
381; 324; 1; 2; 474
508; 335; 1; 2; 481
332; 424; 2; 1; 486
390; 439; 2; 1; 494
460; 475; 2; 1; 497
505; 307; 2; 1; 514
307; 357; 2; 1; 514
368; 424; 1; 2; 519
473; 400; 1; 2; 526
334; 342; 1; 2; 539
376; 389; 1; 2; 540
467; 466; 1; 2; 550
439; 419; 1; 2; 557
384; 320; 2; 1; 560
398; 298; 2; 1; 587
485; 511; 2; 1; 591
465; 387; 2; 1; 594
433; 350; 2; 1; 607
359; 436; 1; 2; 616
432; 441; 1; 2; 627
375; 305; 2; 1; 635
375; 415; 2; 1; 653
320; 506; 2; 1; 659
303; 374; 2; 1; 662
379; 375; 1; 2; 666
376; 299; 1; 2; 678
491; 480; 1; 2; 678
305; 397; 2; 1; 680
376; 470; 1; 2; 683
497; 428; 1; 2; 683
346; 317; 1; 2; 688
308; 496; 1; 2; 691
433; 420; 1; 2; 696
351; 462; 2; 1; 699
300; 420; 1; 2; 700
495; 464; 1; 2; 703
382; 434; 2; 1; 713
461; 405; 1; 2; 714
320; 369; 1; 2; 721
410; 345; 2; 1; 728
333; 363; 1; 2; 729
330; 385; 1; 2; 740
328; 371; 2; 1; 746
24
14; 1; 24; 513
6; 1; 12; 1108
12; 1; 38; 10232
4; 1; 15; 13620
18; 1; 1; 13943
16; 1; 25; 20571
21; 1; 21; 21712
7; 1; 32; 24176
22; 1; 18; 24690
19; 1; 6; 24871
23; 1; 24; 26383
15; 1; 26; 26935
11; 1; 37; 27669
10; 1; 10; 30027
0; 1; 3; 31083
17; 1; 44; 31805
1; 1; 6; 32308
3; 1; 27; 33739
9; 1; 30; 35967
2; 1; 29; 39051
13; 1; 12; 40602
20; 1; 14; 41265
8; 1; 6; 41342
5; 1; 25; 42674
