**** 657 ****
109
481; 512; 2; 1; 7
403; 350; 2; 1; 11
521; 352; 2; 1; 14
421; 349; 2; 1; 15
325; 339; 2; 1; 17
347; 337; 1; 2; 24
341; 491; 2; 1; 30
457; 420; 1; 2; 36
502; 346; 2; 1; 37
469; 396; 2; 1; 41
317; 460; 2; 1; 62
412; 300; 2; 1; 73
459; 320; 2; 1; 76
471; 349; 2; 1; 77
436; 348; 1; 2; 85
373; 446; 2; 1; 96
318; 310; 2; 1; 96
319; 485; 1; 2; 114
297; 494; 1; 2; 125
484; 393; 1; 2; 131
429; 314; 1; 2; 132
371; 410; 2; 1; 137
312; 357; 2; 1; 148
499; 517; 2; 1; 150
518; 446; 2; 1; 157
514; 462; 1; 2; 161
419; 387; 1; 2; 162
484; 382; 1; 2; 171
339; 400; 1; 2; 181
434; 519; 2; 1; 189
410; 308; 2; 1; 193
404; 332; 2; 1; 200
297; 317; 1; 2; 211
348; 333; 1; 2; 222
415; 348; 2; 1; 225
508; 461; 2; 1; 231
492; 397; 1; 2; 232
475; 313; 2; 1; 237
345; 311; 2; 1; 247
371; 378; 1; 2; 254
416; 414; 2; 1; 261
322; 322; 1; 2; 269
400; 417; 2; 1; 269
419; 399; 2; 1; 270
381; 448; 1; 2; 284
358; 425; 2; 1; 293
509; 440; 2; 1; 295
437; 355; 2; 1; 296
355; 440; 1; 2; 296
520; 415; 1; 2; 302
408; 446; 2; 1; 315
358; 447; 1; 2; 319
478; 439; 2; 1; 337
471; 423; 2; 1; 345
439; 414; 2; 1; 349
414; 481; 1; 2; 352
317; 479; 2; 1; 356
484; 357; 1; 2; 356
363; 298; 1; 2; 359
371; 401; 1; 2; 365
464; 368; 2; 1; 365
308; 372; 2; 1; 374
461; 473; 2; 1; 380
331; 495; 1; 2; 394
329; 307; 2; 1; 401
483; 320; 1; 2; 407
436; 459; 1; 2; 408
398; 317; 2; 1; 408
428; 466; 2; 1; 422
410; 381; 2; 1; 428
377; 372; 1; 2; 433
383; 479; 2; 1; 435
466; 489; 1; 2; 466
463; 384; 1; 2; 474
335; 469; 1; 2; 499
456; 453; 1; 2; 500
297; 336; 1; 2; 512
504; 338; 2; 1; 515
378; 502; 2; 1; 536
374; 388; 2; 1; 544
514; 511; 1; 2; 549
323; 416; 2; 1; 556
455; 422; 2; 1; 557
308; 389; 2; 1; 562
372; 490; 1; 2; 572
299; 400; 2; 1; 598
354; 447; 1; 2; 600
431; 314; 2; 1; 616
409; 411; 2; 1; 616
364; 449; 2; 1; 618
315; 313; 2; 1; 626
482; 450; 1; 2; 654
478; 480; 1; 2; 656
394; 462; 2; 1; 656
466; 435; 1; 2; 674
371; 383; 2; 1; 676
330; 338; 1; 2; 676
446; 384; 1; 2; 681
346; 489; 1; 2; 690
358; 375; 2; 1; 703
410; 422; 2; 1; 706
503; 445; 2; 1; 712
419; 313; 2; 1; 714
492; 386; 2; 1; 719
358; 369; 1; 2; 719
491; 329; 2; 1; 734
451; 380; 1; 2; 736
483; 332; 2; 1; 741
455; 403; 2; 1; 755
24
20; 1; 40; 1808
15; 1; 34; 1961
21; 1; 5; 3098
9; 1; 2; 10707
12; 1; 19; 10711
4; 1; 28; 12575
23; 1; 24; 13331
14; 1; 38; 15349
1; 1; 7; 22265
6; 1; 19; 23430
22; 1; 13; 25595
13; 1; 46; 25984
7; 1; 40; 27364
11; 1; 17; 27626
10; 1; 19; 27799
2; 1; 35; 28320
3; 1; 39; 30388
5; 1; 41; 34461
18; 1; 7; 34542
0; 1; 40; 34847
17; 1; 25; 36531
19; 1; 10; 38103
8; 1; 21; 41859
16; 1; 6; 44507
