**** 658 ****
109
461; 414; 1; 2; 0
477; 345; 1; 2; 2
416; 342; 2; 1; 13
405; 343; 1; 2; 18
474; 490; 2; 1; 18
325; 480; 2; 1; 38
518; 307; 2; 1; 39
452; 490; 2; 1; 45
341; 446; 2; 1; 49
508; 521; 2; 1; 55
477; 308; 1; 2; 63
361; 313; 1; 2; 69
497; 305; 1; 2; 80
478; 317; 2; 1; 91
334; 467; 1; 2; 95
480; 328; 2; 1; 98
435; 333; 2; 1; 105
412; 323; 2; 1; 105
512; 404; 2; 1; 107
313; 390; 2; 1; 112
468; 403; 1; 2; 113
511; 449; 1; 2; 116
408; 366; 1; 2; 123
363; 406; 2; 1; 123
471; 502; 1; 2; 134
387; 396; 1; 2; 143
489; 379; 2; 1; 154
435; 408; 2; 1; 156
346; 511; 1; 2; 159
489; 310; 1; 2; 167
393; 516; 2; 1; 175
399; 325; 1; 2; 179
355; 353; 1; 2; 190
390; 358; 2; 1; 223
515; 337; 2; 1; 232
506; 393; 2; 1; 246
307; 437; 2; 1; 256
464; 410; 2; 1; 265
396; 414; 1; 2; 267
454; 352; 1; 2; 278
491; 467; 1; 2; 290
426; 497; 2; 1; 336
323; 334; 1; 2; 364
442; 443; 2; 1; 366
303; 435; 1; 2; 369
493; 485; 1; 2; 371
462; 423; 2; 1; 373
340; 304; 1; 2; 405
412; 483; 2; 1; 413
494; 461; 2; 1; 438
416; 343; 2; 1; 451
505; 413; 2; 1; 459
479; 368; 2; 1; 469
333; 487; 2; 1; 473
379; 460; 1; 2; 474
440; 502; 2; 1; 481
297; 457; 1; 2; 489
355; 325; 1; 2; 513
484; 407; 2; 1; 514
424; 382; 2; 1; 515
411; 323; 1; 2; 515
386; 365; 1; 2; 515
390; 505; 2; 1; 526
398; 393; 2; 1; 531
348; 413; 2; 1; 536
386; 312; 1; 2; 536
412; 376; 2; 1; 549
493; 384; 2; 1; 549
337; 512; 1; 2; 557
361; 435; 2; 1; 569
482; 463; 2; 1; 574
400; 388; 1; 2; 588
420; 447; 1; 2; 589
307; 490; 2; 1; 594
388; 342; 2; 1; 594
493; 415; 2; 1; 603
373; 426; 1; 2; 603
489; 436; 2; 1; 612
433; 406; 2; 1; 615
315; 399; 1; 2; 618
317; 318; 1; 2; 623
371; 326; 2; 1; 625
398; 439; 2; 1; 631
343; 296; 1; 2; 645
429; 306; 2; 1; 647
489; 400; 1; 2; 655
488; 342; 1; 2; 655
520; 371; 1; 2; 659
355; 416; 1; 2; 669
505; 368; 1; 2; 680
501; 333; 1; 2; 680
331; 405; 2; 1; 681
312; 415; 1; 2; 683
379; 344; 2; 1; 686
375; 473; 2; 1; 691
405; 349; 1; 2; 691
373; 470; 1; 2; 701
500; 392; 2; 1; 704
399; 463; 1; 2; 705
356; 449; 1; 2; 709
448; 521; 2; 1; 714
482; 446; 2; 1; 723
498; 368; 2; 1; 729
297; 505; 1; 2; 735
405; 329; 1; 2; 743
340; 468; 1; 2; 743
459; 372; 1; 2; 743
457; 479; 1; 2; 745
355; 407; 2; 1; 746
24
6; 1; 22; 674
8; 1; 8; 2317
12; 1; 46; 5746
23; 1; 35; 6528
18; 1; 29; 7620
14; 1; 48; 11130
5; 1; 25; 16447
13; 1; 11; 20583
22; 1; 47; 24563
21; 1; 33; 24827
7; 1; 2; 25888
1; 1; 30; 27045
20; 1; 12; 27170
0; 1; 21; 27285
11; 1; 35; 30806
16; 1; 11; 35059
3; 1; 33; 35582
4; 1; 41; 35955
19; 1; 24; 38562
15; 1; 36; 42364
9; 1; 22; 42730
17; 1; 34; 43215
2; 1; 19; 43580
10; 1; 38; 45177
