**** 659 ****
109
384; 480; 2; 1; 2
345; 503; 2; 1; 13
323; 338; 2; 1; 32
363; 335; 1; 2; 34
461; 490; 2; 1; 35
469; 367; 2; 1; 40
480; 298; 1; 2; 41
494; 471; 1; 2; 43
346; 376; 1; 2; 45
402; 461; 1; 2; 48
383; 416; 1; 2; 66
355; 484; 2; 1; 70
345; 364; 1; 2; 72
432; 326; 2; 1; 74
326; 326; 1; 2; 87
418; 427; 2; 1; 97
354; 416; 1; 2; 103
310; 459; 1; 2; 105
465; 383; 2; 1; 107
438; 412; 1; 2; 112
508; 348; 2; 1; 116
495; 316; 1; 2; 129
439; 495; 2; 1; 131
481; 370; 1; 2; 148
358; 513; 1; 2; 150
377; 405; 2; 1; 159
399; 359; 1; 2; 166
319; 385; 1; 2; 172
373; 513; 2; 1; 173
338; 422; 1; 2; 179
462; 497; 1; 2; 180
510; 367; 2; 1; 188
473; 388; 2; 1; 188
330; 495; 1; 2; 191
416; 487; 2; 1; 195
440; 470; 1; 2; 199
413; 373; 1; 2; 201
478; 482; 2; 1; 205
332; 426; 2; 1; 210
362; 382; 2; 1; 225
482; 506; 1; 2; 225
400; 492; 2; 1; 235
492; 305; 1; 2; 250
507; 457; 2; 1; 270
352; 378; 1; 2; 283
503; 452; 2; 1; 287
474; 505; 2; 1; 297
410; 374; 1; 2; 299
415; 436; 1; 2; 316
478; 298; 2; 1; 328
440; 479; 1; 2; 336
418; 458; 1; 2; 344
359; 380; 1; 2; 345
299; 370; 1; 2; 353
393; 384; 1; 2; 357
392; 391; 2; 1; 366
328; 521; 2; 1; 366
469; 385; 2; 1; 367
310; 320; 1; 2; 370
315; 380; 1; 2; 370
383; 501; 1; 2; 371
340; 453; 1; 2; 372
423; 388; 2; 1; 375
373; 419; 2; 1; 379
338; 323; 2; 1; 382
427; 324; 2; 1; 385
425; 406; 1; 2; 392
348; 373; 2; 1; 405
362; 519; 1; 2; 409
492; 336; 1; 2; 415
381; 465; 2; 1; 417
364; 477; 1; 2; 419
424; 433; 2; 1; 424
306; 471; 1; 2; 436
476; 448; 2; 1; 440
439; 509; 1; 2; 463
329; 465; 2; 1; 466
338; 393; 2; 1; 485
411; 507; 1; 2; 515
380; 408; 2; 1; 552
421; 377; 2; 1; 554
483; 437; 1; 2; 562
463; 360; 1; 2; 563
392; 365; 1; 2; 580
443; 458; 1; 2; 584
311; 316; 2; 1; 587
447; 443; 1; 2; 591
464; 423; 2; 1; 595
392; 309; 1; 2; 596
456; 507; 2; 1; 597
307; 384; 1; 2; 598
521; 384; 2; 1; 602
302; 510; 2; 1; 604
515; 442; 1; 2; 621
494; 384; 1; 2; 624
400; 519; 2; 1; 629
449; 326; 2; 1; 654
513; 457; 2; 1; 675
467; 415; 2; 1; 678
340; 501; 2; 1; 684
517; 382; 2; 1; 687
395; 410; 2; 1; 695
466; 383; 1; 2; 699
451; 382; 2; 1; 717
374; 472; 1; 2; 726
334; 415; 1; 2; 744
328; 397; 1; 2; 746
480; 434; 2; 1; 747
503; 464; 1; 2; 754
24
20; 1; 48; 5734
1; 1; 23; 5886
8; 1; 4; 8693
3; 1; 47; 10643
19; 1; 48; 14103
15; 1; 14; 15492
12; 1; 3; 16485
23; 1; 16; 17001
13; 1; 27; 19222
7; 1; 39; 19496
10; 1; 8; 22082
2; 1; 14; 23405
9; 1; 34; 24026
4; 1; 43; 24097
17; 1; 24; 30212
6; 1; 47; 31514
14; 1; 7; 31776
22; 1; 41; 33040
11; 1; 37; 33979
0; 1; 34; 34792
21; 1; 8; 35526
16; 1; 40; 38689
18; 1; 38; 38846
5; 1; 39; 40744
