**** 66 ****
56
97; 37; 1; 2; 3
68; 97; 1; 2; 4
48; 64; 1; 2; 7
70; 84; 2; 1; 13
69; 85; 2; 1; 15
83; 78; 2; 1; 19
95; 49; 1; 2; 21
57; 51; 2; 1; 28
73; 67; 2; 1; 30
95; 37; 1; 2; 32
85; 67; 1; 2; 34
40; 34; 1; 2; 43
63; 47; 2; 1; 44
63; 51; 2; 1; 45
95; 38; 2; 1; 48
39; 87; 2; 1; 51
96; 46; 2; 1; 55
76; 39; 2; 1; 56
59; 33; 1; 2; 58
70; 55; 1; 2; 62
61; 59; 2; 1; 63
71; 85; 2; 1; 63
69; 34; 2; 1; 66
58; 96; 2; 1; 67
90; 57; 2; 1; 67
86; 96; 1; 2; 70
58; 84; 2; 1; 70
77; 49; 1; 2; 72
50; 42; 1; 2; 74
89; 45; 1; 2; 75
86; 39; 2; 1; 75
37; 65; 2; 1; 80
89; 39; 1; 2; 81
57; 77; 2; 1; 89
47; 36; 2; 1; 90
59; 45; 1; 2; 92
82; 73; 2; 1; 92
32; 54; 2; 1; 94
93; 56; 1; 2; 97
71; 68; 1; 2; 100
91; 34; 2; 1; 101
84; 71; 2; 1; 103
31; 73; 2; 1; 108
46; 86; 2; 1; 110
41; 76; 2; 1; 117
79; 83; 2; 1; 121
82; 83; 2; 1; 135
63; 70; 2; 1; 141
54; 76; 1; 2; 142
34; 57; 2; 1; 143
73; 86; 1; 2; 149
49; 54; 1; 2; 151
50; 61; 2; 1; 155
75; 42; 1; 2; 158
78; 39; 2; 1; 159
63; 36; 1; 2; 162
14
13; 1; 7; 63
11; 1; 13; 294
2; 1; 3; 343
4; 1; 37; 838
8; 1; 47; 902
9; 1; 3; 1229
7; 1; 49; 1684
6; 1; 39; 2343
3; 1; 43; 3002
12; 1; 28; 3110
5; 1; 5; 3504
10; 1; 11; 3561
0; 1; 13; 3579
1; 1; 22; 3645
