**** 660 ****
110
508; 466; 1; 2; 7
366; 486; 1; 2; 27
451; 376; 2; 1; 30
526; 380; 1; 2; 31
522; 416; 2; 1; 46
498; 373; 1; 2; 52
323; 330; 2; 1; 56
311; 326; 1; 2; 61
393; 310; 1; 2; 70
389; 425; 1; 2; 73
414; 485; 1; 2; 75
372; 317; 2; 1; 78
428; 506; 2; 1; 107
484; 434; 2; 1; 107
338; 514; 2; 1; 112
442; 430; 1; 2; 115
315; 353; 1; 2; 121
319; 371; 1; 2; 123
412; 476; 2; 1; 125
309; 460; 2; 1; 129
506; 395; 2; 1; 130
342; 380; 2; 1; 143
307; 437; 1; 2; 143
486; 467; 2; 1; 144
449; 450; 1; 2; 148
340; 359; 1; 2; 156
471; 410; 2; 1; 162
478; 508; 2; 1; 166
442; 489; 2; 1; 173
341; 394; 1; 2; 174
462; 324; 2; 1; 179
503; 375; 2; 1; 195
351; 403; 1; 2; 215
406; 312; 2; 1; 219
358; 457; 2; 1; 220
521; 442; 1; 2; 220
359; 515; 1; 2; 226
301; 501; 2; 1; 234
456; 442; 1; 2; 237
444; 474; 1; 2; 240
355; 347; 2; 1; 245
522; 435; 1; 2; 250
362; 304; 2; 1; 257
306; 338; 2; 1; 259
372; 469; 2; 1; 259
495; 441; 2; 1; 268
355; 513; 1; 2; 270
359; 378; 2; 1; 272
445; 361; 2; 1; 281
394; 419; 2; 1; 282
519; 313; 2; 1; 287
350; 444; 2; 1; 299
336; 367; 1; 2; 303
419; 472; 2; 1; 309
420; 522; 2; 1; 316
448; 317; 1; 2; 331
433; 322; 1; 2; 331
343; 347; 2; 1; 332
477; 390; 2; 1; 359
471; 342; 2; 1; 362
427; 484; 1; 2; 365
408; 472; 1; 2; 377
516; 434; 2; 1; 382
509; 397; 2; 1; 395
422; 394; 2; 1; 399
342; 514; 1; 2; 426
509; 486; 1; 2; 430
457; 466; 1; 2; 432
433; 379; 1; 2; 451
464; 305; 1; 2; 461
443; 465; 1; 2; 466
423; 460; 1; 2; 490
525; 324; 1; 2; 492
490; 526; 1; 2; 501
391; 479; 2; 1; 514
461; 524; 1; 2; 520
367; 384; 1; 2; 527
470; 494; 2; 1; 529
516; 313; 2; 1; 532
339; 304; 1; 2; 540
505; 331; 1; 2; 565
309; 346; 2; 1; 570
341; 345; 1; 2; 573
477; 469; 2; 1; 587
472; 468; 1; 2; 587
307; 337; 1; 2; 588
391; 527; 2; 1; 591
421; 354; 2; 1; 597
301; 445; 1; 2; 610
438; 372; 2; 1; 611
344; 437; 1; 2; 613
411; 491; 1; 2; 614
467; 401; 2; 1; 628
352; 376; 1; 2; 639
446; 521; 1; 2; 640
512; 359; 2; 1; 649
381; 318; 2; 1; 665
523; 488; 2; 1; 668
466; 347; 1; 2; 677
384; 397; 2; 1; 679
472; 306; 2; 1; 680
488; 436; 2; 1; 680
498; 395; 1; 2; 683
514; 359; 2; 1; 688
489; 343; 2; 1; 721
332; 467; 2; 1; 730
521; 525; 1; 2; 741
489; 485; 2; 1; 742
418; 385; 2; 1; 749
485; 529; 2; 1; 758
24
14; 1; 5; 484
1; 1; 41; 2146
12; 1; 30; 3368
0; 1; 34; 4580
2; 1; 29; 4644
10; 1; 21; 7164
18; 1; 28; 9199
13; 1; 15; 10792
15; 1; 49; 12532
3; 1; 9; 16372
20; 1; 3; 16794
16; 1; 5; 18726
17; 1; 33; 23677
11; 1; 42; 24297
8; 1; 22; 35681
23; 1; 37; 36096
22; 1; 35; 36247
4; 1; 39; 41466
7; 1; 36; 42256
5; 1; 29; 42533
6; 1; 26; 43610
9; 1; 36; 44363
21; 1; 30; 45280
19; 1; 13; 45772
