**** 661 ****
110
330; 315; 2; 1; 9
377; 519; 2; 1; 26
402; 476; 2; 1; 31
526; 504; 2; 1; 32
413; 526; 2; 1; 41
370; 304; 2; 1; 44
431; 477; 2; 1; 47
437; 448; 2; 1; 63
434; 416; 1; 2; 65
358; 506; 2; 1; 75
390; 381; 1; 2; 75
319; 415; 2; 1; 84
368; 360; 1; 2; 87
491; 444; 2; 1; 102
339; 410; 1; 2; 118
434; 411; 1; 2; 120
305; 437; 1; 2; 124
379; 439; 1; 2; 127
448; 349; 2; 1; 134
422; 325; 2; 1; 161
385; 351; 1; 2; 172
313; 511; 1; 2; 172
456; 518; 2; 1; 176
504; 321; 1; 2; 179
424; 387; 1; 2; 197
345; 500; 1; 2; 199
388; 470; 1; 2; 210
373; 526; 1; 2; 219
374; 480; 2; 1; 228
407; 353; 2; 1; 237
529; 312; 2; 1; 241
427; 488; 1; 2; 244
446; 465; 2; 1; 244
506; 363; 1; 2; 247
526; 432; 1; 2; 251
397; 433; 1; 2; 261
494; 475; 2; 1; 292
525; 340; 2; 1; 301
442; 412; 1; 2; 307
496; 379; 1; 2; 310
307; 341; 2; 1; 313
508; 520; 1; 2; 319
352; 435; 1; 2; 330
392; 367; 1; 2; 333
469; 320; 2; 1; 339
527; 372; 2; 1; 339
431; 321; 2; 1; 349
348; 324; 2; 1; 352
343; 380; 2; 1; 364
320; 477; 2; 1; 381
394; 436; 2; 1; 386
307; 347; 1; 2; 390
511; 511; 1; 2; 390
425; 409; 1; 2; 391
314; 384; 2; 1; 393
429; 408; 1; 2; 400
405; 324; 2; 1; 401
356; 424; 1; 2; 411
470; 453; 2; 1; 415
415; 402; 2; 1; 419
457; 414; 2; 1; 419
395; 505; 1; 2; 422
478; 443; 1; 2; 423
488; 326; 1; 2; 425
481; 325; 1; 2; 428
427; 456; 2; 1; 432
410; 331; 1; 2; 436
508; 323; 2; 1; 442
333; 522; 1; 2; 443
437; 318; 1; 2; 452
499; 435; 1; 2; 456
514; 509; 1; 2; 458
451; 461; 2; 1; 462
477; 372; 2; 1; 465
443; 311; 1; 2; 473
325; 380; 1; 2; 482
512; 501; 1; 2; 482
397; 347; 2; 1; 491
310; 362; 1; 2; 504
387; 524; 2; 1; 508
306; 445; 1; 2; 510
393; 474; 2; 1; 526
467; 487; 1; 2; 527
339; 441; 2; 1; 538
327; 326; 2; 1; 580
456; 376; 1; 2; 584
323; 397; 1; 2; 585
419; 458; 2; 1; 586
407; 503; 2; 1; 609
388; 377; 1; 2; 632
322; 463; 2; 1; 637
466; 529; 1; 2; 640
490; 403; 1; 2; 646
526; 406; 1; 2; 650
370; 431; 1; 2; 653
437; 321; 1; 2; 677
381; 426; 1; 2; 680
444; 515; 2; 1; 681
508; 322; 2; 1; 685
497; 303; 1; 2; 687
404; 483; 1; 2; 698
338; 350; 1; 2; 699
303; 341; 2; 1; 722
453; 484; 2; 1; 724
331; 301; 1; 2; 725
338; 496; 2; 1; 727
327; 452; 1; 2; 737
322; 356; 1; 2; 745
513; 462; 1; 2; 752
351; 475; 2; 1; 753
24
15; 1; 2; 162
21; 1; 11; 5881
23; 1; 7; 7357
7; 1; 34; 8001
20; 1; 29; 12383
9; 1; 45; 12949
10; 1; 37; 13277
11; 1; 27; 15842
14; 1; 5; 16760
12; 1; 17; 17714
17; 1; 49; 19805
5; 1; 29; 24521
18; 1; 4; 24944
3; 1; 30; 30225
16; 1; 14; 31148
1; 1; 28; 31608
4; 1; 25; 33688
2; 1; 46; 35424
0; 1; 30; 40345
8; 1; 6; 41414
19; 1; 10; 41461
6; 1; 42; 42183
13; 1; 39; 42369
22; 1; 32; 44097
