**** 662 ****
110
468; 482; 1; 2; 6
366; 520; 2; 1; 7
359; 520; 1; 2; 8
366; 475; 2; 1; 32
343; 311; 2; 1; 35
340; 481; 2; 1; 39
480; 360; 2; 1; 46
452; 447; 1; 2; 68
303; 354; 2; 1; 70
389; 358; 1; 2; 72
316; 393; 1; 2; 75
325; 517; 1; 2; 79
460; 391; 1; 2; 110
386; 359; 2; 1; 119
337; 333; 2; 1; 121
522; 394; 1; 2; 122
518; 410; 1; 2; 125
460; 472; 1; 2; 127
320; 469; 1; 2; 131
518; 504; 1; 2; 162
400; 336; 1; 2; 164
364; 399; 2; 1; 168
416; 507; 1; 2; 188
457; 322; 2; 1; 197
364; 370; 1; 2; 198
525; 417; 1; 2; 201
480; 312; 1; 2; 210
360; 527; 2; 1; 215
308; 399; 1; 2; 219
369; 508; 2; 1; 224
343; 382; 1; 2; 226
438; 391; 2; 1; 227
489; 310; 1; 2; 231
448; 368; 2; 1; 235
426; 449; 2; 1; 247
309; 365; 1; 2; 248
473; 485; 1; 2; 255
469; 385; 1; 2; 256
389; 355; 1; 2; 258
474; 506; 2; 1; 270
512; 507; 1; 2; 275
504; 442; 1; 2; 294
415; 340; 1; 2; 298
456; 503; 2; 1; 309
395; 421; 1; 2; 332
463; 465; 2; 1; 340
428; 468; 1; 2; 351
357; 529; 1; 2; 353
474; 515; 2; 1; 356
441; 444; 1; 2; 366
515; 390; 1; 2; 366
335; 517; 2; 1; 373
438; 460; 2; 1; 374
439; 350; 1; 2; 376
460; 358; 1; 2; 384
372; 347; 2; 1; 384
431; 414; 1; 2; 390
336; 356; 2; 1; 396
309; 488; 2; 1; 407
431; 452; 1; 2; 410
362; 448; 2; 1; 413
430; 472; 1; 2; 428
441; 393; 2; 1; 434
449; 373; 2; 1; 435
370; 452; 2; 1; 440
379; 424; 2; 1; 462
423; 512; 2; 1; 465
344; 481; 1; 2; 472
486; 339; 1; 2; 483
399; 426; 1; 2; 487
469; 393; 2; 1; 497
416; 471; 1; 2; 499
316; 443; 1; 2; 502
385; 344; 2; 1; 521
355; 509; 1; 2; 540
402; 459; 2; 1; 543
448; 473; 1; 2; 547
404; 305; 2; 1; 556
395; 525; 2; 1; 561
320; 341; 1; 2; 562
417; 419; 2; 1; 566
448; 324; 1; 2; 566
463; 387; 1; 2; 567
518; 370; 1; 2; 567
304; 507; 1; 2; 582
370; 322; 1; 2; 584
377; 410; 1; 2; 588
518; 441; 1; 2; 592
499; 406; 2; 1; 593
401; 457; 2; 1; 598
384; 475; 1; 2; 600
490; 523; 2; 1; 610
481; 491; 1; 2; 632
334; 481; 2; 1; 636
379; 492; 2; 1; 639
405; 441; 2; 1; 640
372; 454; 1; 2; 648
525; 406; 1; 2; 666
353; 426; 1; 2; 677
346; 383; 1; 2; 684
478; 517; 2; 1; 687
524; 447; 2; 1; 693
464; 336; 1; 2; 702
449; 487; 1; 2; 706
477; 317; 1; 2; 711
405; 489; 1; 2; 712
516; 447; 1; 2; 728
494; 407; 2; 1; 746
397; 352; 2; 1; 750
407; 393; 2; 1; 750
24
15; 1; 29; 720
14; 1; 14; 2917
18; 1; 1; 3740
21; 1; 31; 3931
3; 1; 45; 6944
9; 1; 18; 9274
16; 1; 17; 11647
7; 1; 2; 13124
0; 1; 15; 14557
23; 1; 48; 15379
10; 1; 42; 20730
4; 1; 9; 21695
17; 1; 15; 22166
13; 1; 23; 22328
11; 1; 43; 22833
12; 1; 36; 24127
8; 1; 41; 25060
22; 1; 8; 25122
19; 1; 18; 29722
1; 1; 46; 31299
6; 1; 11; 31767
5; 1; 15; 35553
2; 1; 45; 41665
20; 1; 38; 45340
