**** 663 ****
110
443; 363; 2; 1; 13
396; 337; 1; 2; 21
440; 469; 2; 1; 24
305; 361; 1; 2; 26
416; 355; 1; 2; 36
500; 485; 2; 1; 38
398; 353; 1; 2; 63
302; 524; 2; 1; 71
414; 483; 2; 1; 89
341; 415; 2; 1; 97
440; 503; 1; 2; 103
309; 500; 2; 1; 105
306; 471; 1; 2; 111
526; 465; 1; 2; 112
400; 443; 2; 1; 112
313; 488; 2; 1; 117
426; 331; 1; 2; 140
407; 510; 1; 2; 146
463; 343; 1; 2; 147
423; 489; 2; 1; 150
328; 436; 2; 1; 151
447; 354; 1; 2; 152
470; 529; 2; 1; 153
431; 383; 1; 2; 171
470; 400; 1; 2; 184
502; 471; 2; 1; 189
372; 485; 2; 1; 198
308; 487; 2; 1; 204
365; 348; 2; 1; 206
408; 423; 2; 1; 210
395; 380; 1; 2; 210
526; 527; 2; 1; 232
470; 341; 2; 1; 245
425; 330; 2; 1; 249
403; 326; 2; 1; 252
384; 411; 2; 1; 253
430; 440; 1; 2; 264
460; 529; 1; 2; 286
389; 417; 1; 2; 296
324; 356; 1; 2; 307
384; 320; 2; 1; 309
513; 369; 2; 1; 311
507; 405; 2; 1; 314
413; 333; 2; 1; 315
344; 528; 2; 1; 316
502; 500; 2; 1; 321
491; 364; 1; 2; 334
453; 321; 1; 2; 335
461; 369; 2; 1; 335
442; 462; 1; 2; 338
323; 491; 2; 1; 353
426; 462; 2; 1; 356
450; 448; 2; 1; 358
425; 406; 2; 1; 363
489; 313; 2; 1; 365
318; 346; 2; 1; 369
311; 319; 2; 1; 390
448; 363; 2; 1; 393
484; 428; 2; 1; 401
441; 335; 2; 1; 404
521; 352; 2; 1; 416
427; 476; 2; 1; 416
466; 419; 1; 2; 425
483; 389; 2; 1; 435
454; 529; 1; 2; 443
383; 358; 2; 1; 455
426; 414; 2; 1; 460
395; 452; 2; 1; 472
388; 349; 1; 2; 489
383; 332; 1; 2; 507
376; 477; 2; 1; 512
311; 388; 1; 2; 525
384; 490; 1; 2; 525
433; 494; 1; 2; 547
323; 501; 2; 1; 556
396; 433; 1; 2; 557
330; 451; 2; 1; 568
429; 309; 1; 2; 571
499; 349; 2; 1; 571
406; 407; 2; 1; 573
414; 366; 2; 1; 577
442; 369; 2; 1; 585
421; 463; 1; 2; 594
378; 426; 2; 1; 611
419; 514; 1; 2; 620
422; 421; 1; 2; 636
386; 426; 2; 1; 637
507; 341; 1; 2; 651
348; 363; 2; 1; 661
398; 316; 2; 1; 661
311; 303; 2; 1; 665
318; 460; 2; 1; 697
470; 436; 2; 1; 705
379; 485; 2; 1; 705
456; 312; 1; 2; 705
350; 313; 2; 1; 711
519; 328; 2; 1; 712
491; 401; 2; 1; 717
353; 507; 2; 1; 729
483; 463; 2; 1; 732
324; 409; 2; 1; 734
529; 370; 2; 1; 737
497; 308; 1; 2; 738
406; 412; 2; 1; 740
524; 351; 1; 2; 746
524; 452; 2; 1; 747
359; 393; 1; 2; 755
321; 363; 1; 2; 756
330; 327; 2; 1; 760
370; 439; 2; 1; 761
24
19; 1; 34; 999
7; 1; 31; 1301
9; 1; 28; 2377
23; 1; 31; 3051
12; 1; 33; 3280
1; 1; 46; 3326
21; 1; 27; 6027
3; 1; 6; 7099
5; 1; 46; 8358
8; 1; 43; 9227
14; 1; 30; 10021
13; 1; 44; 18136
22; 1; 37; 21871
15; 1; 1; 23250
16; 1; 40; 28265
2; 1; 12; 31676
4; 1; 16; 37246
10; 1; 39; 38983
20; 1; 26; 39528
18; 1; 10; 39563
17; 1; 30; 41704
6; 1; 11; 43272
11; 1; 38; 43766
0; 1; 49; 45489
