**** 664 ****
110
518; 515; 1; 2; 8
477; 374; 1; 2; 13
499; 373; 2; 1; 16
402; 436; 2; 1; 24
406; 440; 2; 1; 26
414; 325; 2; 1; 29
514; 491; 1; 2; 31
369; 436; 1; 2; 31
483; 441; 1; 2; 33
507; 398; 2; 1; 43
525; 363; 2; 1; 56
370; 303; 2; 1; 60
386; 522; 2; 1; 86
479; 449; 1; 2; 87
476; 465; 1; 2; 107
325; 462; 1; 2; 110
352; 466; 2; 1; 113
304; 500; 2; 1; 115
334; 334; 1; 2; 131
491; 435; 2; 1; 132
446; 519; 1; 2; 136
416; 358; 1; 2; 138
355; 511; 1; 2; 141
449; 505; 1; 2; 151
449; 365; 1; 2; 151
480; 522; 1; 2; 158
509; 353; 1; 2; 159
456; 401; 1; 2; 164
522; 352; 2; 1; 181
472; 319; 2; 1; 183
504; 400; 1; 2; 198
437; 359; 2; 1; 218
493; 455; 2; 1; 223
306; 494; 1; 2; 226
333; 352; 2; 1; 227
392; 413; 2; 1; 245
380; 423; 2; 1; 246
408; 473; 1; 2; 253
334; 506; 2; 1; 254
374; 529; 1; 2; 254
505; 486; 1; 2; 263
496; 395; 1; 2; 269
497; 443; 1; 2; 280
422; 403; 1; 2; 291
309; 382; 2; 1; 291
411; 505; 1; 2; 304
442; 391; 1; 2; 308
433; 515; 1; 2; 311
475; 318; 1; 2; 320
506; 367; 2; 1; 321
303; 377; 1; 2; 324
354; 396; 1; 2; 326
398; 440; 1; 2; 327
317; 387; 1; 2; 337
307; 371; 2; 1; 341
468; 526; 2; 1; 351
516; 388; 2; 1; 352
406; 518; 2; 1; 370
333; 346; 1; 2; 379
520; 449; 1; 2; 381
371; 426; 2; 1; 384
402; 498; 1; 2; 388
490; 410; 1; 2; 389
525; 500; 2; 1; 390
336; 460; 2; 1; 412
484; 365; 1; 2; 419
389; 435; 2; 1; 446
341; 378; 2; 1; 457
323; 327; 1; 2; 469
366; 344; 2; 1; 474
419; 480; 1; 2; 474
427; 515; 1; 2; 475
450; 458; 2; 1; 493
310; 367; 2; 1; 509
318; 370; 1; 2; 518
367; 474; 1; 2; 520
320; 456; 2; 1; 524
354; 304; 1; 2; 527
432; 412; 1; 2; 529
377; 522; 2; 1; 531
519; 363; 2; 1; 533
410; 382; 2; 1; 542
321; 382; 2; 1; 554
445; 449; 2; 1; 567
340; 477; 1; 2; 589
312; 385; 1; 2; 591
495; 438; 1; 2; 600
513; 429; 2; 1; 611
512; 380; 2; 1; 619
442; 419; 2; 1; 620
483; 400; 1; 2; 623
492; 341; 1; 2; 640
377; 309; 1; 2; 648
513; 385; 1; 2; 650
449; 342; 1; 2; 652
458; 468; 1; 2; 652
447; 403; 1; 2; 657
374; 307; 2; 1; 664
303; 506; 1; 2; 680
479; 442; 2; 1; 686
432; 460; 1; 2; 690
316; 493; 1; 2; 694
307; 511; 2; 1; 715
432; 405; 1; 2; 716
429; 407; 1; 2; 742
443; 367; 2; 1; 751
486; 339; 2; 1; 752
425; 416; 1; 2; 757
381; 387; 2; 1; 758
354; 396; 1; 2; 760
24
20; 1; 18; 112
5; 1; 36; 371
17; 1; 46; 8561
22; 1; 13; 13867
6; 1; 48; 15523
11; 1; 18; 15745
9; 1; 3; 16107
16; 1; 20; 16205
7; 1; 48; 16395
15; 1; 26; 16554
19; 1; 1; 16668
12; 1; 16; 17555
4; 1; 44; 17913
18; 1; 19; 21156
10; 1; 26; 26390
1; 1; 27; 29145
14; 1; 46; 29851
8; 1; 18; 33287
13; 1; 1; 37145
23; 1; 14; 39400
21; 1; 16; 39655
2; 1; 32; 43844
0; 1; 46; 45296
3; 1; 38; 46108
