**** 665 ****
110
497; 449; 2; 1; 1
343; 350; 2; 1; 14
443; 434; 2; 1; 19
522; 359; 2; 1; 44
318; 406; 2; 1; 49
327; 302; 2; 1; 49
433; 318; 1; 2; 50
508; 495; 1; 2; 57
315; 476; 1; 2; 58
382; 514; 1; 2; 70
507; 390; 1; 2; 72
312; 343; 2; 1; 73
347; 397; 1; 2; 74
461; 449; 1; 2; 81
307; 303; 2; 1; 85
424; 507; 2; 1; 86
355; 316; 2; 1; 100
516; 415; 2; 1; 117
500; 442; 1; 2; 131
324; 479; 2; 1; 142
306; 436; 1; 2; 144
417; 434; 1; 2; 156
496; 338; 2; 1; 161
403; 500; 2; 1; 164
472; 356; 2; 1; 165
301; 433; 1; 2; 170
521; 464; 1; 2; 174
504; 339; 2; 1; 181
454; 445; 1; 2; 188
351; 470; 1; 2; 195
462; 382; 2; 1; 206
344; 519; 1; 2; 209
366; 439; 1; 2; 214
352; 499; 2; 1; 222
465; 390; 2; 1; 226
427; 371; 2; 1; 227
501; 450; 2; 1; 228
455; 411; 2; 1; 238
439; 516; 2; 1; 240
338; 510; 2; 1; 250
444; 494; 1; 2; 254
351; 422; 1; 2; 259
372; 436; 2; 1; 261
502; 509; 2; 1; 278
312; 344; 2; 1; 280
341; 310; 1; 2; 280
405; 372; 1; 2; 282
481; 328; 2; 1; 282
514; 409; 2; 1; 284
353; 443; 1; 2; 286
323; 493; 1; 2; 313
413; 311; 1; 2; 321
495; 368; 1; 2; 323
345; 406; 1; 2; 326
452; 351; 2; 1; 338
487; 301; 2; 1; 347
318; 476; 1; 2; 358
305; 439; 2; 1; 368
410; 496; 2; 1; 382
361; 398; 2; 1; 398
365; 309; 2; 1; 401
481; 369; 2; 1; 415
478; 388; 1; 2; 425
308; 334; 1; 2; 431
388; 305; 2; 1; 439
376; 305; 1; 2; 443
464; 325; 1; 2; 444
519; 502; 1; 2; 466
466; 449; 1; 2; 469
343; 367; 2; 1; 471
327; 372; 1; 2; 476
378; 337; 1; 2; 481
303; 391; 1; 2; 484
448; 341; 1; 2; 485
447; 517; 2; 1; 496
329; 373; 1; 2; 496
392; 396; 2; 1; 515
308; 505; 2; 1; 518
434; 529; 1; 2; 525
404; 493; 2; 1; 528
346; 370; 2; 1; 531
306; 333; 2; 1; 544
508; 378; 2; 1; 563
467; 499; 2; 1; 577
395; 338; 2; 1; 583
496; 384; 2; 1; 585
356; 353; 2; 1; 589
433; 513; 1; 2; 598
466; 414; 1; 2; 600
438; 474; 2; 1; 603
302; 514; 2; 1; 610
502; 517; 2; 1; 615
434; 488; 2; 1; 648
402; 375; 1; 2; 651
437; 403; 2; 1; 653
494; 476; 1; 2; 672
463; 482; 2; 1; 676
495; 325; 1; 2; 682
363; 463; 1; 2; 689
512; 322; 1; 2; 689
348; 392; 2; 1; 691
488; 366; 2; 1; 696
349; 428; 2; 1; 699
524; 448; 1; 2; 704
436; 465; 1; 2; 707
460; 494; 1; 2; 708
394; 382; 2; 1; 728
472; 454; 2; 1; 734
506; 453; 2; 1; 737
472; 482; 2; 1; 757
24
5; 1; 1; 2856
13; 1; 32; 4064
17; 1; 31; 11597
6; 1; 45; 11947
21; 1; 34; 12003
20; 1; 9; 12183
16; 1; 43; 13707
14; 1; 28; 15023
19; 1; 49; 16867
11; 1; 3; 17793
7; 1; 13; 19384
12; 1; 7; 23634
0; 1; 10; 24232
2; 1; 31; 25387
10; 1; 14; 27284
23; 1; 12; 30110
3; 1; 10; 33863
9; 1; 10; 37430
15; 1; 39; 38385
22; 1; 6; 39546
18; 1; 43; 41681
8; 1; 3; 41982
4; 1; 45; 43050
1; 1; 12; 44692
