**** 666 ****
110
490; 447; 2; 1; 6
306; 476; 2; 1; 20
345; 367; 2; 1; 34
368; 475; 2; 1; 35
350; 306; 1; 2; 36
481; 316; 1; 2; 53
308; 454; 2; 1; 55
339; 454; 1; 2; 62
332; 390; 1; 2; 64
425; 363; 2; 1; 88
331; 456; 2; 1; 99
480; 522; 1; 2; 102
453; 407; 1; 2; 110
323; 520; 1; 2; 114
447; 461; 1; 2; 129
407; 453; 2; 1; 130
526; 438; 1; 2; 134
351; 511; 1; 2; 138
346; 506; 2; 1; 139
326; 301; 1; 2; 155
380; 415; 2; 1; 168
315; 342; 1; 2; 168
526; 473; 2; 1; 169
409; 326; 1; 2; 170
424; 475; 1; 2; 174
478; 323; 2; 1; 175
471; 484; 2; 1; 187
380; 379; 2; 1; 189
434; 497; 2; 1; 194
337; 527; 2; 1; 197
315; 356; 2; 1; 211
481; 526; 1; 2; 218
324; 398; 1; 2; 226
527; 421; 1; 2; 227
376; 411; 2; 1; 231
344; 322; 1; 2; 249
357; 374; 2; 1; 258
314; 420; 1; 2; 263
502; 355; 2; 1; 265
392; 403; 1; 2; 265
398; 491; 1; 2; 292
341; 431; 1; 2; 304
320; 474; 2; 1; 314
336; 492; 1; 2; 317
445; 445; 1; 2; 317
351; 528; 2; 1; 317
357; 308; 2; 1; 330
409; 348; 1; 2; 338
379; 394; 1; 2; 340
429; 489; 1; 2; 341
389; 331; 1; 2; 342
474; 476; 2; 1; 342
501; 445; 1; 2; 343
315; 473; 2; 1; 348
481; 313; 1; 2; 354
520; 338; 2; 1; 362
387; 468; 1; 2; 366
427; 339; 1; 2; 370
339; 379; 2; 1; 374
459; 379; 1; 2; 383
412; 443; 1; 2; 391
308; 508; 2; 1; 396
413; 360; 2; 1; 400
395; 381; 2; 1; 412
341; 432; 2; 1; 414
471; 521; 2; 1; 417
416; 355; 2; 1; 418
312; 427; 1; 2; 434
393; 375; 1; 2; 436
302; 423; 1; 2; 448
359; 426; 2; 1; 450
329; 471; 1; 2; 475
411; 404; 1; 2; 509
371; 301; 2; 1; 520
333; 503; 1; 2; 522
350; 494; 2; 1; 526
467; 311; 2; 1; 529
425; 505; 1; 2; 531
416; 438; 2; 1; 533
494; 319; 1; 2; 534
420; 524; 1; 2; 534
354; 346; 1; 2; 547
345; 382; 2; 1; 547
481; 436; 1; 2; 548
432; 363; 1; 2; 557
506; 414; 1; 2; 567
310; 317; 2; 1; 574
430; 337; 2; 1; 577
506; 371; 2; 1; 600
303; 423; 1; 2; 605
496; 461; 1; 2; 605
515; 360; 2; 1; 614
526; 447; 1; 2; 621
371; 473; 1; 2; 626
347; 350; 1; 2; 636
479; 515; 1; 2; 649
369; 476; 2; 1; 661
438; 418; 1; 2; 666
301; 369; 2; 1; 668
314; 481; 1; 2; 674
527; 376; 2; 1; 675
331; 332; 1; 2; 675
394; 362; 1; 2; 683
459; 388; 1; 2; 687
386; 381; 2; 1; 710
520; 500; 1; 2; 713
466; 362; 1; 2; 715
521; 461; 2; 1; 725
412; 432; 2; 1; 736
311; 332; 1; 2; 740
24
23; 1; 2; 3205
19; 1; 8; 7150
16; 1; 33; 8427
9; 1; 5; 9356
21; 1; 28; 11676
6; 1; 32; 17656
1; 1; 34; 18219
12; 1; 9; 18395
15; 1; 4; 19896
7; 1; 29; 20221
2; 1; 11; 22357
22; 1; 36; 23496
3; 1; 1; 23582
14; 1; 1; 23821
4; 1; 39; 23841
17; 1; 48; 26431
0; 1; 31; 28606
13; 1; 15; 33429
10; 1; 38; 34809
5; 1; 19; 35260
11; 1; 8; 40067
20; 1; 31; 40094
18; 1; 16; 41848
8; 1; 13; 42452
