**** 667 ****
110
343; 413; 2; 1; 3
408; 495; 2; 1; 31
301; 455; 2; 1; 36
433; 435; 1; 2; 47
432; 414; 2; 1; 55
357; 390; 2; 1; 65
526; 381; 1; 2; 70
418; 465; 1; 2; 87
431; 414; 2; 1; 90
324; 320; 1; 2; 98
387; 354; 1; 2; 102
454; 512; 2; 1; 104
399; 513; 2; 1; 105
504; 377; 2; 1; 133
375; 380; 1; 2; 139
521; 465; 1; 2; 148
324; 485; 2; 1; 150
330; 493; 1; 2; 160
380; 456; 1; 2; 161
518; 346; 2; 1; 162
502; 489; 2; 1; 163
366; 452; 1; 2; 169
500; 424; 2; 1; 184
436; 352; 2; 1; 186
410; 377; 1; 2; 197
466; 391; 2; 1; 207
457; 400; 2; 1; 219
344; 315; 2; 1; 226
434; 317; 1; 2; 231
391; 421; 1; 2; 235
504; 372; 2; 1; 242
391; 517; 2; 1; 245
454; 361; 1; 2; 251
417; 508; 2; 1; 258
467; 468; 1; 2; 259
502; 395; 2; 1; 277
500; 387; 2; 1; 285
328; 302; 1; 2; 306
477; 317; 1; 2; 306
327; 364; 2; 1; 316
515; 392; 1; 2; 316
311; 381; 2; 1; 323
311; 444; 1; 2; 329
493; 352; 2; 1; 357
447; 334; 1; 2; 368
525; 524; 1; 2; 368
505; 364; 1; 2; 376
416; 477; 1; 2; 380
513; 363; 2; 1; 380
460; 361; 1; 2; 382
442; 363; 1; 2; 383
306; 405; 1; 2; 386
357; 523; 2; 1; 389
502; 354; 2; 1; 394
507; 354; 2; 1; 397
497; 478; 2; 1; 398
433; 529; 2; 1; 401
307; 343; 1; 2; 416
355; 314; 1; 2; 417
386; 445; 1; 2; 420
443; 483; 2; 1; 425
527; 306; 1; 2; 429
396; 357; 1; 2; 440
363; 385; 2; 1; 444
398; 331; 2; 1; 445
331; 415; 2; 1; 451
478; 460; 2; 1; 461
382; 431; 1; 2; 470
306; 342; 2; 1; 472
373; 304; 2; 1; 476
507; 404; 1; 2; 477
494; 453; 2; 1; 483
307; 498; 1; 2; 484
431; 327; 1; 2; 499
430; 369; 1; 2; 508
414; 382; 2; 1; 509
374; 474; 2; 1; 521
505; 503; 2; 1; 529
393; 307; 1; 2; 530
337; 339; 2; 1; 535
317; 414; 2; 1; 540
445; 507; 2; 1; 556
471; 356; 2; 1; 558
349; 508; 2; 1; 561
314; 415; 2; 1; 585
475; 495; 1; 2; 609
432; 492; 2; 1; 609
465; 474; 1; 2; 611
360; 524; 1; 2; 614
443; 368; 2; 1; 614
434; 519; 2; 1; 615
358; 325; 2; 1; 622
458; 463; 1; 2; 625
417; 527; 2; 1; 641
451; 319; 1; 2; 645
414; 517; 2; 1; 655
333; 470; 1; 2; 656
417; 317; 1; 2; 658
357; 375; 2; 1; 683
440; 315; 1; 2; 687
420; 408; 1; 2; 700
473; 325; 2; 1; 700
337; 458; 1; 2; 701
461; 448; 2; 1; 711
465; 437; 2; 1; 723
399; 485; 2; 1; 724
490; 482; 2; 1; 730
306; 338; 1; 2; 735
509; 508; 1; 2; 739
525; 348; 2; 1; 742
24
9; 1; 10; 230
4; 1; 32; 5978
23; 1; 45; 6956
15; 1; 27; 8376
17; 1; 10; 8973
22; 1; 30; 9448
10; 1; 28; 10957
6; 1; 6; 12424
19; 1; 28; 13263
11; 1; 13; 16872
7; 1; 19; 17159
13; 1; 8; 24256
16; 1; 25; 24397
5; 1; 24; 24458
18; 1; 16; 27357
21; 1; 13; 27494
1; 1; 8; 30932
20; 1; 25; 34224
2; 1; 14; 36353
14; 1; 14; 37163
8; 1; 41; 38614
0; 1; 35; 38777
3; 1; 9; 45186
12; 1; 35; 45317
