**** 668 ****
110
410; 326; 1; 2; 16
439; 392; 1; 2; 24
349; 422; 1; 2; 35
432; 362; 2; 1; 38
319; 322; 2; 1; 38
397; 437; 2; 1; 47
489; 390; 2; 1; 56
489; 526; 1; 2; 57
484; 347; 2; 1; 63
433; 395; 1; 2; 64
435; 527; 2; 1; 74
438; 378; 1; 2; 74
363; 526; 1; 2; 78
439; 470; 2; 1; 79
319; 388; 2; 1; 81
457; 372; 1; 2; 89
483; 467; 2; 1; 89
459; 492; 2; 1; 90
513; 526; 1; 2; 90
481; 422; 1; 2; 91
323; 463; 1; 2; 99
384; 386; 2; 1; 102
376; 422; 2; 1; 102
509; 417; 1; 2; 131
493; 303; 2; 1; 134
397; 520; 2; 1; 157
436; 470; 1; 2; 188
407; 447; 1; 2; 190
522; 336; 1; 2; 204
327; 336; 2; 1; 219
454; 312; 1; 2; 226
346; 471; 1; 2; 232
408; 351; 2; 1; 238
362; 447; 1; 2; 239
326; 365; 1; 2; 244
335; 395; 2; 1; 251
528; 360; 1; 2; 254
519; 344; 1; 2; 255
391; 428; 1; 2; 259
456; 480; 2; 1; 273
464; 443; 2; 1; 275
346; 486; 1; 2; 281
481; 507; 2; 1; 287
389; 303; 2; 1; 289
432; 421; 1; 2; 302
478; 528; 1; 2; 302
490; 428; 1; 2; 306
508; 411; 2; 1; 323
499; 477; 1; 2; 325
340; 456; 2; 1; 330
429; 493; 2; 1; 332
528; 495; 2; 1; 352
463; 468; 1; 2; 359
343; 376; 2; 1; 362
448; 443; 1; 2; 365
484; 366; 1; 2; 370
448; 404; 1; 2; 370
523; 309; 1; 2; 375
441; 379; 2; 1; 395
371; 513; 2; 1; 407
477; 492; 1; 2; 409
394; 423; 1; 2; 411
388; 497; 1; 2; 411
354; 321; 2; 1; 412
403; 385; 2; 1; 422
312; 422; 2; 1; 426
494; 471; 2; 1; 426
396; 475; 1; 2; 427
321; 331; 1; 2; 428
324; 395; 2; 1; 435
349; 369; 2; 1; 466
446; 417; 2; 1; 468
489; 352; 2; 1; 468
435; 363; 1; 2; 475
496; 367; 2; 1; 482
317; 302; 1; 2; 494
391; 453; 1; 2; 498
346; 301; 1; 2; 498
475; 412; 1; 2; 499
467; 493; 1; 2; 552
478; 301; 2; 1; 563
472; 326; 2; 1; 578
466; 485; 2; 1; 582
496; 372; 1; 2; 590
524; 487; 2; 1; 599
435; 353; 2; 1; 602
322; 480; 1; 2; 603
378; 345; 2; 1; 605
421; 327; 2; 1; 615
333; 449; 2; 1; 623
503; 373; 2; 1; 629
355; 436; 1; 2; 635
313; 334; 1; 2; 648
523; 430; 2; 1; 667
504; 312; 1; 2; 669
511; 458; 1; 2; 673
306; 388; 1; 2; 691
446; 397; 2; 1; 693
449; 456; 2; 1; 705
329; 406; 1; 2; 708
366; 337; 1; 2; 719
328; 498; 2; 1; 730
505; 462; 1; 2; 730
349; 449; 1; 2; 733
371; 470; 1; 2; 740
366; 456; 2; 1; 746
460; 504; 2; 1; 754
331; 506; 1; 2; 755
336; 398; 2; 1; 763
500; 406; 2; 1; 763
24
20; 1; 2; 707
23; 1; 2; 1413
3; 1; 6; 2714
14; 1; 15; 3994
15; 1; 16; 5940
11; 1; 42; 7353
16; 1; 2; 8741
0; 1; 10; 12590
4; 1; 31; 14173
10; 1; 39; 15392
2; 1; 7; 15587
6; 1; 27; 16067
13; 1; 45; 18327
21; 1; 30; 18921
8; 1; 24; 19002
9; 1; 15; 22239
17; 1; 40; 24199
18; 1; 45; 25939
7; 1; 47; 27380
12; 1; 5; 31941
1; 1; 2; 35241
5; 1; 18; 41321
19; 1; 9; 41961
22; 1; 5; 43498
