**** 669 ****
110
466; 394; 2; 1; 0
364; 515; 2; 1; 8
441; 398; 1; 2; 16
464; 504; 1; 2; 19
419; 382; 2; 1; 23
414; 332; 1; 2; 25
398; 340; 2; 1; 37
461; 442; 2; 1; 38
514; 524; 1; 2; 39
331; 468; 2; 1; 56
443; 485; 2; 1; 62
369; 323; 2; 1; 64
304; 341; 1; 2; 69
525; 347; 2; 1; 70
366; 353; 1; 2; 79
391; 359; 2; 1; 88
332; 473; 1; 2; 90
391; 472; 2; 1; 96
462; 359; 2; 1; 104
331; 399; 2; 1; 107
458; 529; 2; 1; 128
449; 482; 1; 2; 131
346; 339; 2; 1; 136
472; 427; 1; 2; 155
439; 363; 2; 1; 158
335; 454; 1; 2; 167
510; 431; 1; 2; 176
409; 482; 1; 2; 180
441; 323; 1; 2; 191
326; 360; 2; 1; 228
529; 411; 2; 1; 238
526; 407; 2; 1; 238
412; 302; 2; 1; 240
352; 361; 1; 2; 247
520; 369; 1; 2; 267
498; 403; 2; 1; 269
374; 394; 1; 2; 276
511; 494; 1; 2; 295
479; 422; 1; 2; 304
453; 503; 1; 2; 311
489; 306; 1; 2; 313
378; 521; 2; 1; 313
411; 458; 2; 1; 326
505; 401; 1; 2; 335
323; 504; 2; 1; 336
340; 387; 1; 2; 357
488; 323; 2; 1; 358
468; 370; 1; 2; 371
328; 351; 1; 2; 377
381; 516; 2; 1; 382
322; 376; 2; 1; 387
463; 465; 2; 1; 388
453; 464; 1; 2; 404
507; 485; 1; 2; 407
350; 343; 1; 2; 412
489; 305; 2; 1; 417
497; 368; 1; 2; 421
352; 473; 2; 1; 424
498; 401; 1; 2; 427
463; 390; 1; 2; 430
356; 314; 2; 1; 437
333; 420; 2; 1; 454
310; 460; 1; 2; 456
413; 515; 2; 1; 465
526; 382; 2; 1; 471
494; 444; 2; 1; 478
490; 373; 1; 2; 488
344; 407; 2; 1; 491
301; 351; 2; 1; 493
431; 421; 2; 1; 497
493; 412; 1; 2; 498
345; 451; 1; 2; 502
490; 448; 1; 2; 505
340; 337; 1; 2; 506
377; 440; 1; 2; 511
311; 509; 1; 2; 511
321; 492; 2; 1; 512
347; 436; 2; 1; 522
306; 512; 2; 1; 529
523; 448; 1; 2; 535
327; 437; 2; 1; 539
450; 471; 2; 1; 541
372; 472; 2; 1; 563
468; 524; 1; 2; 592
409; 439; 1; 2; 600
337; 301; 2; 1; 601
310; 434; 2; 1; 609
448; 339; 1; 2; 618
383; 366; 2; 1; 622
397; 417; 1; 2; 625
421; 331; 2; 1; 628
379; 455; 1; 2; 649
365; 407; 1; 2; 650
481; 363; 2; 1; 658
389; 492; 1; 2; 659
389; 480; 2; 1; 668
397; 356; 2; 1; 688
309; 418; 1; 2; 698
319; 377; 2; 1; 699
450; 331; 1; 2; 704
526; 357; 2; 1; 718
445; 490; 1; 2; 720
399; 516; 2; 1; 741
471; 445; 1; 2; 745
427; 319; 2; 1; 752
500; 525; 1; 2; 755
502; 522; 2; 1; 755
370; 494; 2; 1; 759
398; 313; 2; 1; 761
383; 356; 2; 1; 765
24
3; 1; 23; 7553
14; 1; 30; 10778
20; 1; 41; 11348
18; 1; 30; 11573
10; 1; 1; 12175
15; 1; 12; 13241
13; 1; 37; 13853
5; 1; 26; 15514
17; 1; 20; 19902
16; 1; 24; 20409
2; 1; 28; 20553
7; 1; 40; 21503
6; 1; 45; 24695
1; 1; 45; 25688
19; 1; 11; 25738
12; 1; 36; 26976
23; 1; 18; 27896
4; 1; 43; 30578
22; 1; 11; 30748
9; 1; 17; 31860
8; 1; 43; 34559
0; 1; 21; 38715
11; 1; 16; 39132
21; 1; 7; 42556
