**** 67 ****
56
46; 38; 2; 1; 5
79; 53; 1; 2; 10
97; 64; 2; 1; 14
78; 38; 1; 2; 16
87; 40; 1; 2; 29
60; 80; 2; 1; 30
61; 34; 2; 1; 32
77; 87; 1; 2; 35
31; 55; 2; 1; 37
43; 97; 1; 2; 42
35; 69; 1; 2; 43
59; 62; 2; 1; 45
66; 49; 1; 2; 45
56; 61; 1; 2; 52
89; 80; 2; 1; 54
31; 54; 1; 2; 55
41; 44; 1; 2; 59
71; 78; 2; 1; 59
72; 79; 2; 1; 63
57; 76; 1; 2; 63
66; 48; 2; 1; 64
49; 63; 1; 2; 65
57; 83; 2; 1; 69
41; 45; 1; 2; 70
79; 77; 2; 1; 72
56; 55; 2; 1; 72
43; 89; 1; 2; 79
43; 81; 1; 2; 90
92; 65; 2; 1; 91
87; 80; 1; 2; 98
92; 95; 1; 2; 99
51; 69; 1; 2; 100
66; 80; 1; 2; 104
62; 96; 2; 1; 104
89; 86; 2; 1; 105
81; 46; 2; 1; 106
82; 82; 1; 2; 107
51; 64; 1; 2; 108
33; 96; 1; 2; 108
80; 61; 2; 1; 119
35; 55; 2; 1; 122
31; 31; 1; 2; 127
82; 79; 1; 2; 128
44; 59; 1; 2; 129
40; 85; 1; 2; 130
91; 91; 2; 1; 132
32; 55; 2; 1; 133
69; 51; 2; 1; 133
62; 58; 1; 2; 141
83; 68; 1; 2; 142
47; 43; 2; 1; 142
68; 60; 2; 1; 147
44; 42; 1; 2; 151
77; 36; 1; 2; 156
59; 85; 1; 2; 156
35; 51; 1; 2; 162
14
6; 1; 47; 110
7; 1; 13; 790
11; 1; 34; 937
1; 1; 9; 1269
2; 1; 6; 1430
3; 1; 28; 1849
5; 1; 9; 1948
10; 1; 22; 2065
0; 1; 31; 2208
12; 1; 43; 2364
13; 1; 27; 2713
8; 1; 10; 3229
9; 1; 34; 3359
4; 1; 39; 3470
