**** 670 ****
110
473; 422; 1; 2; 12
527; 425; 2; 1; 14
456; 519; 1; 2; 15
423; 476; 2; 1; 22
336; 503; 2; 1; 29
521; 512; 1; 2; 37
507; 495; 2; 1; 39
344; 407; 1; 2; 48
393; 449; 1; 2; 62
320; 446; 1; 2; 64
459; 496; 2; 1; 73
500; 365; 1; 2; 73
302; 503; 1; 2; 81
354; 348; 1; 2; 83
464; 426; 2; 1; 94
363; 333; 2; 1; 95
493; 349; 2; 1; 97
356; 366; 1; 2; 97
526; 429; 2; 1; 98
377; 409; 2; 1; 110
481; 526; 1; 2; 111
469; 348; 2; 1; 117
434; 457; 2; 1; 126
315; 438; 2; 1; 131
528; 508; 2; 1; 135
478; 314; 2; 1; 137
424; 380; 2; 1; 152
467; 343; 1; 2; 156
510; 406; 2; 1; 161
371; 399; 2; 1; 165
403; 527; 2; 1; 167
359; 431; 2; 1; 189
352; 508; 2; 1; 219
353; 391; 1; 2; 230
484; 525; 2; 1; 230
347; 303; 1; 2; 243
352; 417; 2; 1; 249
373; 420; 1; 2; 257
333; 493; 2; 1; 263
473; 514; 1; 2; 267
320; 506; 1; 2; 270
373; 393; 1; 2; 285
386; 320; 1; 2; 293
345; 521; 2; 1; 312
509; 371; 1; 2; 315
477; 372; 2; 1; 325
317; 467; 2; 1; 340
382; 425; 1; 2; 360
317; 459; 2; 1; 367
389; 460; 2; 1; 369
329; 333; 2; 1; 370
328; 435; 1; 2; 371
356; 353; 1; 2; 387
498; 373; 2; 1; 388
460; 503; 2; 1; 394
436; 364; 1; 2; 395
465; 514; 1; 2; 399
364; 477; 1; 2; 404
307; 445; 1; 2; 440
483; 388; 2; 1; 442
481; 420; 2; 1; 453
354; 331; 2; 1; 472
350; 316; 2; 1; 473
380; 436; 2; 1; 475
446; 373; 1; 2; 477
528; 507; 2; 1; 491
527; 421; 1; 2; 492
335; 355; 1; 2; 504
518; 470; 1; 2; 506
364; 365; 2; 1; 507
523; 401; 2; 1; 509
337; 418; 1; 2; 528
462; 413; 2; 1; 528
523; 430; 1; 2; 531
346; 448; 1; 2; 548
316; 382; 1; 2; 557
466; 434; 2; 1; 566
359; 418; 1; 2; 578
346; 313; 1; 2; 591
498; 458; 2; 1; 598
497; 462; 1; 2; 601
451; 440; 2; 1; 602
368; 421; 1; 2; 603
438; 378; 1; 2; 611
445; 336; 2; 1; 620
476; 525; 2; 1; 631
452; 355; 1; 2; 635
382; 511; 1; 2; 636
422; 521; 2; 1; 637
318; 352; 2; 1; 641
468; 361; 2; 1; 642
309; 379; 1; 2; 649
408; 366; 1; 2; 654
412; 419; 2; 1; 664
326; 391; 1; 2; 666
345; 382; 1; 2; 687
451; 317; 1; 2; 699
318; 405; 1; 2; 702
446; 479; 1; 2; 715
377; 517; 2; 1; 718
477; 434; 2; 1; 724
369; 466; 1; 2; 726
478; 385; 1; 2; 731
438; 381; 1; 2; 731
393; 409; 2; 1; 734
495; 433; 2; 1; 741
448; 389; 1; 2; 749
340; 319; 2; 1; 749
404; 411; 2; 1; 756
312; 486; 1; 2; 758
24
10; 1; 32; 2103
3; 1; 21; 4024
12; 1; 46; 5455
6; 1; 8; 11041
4; 1; 6; 13595
0; 1; 36; 17047
5; 1; 15; 17399
21; 1; 27; 18374
16; 1; 33; 19858
7; 1; 27; 22214
15; 1; 13; 23120
11; 1; 3; 26836
20; 1; 44; 29453
22; 1; 49; 31397
19; 1; 15; 32042
18; 1; 11; 33015
9; 1; 30; 33919
8; 1; 20; 33973
17; 1; 17; 34001
13; 1; 12; 34635
14; 1; 38; 36786
2; 1; 38; 40088
23; 1; 43; 42156
1; 1; 29; 43698
