**** 671 ****
111
408; 366; 1; 2; 1
481; 490; 2; 1; 15
322; 311; 2; 1; 17
395; 511; 2; 1; 23
371; 507; 1; 2; 27
349; 501; 1; 2; 41
444; 393; 2; 1; 44
415; 446; 1; 2; 47
472; 525; 1; 2; 48
488; 385; 1; 2; 53
508; 465; 1; 2; 55
315; 523; 2; 1; 58
476; 394; 1; 2; 66
414; 518; 2; 1; 86
439; 480; 1; 2; 96
479; 446; 2; 1; 99
487; 398; 1; 2; 100
528; 534; 2; 1; 106
397; 514; 2; 1; 106
460; 428; 2; 1; 108
465; 355; 1; 2; 114
434; 508; 2; 1; 116
359; 523; 1; 2; 126
316; 524; 1; 2; 131
365; 452; 1; 2; 151
311; 483; 2; 1; 158
358; 514; 1; 2; 163
461; 431; 1; 2; 171
411; 431; 2; 1; 184
358; 314; 1; 2; 184
495; 356; 2; 1; 188
466; 436; 2; 1; 190
405; 312; 2; 1; 191
536; 360; 1; 2; 200
386; 444; 1; 2; 218
438; 418; 1; 2; 231
442; 408; 2; 1; 233
506; 343; 2; 1; 233
493; 477; 1; 2; 250
368; 468; 1; 2; 270
407; 480; 2; 1; 275
432; 527; 2; 1; 278
512; 321; 2; 1; 288
507; 452; 1; 2; 295
508; 461; 2; 1; 310
385; 388; 1; 2; 333
533; 346; 2; 1; 338
353; 455; 1; 2; 348
383; 495; 2; 1; 353
364; 535; 2; 1; 388
426; 466; 2; 1; 407
475; 418; 2; 1; 407
325; 430; 2; 1; 408
399; 330; 2; 1; 423
469; 377; 2; 1; 431
432; 494; 2; 1; 431
528; 415; 1; 2; 433
335; 337; 2; 1; 438
525; 511; 1; 2; 443
448; 503; 2; 1; 455
434; 340; 1; 2; 455
415; 518; 1; 2; 456
385; 535; 2; 1; 465
340; 315; 2; 1; 472
463; 477; 2; 1; 485
334; 497; 2; 1; 487
475; 472; 1; 2; 500
497; 467; 2; 1; 512
521; 412; 2; 1; 520
382; 461; 1; 2; 529
402; 430; 2; 1; 530
458; 477; 2; 1; 535
489; 408; 1; 2; 539
385; 347; 2; 1; 551
495; 489; 1; 2; 557
484; 461; 1; 2; 560
456; 409; 2; 1; 566
329; 385; 2; 1; 577
451; 525; 1; 2; 583
357; 398; 2; 1; 584
483; 401; 2; 1; 586
451; 427; 1; 2; 595
377; 441; 2; 1; 596
465; 354; 1; 2; 604
377; 448; 2; 1; 607
336; 376; 2; 1; 607
328; 507; 1; 2; 611
356; 319; 1; 2; 619
332; 372; 2; 1; 634
502; 460; 1; 2; 634
502; 310; 2; 1; 637
502; 391; 1; 2; 655
520; 532; 1; 2; 658
309; 500; 1; 2; 663
329; 358; 2; 1; 669
490; 341; 2; 1; 679
437; 385; 1; 2; 679
423; 481; 2; 1; 680
415; 422; 1; 2; 703
315; 393; 2; 1; 715
311; 351; 1; 2; 716
397; 511; 2; 1; 724
524; 361; 2; 1; 728
507; 503; 1; 2; 733
444; 439; 1; 2; 739
521; 512; 1; 2; 740
531; 445; 2; 1; 754
388; 345; 2; 1; 756
380; 392; 2; 1; 768
315; 468; 2; 1; 769
321; 528; 2; 1; 769
25
16; 1; 7; 2092
3; 1; 47; 6685
12; 1; 40; 6805
4; 1; 39; 10494
22; 1; 15; 17740
23; 1; 48; 18883
7; 1; 45; 19486
10; 1; 48; 23474
8; 1; 40; 25610
21; 1; 45; 26989
2; 1; 19; 28063
17; 1; 39; 28248
13; 1; 38; 29485
1; 1; 5; 30094
18; 1; 27; 33554
24; 1; 3; 34645
0; 1; 36; 35395
19; 1; 27; 36618
15; 1; 2; 36954
6; 1; 3; 37402
20; 1; 15; 38931
9; 1; 22; 41729
14; 1; 35; 43075
11; 1; 42; 43507
5; 1; 16; 45935
