**** 672 ****
111
335; 498; 1; 2; 11
335; 477; 2; 1; 13
381; 525; 2; 1; 28
438; 415; 1; 2; 30
449; 354; 2; 1; 34
467; 469; 2; 1; 45
431; 498; 2; 1; 59
339; 532; 1; 2; 61
482; 336; 1; 2; 65
522; 325; 1; 2; 69
492; 391; 1; 2; 91
343; 529; 2; 1; 105
410; 447; 2; 1; 112
534; 444; 2; 1; 116
420; 396; 2; 1; 119
312; 486; 2; 1; 123
405; 429; 1; 2; 123
506; 353; 1; 2; 124
400; 488; 1; 2; 127
494; 330; 2; 1; 137
479; 445; 2; 1; 148
422; 472; 2; 1; 152
390; 506; 2; 1; 164
434; 360; 2; 1; 165
382; 385; 1; 2; 194
399; 456; 1; 2; 203
476; 489; 2; 1; 205
341; 315; 1; 2; 226
503; 496; 1; 2; 233
323; 511; 2; 1; 242
342; 445; 1; 2; 246
356; 408; 1; 2; 249
530; 449; 2; 1; 252
347; 415; 1; 2; 264
345; 537; 2; 1; 266
345; 372; 1; 2; 267
505; 448; 2; 1; 289
511; 377; 1; 2; 294
475; 503; 1; 2; 294
482; 501; 1; 2; 311
323; 533; 1; 2; 315
495; 443; 2; 1; 322
307; 356; 2; 1; 327
355; 406; 1; 2; 328
420; 470; 2; 1; 330
339; 382; 2; 1; 331
457; 310; 1; 2; 333
425; 506; 1; 2; 365
525; 468; 2; 1; 397
411; 368; 2; 1; 403
351; 377; 1; 2; 405
509; 530; 1; 2; 413
309; 441; 1; 2; 423
388; 427; 2; 1; 425
470; 354; 2; 1; 427
478; 477; 2; 1; 429
321; 494; 2; 1; 440
486; 311; 2; 1; 444
444; 461; 2; 1; 447
366; 348; 2; 1; 447
362; 413; 2; 1; 455
376; 448; 2; 1; 466
511; 526; 1; 2; 468
360; 506; 2; 1; 480
313; 367; 2; 1; 485
421; 351; 2; 1; 486
353; 458; 2; 1; 486
536; 387; 2; 1; 491
514; 330; 2; 1; 504
401; 308; 1; 2; 504
306; 378; 2; 1; 525
464; 537; 1; 2; 525
307; 429; 2; 1; 531
458; 366; 1; 2; 532
392; 350; 1; 2; 542
341; 467; 1; 2; 546
485; 323; 1; 2; 550
336; 336; 1; 2; 559
362; 487; 2; 1; 567
484; 346; 1; 2; 580
349; 515; 1; 2; 585
505; 341; 2; 1; 612
460; 464; 1; 2; 618
537; 517; 1; 2; 619
369; 464; 2; 1; 624
381; 436; 1; 2; 630
406; 511; 2; 1; 631
346; 510; 2; 1; 645
331; 415; 1; 2; 648
336; 339; 1; 2; 649
346; 472; 1; 2; 651
422; 407; 1; 2; 651
352; 422; 1; 2; 655
391; 355; 2; 1; 660
362; 455; 2; 1; 662
523; 309; 1; 2; 664
420; 358; 2; 1; 669
394; 336; 1; 2; 678
307; 365; 2; 1; 685
524; 428; 1; 2; 702
407; 346; 1; 2; 703
350; 427; 2; 1; 703
330; 432; 2; 1; 707
350; 537; 2; 1; 724
335; 362; 2; 1; 730
419; 323; 2; 1; 730
398; 501; 2; 1; 734
531; 446; 1; 2; 756
537; 419; 2; 1; 759
377; 419; 2; 1; 765
467; 427; 1; 2; 768
25
22; 1; 47; 1104
18; 1; 15; 3427
3; 1; 10; 3756
20; 1; 36; 8238
15; 1; 28; 8469
2; 1; 8; 10351
23; 1; 28; 12402
6; 1; 17; 12595
13; 1; 22; 14517
1; 1; 18; 15753
14; 1; 15; 16705
21; 1; 31; 19144
7; 1; 4; 24729
12; 1; 39; 24847
8; 1; 36; 25171
0; 1; 15; 27353
16; 1; 21; 30580
17; 1; 44; 32285
10; 1; 21; 32821
19; 1; 27; 32870
24; 1; 45; 32921
9; 1; 25; 34174
11; 1; 20; 40022
4; 1; 42; 43175
5; 1; 43; 44383
