**** 673 ****
111
527; 488; 2; 1; 1
441; 494; 1; 2; 6
484; 379; 2; 1; 12
432; 337; 1; 2; 19
404; 388; 2; 1; 40
489; 494; 2; 1; 46
457; 411; 2; 1; 53
322; 466; 2; 1; 58
488; 489; 1; 2; 62
348; 421; 2; 1; 75
482; 511; 1; 2; 97
518; 507; 2; 1; 116
344; 315; 2; 1; 118
394; 501; 2; 1; 132
533; 469; 2; 1; 148
321; 371; 2; 1; 153
510; 511; 2; 1; 158
509; 502; 2; 1; 160
533; 406; 1; 2; 163
426; 443; 2; 1; 163
471; 507; 2; 1; 167
522; 395; 2; 1; 174
511; 527; 2; 1; 190
500; 474; 1; 2; 193
398; 508; 1; 2; 194
475; 426; 1; 2; 203
452; 461; 2; 1; 212
331; 437; 1; 2; 213
330; 384; 2; 1; 225
440; 323; 1; 2; 225
442; 379; 1; 2; 230
466; 453; 1; 2; 236
330; 374; 1; 2; 285
379; 318; 2; 1; 287
456; 336; 1; 2; 291
333; 388; 1; 2; 291
535; 447; 1; 2; 296
340; 514; 1; 2; 302
495; 452; 1; 2; 305
456; 405; 2; 1; 325
439; 428; 1; 2; 331
458; 477; 1; 2; 332
433; 515; 1; 2; 345
503; 378; 1; 2; 350
479; 333; 1; 2; 361
400; 396; 1; 2; 366
447; 416; 2; 1; 370
436; 433; 1; 2; 371
489; 373; 1; 2; 380
347; 349; 2; 1; 390
378; 417; 2; 1; 397
422; 392; 2; 1; 397
478; 360; 1; 2; 412
366; 363; 1; 2; 419
479; 456; 2; 1; 437
387; 409; 2; 1; 443
327; 462; 1; 2; 449
369; 411; 1; 2; 458
320; 409; 2; 1; 459
532; 525; 1; 2; 461
450; 369; 2; 1; 475
508; 469; 1; 2; 482
514; 531; 1; 2; 482
498; 439; 1; 2; 483
424; 501; 2; 1; 486
420; 405; 2; 1; 504
522; 494; 2; 1; 523
359; 486; 1; 2; 533
475; 458; 1; 2; 533
409; 514; 1; 2; 543
428; 495; 1; 2; 554
535; 529; 1; 2; 560
406; 375; 1; 2; 569
418; 310; 1; 2; 571
390; 462; 1; 2; 575
535; 534; 2; 1; 575
483; 348; 1; 2; 575
400; 352; 2; 1; 575
331; 520; 2; 1; 579
372; 445; 2; 1; 591
345; 436; 1; 2; 591
419; 503; 1; 2; 593
479; 512; 2; 1; 596
526; 446; 2; 1; 596
437; 382; 1; 2; 599
404; 462; 1; 2; 602
494; 401; 1; 2; 615
414; 378; 2; 1; 623
335; 397; 1; 2; 626
398; 373; 1; 2; 626
401; 507; 2; 1; 636
328; 514; 2; 1; 644
513; 354; 2; 1; 646
349; 496; 1; 2; 651
522; 365; 1; 2; 656
523; 354; 1; 2; 666
383; 416; 1; 2; 666
522; 400; 1; 2; 671
378; 505; 2; 1; 680
306; 435; 1; 2; 694
490; 393; 2; 1; 706
371; 440; 2; 1; 707
373; 308; 1; 2; 708
380; 522; 1; 2; 723
363; 334; 2; 1; 735
446; 517; 1; 2; 740
409; 485; 2; 1; 741
418; 390; 1; 2; 753
328; 451; 1; 2; 767
423; 423; 1; 2; 771
508; 529; 2; 1; 771
25
24; 1; 17; 26
15; 1; 42; 3041
11; 1; 49; 5660
5; 1; 44; 6129
17; 1; 45; 6392
20; 1; 27; 7445
7; 1; 45; 9078
12; 1; 3; 9635
22; 1; 30; 13658
0; 1; 38; 18245
6; 1; 16; 20260
16; 1; 28; 21191
21; 1; 24; 24886
23; 1; 13; 27622
18; 1; 14; 29420
9; 1; 37; 31662
10; 1; 40; 35369
14; 1; 26; 35877
1; 1; 21; 40897
3; 1; 41; 42703
8; 1; 4; 43029
2; 1; 19; 43424
13; 1; 39; 43719
19; 1; 21; 45009
4; 1; 47; 47531
