**** 674 ****
111
480; 485; 1; 2; 14
331; 425; 2; 1; 14
461; 408; 1; 2; 14
493; 488; 1; 2; 15
525; 504; 1; 2; 18
427; 388; 1; 2; 25
400; 369; 1; 2; 47
324; 311; 1; 2; 53
532; 501; 1; 2; 56
522; 408; 2; 1; 57
537; 362; 2; 1; 62
368; 315; 2; 1; 73
528; 474; 1; 2; 81
512; 433; 1; 2; 88
310; 488; 2; 1; 106
382; 509; 2; 1; 110
503; 338; 1; 2; 116
335; 310; 1; 2; 121
518; 411; 2; 1; 122
402; 468; 1; 2; 126
316; 407; 2; 1; 149
528; 387; 2; 1; 170
307; 463; 2; 1; 209
536; 372; 2; 1; 212
430; 458; 2; 1; 214
492; 379; 2; 1; 215
326; 371; 1; 2; 229
528; 345; 1; 2; 230
320; 321; 1; 2; 247
343; 413; 2; 1; 251
461; 456; 2; 1; 258
345; 513; 1; 2; 262
420; 527; 2; 1; 268
456; 385; 1; 2; 276
467; 528; 1; 2; 278
474; 345; 1; 2; 279
408; 501; 1; 2; 279
467; 401; 1; 2; 279
484; 341; 2; 1; 301
449; 402; 1; 2; 302
336; 459; 2; 1; 304
342; 468; 1; 2; 329
449; 370; 1; 2; 352
490; 446; 1; 2; 354
474; 375; 1; 2; 358
530; 441; 2; 1; 361
313; 513; 1; 2; 361
369; 328; 1; 2; 371
531; 330; 2; 1; 372
475; 529; 1; 2; 374
465; 373; 2; 1; 376
327; 323; 1; 2; 379
472; 316; 1; 2; 391
534; 523; 1; 2; 409
520; 486; 2; 1; 422
436; 440; 1; 2; 423
536; 465; 1; 2; 429
491; 367; 1; 2; 439
533; 517; 2; 1; 439
511; 308; 2; 1; 449
405; 499; 2; 1; 464
499; 477; 1; 2; 478
480; 521; 2; 1; 482
475; 329; 1; 2; 483
502; 432; 1; 2; 489
322; 388; 2; 1; 489
516; 424; 2; 1; 501
410; 474; 1; 2; 512
490; 405; 2; 1; 530
344; 422; 1; 2; 533
474; 529; 2; 1; 544
514; 509; 2; 1; 545
324; 452; 1; 2; 554
348; 465; 1; 2; 555
375; 398; 2; 1; 561
492; 440; 1; 2; 570
455; 319; 2; 1; 584
404; 471; 2; 1; 588
336; 327; 2; 1; 595
535; 506; 2; 1; 595
518; 346; 1; 2; 609
323; 450; 1; 2; 613
373; 410; 1; 2; 626
489; 472; 2; 1; 628
477; 392; 1; 2; 634
492; 378; 2; 1; 637
309; 515; 1; 2; 640
368; 309; 2; 1; 645
496; 386; 2; 1; 660
357; 449; 1; 2; 661
470; 495; 2; 1; 663
529; 403; 2; 1; 667
375; 524; 1; 2; 669
480; 419; 1; 2; 671
373; 456; 1; 2; 677
324; 460; 2; 1; 678
533; 458; 2; 1; 684
521; 393; 2; 1; 685
499; 389; 2; 1; 689
510; 419; 1; 2; 690
467; 398; 2; 1; 712
518; 531; 2; 1; 717
390; 351; 1; 2; 719
357; 434; 1; 2; 720
376; 366; 1; 2; 729
402; 351; 1; 2; 739
462; 477; 1; 2; 742
490; 491; 1; 2; 757
378; 503; 1; 2; 757
364; 339; 1; 2; 758
502; 391; 1; 2; 758
25
4; 1; 16; 146
15; 1; 35; 1142
24; 1; 18; 1294
22; 1; 39; 1535
11; 1; 3; 2042
9; 1; 44; 5170
13; 1; 42; 5958
2; 1; 16; 7351
16; 1; 33; 9867
23; 1; 2; 10760
1; 1; 39; 15164
14; 1; 49; 15386
17; 1; 46; 16033
20; 1; 10; 20442
0; 1; 19; 22061
21; 1; 42; 22109
19; 1; 12; 23705
8; 1; 23; 28232
10; 1; 37; 32728
7; 1; 40; 33758
12; 1; 11; 34484
18; 1; 23; 35594
6; 1; 33; 39871
3; 1; 4; 41148
5; 1; 36; 45060
