**** 675 ****
111
402; 372; 1; 2; 4
463; 315; 1; 2; 16
446; 345; 1; 2; 21
310; 454; 1; 2; 24
344; 536; 2; 1; 25
419; 473; 2; 1; 28
400; 334; 1; 2; 44
406; 396; 2; 1; 45
519; 474; 2; 1; 50
519; 427; 1; 2; 57
390; 511; 2; 1; 73
385; 338; 2; 1; 86
480; 355; 1; 2; 105
405; 511; 1; 2; 113
482; 514; 1; 2; 115
536; 377; 1; 2; 115
352; 434; 1; 2; 122
430; 343; 2; 1; 126
491; 451; 1; 2; 143
446; 423; 2; 1; 146
306; 375; 2; 1; 148
520; 377; 1; 2; 161
432; 332; 1; 2; 165
444; 377; 2; 1; 183
477; 525; 2; 1; 183
385; 518; 1; 2; 194
489; 518; 2; 1; 204
355; 328; 1; 2; 209
338; 325; 1; 2; 217
449; 339; 1; 2; 228
412; 368; 2; 1; 232
410; 340; 2; 1; 240
359; 327; 2; 1; 243
509; 405; 1; 2; 245
441; 387; 2; 1; 251
419; 332; 1; 2; 255
370; 346; 1; 2; 277
486; 456; 1; 2; 277
391; 531; 2; 1; 287
395; 354; 1; 2; 299
484; 463; 1; 2; 321
320; 501; 1; 2; 322
484; 484; 1; 2; 348
386; 361; 1; 2; 349
481; 396; 1; 2; 356
483; 485; 2; 1; 356
531; 350; 2; 1; 357
483; 420; 2; 1; 358
418; 308; 2; 1; 360
433; 431; 2; 1; 377
325; 382; 1; 2; 379
374; 487; 1; 2; 380
307; 328; 2; 1; 383
427; 327; 2; 1; 384
494; 487; 1; 2; 391
414; 366; 1; 2; 397
398; 426; 1; 2; 403
322; 410; 1; 2; 404
414; 467; 1; 2; 410
424; 337; 1; 2; 411
361; 402; 1; 2; 412
537; 321; 1; 2; 421
524; 444; 2; 1; 427
529; 348; 1; 2; 430
471; 410; 2; 1; 432
309; 332; 2; 1; 441
362; 433; 2; 1; 445
442; 389; 1; 2; 445
505; 492; 2; 1; 472
350; 453; 2; 1; 472
410; 311; 2; 1; 474
463; 492; 2; 1; 483
395; 459; 1; 2; 487
420; 409; 2; 1; 495
315; 335; 2; 1; 498
495; 385; 2; 1; 501
385; 366; 1; 2; 523
491; 370; 2; 1; 524
470; 413; 1; 2; 526
424; 413; 1; 2; 538
311; 445; 2; 1; 549
388; 452; 1; 2; 555
466; 366; 1; 2; 567
332; 432; 2; 1; 579
409; 487; 2; 1; 584
493; 510; 1; 2; 615
456; 517; 1; 2; 618
423; 532; 1; 2; 620
510; 411; 2; 1; 634
527; 375; 2; 1; 639
445; 509; 2; 1; 642
310; 348; 1; 2; 656
379; 485; 2; 1; 664
376; 345; 1; 2; 664
394; 342; 2; 1; 674
483; 477; 2; 1; 676
432; 524; 2; 1; 688
384; 415; 2; 1; 688
396; 422; 2; 1; 693
424; 436; 1; 2; 698
420; 510; 2; 1; 711
446; 386; 1; 2; 714
495; 454; 1; 2; 723
511; 393; 1; 2; 727
371; 331; 1; 2; 736
471; 354; 2; 1; 740
476; 498; 2; 1; 741
315; 416; 2; 1; 742
346; 401; 1; 2; 745
422; 421; 2; 1; 751
420; 332; 1; 2; 769
25
9; 1; 22; 2132
19; 1; 4; 5198
8; 1; 45; 5441
10; 1; 39; 8225
5; 1; 1; 10900
12; 1; 3; 11372
4; 1; 6; 11415
15; 1; 4; 14570
17; 1; 7; 18762
2; 1; 13; 20287
1; 1; 16; 24135
13; 1; 17; 25462
20; 1; 17; 28355
22; 1; 37; 29344
0; 1; 35; 32240
3; 1; 25; 33404
16; 1; 9; 36431
11; 1; 23; 37791
24; 1; 49; 38616
23; 1; 2; 38876
6; 1; 14; 39424
21; 1; 5; 39444
14; 1; 14; 41620
7; 1; 43; 43644
18; 1; 48; 43968
