**** 676 ****
111
411; 369; 2; 1; 4
449; 391; 1; 2; 25
355; 480; 2; 1; 28
357; 418; 2; 1; 32
477; 417; 1; 2; 42
385; 509; 1; 2; 56
527; 397; 2; 1; 58
435; 469; 1; 2; 62
529; 312; 1; 2; 63
336; 401; 2; 1; 72
312; 452; 2; 1; 86
468; 512; 1; 2; 99
340; 350; 2; 1; 104
408; 482; 2; 1; 106
400; 457; 2; 1; 106
430; 392; 2; 1; 111
430; 306; 2; 1; 112
339; 396; 1; 2; 118
345; 367; 1; 2; 135
411; 453; 2; 1; 143
311; 468; 1; 2; 153
505; 345; 1; 2; 154
405; 531; 2; 1; 175
455; 328; 1; 2; 180
511; 397; 2; 1; 182
526; 415; 2; 1; 182
469; 491; 1; 2; 184
471; 509; 1; 2; 196
355; 406; 2; 1; 209
400; 313; 2; 1; 220
322; 472; 1; 2; 233
466; 523; 1; 2; 253
530; 460; 2; 1; 259
371; 362; 1; 2; 260
313; 375; 2; 1; 263
306; 466; 1; 2; 264
493; 356; 1; 2; 268
537; 340; 2; 1; 287
469; 308; 2; 1; 289
373; 450; 1; 2; 290
444; 358; 1; 2; 293
334; 429; 2; 1; 293
485; 451; 1; 2; 308
532; 331; 2; 1; 321
506; 438; 2; 1; 332
441; 465; 2; 1; 335
467; 331; 1; 2; 353
495; 464; 2; 1; 358
319; 345; 1; 2; 363
419; 455; 1; 2; 377
493; 519; 2; 1; 389
399; 363; 2; 1; 394
459; 380; 2; 1; 396
373; 412; 1; 2; 396
396; 531; 1; 2; 398
523; 444; 1; 2; 402
534; 325; 2; 1; 404
480; 452; 1; 2; 405
326; 393; 2; 1; 419
346; 318; 2; 1; 422
364; 510; 1; 2; 437
354; 379; 1; 2; 437
331; 327; 2; 1; 441
441; 525; 2; 1; 442
324; 463; 1; 2; 454
386; 522; 2; 1; 455
484; 473; 2; 1; 480
504; 483; 2; 1; 502
438; 435; 1; 2; 502
444; 490; 1; 2; 509
367; 509; 1; 2; 521
335; 413; 2; 1; 530
321; 535; 2; 1; 537
481; 418; 2; 1; 540
529; 518; 1; 2; 546
504; 366; 1; 2; 555
396; 355; 2; 1; 560
364; 465; 2; 1; 563
376; 378; 1; 2; 563
536; 454; 2; 1; 564
412; 520; 2; 1; 566
308; 508; 1; 2; 575
440; 372; 2; 1; 586
401; 427; 2; 1; 593
456; 466; 1; 2; 596
431; 537; 2; 1; 601
418; 366; 2; 1; 609
358; 495; 2; 1; 614
453; 506; 1; 2; 616
433; 480; 1; 2; 622
474; 488; 1; 2; 634
391; 480; 2; 1; 643
433; 521; 1; 2; 643
534; 361; 1; 2; 644
395; 335; 2; 1; 648
402; 506; 2; 1; 652
345; 355; 1; 2; 656
363; 532; 1; 2; 660
522; 319; 1; 2; 669
404; 512; 1; 2; 681
370; 334; 1; 2; 690
474; 463; 2; 1; 691
501; 311; 1; 2; 693
503; 399; 1; 2; 700
351; 395; 2; 1; 706
404; 472; 1; 2; 722
393; 324; 1; 2; 728
489; 310; 1; 2; 738
333; 336; 2; 1; 755
472; 376; 2; 1; 767
417; 419; 2; 1; 772
25
23; 1; 37; 2188
13; 1; 18; 4708
15; 1; 13; 7090
3; 1; 8; 8529
24; 1; 42; 8611
1; 1; 40; 13165
10; 1; 16; 13392
16; 1; 33; 16849
6; 1; 22; 17224
20; 1; 38; 19599
5; 1; 24; 23470
4; 1; 4; 25755
14; 1; 16; 26591
7; 1; 25; 27784
22; 1; 36; 30025
0; 1; 27; 36340
9; 1; 18; 36780
8; 1; 32; 37091
21; 1; 37; 38834
19; 1; 16; 39149
18; 1; 22; 39515
17; 1; 42; 40929
2; 1; 24; 41787
11; 1; 28; 43295
12; 1; 7; 46277
