**** 677 ****
111
454; 347; 1; 2; 2
521; 475; 2; 1; 10
402; 320; 2; 1; 27
397; 466; 1; 2; 37
483; 498; 2; 1; 39
382; 455; 1; 2; 44
510; 413; 1; 2; 50
422; 314; 2; 1; 53
306; 331; 2; 1; 58
344; 434; 2; 1; 81
412; 428; 1; 2; 88
306; 521; 1; 2; 91
412; 384; 2; 1; 94
371; 361; 2; 1; 117
339; 365; 2; 1; 118
493; 498; 1; 2; 127
514; 316; 2; 1; 128
372; 372; 2; 1; 144
452; 355; 1; 2; 152
376; 433; 2; 1; 165
451; 432; 2; 1; 166
360; 414; 2; 1; 170
452; 374; 2; 1; 181
524; 424; 2; 1; 198
479; 331; 1; 2; 205
433; 334; 1; 2; 217
375; 341; 2; 1; 217
329; 444; 2; 1; 230
398; 453; 2; 1; 233
368; 481; 1; 2; 250
493; 408; 1; 2; 252
420; 432; 2; 1; 253
364; 505; 1; 2; 262
436; 344; 1; 2; 283
414; 439; 1; 2; 288
449; 461; 1; 2; 288
404; 425; 1; 2; 288
409; 441; 2; 1; 291
390; 328; 1; 2; 304
465; 461; 1; 2; 305
447; 502; 2; 1; 311
465; 384; 1; 2; 314
454; 313; 2; 1; 322
500; 341; 2; 1; 324
465; 312; 2; 1; 326
511; 328; 2; 1; 328
477; 479; 2; 1; 336
451; 306; 2; 1; 340
522; 364; 2; 1; 340
317; 368; 1; 2; 346
372; 480; 2; 1; 349
344; 435; 2; 1; 350
514; 457; 2; 1; 367
401; 511; 1; 2; 368
403; 392; 2; 1; 378
424; 474; 2; 1; 382
308; 512; 1; 2; 406
345; 463; 2; 1; 420
419; 415; 1; 2; 429
497; 341; 1; 2; 429
356; 466; 2; 1; 438
432; 349; 2; 1; 455
471; 373; 1; 2; 462
408; 527; 1; 2; 464
325; 510; 1; 2; 469
387; 350; 1; 2; 480
412; 422; 1; 2; 485
477; 517; 2; 1; 493
359; 425; 1; 2; 494
449; 333; 1; 2; 497
440; 505; 2; 1; 509
509; 361; 1; 2; 513
350; 529; 2; 1; 517
329; 351; 2; 1; 521
535; 393; 2; 1; 525
318; 524; 1; 2; 525
362; 377; 1; 2; 528
368; 392; 2; 1; 531
317; 497; 1; 2; 535
526; 420; 2; 1; 538
345; 405; 2; 1; 551
359; 436; 2; 1; 558
509; 433; 1; 2; 560
379; 448; 2; 1; 561
387; 371; 1; 2; 565
357; 315; 1; 2; 575
404; 499; 2; 1; 577
457; 455; 2; 1; 582
469; 439; 1; 2; 588
506; 499; 1; 2; 595
478; 390; 1; 2; 597
499; 379; 2; 1; 600
528; 451; 1; 2; 603
332; 494; 2; 1; 603
423; 354; 1; 2; 623
346; 387; 2; 1; 624
389; 411; 2; 1; 629
486; 341; 2; 1; 630
312; 370; 1; 2; 638
443; 417; 1; 2; 644
462; 385; 1; 2; 650
319; 306; 2; 1; 663
396; 474; 2; 1; 666
502; 417; 2; 1; 708
329; 358; 2; 1; 709
497; 362; 1; 2; 714
451; 367; 2; 1; 717
320; 326; 2; 1; 750
495; 419; 1; 2; 753
478; 522; 2; 1; 753
531; 502; 2; 1; 756
25
15; 1; 12; 170
9; 1; 7; 266
21; 1; 6; 1885
0; 1; 23; 3704
8; 1; 22; 5560
11; 1; 28; 7069
5; 1; 26; 11246
22; 1; 35; 15719
19; 1; 9; 18277
6; 1; 26; 19354
10; 1; 12; 23281
1; 1; 40; 24400
2; 1; 29; 25248
17; 1; 37; 26597
4; 1; 47; 31521
13; 1; 6; 35669
24; 1; 45; 36493
20; 1; 49; 36712
14; 1; 5; 37272
23; 1; 8; 37688
12; 1; 23; 39732
16; 1; 29; 40806
7; 1; 33; 42096
3; 1; 41; 43875
18; 1; 38; 46499
