**** 678 ****
111
413; 376; 2; 1; 7
528; 355; 2; 1; 12
384; 308; 1; 2; 31
321; 347; 1; 2; 34
454; 338; 1; 2; 35
522; 487; 1; 2; 36
400; 478; 1; 2; 39
360; 358; 1; 2; 44
472; 335; 2; 1; 44
369; 482; 2; 1; 49
443; 515; 1; 2; 59
362; 365; 2; 1; 63
502; 477; 1; 2; 70
504; 337; 1; 2; 92
462; 386; 2; 1; 94
476; 374; 2; 1; 100
398; 313; 1; 2; 104
437; 488; 1; 2; 105
323; 357; 2; 1; 113
441; 524; 1; 2; 113
523; 394; 1; 2; 114
523; 481; 1; 2; 117
434; 369; 1; 2; 119
436; 430; 1; 2; 120
440; 410; 2; 1; 129
495; 527; 2; 1; 133
463; 512; 2; 1; 139
345; 527; 2; 1; 144
529; 500; 1; 2; 145
389; 398; 2; 1; 152
318; 316; 2; 1; 160
470; 423; 2; 1; 167
484; 327; 2; 1; 195
477; 433; 2; 1; 216
315; 486; 2; 1; 218
432; 359; 1; 2; 220
408; 360; 1; 2; 224
459; 396; 1; 2; 230
373; 349; 2; 1; 242
468; 511; 2; 1; 259
513; 334; 1; 2; 260
443; 453; 1; 2; 261
503; 393; 2; 1; 267
454; 417; 2; 1; 274
376; 335; 1; 2; 274
484; 489; 1; 2; 274
517; 458; 1; 2; 275
501; 470; 2; 1; 280
406; 429; 2; 1; 288
401; 505; 1; 2; 289
450; 398; 2; 1; 302
525; 477; 1; 2; 306
447; 413; 2; 1; 311
327; 471; 2; 1; 316
500; 471; 2; 1; 321
377; 482; 1; 2; 330
389; 394; 2; 1; 330
489; 530; 1; 2; 331
318; 368; 2; 1; 335
519; 475; 1; 2; 367
412; 430; 1; 2; 372
416; 524; 1; 2; 374
373; 331; 2; 1; 377
409; 460; 2; 1; 380
452; 379; 2; 1; 381
400; 463; 1; 2; 397
342; 466; 1; 2; 400
346; 345; 2; 1; 415
381; 316; 2; 1; 438
309; 490; 1; 2; 440
490; 420; 1; 2; 447
332; 510; 2; 1; 457
340; 453; 1; 2; 459
462; 416; 1; 2; 482
387; 529; 1; 2; 484
328; 466; 2; 1; 486
474; 381; 2; 1; 501
431; 531; 2; 1; 506
418; 311; 2; 1; 516
514; 361; 1; 2; 526
445; 320; 1; 2; 535
500; 414; 1; 2; 536
431; 375; 1; 2; 543
478; 361; 2; 1; 546
397; 310; 1; 2; 568
400; 516; 1; 2; 578
453; 445; 2; 1; 582
518; 387; 2; 1; 583
459; 407; 1; 2; 601
306; 484; 2; 1; 606
517; 352; 1; 2; 612
424; 440; 1; 2; 621
380; 491; 1; 2; 628
493; 503; 2; 1; 632
511; 471; 1; 2; 635
518; 420; 2; 1; 637
497; 387; 1; 2; 651
537; 355; 2; 1; 657
516; 501; 1; 2; 666
415; 480; 2; 1; 675
324; 448; 1; 2; 677
410; 359; 1; 2; 687
534; 414; 1; 2; 695
462; 322; 2; 1; 734
339; 407; 2; 1; 738
321; 406; 1; 2; 746
535; 531; 1; 2; 751
336; 334; 2; 1; 753
436; 505; 2; 1; 759
520; 452; 2; 1; 768
317; 485; 1; 2; 769
25
24; 1; 17; 2801
21; 1; 30; 9043
10; 1; 11; 9143
2; 1; 44; 9538
11; 1; 4; 10122
12; 1; 8; 13470
16; 1; 10; 14063
13; 1; 30; 15407
23; 1; 8; 15910
15; 1; 8; 16163
20; 1; 8; 20466
8; 1; 28; 20729
5; 1; 40; 20887
0; 1; 25; 23987
22; 1; 5; 24607
18; 1; 15; 25172
19; 1; 14; 25464
1; 1; 44; 25578
6; 1; 2; 30514
17; 1; 37; 36643
9; 1; 34; 37753
4; 1; 44; 41718
7; 1; 6; 42402
3; 1; 49; 45293
14; 1; 22; 48015
