**** 679 ****
111
392; 507; 1; 2; 0
337; 482; 2; 1; 15
333; 405; 2; 1; 16
361; 507; 2; 1; 18
443; 430; 2; 1; 29
444; 431; 1; 2; 32
340; 307; 1; 2; 34
468; 411; 1; 2; 37
535; 386; 2; 1; 42
489; 517; 1; 2; 52
442; 374; 2; 1; 68
534; 393; 2; 1; 88
471; 484; 1; 2; 89
518; 472; 1; 2; 90
410; 535; 1; 2; 96
332; 497; 1; 2; 97
319; 366; 1; 2; 103
477; 313; 2; 1; 111
414; 470; 2; 1; 112
487; 485; 1; 2; 113
402; 453; 1; 2; 113
520; 370; 1; 2; 129
321; 404; 1; 2; 147
372; 519; 2; 1; 150
320; 405; 1; 2; 156
318; 414; 2; 1; 161
467; 511; 1; 2; 174
459; 409; 1; 2; 177
328; 529; 1; 2; 181
503; 337; 1; 2; 194
343; 429; 2; 1; 199
417; 347; 2; 1; 203
507; 420; 2; 1; 216
371; 488; 2; 1; 217
385; 343; 2; 1; 225
357; 499; 1; 2; 225
535; 414; 2; 1; 228
414; 416; 1; 2; 234
472; 522; 1; 2; 243
435; 444; 1; 2; 244
442; 353; 2; 1; 253
403; 402; 2; 1; 254
326; 429; 1; 2; 254
525; 360; 1; 2; 271
478; 408; 1; 2; 277
377; 314; 1; 2; 290
464; 537; 2; 1; 295
521; 467; 1; 2; 299
433; 456; 2; 1; 301
492; 368; 2; 1; 303
453; 526; 1; 2; 315
535; 465; 1; 2; 325
400; 372; 1; 2; 327
349; 384; 2; 1; 332
499; 325; 1; 2; 335
402; 447; 1; 2; 335
435; 480; 2; 1; 337
507; 530; 2; 1; 340
420; 405; 1; 2; 348
458; 340; 2; 1; 355
519; 439; 1; 2; 355
421; 349; 1; 2; 359
467; 497; 2; 1; 392
335; 472; 1; 2; 402
517; 401; 1; 2; 406
431; 513; 1; 2; 406
367; 420; 2; 1; 409
367; 391; 1; 2; 447
323; 417; 2; 1; 447
384; 379; 1; 2; 448
485; 405; 2; 1; 453
469; 440; 1; 2; 455
366; 521; 2; 1; 463
521; 327; 1; 2; 472
365; 492; 1; 2; 473
423; 374; 1; 2; 496
355; 346; 2; 1; 497
471; 345; 2; 1; 508
350; 306; 2; 1; 530
322; 318; 2; 1; 536
402; 367; 2; 1; 537
513; 356; 1; 2; 545
393; 439; 2; 1; 552
326; 452; 2; 1; 560
464; 481; 1; 2; 564
492; 413; 2; 1; 587
311; 308; 2; 1; 590
380; 456; 1; 2; 593
422; 475; 2; 1; 600
425; 381; 1; 2; 601
388; 487; 2; 1; 606
495; 519; 2; 1; 616
423; 432; 1; 2; 622
380; 515; 2; 1; 626
457; 472; 2; 1; 643
520; 446; 2; 1; 644
352; 311; 2; 1; 646
426; 446; 2; 1; 649
426; 462; 2; 1; 664
334; 415; 1; 2; 665
329; 423; 2; 1; 672
469; 371; 1; 2; 673
516; 309; 2; 1; 686
401; 357; 1; 2; 688
461; 465; 2; 1; 705
493; 322; 2; 1; 715
327; 482; 2; 1; 716
322; 486; 2; 1; 736
307; 461; 2; 1; 749
408; 385; 1; 2; 774
515; 501; 1; 2; 776
25
9; 1; 3; 2839
22; 1; 6; 4369
16; 1; 38; 5041
23; 1; 43; 14654
18; 1; 24; 15624
21; 1; 11; 16072
3; 1; 37; 17003
12; 1; 7; 17821
7; 1; 12; 20193
10; 1; 42; 22720
11; 1; 49; 25009
14; 1; 45; 25281
2; 1; 35; 27036
20; 1; 26; 28687
0; 1; 22; 28941
17; 1; 30; 30831
15; 1; 45; 32328
1; 1; 45; 32410
4; 1; 12; 33107
24; 1; 24; 35127
6; 1; 11; 35915
8; 1; 20; 36233
19; 1; 5; 37092
5; 1; 42; 40310
13; 1; 22; 42989
