**** 68 ****
56
91; 53; 2; 1; 3
71; 68; 1; 2; 6
90; 36; 2; 1; 8
59; 96; 1; 2; 9
93; 54; 2; 1; 10
56; 89; 2; 1; 12
37; 93; 1; 2; 14
64; 76; 2; 1; 17
65; 94; 2; 1; 18
76; 34; 2; 1; 18
66; 92; 2; 1; 21
76; 86; 2; 1; 23
84; 89; 2; 1; 25
31; 68; 2; 1; 32
71; 47; 2; 1; 33
74; 43; 2; 1; 38
35; 51; 1; 2; 44
50; 76; 2; 1; 46
82; 69; 2; 1; 47
82; 44; 2; 1; 48
65; 40; 2; 1; 50
74; 68; 1; 2; 50
71; 81; 1; 2; 52
89; 85; 1; 2; 54
86; 62; 2; 1; 59
45; 58; 1; 2; 60
59; 67; 1; 2; 67
60; 52; 1; 2; 72
38; 39; 2; 1; 73
45; 39; 1; 2; 79
77; 59; 1; 2; 81
96; 31; 1; 2; 83
65; 39; 2; 1; 94
48; 45; 1; 2; 96
45; 85; 1; 2; 100
40; 62; 1; 2; 100
97; 94; 2; 1; 109
67; 88; 1; 2; 110
88; 81; 1; 2; 112
76; 57; 1; 2; 113
54; 70; 1; 2; 115
76; 73; 1; 2; 115
31; 48; 2; 1; 117
31; 77; 1; 2; 117
51; 69; 1; 2; 121
36; 37; 1; 2; 126
48; 92; 2; 1; 131
69; 53; 1; 2; 131
82; 71; 1; 2; 132
81; 83; 2; 1; 132
65; 63; 1; 2; 136
89; 65; 2; 1; 139
34; 39; 1; 2; 146
44; 96; 2; 1; 153
90; 44; 1; 2; 156
82; 57; 1; 2; 156
14
8; 1; 5; 447
3; 1; 18; 731
6; 1; 19; 1015
0; 1; 26; 1149
10; 1; 3; 1189
13; 1; 11; 1425
11; 1; 18; 1603
4; 1; 40; 1681
2; 1; 30; 1946
5; 1; 34; 2156
9; 1; 28; 2343
1; 1; 10; 3332
12; 1; 43; 3358
7; 1; 13; 3510
