**** 680 ****
111
464; 476; 2; 1; 45
314; 312; 2; 1; 46
356; 350; 2; 1; 50
422; 334; 2; 1; 53
526; 367; 1; 2; 98
516; 403; 1; 2; 101
402; 324; 1; 2; 113
359; 370; 1; 2; 131
484; 352; 2; 1; 131
364; 470; 1; 2; 137
419; 396; 1; 2; 144
322; 381; 1; 2; 159
464; 518; 1; 2; 160
533; 392; 2; 1; 187
359; 370; 2; 1; 189
500; 485; 1; 2; 195
384; 335; 1; 2; 201
489; 392; 1; 2; 202
463; 450; 2; 1; 215
493; 465; 2; 1; 227
310; 419; 2; 1; 240
409; 481; 1; 2; 244
380; 397; 2; 1; 251
419; 497; 1; 2; 260
452; 438; 2; 1; 274
320; 393; 1; 2; 282
483; 374; 2; 1; 284
463; 520; 1; 2; 285
383; 458; 1; 2; 287
496; 444; 1; 2; 307
334; 529; 1; 2; 309
422; 323; 1; 2; 316
472; 501; 2; 1; 319
467; 511; 2; 1; 322
308; 358; 1; 2; 323
526; 375; 1; 2; 326
379; 407; 2; 1; 328
475; 390; 2; 1; 334
373; 398; 1; 2; 335
432; 400; 1; 2; 336
492; 531; 1; 2; 347
328; 406; 2; 1; 376
511; 368; 2; 1; 382
486; 402; 1; 2; 385
365; 464; 1; 2; 386
401; 524; 1; 2; 391
325; 373; 1; 2; 400
361; 384; 2; 1; 406
400; 509; 2; 1; 407
517; 532; 2; 1; 413
406; 461; 1; 2; 420
469; 478; 2; 1; 426
463; 515; 2; 1; 426
388; 317; 2; 1; 438
525; 362; 2; 1; 448
314; 361; 2; 1; 461
340; 426; 1; 2; 469
460; 469; 2; 1; 475
425; 392; 1; 2; 481
334; 346; 2; 1; 492
374; 331; 1; 2; 499
526; 471; 2; 1; 505
337; 500; 2; 1; 505
349; 496; 1; 2; 511
375; 309; 2; 1; 512
527; 319; 1; 2; 518
460; 358; 1; 2; 529
394; 395; 2; 1; 531
467; 452; 1; 2; 533
505; 514; 1; 2; 546
372; 386; 2; 1; 548
429; 310; 2; 1; 552
510; 451; 1; 2; 556
363; 398; 1; 2; 556
422; 436; 1; 2; 568
350; 432; 2; 1; 570
406; 445; 1; 2; 571
479; 332; 1; 2; 575
490; 468; 1; 2; 582
398; 431; 1; 2; 596
408; 499; 1; 2; 608
378; 372; 2; 1; 613
444; 473; 2; 1; 615
380; 485; 2; 1; 616
427; 387; 1; 2; 626
534; 474; 2; 1; 646
455; 450; 2; 1; 648
342; 312; 2; 1; 650
410; 362; 2; 1; 652
316; 361; 1; 2; 658
513; 317; 1; 2; 662
478; 386; 2; 1; 666
450; 426; 1; 2; 679
350; 463; 2; 1; 682
433; 383; 1; 2; 687
461; 318; 2; 1; 689
459; 337; 1; 2; 693
421; 527; 1; 2; 698
407; 518; 2; 1; 708
490; 514; 2; 1; 708
435; 397; 1; 2; 715
491; 333; 2; 1; 720
413; 405; 2; 1; 721
480; 307; 1; 2; 723
447; 377; 1; 2; 729
415; 472; 2; 1; 732
455; 382; 1; 2; 749
413; 413; 2; 1; 757
472; 455; 1; 2; 769
441; 351; 2; 1; 774
519; 470; 2; 1; 778
25
21; 1; 19; 1026
11; 1; 22; 1360
19; 1; 45; 5575
18; 1; 23; 6509
12; 1; 23; 10067
6; 1; 2; 13771
9; 1; 31; 16346
24; 1; 40; 18226
14; 1; 19; 18527
1; 1; 41; 20188
4; 1; 7; 22456
13; 1; 31; 25473
3; 1; 49; 26293
23; 1; 39; 28889
10; 1; 43; 30136
22; 1; 13; 32642
8; 1; 16; 33149
20; 1; 12; 34070
5; 1; 35; 36219
2; 1; 31; 38568
15; 1; 40; 41435
17; 1; 44; 43827
7; 1; 40; 45384
0; 1; 42; 46019
16; 1; 16; 47043
