**** 681 ****
111
397; 459; 2; 1; 6
464; 439; 2; 1; 11
465; 348; 1; 2; 14
385; 478; 1; 2; 20
339; 533; 2; 1; 25
361; 448; 2; 1; 31
389; 377; 2; 1; 41
487; 515; 1; 2; 57
524; 520; 2; 1; 69
391; 508; 2; 1; 76
397; 370; 1; 2; 79
440; 456; 2; 1; 81
516; 456; 1; 2; 91
510; 492; 2; 1; 92
316; 386; 2; 1; 97
416; 331; 2; 1; 115
342; 381; 2; 1; 116
356; 431; 1; 2; 131
392; 436; 1; 2; 142
444; 343; 2; 1; 148
526; 426; 1; 2; 151
474; 316; 2; 1; 153
497; 445; 1; 2; 159
425; 537; 1; 2; 161
366; 413; 2; 1; 161
433; 361; 1; 2; 171
465; 349; 1; 2; 173
338; 455; 1; 2; 176
362; 443; 2; 1; 187
370; 392; 2; 1; 188
342; 464; 1; 2; 189
520; 322; 1; 2; 193
393; 408; 1; 2; 203
465; 506; 2; 1; 212
362; 527; 1; 2; 214
498; 331; 1; 2; 225
308; 356; 2; 1; 227
469; 465; 1; 2; 232
501; 323; 1; 2; 239
309; 494; 2; 1; 256
393; 358; 2; 1; 262
369; 355; 1; 2; 262
453; 492; 1; 2; 275
488; 535; 1; 2; 278
352; 476; 1; 2; 278
479; 335; 2; 1; 284
399; 310; 1; 2; 303
339; 432; 1; 2; 320
368; 506; 2; 1; 328
509; 323; 2; 1; 334
375; 496; 1; 2; 341
356; 515; 2; 1; 347
360; 365; 2; 1; 358
455; 499; 2; 1; 360
515; 311; 1; 2; 380
319; 465; 2; 1; 380
523; 516; 1; 2; 386
512; 400; 2; 1; 407
359; 444; 2; 1; 415
496; 499; 1; 2; 432
443; 484; 1; 2; 443
332; 536; 1; 2; 457
309; 364; 2; 1; 479
432; 351; 2; 1; 479
336; 342; 1; 2; 483
310; 458; 1; 2; 490
334; 364; 1; 2; 504
485; 356; 1; 2; 508
424; 351; 2; 1; 526
392; 514; 2; 1; 543
440; 318; 1; 2; 551
536; 315; 2; 1; 569
333; 357; 2; 1; 572
430; 423; 1; 2; 579
427; 390; 1; 2; 585
454; 376; 2; 1; 589
401; 385; 1; 2; 592
473; 360; 1; 2; 596
381; 341; 1; 2; 598
422; 334; 2; 1; 598
359; 516; 2; 1; 601
504; 368; 2; 1; 611
360; 497; 1; 2; 616
373; 393; 2; 1; 619
350; 470; 1; 2; 627
525; 482; 2; 1; 637
394; 530; 1; 2; 640
455; 368; 2; 1; 646
426; 532; 1; 2; 653
335; 463; 2; 1; 663
314; 420; 1; 2; 663
529; 530; 1; 2; 669
498; 325; 2; 1; 671
356; 362; 1; 2; 675
420; 371; 2; 1; 679
318; 461; 1; 2; 680
351; 466; 1; 2; 690
529; 328; 1; 2; 703
510; 377; 2; 1; 703
351; 424; 1; 2; 709
325; 515; 1; 2; 710
456; 517; 1; 2; 712
314; 309; 2; 1; 713
381; 420; 2; 1; 723
454; 533; 1; 2; 725
331; 329; 2; 1; 727
364; 382; 2; 1; 732
485; 516; 2; 1; 750
391; 519; 2; 1; 768
527; 504; 1; 2; 769
343; 331; 2; 1; 778
25
11; 1; 45; 2564
14; 1; 35; 3499
22; 1; 20; 4596
10; 1; 37; 4816
2; 1; 26; 5194
12; 1; 2; 7283
18; 1; 43; 9560
9; 1; 49; 10116
0; 1; 21; 10911
1; 1; 4; 17708
8; 1; 42; 17791
24; 1; 15; 21351
17; 1; 43; 22541
21; 1; 29; 23255
23; 1; 39; 26258
7; 1; 20; 26536
3; 1; 28; 28005
4; 1; 7; 30052
19; 1; 40; 30719
15; 1; 44; 31744
16; 1; 49; 32568
13; 1; 33; 34966
20; 1; 12; 35248
6; 1; 18; 37147
5; 1; 2; 43985
