**** 682 ****
112
440; 397; 2; 1; 2
423; 469; 2; 1; 2
518; 342; 2; 1; 12
327; 390; 1; 2; 23
481; 427; 1; 2; 25
532; 487; 2; 1; 30
413; 531; 1; 2; 52
484; 325; 2; 1; 53
361; 349; 2; 1; 54
488; 480; 1; 2; 71
326; 318; 1; 2; 71
395; 312; 2; 1; 72
510; 489; 2; 1; 76
457; 348; 2; 1; 80
411; 398; 1; 2; 80
540; 319; 1; 2; 82
323; 374; 1; 2; 96
320; 325; 2; 1; 111
356; 427; 2; 1; 116
323; 425; 1; 2; 117
467; 407; 2; 1; 119
433; 427; 2; 1; 131
441; 400; 1; 2; 145
396; 452; 1; 2; 149
478; 400; 2; 1; 157
426; 453; 1; 2; 165
536; 432; 1; 2; 172
312; 439; 2; 1; 178
538; 369; 1; 2; 180
508; 357; 1; 2; 186
499; 415; 1; 2; 200
380; 476; 1; 2; 202
471; 474; 1; 2; 213
395; 367; 2; 1; 226
409; 408; 1; 2; 228
325; 447; 1; 2; 232
313; 512; 1; 2; 257
348; 405; 2; 1; 260
412; 431; 2; 1; 260
333; 544; 2; 1; 272
360; 500; 1; 2; 281
441; 364; 1; 2; 288
458; 350; 2; 1; 311
319; 538; 1; 2; 322
407; 494; 2; 1; 322
518; 466; 2; 1; 328
422; 323; 2; 1; 332
462; 331; 2; 1; 338
396; 349; 1; 2; 349
496; 456; 1; 2; 351
432; 384; 1; 2; 359
462; 491; 1; 2; 368
403; 357; 1; 2; 370
334; 384; 1; 2; 371
390; 477; 1; 2; 380
423; 484; 2; 1; 396
485; 424; 2; 1; 400
494; 455; 1; 2; 401
540; 311; 2; 1; 402
520; 400; 1; 2; 440
352; 419; 1; 2; 445
487; 362; 2; 1; 446
363; 359; 2; 1; 448
452; 545; 1; 2; 448
378; 432; 1; 2; 456
429; 535; 1; 2; 459
453; 535; 2; 1; 462
394; 496; 1; 2; 466
386; 502; 1; 2; 480
518; 395; 2; 1; 487
526; 347; 2; 1; 501
486; 469; 1; 2; 512
402; 536; 1; 2; 512
514; 479; 1; 2; 536
431; 493; 1; 2; 539
451; 506; 1; 2; 546
329; 398; 1; 2; 561
527; 423; 1; 2; 562
433; 367; 1; 2; 579
441; 513; 2; 1; 582
315; 450; 2; 1; 591
428; 350; 1; 2; 593
386; 399; 2; 1; 603
497; 520; 1; 2; 604
379; 484; 2; 1; 605
427; 409; 1; 2; 607
536; 378; 2; 1; 610
354; 349; 2; 1; 611
364; 399; 1; 2; 628
350; 480; 1; 2; 629
543; 448; 2; 1; 629
435; 354; 2; 1; 635
385; 407; 1; 2; 647
505; 457; 2; 1; 653
343; 526; 1; 2; 665
501; 397; 1; 2; 665
377; 321; 2; 1; 672
539; 377; 1; 2; 678
345; 424; 1; 2; 680
467; 461; 1; 2; 691
347; 361; 1; 2; 699
322; 504; 1; 2; 710
396; 511; 1; 2; 718
371; 449; 2; 1; 725
449; 337; 1; 2; 725
514; 521; 2; 1; 733
541; 426; 1; 2; 741
420; 311; 1; 2; 765
397; 454; 2; 1; 766
502; 336; 2; 1; 778
403; 499; 1; 2; 779
450; 384; 2; 1; 780
25
8; 1; 33; 122
5; 1; 8; 1967
6; 1; 17; 3039
13; 1; 31; 3125
15; 1; 38; 5998
12; 1; 8; 6837
20; 1; 45; 8669
21; 1; 32; 8929
17; 1; 21; 9406
16; 1; 35; 11404
3; 1; 6; 13120
2; 1; 33; 23943
7; 1; 16; 24336
24; 1; 33; 25592
4; 1; 14; 28022
10; 1; 20; 28790
11; 1; 27; 29034
18; 1; 21; 35373
9; 1; 40; 36754
1; 1; 18; 37860
22; 1; 21; 38114
14; 1; 49; 38480
0; 1; 32; 44043
23; 1; 34; 44927
19; 1; 32; 45200
