**** 683 ****
112
359; 323; 2; 1; 1
454; 393; 1; 2; 9
467; 339; 2; 1; 15
544; 438; 2; 1; 18
510; 351; 1; 2; 21
454; 487; 1; 2; 25
423; 351; 2; 1; 27
486; 475; 2; 1; 27
382; 363; 1; 2; 33
384; 348; 1; 2; 41
352; 502; 2; 1; 47
466; 473; 2; 1; 51
373; 312; 1; 2; 63
522; 482; 1; 2; 63
472; 339; 2; 1; 71
417; 527; 1; 2; 86
313; 415; 1; 2; 101
425; 476; 2; 1; 104
383; 523; 2; 1; 108
520; 489; 2; 1; 115
516; 426; 1; 2; 117
455; 367; 2; 1; 121
348; 474; 2; 1; 124
424; 380; 2; 1; 132
312; 535; 2; 1; 143
336; 404; 1; 2; 146
395; 480; 1; 2; 154
492; 354; 1; 2; 155
433; 425; 1; 2; 184
317; 353; 1; 2; 185
444; 473; 1; 2; 202
338; 504; 2; 1; 211
408; 406; 2; 1; 213
398; 486; 1; 2; 221
506; 401; 2; 1; 221
443; 542; 2; 1; 231
334; 458; 2; 1; 239
376; 437; 2; 1; 254
467; 371; 2; 1; 270
371; 482; 2; 1; 275
446; 505; 2; 1; 296
450; 489; 2; 1; 298
452; 365; 1; 2; 303
392; 480; 2; 1; 308
377; 312; 2; 1; 323
458; 496; 1; 2; 324
440; 341; 2; 1; 330
457; 351; 2; 1; 332
438; 474; 1; 2; 341
462; 483; 1; 2; 349
358; 336; 1; 2; 354
388; 332; 1; 2; 358
407; 477; 2; 1; 370
413; 398; 2; 1; 384
350; 407; 1; 2; 384
496; 315; 1; 2; 394
501; 362; 1; 2; 394
524; 451; 1; 2; 402
542; 394; 2; 1; 411
451; 351; 1; 2; 417
439; 434; 2; 1; 418
422; 375; 1; 2; 423
339; 320; 1; 2; 431
473; 507; 2; 1; 431
344; 318; 1; 2; 442
474; 419; 2; 1; 443
484; 496; 1; 2; 448
343; 311; 2; 1; 452
487; 517; 2; 1; 462
385; 538; 2; 1; 466
418; 451; 2; 1; 475
323; 501; 2; 1; 501
361; 466; 1; 2; 509
317; 388; 2; 1; 516
394; 358; 1; 2; 517
420; 331; 1; 2; 517
411; 430; 1; 2; 518
534; 439; 1; 2; 524
314; 408; 2; 1; 525
340; 542; 1; 2; 528
486; 398; 2; 1; 539
357; 513; 1; 2; 545
411; 532; 2; 1; 547
436; 312; 1; 2; 556
383; 482; 2; 1; 556
503; 371; 1; 2; 558
473; 314; 1; 2; 559
511; 366; 1; 2; 568
333; 382; 2; 1; 569
333; 325; 1; 2; 581
498; 467; 2; 1; 582
545; 463; 2; 1; 587
545; 373; 2; 1; 590
366; 366; 2; 1; 605
316; 543; 1; 2; 607
311; 389; 2; 1; 617
514; 326; 1; 2; 621
379; 355; 2; 1; 627
520; 492; 1; 2; 649
321; 353; 2; 1; 652
522; 543; 2; 1; 655
377; 523; 1; 2; 670
379; 511; 1; 2; 683
541; 345; 1; 2; 689
451; 521; 1; 2; 695
542; 504; 1; 2; 701
479; 410; 2; 1; 703
423; 522; 1; 2; 727
341; 330; 2; 1; 746
348; 440; 2; 1; 754
364; 452; 2; 1; 755
476; 441; 2; 1; 775
25
0; 1; 31; 1892
18; 1; 15; 2442
5; 1; 21; 2854
13; 1; 29; 2923
6; 1; 24; 4229
11; 1; 43; 7523
14; 1; 22; 12817
16; 1; 1; 13080
20; 1; 15; 14737
4; 1; 19; 15176
7; 1; 9; 18499
10; 1; 31; 18712
22; 1; 40; 21844
23; 1; 10; 31519
19; 1; 31; 31555
2; 1; 29; 31835
8; 1; 5; 32766
17; 1; 7; 33014
9; 1; 7; 37513
3; 1; 1; 38815
24; 1; 16; 41132
21; 1; 20; 41355
15; 1; 11; 45579
1; 1; 1; 46409
12; 1; 34; 47208
