**** 684 ****
112
336; 378; 1; 2; 1
528; 544; 2; 1; 9
513; 526; 2; 1; 15
481; 315; 2; 1; 28
426; 316; 1; 2; 38
370; 349; 1; 2; 42
463; 477; 2; 1; 43
534; 445; 2; 1; 75
476; 416; 2; 1; 75
423; 383; 1; 2; 81
337; 367; 1; 2; 82
512; 497; 1; 2; 83
454; 526; 1; 2; 86
313; 458; 1; 2; 93
506; 482; 2; 1; 106
377; 418; 2; 1; 106
474; 384; 2; 1; 111
430; 363; 1; 2; 114
520; 516; 2; 1; 120
408; 447; 1; 2; 128
530; 449; 1; 2; 131
501; 489; 2; 1; 132
451; 382; 2; 1; 144
516; 417; 1; 2; 145
526; 534; 2; 1; 161
347; 408; 2; 1; 174
383; 424; 1; 2; 177
430; 393; 1; 2; 202
497; 336; 1; 2; 203
314; 509; 1; 2; 211
369; 454; 2; 1; 217
346; 459; 2; 1; 223
438; 338; 1; 2; 225
313; 351; 2; 1; 230
368; 440; 2; 1; 242
494; 384; 1; 2; 256
435; 424; 2; 1; 259
382; 409; 2; 1; 264
471; 376; 2; 1; 297
409; 367; 1; 2; 303
528; 500; 1; 2; 330
390; 540; 1; 2; 331
311; 460; 2; 1; 332
452; 319; 1; 2; 333
364; 545; 2; 1; 337
409; 435; 1; 2; 352
453; 346; 2; 1; 364
390; 541; 2; 1; 367
347; 434; 1; 2; 373
343; 405; 1; 2; 374
343; 405; 1; 2; 386
374; 536; 2; 1; 396
490; 366; 2; 1; 397
442; 513; 1; 2; 405
521; 394; 2; 1; 408
311; 350; 1; 2; 411
460; 319; 1; 2; 412
532; 378; 1; 2; 418
349; 491; 1; 2; 420
396; 512; 1; 2; 424
440; 441; 1; 2; 439
427; 438; 2; 1; 446
483; 498; 1; 2; 451
420; 390; 2; 1; 453
545; 498; 2; 1; 463
527; 383; 2; 1; 473
396; 479; 1; 2; 473
419; 438; 2; 1; 477
514; 426; 2; 1; 480
418; 519; 1; 2; 489
429; 397; 2; 1; 507
502; 337; 1; 2; 507
366; 331; 1; 2; 514
357; 360; 2; 1; 528
530; 514; 2; 1; 532
349; 521; 1; 2; 533
411; 329; 2; 1; 538
531; 406; 2; 1; 538
375; 440; 2; 1; 538
522; 436; 1; 2; 541
503; 436; 1; 2; 543
507; 425; 2; 1; 548
485; 414; 1; 2; 552
510; 334; 1; 2; 554
416; 513; 2; 1; 555
347; 362; 2; 1; 558
365; 494; 2; 1; 558
454; 488; 1; 2; 558
434; 315; 1; 2; 585
419; 494; 1; 2; 625
388; 439; 2; 1; 626
453; 344; 1; 2; 628
404; 338; 2; 1; 628
402; 529; 2; 1; 628
529; 545; 1; 2; 638
513; 380; 2; 1; 644
333; 441; 1; 2; 647
463; 446; 1; 2; 658
317; 528; 1; 2; 670
355; 386; 2; 1; 671
541; 324; 1; 2; 683
438; 368; 1; 2; 697
450; 529; 1; 2; 702
314; 425; 2; 1; 703
393; 542; 2; 1; 704
492; 387; 1; 2; 726
438; 405; 1; 2; 728
313; 384; 2; 1; 734
475; 469; 2; 1; 741
454; 511; 2; 1; 768
540; 442; 2; 1; 769
386; 456; 2; 1; 781
25
2; 1; 23; 51
17; 1; 6; 272
24; 1; 45; 7993
19; 1; 49; 8694
1; 1; 38; 9047
14; 1; 42; 9595
23; 1; 31; 11893
7; 1; 25; 12046
21; 1; 29; 12916
5; 1; 42; 13287
9; 1; 33; 14095
18; 1; 18; 15747
3; 1; 14; 16930
20; 1; 47; 20712
4; 1; 33; 20847
8; 1; 49; 21591
10; 1; 11; 25848
22; 1; 15; 28262
12; 1; 14; 29853
16; 1; 3; 33155
6; 1; 6; 33582
15; 1; 44; 33936
0; 1; 28; 38930
13; 1; 48; 40178
11; 1; 26; 44388
