**** 685 ****
112
446; 431; 1; 2; 3
333; 518; 1; 2; 6
390; 497; 1; 2; 6
316; 495; 2; 1; 11
347; 360; 1; 2; 17
360; 398; 1; 2; 25
368; 446; 2; 1; 28
496; 427; 1; 2; 45
492; 377; 2; 1; 46
470; 531; 2; 1; 48
323; 410; 2; 1; 53
313; 506; 1; 2; 60
488; 442; 1; 2; 66
517; 490; 2; 1; 66
347; 433; 2; 1; 73
389; 357; 1; 2; 84
403; 391; 1; 2; 89
380; 317; 2; 1; 93
522; 315; 1; 2; 96
400; 427; 2; 1; 98
340; 446; 2; 1; 116
414; 442; 1; 2; 116
431; 404; 1; 2; 117
434; 323; 2; 1; 118
320; 409; 1; 2; 119
365; 355; 2; 1; 120
409; 433; 1; 2; 139
374; 427; 1; 2; 145
435; 411; 2; 1; 145
390; 478; 2; 1; 156
369; 495; 1; 2; 169
363; 370; 1; 2; 170
451; 336; 2; 1; 177
506; 436; 1; 2; 194
316; 450; 1; 2; 205
459; 341; 1; 2; 246
334; 427; 2; 1; 246
332; 361; 1; 2; 252
489; 317; 2; 1; 266
321; 477; 2; 1; 293
377; 503; 1; 2; 294
529; 430; 2; 1; 317
322; 519; 2; 1; 318
543; 456; 1; 2; 325
360; 454; 1; 2; 334
413; 400; 2; 1; 340
327; 383; 2; 1; 341
322; 405; 1; 2; 350
368; 506; 1; 2; 357
530; 327; 2; 1; 362
382; 429; 1; 2; 369
368; 533; 2; 1; 369
468; 360; 2; 1; 370
380; 510; 2; 1; 376
350; 429; 1; 2; 379
312; 453; 1; 2; 383
321; 322; 1; 2; 392
513; 425; 1; 2; 398
358; 532; 2; 1; 403
485; 340; 1; 2; 405
332; 478; 1; 2; 408
398; 319; 1; 2; 415
486; 389; 1; 2; 439
439; 312; 1; 2; 444
544; 495; 2; 1; 451
461; 317; 2; 1; 468
429; 456; 2; 1; 470
364; 350; 1; 2; 486
497; 521; 2; 1; 486
520; 347; 1; 2; 502
460; 459; 1; 2; 502
360; 502; 1; 2; 522
465; 372; 2; 1; 523
497; 389; 1; 2; 532
365; 348; 2; 1; 547
406; 481; 1; 2; 548
368; 489; 1; 2; 550
531; 528; 1; 2; 561
401; 540; 1; 2; 563
375; 353; 2; 1; 564
534; 434; 2; 1; 568
500; 451; 2; 1; 579
350; 523; 1; 2; 584
401; 313; 2; 1; 587
373; 444; 1; 2; 593
512; 385; 1; 2; 595
491; 476; 2; 1; 596
423; 329; 2; 1; 597
516; 412; 2; 1; 606
354; 486; 2; 1; 606
530; 323; 2; 1; 629
415; 520; 1; 2; 629
539; 491; 1; 2; 632
510; 420; 2; 1; 638
393; 541; 2; 1; 643
535; 382; 1; 2; 666
405; 433; 1; 2; 667
451; 530; 1; 2; 672
493; 479; 1; 2; 678
466; 367; 2; 1; 679
331; 542; 1; 2; 683
522; 460; 2; 1; 685
406; 390; 1; 2; 695
365; 477; 2; 1; 698
354; 332; 1; 2; 698
517; 371; 1; 2; 714
464; 356; 1; 2; 714
331; 478; 2; 1; 715
359; 313; 1; 2; 720
385; 451; 2; 1; 754
545; 359; 2; 1; 760
422; 436; 2; 1; 765
25
17; 1; 30; 183
5; 1; 7; 4529
6; 1; 11; 8527
12; 1; 28; 10462
10; 1; 14; 13659
2; 1; 19; 15608
9; 1; 27; 15811
20; 1; 35; 16139
16; 1; 9; 16878
0; 1; 23; 17912
22; 1; 28; 21244
23; 1; 22; 23409
18; 1; 34; 23921
11; 1; 9; 26992
8; 1; 49; 28102
7; 1; 45; 28351
24; 1; 31; 28666
21; 1; 15; 29724
1; 1; 35; 33817
3; 1; 26; 34824
13; 1; 4; 38672
4; 1; 8; 39689
14; 1; 27; 39723
15; 1; 30; 42712
19; 1; 41; 44457
