**** 686 ****
112
473; 492; 1; 2; 2
406; 444; 1; 2; 23
507; 410; 1; 2; 30
369; 542; 1; 2; 38
405; 545; 1; 2; 40
439; 471; 1; 2; 45
389; 385; 1; 2; 51
492; 502; 2; 1; 63
455; 321; 1; 2; 73
323; 417; 2; 1; 75
370; 490; 1; 2; 81
462; 500; 2; 1; 83
509; 382; 1; 2; 86
321; 360; 1; 2; 97
425; 481; 2; 1; 99
354; 311; 2; 1; 107
311; 329; 2; 1; 109
455; 361; 1; 2; 113
504; 487; 1; 2; 115
341; 481; 2; 1; 119
443; 350; 1; 2; 122
412; 484; 1; 2; 122
385; 394; 1; 2; 124
412; 453; 1; 2; 129
516; 364; 1; 2; 140
418; 431; 2; 1; 144
428; 379; 2; 1; 145
474; 465; 1; 2; 146
322; 483; 1; 2; 152
489; 428; 2; 1; 154
369; 379; 2; 1; 174
469; 385; 1; 2; 186
461; 455; 2; 1; 193
393; 367; 1; 2; 208
373; 348; 2; 1; 218
401; 466; 2; 1; 224
494; 531; 2; 1; 228
359; 474; 1; 2; 230
367; 321; 1; 2; 234
360; 500; 1; 2; 247
520; 398; 2; 1; 247
328; 522; 2; 1; 251
409; 367; 1; 2; 260
367; 525; 2; 1; 265
498; 339; 2; 1; 275
402; 421; 1; 2; 309
387; 389; 2; 1; 317
366; 494; 2; 1; 319
429; 424; 2; 1; 325
380; 391; 2; 1; 325
318; 345; 1; 2; 326
385; 322; 1; 2; 341
524; 498; 1; 2; 346
468; 533; 2; 1; 347
525; 449; 1; 2; 349
473; 370; 2; 1; 356
417; 438; 1; 2; 376
311; 533; 2; 1; 392
364; 528; 1; 2; 398
388; 453; 1; 2; 416
444; 459; 1; 2; 418
431; 507; 2; 1; 428
317; 371; 2; 1; 428
501; 325; 2; 1; 431
405; 365; 2; 1; 449
336; 404; 1; 2; 465
360; 351; 1; 2; 480
368; 393; 2; 1; 482
337; 517; 1; 2; 486
359; 389; 2; 1; 489
362; 412; 1; 2; 491
509; 320; 1; 2; 493
490; 441; 2; 1; 500
538; 499; 2; 1; 519
521; 371; 1; 2; 526
443; 390; 1; 2; 528
350; 356; 2; 1; 536
418; 341; 1; 2; 538
403; 333; 2; 1; 540
395; 475; 1; 2; 541
368; 401; 1; 2; 559
411; 390; 1; 2; 574
482; 513; 2; 1; 580
453; 487; 2; 1; 583
490; 515; 2; 1; 586
484; 498; 2; 1; 586
526; 316; 1; 2; 588
436; 366; 2; 1; 590
519; 338; 2; 1; 594
484; 449; 2; 1; 600
383; 367; 1; 2; 605
396; 336; 1; 2; 606
524; 416; 2; 1; 609
538; 413; 1; 2; 617
348; 319; 2; 1; 617
413; 518; 2; 1; 628
386; 336; 1; 2; 650
341; 382; 1; 2; 653
450; 420; 1; 2; 659
369; 478; 2; 1; 662
535; 492; 1; 2; 664
535; 536; 1; 2; 678
370; 454; 2; 1; 694
405; 422; 1; 2; 697
539; 356; 2; 1; 703
395; 539; 1; 2; 724
369; 461; 1; 2; 732
356; 351; 2; 1; 735
450; 517; 2; 1; 752
487; 530; 1; 2; 754
526; 478; 2; 1; 764
542; 475; 1; 2; 784
25
8; 1; 27; 2097
16; 1; 43; 3823
1; 1; 22; 4888
9; 1; 48; 7824
2; 1; 6; 8465
10; 1; 6; 12476
14; 1; 7; 13143
0; 1; 27; 16738
23; 1; 17; 20436
12; 1; 31; 21869
17; 1; 16; 22668
21; 1; 26; 23324
6; 1; 3; 23837
22; 1; 20; 23902
15; 1; 39; 24313
5; 1; 31; 24422
11; 1; 42; 27168
18; 1; 1; 32096
4; 1; 30; 36971
13; 1; 42; 37526
7; 1; 20; 39290
19; 1; 18; 41430
24; 1; 39; 41748
3; 1; 8; 41972
20; 1; 25; 45875
