**** 687 ****
112
356; 507; 1; 2; 0
416; 325; 1; 2; 3
344; 343; 1; 2; 12
509; 388; 2; 1; 12
392; 393; 1; 2; 20
508; 385; 2; 1; 22
445; 412; 1; 2; 38
459; 541; 1; 2; 43
403; 467; 1; 2; 64
314; 424; 1; 2; 67
409; 516; 1; 2; 69
453; 460; 2; 1; 74
485; 499; 2; 1; 97
334; 320; 1; 2; 99
331; 503; 2; 1; 105
426; 398; 1; 2; 106
421; 361; 2; 1; 110
472; 371; 1; 2; 122
418; 346; 2; 1; 123
494; 343; 1; 2; 127
363; 524; 1; 2; 142
325; 400; 1; 2; 148
402; 540; 1; 2; 160
342; 431; 2; 1; 163
395; 382; 1; 2; 182
357; 535; 1; 2; 185
453; 413; 2; 1; 196
321; 529; 1; 2; 211
312; 511; 2; 1; 213
340; 513; 2; 1; 224
385; 421; 2; 1; 228
410; 330; 2; 1; 246
506; 398; 2; 1; 247
507; 434; 1; 2; 260
489; 484; 1; 2; 261
491; 352; 1; 2; 267
471; 405; 2; 1; 275
384; 404; 2; 1; 275
413; 329; 2; 1; 276
436; 315; 2; 1; 276
369; 427; 2; 1; 293
352; 454; 1; 2; 293
489; 456; 1; 2; 299
358; 407; 1; 2; 313
422; 470; 1; 2; 314
444; 362; 2; 1; 322
512; 367; 1; 2; 328
462; 421; 1; 2; 356
379; 413; 2; 1; 356
413; 422; 2; 1; 362
456; 313; 2; 1; 364
409; 339; 2; 1; 364
329; 409; 2; 1; 368
433; 383; 2; 1; 372
437; 374; 2; 1; 377
338; 481; 1; 2; 385
486; 452; 1; 2; 394
341; 424; 1; 2; 394
382; 467; 2; 1; 395
485; 526; 1; 2; 402
532; 495; 2; 1; 408
330; 410; 1; 2; 411
486; 311; 2; 1; 413
496; 437; 1; 2; 414
541; 515; 1; 2; 420
436; 326; 1; 2; 427
542; 513; 2; 1; 436
447; 463; 2; 1; 464
341; 332; 1; 2; 472
403; 385; 1; 2; 488
465; 510; 1; 2; 493
343; 311; 1; 2; 494
333; 360; 2; 1; 501
518; 501; 1; 2; 514
404; 515; 2; 1; 518
508; 449; 2; 1; 531
540; 355; 2; 1; 533
543; 527; 1; 2; 538
386; 519; 2; 1; 554
312; 348; 2; 1; 563
503; 488; 1; 2; 568
320; 389; 1; 2; 577
312; 539; 1; 2; 579
535; 457; 1; 2; 589
392; 357; 1; 2; 594
485; 464; 2; 1; 595
435; 363; 1; 2; 596
378; 333; 2; 1; 608
440; 440; 2; 1; 610
394; 327; 2; 1; 611
409; 472; 1; 2; 612
394; 348; 2; 1; 621
541; 339; 2; 1; 625
331; 503; 1; 2; 630
500; 509; 2; 1; 632
389; 395; 1; 2; 636
361; 524; 1; 2; 649
344; 462; 1; 2; 652
347; 526; 2; 1; 658
363; 525; 2; 1; 681
514; 322; 2; 1; 683
383; 361; 1; 2; 689
442; 356; 1; 2; 700
497; 432; 2; 1; 705
424; 535; 1; 2; 712
457; 472; 2; 1; 733
464; 449; 1; 2; 737
543; 345; 2; 1; 738
365; 431; 2; 1; 740
535; 371; 2; 1; 748
337; 380; 2; 1; 771
471; 523; 1; 2; 775
25
10; 1; 5; 315
6; 1; 25; 2906
16; 1; 36; 3796
9; 1; 18; 7359
18; 1; 27; 8319
14; 1; 2; 8479
2; 1; 4; 8790
7; 1; 37; 8972
23; 1; 48; 9394
21; 1; 20; 9877
11; 1; 42; 14382
13; 1; 42; 15814
17; 1; 20; 16058
0; 1; 14; 20953
3; 1; 2; 22829
22; 1; 1; 29782
15; 1; 13; 30825
20; 1; 14; 32113
4; 1; 32; 32901
1; 1; 35; 32984
24; 1; 36; 35035
5; 1; 19; 36423
19; 1; 16; 36538
12; 1; 21; 40971
8; 1; 34; 42757
