**** 688 ****
112
422; 532; 1; 2; 6
367; 383; 2; 1; 8
542; 347; 2; 1; 12
505; 332; 2; 1; 13
450; 431; 1; 2; 19
513; 528; 2; 1; 28
534; 383; 1; 2; 35
478; 390; 1; 2; 35
395; 494; 1; 2; 37
451; 530; 2; 1; 52
326; 528; 1; 2; 56
423; 324; 2; 1; 60
499; 493; 1; 2; 62
458; 378; 2; 1; 64
502; 489; 1; 2; 79
385; 397; 2; 1; 82
509; 449; 2; 1; 100
477; 538; 1; 2; 105
400; 479; 1; 2; 118
537; 464; 2; 1; 142
435; 334; 2; 1; 144
442; 427; 1; 2; 144
431; 342; 2; 1; 158
473; 432; 2; 1; 179
443; 448; 2; 1; 181
449; 323; 1; 2; 184
505; 414; 2; 1; 189
475; 483; 2; 1; 189
346; 328; 1; 2; 193
540; 434; 2; 1; 194
495; 375; 1; 2; 209
498; 430; 2; 1; 217
383; 446; 2; 1; 223
415; 486; 2; 1; 238
463; 402; 1; 2; 259
538; 472; 1; 2; 261
507; 353; 2; 1; 264
363; 341; 1; 2; 264
353; 432; 1; 2; 265
480; 421; 1; 2; 268
490; 469; 1; 2; 273
471; 472; 2; 1; 283
498; 491; 2; 1; 285
483; 516; 2; 1; 295
451; 342; 1; 2; 317
469; 479; 2; 1; 336
507; 514; 2; 1; 340
419; 388; 1; 2; 344
376; 347; 2; 1; 345
428; 364; 2; 1; 351
389; 445; 2; 1; 353
400; 416; 2; 1; 356
397; 446; 1; 2; 360
533; 499; 2; 1; 360
360; 431; 2; 1; 367
347; 351; 2; 1; 368
407; 339; 1; 2; 385
318; 374; 1; 2; 391
429; 452; 1; 2; 415
515; 517; 2; 1; 417
408; 513; 2; 1; 419
458; 464; 2; 1; 422
513; 498; 1; 2; 423
516; 406; 2; 1; 431
369; 404; 1; 2; 432
502; 443; 1; 2; 438
368; 466; 1; 2; 456
441; 514; 2; 1; 458
495; 470; 2; 1; 463
416; 523; 2; 1; 463
342; 530; 1; 2; 472
328; 368; 2; 1; 473
377; 538; 1; 2; 475
324; 335; 2; 1; 488
422; 527; 1; 2; 495
317; 474; 1; 2; 507
541; 341; 2; 1; 530
453; 352; 2; 1; 544
345; 484; 1; 2; 546
461; 494; 1; 2; 557
490; 365; 1; 2; 558
414; 518; 2; 1; 588
449; 541; 2; 1; 592
336; 326; 2; 1; 594
450; 495; 2; 1; 613
421; 432; 2; 1; 615
344; 466; 1; 2; 617
379; 360; 2; 1; 625
409; 497; 2; 1; 630
427; 483; 1; 2; 631
517; 402; 2; 1; 642
453; 437; 1; 2; 648
457; 465; 1; 2; 662
334; 524; 2; 1; 668
441; 527; 2; 1; 668
434; 341; 1; 2; 669
331; 539; 2; 1; 670
431; 366; 2; 1; 692
442; 421; 2; 1; 697
350; 435; 2; 1; 705
351; 544; 2; 1; 707
311; 526; 1; 2; 719
468; 427; 2; 1; 725
335; 367; 2; 1; 731
324; 473; 2; 1; 747
441; 482; 1; 2; 748
371; 361; 1; 2; 767
454; 456; 1; 2; 767
520; 456; 2; 1; 770
463; 460; 2; 1; 772
474; 544; 2; 1; 774
314; 398; 1; 2; 781
25
22; 1; 12; 2736
3; 1; 14; 3355
8; 1; 43; 3419
10; 1; 38; 3872
17; 1; 27; 5335
4; 1; 16; 6239
15; 1; 7; 6291
12; 1; 34; 6926
16; 1; 5; 8647
21; 1; 12; 12149
9; 1; 30; 16361
18; 1; 23; 18436
13; 1; 3; 20174
23; 1; 46; 23121
19; 1; 25; 24329
20; 1; 36; 24734
1; 1; 11; 27483
14; 1; 46; 32489
24; 1; 42; 34255
11; 1; 25; 34818
5; 1; 43; 37951
2; 1; 38; 38238
6; 1; 40; 39644
0; 1; 28; 42893
7; 1; 9; 46021
