**** 689 ****
112
324; 313; 1; 2; 11
479; 512; 2; 1; 12
528; 526; 2; 1; 17
474; 398; 2; 1; 20
391; 504; 1; 2; 24
542; 495; 2; 1; 29
456; 403; 2; 1; 34
353; 338; 2; 1; 52
518; 452; 1; 2; 54
375; 367; 1; 2; 55
388; 349; 1; 2; 58
494; 375; 1; 2; 59
462; 450; 1; 2; 60
325; 515; 2; 1; 62
419; 469; 2; 1; 67
466; 492; 1; 2; 73
499; 458; 1; 2; 75
485; 332; 1; 2; 87
337; 357; 2; 1; 87
515; 522; 1; 2; 90
347; 516; 1; 2; 94
311; 538; 1; 2; 98
484; 507; 2; 1; 100
365; 335; 2; 1; 103
530; 442; 2; 1; 126
492; 541; 2; 1; 127
450; 322; 2; 1; 127
340; 436; 2; 1; 130
520; 504; 1; 2; 132
540; 446; 1; 2; 139
378; 536; 1; 2; 144
401; 338; 1; 2; 146
458; 424; 2; 1; 147
340; 329; 2; 1; 149
447; 427; 2; 1; 151
319; 469; 2; 1; 152
412; 445; 2; 1; 161
437; 351; 1; 2; 164
459; 451; 2; 1; 171
484; 399; 2; 1; 177
478; 518; 2; 1; 181
510; 341; 1; 2; 182
425; 385; 2; 1; 185
466; 335; 2; 1; 215
388; 361; 1; 2; 215
395; 405; 1; 2; 223
385; 356; 2; 1; 225
401; 526; 1; 2; 229
376; 543; 2; 1; 232
358; 445; 1; 2; 243
537; 430; 1; 2; 250
366; 434; 1; 2; 252
411; 465; 2; 1; 255
404; 530; 2; 1; 255
409; 495; 2; 1; 264
317; 422; 1; 2; 266
372; 375; 1; 2; 274
510; 378; 1; 2; 293
402; 504; 2; 1; 307
389; 407; 2; 1; 316
502; 505; 1; 2; 318
447; 424; 1; 2; 333
484; 315; 1; 2; 337
444; 436; 1; 2; 343
542; 414; 1; 2; 349
474; 537; 2; 1; 367
416; 422; 1; 2; 383
527; 494; 1; 2; 386
413; 347; 1; 2; 393
378; 452; 1; 2; 428
359; 325; 2; 1; 430
340; 412; 1; 2; 437
543; 528; 1; 2; 441
381; 535; 1; 2; 443
504; 381; 2; 1; 446
465; 459; 2; 1; 458
357; 426; 2; 1; 485
502; 343; 1; 2; 510
501; 402; 2; 1; 511
419; 335; 2; 1; 511
534; 364; 2; 1; 512
457; 351; 1; 2; 515
315; 445; 1; 2; 515
499; 349; 2; 1; 516
319; 440; 1; 2; 529
530; 402; 2; 1; 543
400; 376; 1; 2; 548
374; 364; 1; 2; 566
349; 433; 2; 1; 570
501; 455; 2; 1; 574
454; 352; 2; 1; 587
470; 533; 2; 1; 591
473; 474; 2; 1; 593
528; 540; 1; 2; 593
487; 478; 2; 1; 602
484; 479; 2; 1; 604
468; 543; 2; 1; 617
458; 545; 2; 1; 619
337; 402; 2; 1; 629
505; 502; 1; 2; 631
545; 514; 1; 2; 661
467; 394; 2; 1; 697
435; 329; 1; 2; 700
514; 533; 2; 1; 703
449; 405; 2; 1; 711
458; 312; 1; 2; 732
526; 451; 2; 1; 739
327; 453; 1; 2; 739
449; 417; 1; 2; 741
386; 484; 2; 1; 750
424; 371; 1; 2; 778
385; 423; 2; 1; 786
25
24; 1; 49; 2887
17; 1; 33; 2948
19; 1; 37; 9196
15; 1; 24; 10720
5; 1; 30; 11136
22; 1; 47; 13532
18; 1; 34; 16291
13; 1; 31; 16561
20; 1; 3; 17433
0; 1; 27; 18188
6; 1; 43; 18273
8; 1; 4; 19817
23; 1; 15; 21192
16; 1; 8; 21954
7; 1; 16; 22457
21; 1; 13; 26824
3; 1; 49; 28124
9; 1; 28; 30199
4; 1; 24; 36989
10; 1; 43; 38381
1; 1; 20; 40840
11; 1; 1; 41687
12; 1; 26; 43338
2; 1; 25; 44190
14; 1; 13; 46956
