**** 69 ****
56
91; 39; 2; 1; 2
45; 54; 2; 1; 5
70; 31; 2; 1; 5
94; 83; 2; 1; 7
46; 87; 2; 1; 7
32; 39; 2; 1; 10
68; 73; 1; 2; 14
54; 86; 1; 2; 16
79; 75; 2; 1; 19
41; 46; 1; 2; 29
81; 34; 2; 1; 34
92; 64; 2; 1; 35
91; 39; 1; 2; 36
72; 79; 1; 2; 37
74; 31; 1; 2; 37
70; 92; 1; 2; 41
47; 59; 2; 1; 42
31; 74; 2; 1; 43
66; 37; 1; 2; 51
68; 94; 1; 2; 63
37; 96; 1; 2; 64
46; 87; 2; 1; 64
78; 34; 1; 2; 65
80; 56; 2; 1; 65
44; 78; 2; 1; 75
76; 91; 2; 1; 77
49; 93; 1; 2; 81
66; 74; 2; 1; 81
56; 38; 1; 2; 92
39; 97; 2; 1; 93
79; 66; 2; 1; 94
96; 89; 2; 1; 94
88; 45; 2; 1; 97
55; 66; 2; 1; 97
44; 41; 2; 1; 106
50; 47; 2; 1; 115
63; 78; 2; 1; 116
84; 42; 1; 2; 116
54; 59; 2; 1; 117
97; 90; 2; 1; 118
74; 65; 2; 1; 123
44; 49; 1; 2; 127
95; 51; 2; 1; 127
51; 39; 1; 2; 130
79; 75; 1; 2; 131
43; 70; 1; 2; 132
81; 64; 1; 2; 134
55; 79; 2; 1; 142
46; 66; 1; 2; 144
55; 59; 1; 2; 148
59; 64; 1; 2; 150
48; 72; 1; 2; 155
60; 66; 2; 1; 162
42; 35; 2; 1; 165
34; 43; 2; 1; 166
61; 72; 2; 1; 167
14
12; 1; 39; 31
4; 1; 5; 229
9; 1; 44; 778
6; 1; 19; 849
0; 1; 39; 1106
13; 1; 1; 1146
1; 1; 4; 1335
2; 1; 11; 1995
8; 1; 23; 2924
3; 1; 22; 3176
5; 1; 7; 3308
11; 1; 18; 3399
7; 1; 30; 3567
10; 1; 43; 3682
