**** 690 ****
112
356; 507; 1; 2; 14
472; 360; 1; 2; 16
503; 388; 1; 2; 20
461; 311; 1; 2; 29
376; 425; 1; 2; 34
354; 411; 2; 1; 52
326; 519; 2; 1; 74
321; 326; 1; 2; 79
470; 530; 1; 2; 91
496; 405; 2; 1; 95
539; 382; 1; 2; 100
457; 398; 2; 1; 102
379; 437; 1; 2; 106
328; 368; 1; 2; 110
354; 349; 2; 1; 111
321; 516; 1; 2; 138
502; 444; 2; 1; 139
358; 475; 2; 1; 141
504; 321; 2; 1; 141
495; 489; 2; 1; 151
435; 368; 1; 2; 158
479; 450; 2; 1; 171
413; 411; 1; 2; 177
355; 361; 2; 1; 186
371; 437; 2; 1; 193
400; 467; 2; 1; 194
385; 380; 2; 1; 195
380; 408; 2; 1; 215
427; 342; 1; 2; 224
505; 398; 1; 2; 229
457; 515; 2; 1; 235
393; 521; 1; 2; 252
398; 496; 1; 2; 258
323; 361; 1; 2; 259
435; 358; 2; 1; 259
501; 446; 2; 1; 262
330; 459; 2; 1; 265
511; 315; 2; 1; 289
545; 330; 1; 2; 296
441; 390; 2; 1; 301
392; 453; 1; 2; 319
420; 450; 2; 1; 321
461; 373; 1; 2; 321
326; 413; 2; 1; 322
477; 383; 1; 2; 327
435; 336; 2; 1; 328
485; 376; 1; 2; 333
504; 464; 2; 1; 336
313; 509; 2; 1; 353
515; 428; 1; 2; 362
512; 472; 1; 2; 381
448; 525; 2; 1; 383
415; 484; 2; 1; 396
372; 435; 1; 2; 399
336; 532; 2; 1; 411
342; 316; 1; 2; 413
323; 410; 2; 1; 418
390; 481; 2; 1; 429
453; 506; 1; 2; 438
341; 378; 2; 1; 441
522; 483; 2; 1; 454
370; 425; 1; 2; 467
454; 542; 2; 1; 468
453; 433; 2; 1; 471
495; 443; 2; 1; 482
343; 517; 1; 2; 485
462; 464; 1; 2; 486
337; 345; 1; 2; 496
522; 425; 2; 1; 508
497; 525; 2; 1; 519
402; 423; 1; 2; 521
513; 419; 2; 1; 527
520; 510; 2; 1; 544
453; 358; 2; 1; 546
526; 319; 2; 1; 547
465; 482; 1; 2; 547
371; 312; 1; 2; 556
414; 329; 1; 2; 557
477; 528; 2; 1; 561
508; 415; 2; 1; 569
361; 343; 2; 1; 572
518; 344; 1; 2; 572
454; 430; 2; 1; 576
435; 510; 1; 2; 587
538; 384; 2; 1; 592
395; 511; 1; 2; 610
494; 476; 2; 1; 611
421; 391; 2; 1; 619
533; 440; 1; 2; 629
474; 411; 1; 2; 636
477; 447; 1; 2; 645
513; 486; 2; 1; 646
545; 372; 2; 1; 653
346; 379; 2; 1; 657
405; 412; 1; 2; 664
432; 505; 2; 1; 679
355; 386; 2; 1; 684
375; 405; 1; 2; 706
381; 434; 2; 1; 708
326; 417; 2; 1; 711
360; 517; 1; 2; 729
344; 336; 1; 2; 736
363; 489; 1; 2; 738
522; 411; 1; 2; 739
399; 373; 2; 1; 740
490; 409; 1; 2; 758
369; 311; 2; 1; 770
415; 360; 1; 2; 770
335; 315; 1; 2; 771
451; 323; 2; 1; 779
341; 512; 1; 2; 786
509; 470; 2; 1; 788
25
23; 1; 46; 5106
16; 1; 23; 6271
5; 1; 37; 8565
2; 1; 38; 9295
0; 1; 1; 9680
3; 1; 35; 11312
6; 1; 5; 11909
13; 1; 21; 16850
12; 1; 3; 19393
4; 1; 12; 19827
7; 1; 47; 20170
20; 1; 47; 21956
19; 1; 9; 26278
9; 1; 9; 28169
8; 1; 20; 30735
22; 1; 17; 31431
17; 1; 6; 33286
11; 1; 34; 35847
21; 1; 16; 36689
1; 1; 7; 37574
10; 1; 38; 39113
18; 1; 27; 42123
24; 1; 22; 43317
15; 1; 17; 43717
14; 1; 2; 46031
