**** 691 ****
112
346; 491; 1; 2; 9
387; 516; 1; 2; 9
348; 512; 2; 1; 9
340; 355; 2; 1; 15
450; 442; 1; 2; 43
430; 519; 2; 1; 46
350; 543; 1; 2; 48
325; 545; 2; 1; 60
331; 317; 1; 2; 74
380; 474; 1; 2; 75
369; 372; 1; 2; 94
495; 487; 2; 1; 95
359; 313; 2; 1; 109
404; 355; 1; 2; 119
507; 430; 2; 1; 126
535; 378; 1; 2; 139
398; 452; 2; 1; 139
383; 403; 2; 1; 139
449; 422; 1; 2; 147
507; 433; 1; 2; 149
319; 461; 1; 2; 151
493; 374; 2; 1; 152
458; 317; 2; 1; 189
424; 514; 2; 1; 200
323; 542; 2; 1; 207
332; 511; 2; 1; 208
367; 380; 1; 2; 209
355; 445; 1; 2; 227
422; 389; 1; 2; 231
518; 334; 1; 2; 249
362; 480; 1; 2; 252
543; 365; 2; 1; 258
469; 529; 1; 2; 263
486; 511; 2; 1; 264
374; 389; 1; 2; 273
348; 476; 2; 1; 282
500; 528; 1; 2; 285
509; 523; 1; 2; 286
423; 360; 2; 1; 287
324; 416; 1; 2; 302
404; 434; 1; 2; 304
498; 479; 2; 1; 315
353; 312; 2; 1; 316
415; 532; 2; 1; 327
533; 485; 1; 2; 328
337; 383; 2; 1; 329
390; 382; 2; 1; 332
502; 523; 1; 2; 356
440; 384; 2; 1; 358
367; 419; 1; 2; 365
441; 440; 1; 2; 368
348; 526; 2; 1; 383
349; 414; 2; 1; 388
541; 378; 2; 1; 389
318; 479; 1; 2; 393
490; 507; 1; 2; 402
315; 491; 2; 1; 408
545; 458; 1; 2; 409
433; 406; 2; 1; 410
386; 379; 2; 1; 413
488; 530; 1; 2; 420
337; 335; 1; 2; 425
504; 413; 1; 2; 432
338; 455; 1; 2; 444
389; 508; 1; 2; 448
315; 475; 2; 1; 466
526; 463; 2; 1; 466
448; 380; 2; 1; 467
324; 478; 1; 2; 472
455; 385; 2; 1; 474
506; 541; 2; 1; 490
352; 348; 1; 2; 496
334; 406; 2; 1; 506
527; 437; 2; 1; 525
544; 323; 1; 2; 540
325; 458; 2; 1; 540
476; 467; 1; 2; 548
524; 489; 1; 2; 550
381; 443; 1; 2; 553
433; 523; 2; 1; 560
385; 442; 2; 1; 564
373; 524; 1; 2; 578
347; 342; 1; 2; 581
543; 474; 2; 1; 584
332; 386; 2; 1; 597
525; 315; 2; 1; 606
312; 426; 2; 1; 635
534; 525; 2; 1; 641
461; 448; 2; 1; 651
494; 426; 1; 2; 653
385; 541; 2; 1; 653
516; 439; 1; 2; 659
528; 391; 2; 1; 661
363; 382; 2; 1; 685
367; 534; 1; 2; 685
492; 359; 2; 1; 685
537; 402; 2; 1; 704
420; 359; 1; 2; 706
364; 473; 1; 2; 711
444; 424; 2; 1; 711
437; 402; 2; 1; 722
376; 516; 1; 2; 722
311; 341; 2; 1; 732
415; 343; 1; 2; 742
454; 399; 1; 2; 751
339; 339; 2; 1; 753
374; 317; 1; 2; 765
332; 422; 2; 1; 767
537; 314; 1; 2; 772
352; 373; 1; 2; 772
344; 336; 2; 1; 776
341; 488; 2; 1; 789
25
4; 1; 18; 2738
12; 1; 25; 3504
13; 1; 47; 4025
7; 1; 1; 7304
10; 1; 15; 8059
0; 1; 19; 14194
3; 1; 23; 14722
6; 1; 33; 15275
16; 1; 19; 20184
8; 1; 25; 20909
22; 1; 6; 22170
23; 1; 21; 23156
21; 1; 47; 25443
14; 1; 15; 25517
20; 1; 25; 25551
2; 1; 37; 27811
17; 1; 7; 33692
15; 1; 32; 33725
9; 1; 12; 33983
19; 1; 43; 34027
1; 1; 49; 34508
11; 1; 19; 36277
24; 1; 40; 37583
18; 1; 36; 43692
5; 1; 6; 45271
