**** 692 ****
112
545; 331; 1; 2; 5
453; 466; 1; 2; 8
388; 455; 2; 1; 10
523; 372; 2; 1; 12
387; 337; 2; 1; 13
541; 328; 1; 2; 36
445; 539; 2; 1; 37
399; 420; 1; 2; 39
447; 342; 1; 2; 48
463; 389; 2; 1; 49
440; 312; 2; 1; 49
509; 388; 2; 1; 60
509; 496; 2; 1; 63
432; 374; 1; 2; 63
444; 384; 2; 1; 66
539; 488; 1; 2; 72
415; 437; 2; 1; 76
446; 360; 2; 1; 81
514; 381; 1; 2; 93
484; 515; 2; 1; 93
353; 393; 2; 1; 97
454; 341; 2; 1; 101
456; 470; 1; 2; 102
366; 535; 1; 2; 104
514; 448; 2; 1; 114
316; 371; 2; 1; 117
537; 511; 2; 1; 119
369; 534; 1; 2; 132
322; 448; 1; 2; 146
354; 315; 1; 2; 159
318; 354; 2; 1; 168
324; 328; 2; 1; 170
430; 343; 2; 1; 174
383; 361; 2; 1; 179
390; 356; 1; 2; 179
432; 322; 1; 2; 181
545; 514; 2; 1; 184
485; 515; 2; 1; 185
496; 363; 2; 1; 191
485; 493; 1; 2; 195
446; 361; 1; 2; 195
434; 479; 1; 2; 217
453; 542; 2; 1; 246
472; 328; 1; 2; 248
390; 377; 1; 2; 251
341; 507; 1; 2; 253
426; 456; 1; 2; 256
440; 319; 1; 2; 262
530; 381; 1; 2; 292
354; 313; 2; 1; 306
508; 428; 1; 2; 308
327; 356; 2; 1; 336
440; 452; 1; 2; 356
328; 490; 1; 2; 374
378; 462; 1; 2; 382
342; 360; 1; 2; 385
493; 536; 2; 1; 387
507; 362; 1; 2; 390
439; 504; 2; 1; 392
345; 446; 1; 2; 395
480; 400; 1; 2; 407
465; 432; 2; 1; 410
374; 378; 1; 2; 412
506; 344; 2; 1; 449
447; 422; 2; 1; 450
360; 338; 2; 1; 457
328; 457; 1; 2; 464
482; 368; 2; 1; 472
357; 461; 1; 2; 476
325; 465; 2; 1; 480
448; 446; 2; 1; 481
365; 416; 1; 2; 484
404; 446; 2; 1; 489
474; 315; 2; 1; 493
520; 406; 1; 2; 494
486; 441; 2; 1; 496
331; 358; 2; 1; 506
419; 407; 1; 2; 507
539; 459; 2; 1; 513
384; 522; 1; 2; 515
348; 477; 2; 1; 518
383; 494; 2; 1; 520
375; 373; 2; 1; 529
527; 467; 2; 1; 545
345; 491; 2; 1; 556
489; 472; 2; 1; 571
457; 530; 2; 1; 583
349; 492; 2; 1; 595
335; 520; 1; 2; 597
484; 395; 1; 2; 597
500; 325; 1; 2; 599
430; 321; 2; 1; 600
474; 465; 1; 2; 634
334; 418; 1; 2; 636
412; 418; 2; 1; 643
490; 420; 1; 2; 648
388; 490; 1; 2; 651
415; 323; 2; 1; 662
397; 496; 1; 2; 664
514; 382; 2; 1; 666
440; 445; 1; 2; 676
415; 389; 2; 1; 689
455; 349; 1; 2; 714
365; 355; 1; 2; 715
397; 489; 1; 2; 721
418; 368; 1; 2; 726
469; 537; 2; 1; 727
537; 513; 1; 2; 744
426; 321; 1; 2; 748
501; 527; 1; 2; 753
320; 366; 2; 1; 759
367; 397; 1; 2; 778
25
13; 1; 41; 392
16; 1; 2; 1988
22; 1; 46; 3762
8; 1; 8; 5437
17; 1; 43; 7379
4; 1; 6; 11792
23; 1; 23; 13604
7; 1; 34; 14797
11; 1; 36; 15628
15; 1; 28; 16910
20; 1; 31; 17970
5; 1; 45; 18281
6; 1; 2; 18805
0; 1; 37; 19588
9; 1; 3; 20880
10; 1; 25; 21009
21; 1; 2; 22180
1; 1; 33; 24540
19; 1; 3; 25949
24; 1; 36; 33484
18; 1; 11; 36054
3; 1; 46; 36144
2; 1; 42; 37357
14; 1; 28; 39223
12; 1; 40; 45754
