**** 693 ****
113
391; 514; 1; 2; 2
452; 462; 2; 1; 5
428; 391; 1; 2; 5
501; 336; 2; 1; 9
381; 354; 2; 1; 29
464; 341; 1; 2; 46
434; 477; 1; 2; 48
387; 521; 2; 1; 49
369; 469; 1; 2; 55
382; 385; 2; 1; 75
483; 511; 1; 2; 76
396; 349; 1; 2; 81
376; 501; 2; 1; 90
487; 535; 2; 1; 97
536; 390; 2; 1; 102
423; 546; 1; 2; 111
469; 483; 1; 2; 112
477; 362; 2; 1; 113
341; 381; 1; 2; 119
472; 397; 2; 1; 121
389; 337; 1; 2; 121
509; 521; 1; 2; 122
510; 451; 1; 2; 123
537; 345; 2; 1; 127
413; 375; 1; 2; 167
339; 353; 2; 1; 169
354; 451; 1; 2; 172
450; 434; 2; 1; 176
466; 398; 1; 2; 177
324; 460; 2; 1; 187
393; 514; 1; 2; 188
352; 541; 2; 1; 190
491; 445; 2; 1; 202
358; 552; 1; 2; 211
415; 396; 1; 2; 212
373; 524; 1; 2; 212
473; 548; 2; 1; 239
534; 355; 2; 1; 248
506; 536; 2; 1; 253
529; 449; 1; 2; 254
538; 540; 1; 2; 258
538; 406; 1; 2; 260
465; 458; 2; 1; 262
428; 513; 2; 1; 268
494; 440; 1; 2; 272
432; 349; 2; 1; 278
339; 515; 2; 1; 282
526; 540; 1; 2; 288
540; 328; 2; 1; 322
433; 400; 1; 2; 322
553; 443; 1; 2; 324
470; 530; 1; 2; 328
384; 399; 1; 2; 345
391; 414; 2; 1; 365
551; 485; 1; 2; 368
492; 440; 1; 2; 373
398; 324; 1; 2; 376
527; 391; 1; 2; 387
337; 525; 2; 1; 388
502; 415; 1; 2; 391
326; 389; 2; 1; 392
453; 510; 1; 2; 423
496; 498; 1; 2; 433
541; 512; 1; 2; 443
471; 382; 2; 1; 448
328; 359; 1; 2; 458
539; 517; 2; 1; 478
322; 348; 1; 2; 479
335; 486; 2; 1; 481
505; 363; 2; 1; 487
541; 443; 2; 1; 489
500; 417; 1; 2; 490
449; 334; 1; 2; 495
492; 352; 2; 1; 498
446; 325; 2; 1; 502
326; 540; 1; 2; 506
537; 391; 2; 1; 516
472; 512; 1; 2; 519
423; 502; 2; 1; 527
394; 322; 2; 1; 527
534; 362; 2; 1; 543
448; 355; 2; 1; 545
502; 432; 1; 2; 545
553; 337; 2; 1; 549
532; 423; 1; 2; 551
543; 445; 1; 2; 563
416; 438; 2; 1; 575
394; 376; 2; 1; 577
530; 528; 1; 2; 597
447; 524; 1; 2; 614
516; 329; 1; 2; 629
330; 451; 1; 2; 641
527; 535; 2; 1; 641
341; 512; 1; 2; 650
430; 501; 1; 2; 658
371; 351; 2; 1; 667
364; 548; 2; 1; 688
500; 515; 2; 1; 694
370; 430; 2; 1; 700
407; 490; 1; 2; 702
393; 435; 1; 2; 708
361; 411; 2; 1; 712
449; 489; 1; 2; 716
340; 534; 1; 2; 721
353; 511; 2; 1; 755
534; 477; 2; 1; 755
503; 363; 1; 2; 760
464; 423; 2; 1; 767
417; 420; 2; 1; 768
357; 473; 2; 1; 773
346; 318; 1; 2; 785
324; 553; 1; 2; 789
433; 333; 2; 1; 790
25
19; 1; 15; 2422
6; 1; 40; 2468
1; 1; 11; 8149
21; 1; 22; 8882
4; 1; 33; 10804
23; 1; 26; 12002
13; 1; 1; 14282
7; 1; 14; 16475
9; 1; 45; 18346
17; 1; 10; 19597
0; 1; 48; 19883
3; 1; 17; 23743
22; 1; 29; 24821
12; 1; 14; 31126
5; 1; 37; 31303
11; 1; 40; 32069
14; 1; 34; 36898
10; 1; 43; 37151
2; 1; 36; 39551
15; 1; 19; 41570
24; 1; 20; 44421
8; 1; 35; 45283
18; 1; 12; 48049
20; 1; 10; 48531
16; 1; 19; 49326
