**** 694 ****
113
459; 513; 2; 1; 1
433; 395; 2; 1; 3
525; 393; 2; 1; 12
530; 388; 1; 2; 19
537; 532; 2; 1; 22
480; 506; 1; 2; 23
470; 498; 2; 1; 26
410; 460; 2; 1; 49
474; 551; 1; 2; 59
377; 341; 1; 2; 63
536; 381; 2; 1; 68
393; 443; 1; 2; 84
528; 428; 2; 1; 96
410; 317; 2; 1; 104
457; 330; 2; 1; 107
466; 431; 2; 1; 120
523; 387; 2; 1; 121
472; 534; 2; 1; 126
525; 423; 2; 1; 131
395; 353; 1; 2; 136
373; 382; 2; 1; 138
420; 408; 2; 1; 164
397; 353; 1; 2; 174
360; 474; 1; 2; 180
428; 404; 2; 1; 180
390; 478; 2; 1; 185
535; 360; 1; 2; 193
503; 360; 1; 2; 197
500; 470; 2; 1; 201
335; 453; 1; 2; 229
507; 470; 1; 2; 235
328; 418; 1; 2; 254
398; 365; 1; 2; 256
344; 541; 2; 1; 257
477; 389; 2; 1; 271
502; 318; 2; 1; 284
384; 347; 1; 2; 289
474; 401; 2; 1; 294
405; 471; 1; 2; 304
378; 410; 1; 2; 308
412; 485; 1; 2; 310
353; 327; 1; 2; 321
343; 447; 1; 2; 324
341; 374; 2; 1; 354
435; 467; 2; 1; 355
496; 482; 2; 1; 367
456; 512; 2; 1; 372
458; 461; 1; 2; 377
482; 547; 1; 2; 378
546; 348; 2; 1; 388
466; 333; 2; 1; 396
444; 323; 1; 2; 404
519; 318; 1; 2; 424
322; 498; 1; 2; 429
511; 499; 2; 1; 442
429; 496; 1; 2; 446
538; 355; 1; 2; 450
539; 384; 1; 2; 460
520; 381; 1; 2; 468
508; 391; 2; 1; 472
413; 428; 1; 2; 472
520; 492; 1; 2; 480
396; 499; 1; 2; 497
540; 377; 1; 2; 504
369; 367; 1; 2; 506
491; 376; 2; 1; 511
433; 327; 2; 1; 518
348; 473; 2; 1; 521
490; 359; 2; 1; 524
326; 449; 2; 1; 551
469; 353; 2; 1; 556
518; 430; 1; 2; 557
494; 448; 2; 1; 564
337; 448; 1; 2; 569
345; 404; 1; 2; 580
448; 486; 2; 1; 583
487; 412; 2; 1; 584
390; 339; 1; 2; 606
450; 485; 1; 2; 626
450; 374; 1; 2; 630
354; 501; 1; 2; 646
448; 445; 1; 2; 646
489; 424; 2; 1; 652
503; 330; 2; 1; 664
477; 400; 2; 1; 664
350; 474; 1; 2; 667
341; 470; 1; 2; 670
465; 458; 1; 2; 673
340; 518; 2; 1; 680
398; 317; 2; 1; 686
480; 553; 2; 1; 696
409; 397; 1; 2; 704
356; 328; 1; 2; 719
497; 373; 2; 1; 720
424; 459; 1; 2; 725
504; 378; 2; 1; 727
541; 446; 2; 1; 730
470; 348; 2; 1; 731
369; 522; 1; 2; 732
511; 499; 2; 1; 742
330; 534; 2; 1; 748
393; 414; 2; 1; 754
529; 346; 1; 2; 759
407; 511; 2; 1; 759
459; 339; 2; 1; 759
478; 496; 1; 2; 771
516; 382; 2; 1; 777
525; 424; 2; 1; 782
514; 493; 1; 2; 782
472; 456; 2; 1; 784
488; 464; 2; 1; 787
358; 490; 1; 2; 791
432; 490; 2; 1; 791
25
0; 1; 43; 1032
12; 1; 32; 1233
1; 1; 42; 2741
10; 1; 48; 4931
20; 1; 38; 7739
2; 1; 5; 8166
18; 1; 9; 10033
22; 1; 46; 12125
7; 1; 25; 13433
8; 1; 41; 14309
11; 1; 45; 16343
23; 1; 42; 20594
13; 1; 14; 20730
5; 1; 45; 20789
16; 1; 44; 25176
4; 1; 8; 32201
3; 1; 24; 33679
15; 1; 38; 34942
19; 1; 20; 36656
17; 1; 16; 39391
24; 1; 34; 40482
14; 1; 18; 41522
6; 1; 15; 45933
9; 1; 7; 46672
21; 1; 24; 50825
