**** 695 ****
113
404; 448; 2; 1; 0
525; 539; 2; 1; 31
334; 356; 2; 1; 36
408; 457; 1; 2; 45
504; 504; 2; 1; 45
546; 539; 2; 1; 51
446; 485; 2; 1; 57
551; 383; 2; 1; 58
441; 549; 2; 1; 61
387; 487; 2; 1; 65
507; 434; 1; 2; 67
484; 512; 1; 2; 69
468; 445; 1; 2; 74
334; 384; 1; 2; 91
433; 435; 1; 2; 95
445; 464; 1; 2; 103
389; 452; 2; 1; 113
388; 418; 2; 1; 115
416; 445; 1; 2; 116
531; 353; 2; 1; 118
357; 353; 1; 2; 119
450; 362; 1; 2; 130
342; 381; 1; 2; 139
416; 452; 2; 1; 161
477; 498; 1; 2; 161
402; 390; 2; 1; 179
394; 531; 1; 2; 182
400; 364; 2; 1; 194
442; 485; 2; 1; 200
349; 343; 1; 2; 214
334; 333; 1; 2; 225
353; 389; 2; 1; 235
384; 353; 2; 1; 261
471; 495; 1; 2; 262
418; 454; 2; 1; 277
488; 349; 1; 2; 280
466; 460; 2; 1; 282
439; 419; 2; 1; 288
469; 538; 2; 1; 297
363; 398; 1; 2; 307
471; 481; 2; 1; 317
492; 338; 2; 1; 324
356; 525; 2; 1; 326
439; 450; 1; 2; 339
532; 535; 2; 1; 346
328; 444; 2; 1; 349
486; 518; 1; 2; 354
518; 543; 2; 1; 358
372; 400; 1; 2; 362
424; 403; 2; 1; 365
488; 412; 1; 2; 365
505; 512; 1; 2; 369
485; 483; 2; 1; 374
536; 522; 1; 2; 376
431; 491; 2; 1; 397
524; 468; 1; 2; 397
381; 345; 1; 2; 407
473; 426; 1; 2; 409
344; 353; 1; 2; 419
474; 484; 2; 1; 420
531; 350; 2; 1; 424
490; 470; 1; 2; 435
462; 379; 2; 1; 441
357; 485; 2; 1; 452
487; 438; 2; 1; 465
358; 328; 2; 1; 472
364; 357; 2; 1; 474
474; 453; 1; 2; 479
472; 404; 2; 1; 479
504; 428; 2; 1; 489
516; 526; 1; 2; 494
499; 345; 1; 2; 504
323; 477; 2; 1; 506
459; 433; 1; 2; 518
413; 422; 1; 2; 529
431; 475; 2; 1; 531
349; 326; 1; 2; 534
411; 543; 1; 2; 539
532; 415; 2; 1; 546
373; 492; 2; 1; 546
425; 525; 2; 1; 548
484; 447; 1; 2; 554
448; 411; 1; 2; 567
400; 426; 1; 2; 567
510; 416; 1; 2; 592
425; 363; 2; 1; 605
345; 511; 2; 1; 614
458; 329; 2; 1; 629
490; 549; 2; 1; 630
360; 469; 1; 2; 632
381; 347; 2; 1; 634
479; 453; 2; 1; 644
451; 424; 2; 1; 647
449; 330; 1; 2; 659
354; 371; 1; 2; 676
528; 435; 1; 2; 679
498; 526; 1; 2; 688
335; 389; 2; 1; 688
362; 499; 2; 1; 695
522; 487; 1; 2; 706
446; 442; 2; 1; 707
414; 426; 2; 1; 707
476; 526; 1; 2; 723
320; 428; 1; 2; 725
547; 538; 1; 2; 726
355; 350; 1; 2; 727
385; 454; 1; 2; 739
518; 449; 1; 2; 742
369; 339; 2; 1; 766
329; 443; 2; 1; 768
337; 534; 1; 2; 770
422; 423; 1; 2; 773
425; 529; 2; 1; 775
25
8; 1; 9; 1285
20; 1; 16; 1687
11; 1; 40; 1709
3; 1; 2; 6521
13; 1; 20; 6981
23; 1; 20; 7467
17; 1; 20; 8161
19; 1; 36; 9183
10; 1; 32; 9733
2; 1; 32; 14541
15; 1; 24; 15324
1; 1; 48; 17540
0; 1; 48; 19686
9; 1; 22; 19941
4; 1; 10; 26203
14; 1; 35; 29081
6; 1; 48; 30025
12; 1; 44; 33168
24; 1; 4; 35098
22; 1; 18; 35893
18; 1; 8; 38946
7; 1; 20; 40820
16; 1; 36; 41120
5; 1; 5; 43202
21; 1; 11; 48184
