**** 696 ****
113
511; 342; 2; 1; 2
365; 526; 2; 1; 7
507; 525; 2; 1; 8
425; 348; 1; 2; 15
431; 549; 1; 2; 29
460; 388; 2; 1; 36
473; 398; 1; 2; 36
543; 495; 2; 1; 41
375; 375; 2; 1; 71
345; 338; 1; 2; 73
432; 487; 1; 2; 97
374; 479; 1; 2; 109
319; 460; 1; 2; 110
371; 388; 1; 2; 127
438; 441; 1; 2; 130
327; 408; 1; 2; 134
457; 421; 1; 2; 136
448; 328; 2; 1; 148
373; 493; 2; 1; 149
547; 398; 1; 2; 152
433; 491; 1; 2; 153
447; 429; 2; 1; 167
483; 527; 1; 2; 169
360; 533; 2; 1; 175
373; 432; 1; 2; 180
453; 476; 2; 1; 187
423; 492; 1; 2; 195
482; 388; 2; 1; 214
530; 518; 2; 1; 214
540; 412; 2; 1; 215
540; 419; 2; 1; 217
443; 434; 1; 2; 242
520; 321; 1; 2; 242
492; 528; 2; 1; 243
464; 447; 2; 1; 244
422; 453; 2; 1; 256
529; 437; 1; 2; 258
369; 462; 2; 1; 263
548; 479; 2; 1; 276
365; 325; 1; 2; 280
483; 372; 1; 2; 286
332; 460; 1; 2; 290
531; 338; 1; 2; 311
524; 321; 1; 2; 314
412; 352; 1; 2; 315
464; 348; 2; 1; 322
542; 423; 2; 1; 325
444; 520; 1; 2; 327
429; 481; 2; 1; 327
461; 453; 1; 2; 328
479; 369; 1; 2; 330
491; 470; 1; 2; 356
457; 461; 2; 1; 357
453; 536; 1; 2; 361
502; 329; 1; 2; 365
511; 388; 2; 1; 366
530; 532; 2; 1; 376
350; 502; 1; 2; 381
512; 480; 1; 2; 381
528; 353; 1; 2; 386
339; 331; 2; 1; 412
425; 368; 2; 1; 413
330; 360; 2; 1; 429
475; 347; 1; 2; 441
338; 533; 2; 1; 443
466; 544; 1; 2; 445
500; 386; 1; 2; 445
414; 413; 2; 1; 469
511; 551; 2; 1; 472
501; 498; 2; 1; 477
508; 434; 2; 1; 480
467; 338; 1; 2; 498
345; 328; 1; 2; 502
447; 495; 2; 1; 506
376; 503; 2; 1; 507
361; 340; 2; 1; 515
461; 463; 2; 1; 517
384; 534; 2; 1; 524
455; 455; 1; 2; 525
420; 323; 1; 2; 528
361; 473; 2; 1; 535
451; 515; 2; 1; 541
542; 340; 1; 2; 544
458; 437; 2; 1; 553
434; 359; 2; 1; 561
381; 409; 1; 2; 580
490; 452; 2; 1; 596
526; 509; 2; 1; 607
516; 383; 2; 1; 609
338; 455; 2; 1; 622
464; 400; 1; 2; 636
347; 356; 2; 1; 642
458; 490; 2; 1; 655
445; 532; 2; 1; 656
408; 464; 2; 1; 665
424; 504; 2; 1; 667
372; 533; 2; 1; 668
458; 490; 2; 1; 671
385; 495; 1; 2; 686
410; 380; 2; 1; 691
337; 505; 1; 2; 691
550; 376; 2; 1; 693
456; 544; 1; 2; 725
396; 393; 1; 2; 728
472; 426; 1; 2; 730
345; 388; 1; 2; 738
412; 479; 2; 1; 738
508; 496; 2; 1; 748
496; 342; 1; 2; 759
346; 345; 1; 2; 760
396; 437; 1; 2; 765
517; 463; 2; 1; 768
373; 518; 1; 2; 792
25
7; 1; 25; 404
21; 1; 34; 2962
14; 1; 25; 3776
8; 1; 16; 4420
4; 1; 46; 8101
9; 1; 16; 14431
24; 1; 7; 15891
11; 1; 15; 21118
13; 1; 43; 21251
10; 1; 47; 21712
23; 1; 37; 24771
19; 1; 26; 25431
5; 1; 26; 25786
1; 1; 12; 28479
16; 1; 23; 29790
12; 1; 23; 31029
15; 1; 6; 31073
18; 1; 5; 33161
0; 1; 31; 34867
6; 1; 14; 38258
2; 1; 10; 39415
3; 1; 10; 43342
20; 1; 35; 45669
22; 1; 19; 47136
17; 1; 48; 47338
