**** 697 ****
113
368; 366; 2; 1; 2
536; 427; 1; 2; 3
353; 335; 2; 1; 3
437; 446; 1; 2; 10
498; 532; 2; 1; 14
402; 496; 1; 2; 23
410; 482; 2; 1; 28
553; 550; 2; 1; 43
348; 532; 1; 2; 45
419; 398; 2; 1; 50
477; 545; 1; 2; 63
366; 406; 1; 2; 63
353; 461; 2; 1; 73
445; 377; 1; 2; 74
377; 319; 1; 2; 81
491; 344; 2; 1; 84
342; 481; 2; 1; 86
416; 336; 2; 1; 90
461; 526; 2; 1; 100
498; 330; 1; 2; 103
526; 336; 2; 1; 118
445; 342; 2; 1; 131
432; 333; 1; 2; 132
395; 415; 2; 1; 138
439; 538; 1; 2; 141
469; 440; 2; 1; 147
549; 317; 1; 2; 148
422; 553; 1; 2; 148
491; 435; 2; 1; 151
490; 356; 1; 2; 157
462; 491; 2; 1; 160
398; 387; 1; 2; 164
443; 475; 1; 2; 189
365; 320; 2; 1; 190
388; 475; 2; 1; 202
483; 469; 1; 2; 216
457; 448; 2; 1; 216
422; 462; 2; 1; 223
378; 368; 2; 1; 255
525; 513; 1; 2; 256
395; 544; 1; 2; 263
353; 475; 1; 2; 275
405; 427; 1; 2; 282
399; 448; 2; 1; 303
396; 357; 1; 2; 305
411; 470; 1; 2; 320
546; 544; 2; 1; 322
342; 541; 2; 1; 334
497; 499; 2; 1; 348
370; 353; 2; 1; 362
500; 464; 2; 1; 365
486; 341; 2; 1; 368
355; 327; 1; 2; 398
506; 524; 1; 2; 405
526; 542; 1; 2; 407
514; 461; 2; 1; 409
514; 424; 1; 2; 413
319; 458; 1; 2; 418
404; 325; 2; 1; 434
532; 344; 1; 2; 435
357; 359; 2; 1; 439
479; 415; 1; 2; 440
328; 417; 2; 1; 467
486; 364; 2; 1; 469
496; 345; 2; 1; 470
378; 317; 1; 2; 476
526; 517; 1; 2; 476
446; 333; 1; 2; 487
523; 496; 1; 2; 491
391; 478; 1; 2; 500
446; 391; 1; 2; 503
407; 345; 2; 1; 512
340; 531; 2; 1; 521
528; 321; 2; 1; 544
358; 536; 1; 2; 557
465; 542; 1; 2; 560
364; 396; 1; 2; 574
362; 383; 1; 2; 574
433; 336; 2; 1; 576
316; 343; 1; 2; 582
340; 364; 1; 2; 589
494; 497; 1; 2; 590
408; 442; 2; 1; 599
534; 360; 2; 1; 600
494; 400; 1; 2; 601
452; 330; 1; 2; 604
483; 482; 1; 2; 606
379; 454; 1; 2; 613
352; 462; 2; 1; 617
333; 410; 1; 2; 620
449; 339; 2; 1; 622
394; 360; 1; 2; 636
432; 509; 2; 1; 640
516; 526; 1; 2; 644
421; 318; 1; 2; 646
325; 353; 2; 1; 648
396; 355; 2; 1; 657
375; 459; 2; 1; 676
386; 468; 1; 2; 695
445; 362; 2; 1; 709
477; 445; 2; 1; 716
501; 442; 1; 2; 717
353; 473; 2; 1; 719
489; 448; 1; 2; 725
344; 540; 2; 1; 727
384; 497; 2; 1; 739
486; 501; 1; 2; 745
353; 547; 2; 1; 750
515; 447; 1; 2; 752
376; 533; 1; 2; 781
423; 488; 2; 1; 784
485; 330; 1; 2; 785
527; 371; 2; 1; 790
25
20; 1; 17; 1057
12; 1; 9; 1598
24; 1; 18; 1615
22; 1; 13; 2713
1; 1; 47; 5936
0; 1; 42; 9357
8; 1; 46; 11295
4; 1; 20; 12279
15; 1; 3; 14908
10; 1; 44; 15969
14; 1; 20; 16505
2; 1; 13; 17889
23; 1; 40; 19802
11; 1; 35; 26992
6; 1; 43; 28359
21; 1; 8; 32033
17; 1; 46; 32710
5; 1; 37; 34807
3; 1; 6; 39647
19; 1; 2; 39847
9; 1; 4; 40724
18; 1; 12; 40886
13; 1; 48; 44195
16; 1; 14; 44506
7; 1; 41; 45385
