**** 698 ****
113
400; 485; 1; 2; 3
509; 538; 1; 2; 13
513; 325; 2; 1; 30
401; 444; 2; 1; 30
399; 426; 1; 2; 31
335; 406; 1; 2; 36
351; 355; 1; 2; 38
343; 327; 2; 1; 42
377; 391; 1; 2; 46
373; 408; 2; 1; 48
340; 408; 1; 2; 52
372; 418; 2; 1; 74
493; 450; 2; 1; 91
478; 367; 1; 2; 95
389; 417; 1; 2; 98
473; 384; 1; 2; 115
521; 339; 1; 2; 125
497; 433; 2; 1; 142
454; 358; 2; 1; 149
499; 332; 1; 2; 164
374; 496; 1; 2; 165
402; 518; 1; 2; 165
432; 369; 1; 2; 177
413; 367; 1; 2; 183
345; 342; 1; 2; 183
519; 447; 1; 2; 184
403; 320; 1; 2; 187
462; 367; 1; 2; 189
361; 523; 2; 1; 216
517; 318; 1; 2; 217
548; 519; 1; 2; 225
330; 428; 2; 1; 239
410; 461; 2; 1; 241
523; 482; 2; 1; 243
326; 382; 1; 2; 259
395; 528; 2; 1; 260
549; 547; 1; 2; 262
448; 528; 2; 1; 274
419; 369; 1; 2; 294
354; 550; 1; 2; 323
445; 422; 1; 2; 329
517; 400; 1; 2; 330
548; 431; 1; 2; 331
508; 485; 2; 1; 356
534; 385; 2; 1; 357
488; 461; 2; 1; 359
432; 537; 2; 1; 363
544; 412; 2; 1; 369
401; 525; 2; 1; 376
337; 525; 2; 1; 379
358; 531; 1; 2; 386
417; 460; 1; 2; 409
323; 506; 1; 2; 411
478; 427; 2; 1; 417
345; 329; 1; 2; 431
454; 392; 1; 2; 432
444; 408; 2; 1; 436
383; 535; 2; 1; 445
464; 369; 2; 1; 463
398; 405; 2; 1; 468
500; 411; 2; 1; 474
421; 334; 1; 2; 476
433; 528; 2; 1; 478
348; 395; 2; 1; 480
514; 336; 2; 1; 487
379; 349; 1; 2; 495
332; 316; 2; 1; 495
318; 357; 1; 2; 497
420; 482; 2; 1; 516
350; 401; 1; 2; 519
480; 444; 1; 2; 521
413; 327; 1; 2; 531
322; 540; 1; 2; 533
391; 374; 2; 1; 536
479; 343; 2; 1; 549
486; 437; 2; 1; 554
527; 393; 2; 1; 557
512; 327; 1; 2; 573
521; 404; 1; 2; 578
481; 447; 2; 1; 583
548; 403; 1; 2; 591
417; 509; 1; 2; 599
469; 518; 2; 1; 610
529; 532; 1; 2; 611
451; 516; 2; 1; 616
458; 503; 1; 2; 616
351; 450; 1; 2; 627
507; 332; 1; 2; 633
350; 412; 2; 1; 637
549; 482; 1; 2; 649
382; 539; 2; 1; 650
419; 344; 2; 1; 652
517; 359; 2; 1; 652
411; 369; 2; 1; 667
333; 421; 2; 1; 669
346; 437; 2; 1; 678
360; 370; 1; 2; 682
534; 367; 2; 1; 691
540; 445; 2; 1; 697
505; 470; 1; 2; 700
459; 421; 2; 1; 705
503; 359; 1; 2; 706
376; 472; 1; 2; 716
462; 380; 2; 1; 726
414; 343; 2; 1; 730
326; 349; 1; 2; 739
377; 529; 1; 2; 743
318; 519; 1; 2; 761
507; 452; 2; 1; 763
411; 487; 2; 1; 763
452; 490; 1; 2; 770
348; 367; 1; 2; 772
432; 455; 2; 1; 789
25
16; 1; 22; 2005
5; 1; 17; 2258
18; 1; 28; 2306
2; 1; 15; 2335
15; 1; 5; 3145
0; 1; 22; 3886
4; 1; 44; 8619
8; 1; 26; 14605
1; 1; 9; 17110
22; 1; 31; 17998
9; 1; 14; 24297
12; 1; 33; 26011
11; 1; 29; 26754
20; 1; 6; 29460
6; 1; 24; 30112
24; 1; 16; 34247
14; 1; 46; 34360
23; 1; 42; 35710
3; 1; 35; 35815
19; 1; 29; 40800
13; 1; 16; 40847
21; 1; 25; 43321
17; 1; 29; 44539
10; 1; 23; 45490
7; 1; 21; 48682
