**** 699 ****
113
334; 360; 1; 2; 16
516; 369; 2; 1; 20
379; 541; 2; 1; 29
539; 437; 2; 1; 50
326; 420; 1; 2; 52
358; 537; 2; 1; 56
350; 531; 1; 2; 62
419; 493; 1; 2; 63
323; 542; 2; 1; 75
407; 452; 1; 2; 91
422; 385; 2; 1; 93
504; 424; 1; 2; 97
491; 434; 1; 2; 98
479; 462; 2; 1; 104
325; 409; 2; 1; 119
451; 507; 2; 1; 130
344; 385; 1; 2; 131
316; 372; 1; 2; 143
476; 341; 1; 2; 158
420; 346; 1; 2; 177
409; 459; 2; 1; 177
487; 455; 2; 1; 178
350; 414; 1; 2; 179
549; 510; 1; 2; 182
460; 537; 2; 1; 183
437; 340; 2; 1; 187
486; 440; 2; 1; 188
497; 407; 2; 1; 195
439; 510; 1; 2; 202
451; 460; 2; 1; 205
535; 382; 1; 2; 208
387; 534; 2; 1; 211
528; 500; 1; 2; 213
364; 398; 2; 1; 234
474; 425; 1; 2; 236
388; 544; 1; 2; 241
332; 551; 2; 1; 245
375; 379; 1; 2; 250
457; 545; 1; 2; 259
497; 546; 2; 1; 272
519; 480; 2; 1; 277
525; 375; 2; 1; 295
530; 539; 1; 2; 307
469; 531; 2; 1; 309
485; 347; 2; 1; 311
534; 429; 2; 1; 312
547; 488; 2; 1; 324
537; 462; 1; 2; 329
535; 480; 1; 2; 345
523; 517; 2; 1; 354
506; 348; 2; 1; 355
379; 520; 2; 1; 359
380; 474; 1; 2; 361
320; 540; 1; 2; 363
367; 443; 2; 1; 367
400; 515; 2; 1; 371
349; 410; 2; 1; 374
547; 466; 2; 1; 376
496; 394; 1; 2; 376
439; 429; 2; 1; 377
384; 330; 1; 2; 394
404; 411; 2; 1; 407
494; 371; 2; 1; 409
455; 523; 2; 1; 411
527; 540; 2; 1; 413
490; 336; 2; 1; 416
429; 348; 2; 1; 424
553; 349; 1; 2; 435
407; 465; 1; 2; 463
463; 499; 1; 2; 473
516; 476; 2; 1; 490
412; 357; 2; 1; 495
391; 486; 2; 1; 507
333; 353; 2; 1; 508
329; 446; 1; 2; 512
524; 396; 1; 2; 513
320; 380; 1; 2; 519
344; 375; 2; 1; 523
531; 534; 1; 2; 536
522; 433; 1; 2; 548
391; 457; 2; 1; 550
464; 462; 1; 2; 557
458; 421; 2; 1; 570
372; 354; 2; 1; 571
472; 355; 2; 1; 572
338; 507; 2; 1; 574
518; 535; 1; 2; 582
330; 366; 1; 2; 589
386; 405; 1; 2; 603
383; 363; 1; 2; 603
353; 513; 1; 2; 607
428; 497; 1; 2; 609
484; 526; 2; 1; 615
528; 361; 2; 1; 617
415; 496; 2; 1; 632
366; 333; 1; 2; 655
349; 506; 1; 2; 655
538; 423; 2; 1; 664
402; 546; 1; 2; 667
373; 410; 2; 1; 672
354; 455; 1; 2; 679
513; 481; 1; 2; 688
354; 373; 1; 2; 708
449; 459; 1; 2; 723
454; 450; 2; 1; 727
350; 328; 1; 2; 729
548; 477; 2; 1; 739
366; 424; 2; 1; 740
363; 472; 1; 2; 758
359; 459; 2; 1; 774
506; 503; 1; 2; 776
501; 323; 1; 2; 792
540; 371; 1; 2; 797
25
9; 1; 49; 1747
15; 1; 41; 1897
13; 1; 2; 1943
23; 1; 37; 3534
3; 1; 23; 4702
21; 1; 19; 8987
10; 1; 43; 12589
14; 1; 13; 15439
12; 1; 23; 20090
1; 1; 48; 20564
16; 1; 5; 21273
8; 1; 21; 21429
6; 1; 41; 27017
0; 1; 3; 29047
11; 1; 37; 30940
5; 1; 1; 33900
22; 1; 35; 35236
4; 1; 18; 41700
19; 1; 42; 42302
20; 1; 46; 42568
7; 1; 6; 42698
2; 1; 45; 42886
18; 1; 16; 43571
17; 1; 4; 46407
24; 1; 46; 48253
