**** 7 ****
50
9; 2; 2; 1; 2
29; 25; 1; 2; 4
20; 13; 2; 1; 6
16; 7; 1; 2; 6
16; 38; 1; 2; 8
33; 45; 1; 2; 11
31; 11; 2; 1; 15
47; 5; 1; 2; 18
18; 4; 1; 2; 18
18; 37; 1; 2; 20
29; 27; 1; 2; 20
42; 25; 1; 2; 21
47; 24; 1; 2; 22
23; 33; 2; 1; 23
37; 19; 2; 1; 26
7; 38; 1; 2; 27
49; 33; 2; 1; 29
37; 4; 2; 1; 36
45; 40; 1; 2; 40
13; 23; 1; 2; 41
42; 39; 1; 2; 44
46; 24; 1; 2; 47
8; 10; 1; 2; 49
22; 40; 2; 1; 51
26; 42; 1; 2; 51
3; 2; 1; 2; 55
1; 19; 2; 1; 55
14; 15; 1; 2; 56
4; 47; 1; 2; 56
39; 45; 2; 1; 58
1; 16; 1; 2; 61
37; 6; 2; 1; 65
30; 39; 2; 1; 69
49; 4; 1; 2; 71
8; 33; 2; 1; 72
6; 23; 1; 2; 79
34; 48; 1; 2; 79
47; 43; 2; 1; 80
27; 2; 2; 1; 81
22; 35; 2; 1; 86
44; 16; 1; 2; 88
19; 26; 1; 2; 90
33; 18; 1; 2; 92
49; 33; 1; 2; 92
28; 6; 2; 1; 92
46; 31; 2; 1; 93
30; 22; 1; 2; 94
49; 22; 2; 1; 99
12; 37; 2; 1; 103
28; 49; 1; 2; 104
12
4; 1; 36; 83
2; 1; 19; 521
1; 1; 33; 715
5; 1; 11; 749
3; 1; 33; 771
11; 1; 1; 936
7; 1; 29; 1060
8; 1; 5; 1091
0; 1; 5; 1165
6; 1; 38; 1199
9; 1; 1; 1407
10; 1; 29; 1447
