**** 70 ****
56
31; 75; 2; 1; 1
83; 49; 1; 2; 1
63; 40; 2; 1; 5
41; 72; 2; 1; 16
48; 32; 1; 2; 16
69; 80; 2; 1; 16
70; 74; 2; 1; 19
68; 64; 2; 1; 20
92; 53; 1; 2; 23
76; 58; 2; 1; 30
82; 40; 2; 1; 31
64; 61; 2; 1; 34
77; 62; 1; 2; 38
46; 72; 1; 2; 39
31; 97; 2; 1; 41
93; 83; 1; 2; 42
64; 90; 2; 1; 42
85; 96; 2; 1; 43
51; 90; 2; 1; 43
91; 93; 1; 2; 48
66; 36; 1; 2; 56
78; 65; 1; 2; 57
37; 88; 1; 2; 57
34; 64; 2; 1; 58
68; 88; 2; 1; 61
57; 58; 2; 1; 65
59; 53; 2; 1; 65
95; 83; 1; 2; 66
73; 68; 1; 2; 68
70; 91; 2; 1; 70
68; 40; 2; 1; 78
63; 77; 1; 2; 83
33; 42; 2; 1; 89
82; 50; 1; 2; 90
57; 70; 2; 1; 90
61; 71; 1; 2; 95
67; 88; 1; 2; 97
63; 72; 1; 2; 98
93; 48; 1; 2; 101
55; 51; 1; 2; 112
78; 90; 2; 1; 121
54; 39; 2; 1; 125
83; 68; 1; 2; 130
32; 83; 1; 2; 134
67; 56; 1; 2; 134
68; 46; 2; 1; 137
86; 67; 1; 2; 137
63; 50; 1; 2; 139
62; 36; 1; 2; 139
91; 36; 1; 2; 139
41; 67; 2; 1; 140
77; 67; 1; 2; 141
38; 41; 1; 2; 143
83; 73; 2; 1; 157
34; 51; 2; 1; 163
65; 63; 1; 2; 164
14
3; 1; 1; 346
7; 1; 44; 593
4; 1; 23; 756
2; 1; 39; 1149
1; 1; 45; 1486
12; 1; 5; 2045
6; 1; 48; 2293
13; 1; 3; 2345
9; 1; 47; 2349
5; 1; 3; 2545
8; 1; 47; 3346
0; 1; 41; 3525
11; 1; 9; 3609
10; 1; 2; 3781
