**** 700 ****
113
340; 518; 1; 2; 15
514; 487; 2; 1; 27
350; 325; 1; 2; 34
349; 443; 2; 1; 35
370; 486; 2; 1; 38
375; 367; 2; 1; 48
454; 401; 1; 2; 50
532; 541; 2; 1; 65
336; 378; 2; 1; 66
544; 350; 1; 2; 70
337; 464; 2; 1; 90
507; 383; 2; 1; 91
343; 509; 2; 1; 96
415; 431; 2; 1; 139
444; 372; 2; 1; 139
378; 537; 2; 1; 151
352; 453; 2; 1; 153
508; 367; 2; 1; 171
440; 460; 2; 1; 174
474; 528; 2; 1; 183
551; 522; 1; 2; 197
547; 370; 1; 2; 202
425; 377; 2; 1; 205
421; 487; 1; 2; 220
424; 439; 1; 2; 220
399; 350; 2; 1; 229
417; 494; 2; 1; 237
449; 541; 2; 1; 238
354; 502; 1; 2; 242
405; 406; 2; 1; 243
348; 452; 2; 1; 247
423; 442; 2; 1; 255
400; 413; 2; 1; 267
545; 364; 1; 2; 275
404; 512; 2; 1; 284
344; 348; 2; 1; 291
535; 549; 1; 2; 294
420; 435; 2; 1; 296
409; 433; 2; 1; 297
537; 537; 2; 1; 315
328; 518; 1; 2; 325
402; 539; 1; 2; 333
377; 466; 2; 1; 337
368; 495; 1; 2; 337
394; 522; 1; 2; 351
424; 349; 1; 2; 351
447; 394; 1; 2; 356
377; 480; 1; 2; 357
385; 475; 1; 2; 363
356; 342; 1; 2; 369
334; 443; 2; 1; 372
383; 542; 2; 1; 373
459; 512; 2; 1; 373
341; 468; 2; 1; 379
471; 352; 1; 2; 382
380; 349; 2; 1; 386
483; 387; 2; 1; 406
364; 527; 2; 1; 424
520; 392; 1; 2; 438
350; 412; 2; 1; 439
549; 481; 2; 1; 440
444; 451; 2; 1; 451
537; 389; 2; 1; 454
373; 327; 2; 1; 463
338; 497; 2; 1; 465
546; 444; 1; 2; 474
336; 427; 1; 2; 478
327; 401; 1; 2; 479
553; 359; 1; 2; 487
534; 461; 1; 2; 514
404; 540; 2; 1; 521
360; 465; 2; 1; 529
496; 473; 2; 1; 530
394; 460; 2; 1; 531
322; 533; 2; 1; 533
529; 344; 2; 1; 534
453; 469; 1; 2; 538
456; 459; 1; 2; 552
386; 402; 2; 1; 554
516; 385; 1; 2; 560
323; 394; 1; 2; 570
453; 449; 1; 2; 575
484; 458; 2; 1; 595
460; 529; 1; 2; 597
519; 551; 2; 1; 616
450; 418; 2; 1; 638
382; 377; 2; 1; 639
514; 352; 2; 1; 641
434; 549; 2; 1; 643
488; 366; 2; 1; 656
330; 541; 1; 2; 667
374; 398; 1; 2; 681
482; 391; 2; 1; 683
430; 521; 2; 1; 691
537; 472; 1; 2; 703
500; 465; 2; 1; 706
318; 449; 2; 1; 707
506; 394; 1; 2; 721
510; 324; 2; 1; 727
444; 481; 1; 2; 728
325; 504; 1; 2; 728
345; 374; 1; 2; 747
355; 434; 1; 2; 748
342; 481; 1; 2; 763
380; 493; 2; 1; 763
438; 458; 1; 2; 769
503; 391; 1; 2; 779
325; 378; 1; 2; 781
356; 498; 1; 2; 785
381; 460; 2; 1; 786
461; 414; 1; 2; 789
408; 317; 2; 1; 792
524; 546; 2; 1; 796
25
14; 1; 24; 1538
15; 1; 16; 3377
12; 1; 3; 3785
22; 1; 13; 7568
24; 1; 24; 8053
9; 1; 41; 11023
18; 1; 16; 12558
8; 1; 33; 13195
0; 1; 3; 15449
3; 1; 18; 19034
16; 1; 26; 20810
20; 1; 23; 23428
4; 1; 1; 23852
10; 1; 47; 24175
6; 1; 8; 27143
23; 1; 35; 27458
1; 1; 15; 30146
5; 1; 41; 31069
2; 1; 24; 33715
19; 1; 8; 33782
11; 1; 11; 33972
13; 1; 12; 36022
17; 1; 6; 37813
7; 1; 43; 42283
21; 1; 18; 46033
