**** 701 ****
113
316; 479; 2; 1; 3
333; 425; 1; 2; 5
487; 453; 1; 2; 9
515; 499; 1; 2; 10
460; 411; 1; 2; 32
439; 405; 2; 1; 33
432; 391; 2; 1; 33
357; 456; 2; 1; 46
504; 467; 1; 2; 51
520; 477; 1; 2; 53
397; 382; 2; 1; 57
444; 534; 1; 2; 67
453; 542; 2; 1; 69
417; 529; 2; 1; 70
327; 510; 2; 1; 75
344; 525; 2; 1; 82
503; 526; 1; 2; 89
538; 485; 2; 1; 91
426; 479; 2; 1; 94
378; 526; 2; 1; 95
532; 370; 2; 1; 100
365; 323; 1; 2; 101
420; 359; 2; 1; 101
377; 386; 2; 1; 117
483; 367; 1; 2; 119
499; 388; 1; 2; 119
462; 356; 2; 1; 124
458; 432; 2; 1; 124
493; 390; 2; 1; 140
391; 415; 1; 2; 150
316; 407; 2; 1; 169
394; 333; 1; 2; 170
377; 483; 1; 2; 174
523; 529; 2; 1; 181
500; 392; 1; 2; 182
452; 394; 2; 1; 187
460; 494; 1; 2; 190
344; 451; 2; 1; 191
376; 358; 1; 2; 197
340; 438; 1; 2; 209
548; 389; 2; 1; 216
514; 553; 1; 2; 225
345; 316; 1; 2; 229
393; 348; 1; 2; 238
346; 431; 1; 2; 244
470; 343; 2; 1; 250
427; 387; 2; 1; 255
458; 534; 1; 2; 257
420; 505; 1; 2; 257
365; 410; 2; 1; 258
333; 343; 1; 2; 261
370; 461; 1; 2; 270
380; 317; 2; 1; 287
358; 531; 1; 2; 293
474; 383; 1; 2; 299
413; 474; 1; 2; 304
544; 548; 1; 2; 309
517; 524; 1; 2; 314
457; 416; 1; 2; 323
445; 551; 2; 1; 325
374; 525; 1; 2; 335
341; 364; 1; 2; 341
371; 467; 1; 2; 350
346; 390; 1; 2; 351
323; 552; 2; 1; 374
316; 470; 2; 1; 386
349; 402; 2; 1; 400
346; 540; 1; 2; 418
437; 429; 2; 1; 426
343; 361; 2; 1; 434
449; 417; 1; 2; 437
463; 417; 2; 1; 438
329; 341; 2; 1; 438
339; 470; 1; 2; 456
370; 439; 1; 2; 465
498; 447; 1; 2; 489
508; 448; 1; 2; 491
546; 454; 1; 2; 507
439; 368; 1; 2; 515
417; 416; 1; 2; 522
447; 328; 1; 2; 522
490; 551; 1; 2; 526
372; 380; 1; 2; 529
448; 493; 2; 1; 540
354; 529; 1; 2; 546
335; 392; 1; 2; 556
481; 316; 2; 1; 557
541; 343; 2; 1; 558
351; 391; 1; 2; 561
403; 346; 1; 2; 563
408; 381; 1; 2; 568
350; 433; 1; 2; 573
509; 431; 2; 1; 578
549; 430; 1; 2; 582
480; 352; 2; 1; 597
436; 527; 1; 2; 597
417; 460; 2; 1; 629
455; 384; 1; 2; 646
547; 385; 2; 1; 651
428; 341; 1; 2; 661
459; 550; 1; 2; 712
486; 336; 1; 2; 715
361; 429; 1; 2; 715
407; 358; 1; 2; 723
444; 527; 1; 2; 749
409; 482; 1; 2; 755
481; 475; 2; 1; 760
387; 491; 1; 2; 763
511; 326; 1; 2; 772
405; 348; 1; 2; 772
385; 392; 2; 1; 772
381; 403; 1; 2; 773
419; 358; 2; 1; 795
25
10; 1; 30; 2407
2; 1; 31; 2517
7; 1; 20; 5393
20; 1; 27; 6394
9; 1; 43; 9457
22; 1; 12; 9996
17; 1; 36; 10712
18; 1; 45; 11012
21; 1; 22; 12621
14; 1; 32; 18605
5; 1; 31; 18913
8; 1; 48; 19647
15; 1; 12; 20715
1; 1; 42; 21088
16; 1; 39; 21181
13; 1; 20; 21744
11; 1; 14; 30727
23; 1; 41; 32324
0; 1; 32; 32829
19; 1; 28; 36087
4; 1; 44; 38245
3; 1; 27; 40053
24; 1; 4; 44235
12; 1; 22; 44246
6; 1; 38; 44311
