**** 702 ****
113
456; 455; 1; 2; 8
368; 428; 1; 2; 19
462; 435; 1; 2; 28
519; 477; 2; 1; 35
482; 422; 2; 1; 36
388; 434; 2; 1; 36
496; 324; 2; 1; 46
527; 512; 1; 2; 48
488; 329; 1; 2; 59
462; 526; 1; 2; 60
475; 506; 1; 2; 75
381; 336; 1; 2; 79
382; 363; 1; 2; 80
433; 325; 2; 1; 81
471; 371; 2; 1; 97
407; 431; 2; 1; 104
355; 468; 1; 2; 105
471; 319; 2; 1; 110
331; 385; 2; 1; 116
392; 544; 1; 2; 120
516; 433; 2; 1; 125
322; 420; 1; 2; 132
445; 317; 1; 2; 136
475; 399; 1; 2; 138
496; 551; 2; 1; 142
521; 390; 2; 1; 155
524; 501; 1; 2; 159
413; 420; 2; 1; 167
430; 449; 1; 2; 180
519; 392; 2; 1; 191
317; 319; 2; 1; 194
442; 432; 2; 1; 194
413; 434; 1; 2; 196
389; 549; 2; 1; 197
542; 352; 2; 1; 197
400; 476; 1; 2; 198
532; 372; 2; 1; 202
511; 518; 1; 2; 205
419; 532; 1; 2; 205
436; 377; 2; 1; 207
499; 353; 2; 1; 211
351; 536; 2; 1; 226
521; 456; 1; 2; 237
343; 489; 1; 2; 244
525; 553; 2; 1; 253
506; 472; 2; 1; 260
543; 529; 1; 2; 267
498; 346; 1; 2; 280
374; 473; 2; 1; 291
543; 484; 2; 1; 299
345; 336; 2; 1; 306
363; 509; 1; 2; 307
411; 477; 2; 1; 309
351; 369; 1; 2; 315
451; 321; 2; 1; 322
500; 527; 2; 1; 350
525; 425; 1; 2; 354
467; 536; 1; 2; 376
442; 373; 2; 1; 383
383; 512; 2; 1; 392
406; 546; 1; 2; 393
368; 454; 2; 1; 393
423; 512; 2; 1; 395
350; 331; 2; 1; 404
415; 550; 1; 2; 405
526; 550; 1; 2; 406
538; 442; 2; 1; 412
453; 398; 1; 2; 420
516; 539; 1; 2; 423
480; 484; 1; 2; 429
355; 373; 2; 1; 480
350; 387; 2; 1; 481
532; 372; 2; 1; 482
464; 386; 1; 2; 488
504; 530; 1; 2; 492
431; 470; 2; 1; 496
377; 549; 2; 1; 496
454; 461; 2; 1; 517
424; 328; 2; 1; 532
477; 420; 1; 2; 549
495; 401; 1; 2; 550
502; 490; 1; 2; 569
403; 387; 1; 2; 577
323; 402; 2; 1; 589
356; 506; 1; 2; 591
432; 486; 2; 1; 593
499; 372; 2; 1; 619
348; 505; 1; 2; 624
397; 551; 2; 1; 626
533; 374; 1; 2; 634
447; 415; 1; 2; 648
510; 490; 2; 1; 650
511; 345; 1; 2; 669
338; 520; 2; 1; 679
395; 417; 1; 2; 680
447; 434; 1; 2; 691
355; 403; 1; 2; 695
345; 522; 2; 1; 700
415; 359; 2; 1; 711
474; 343; 2; 1; 715
520; 445; 2; 1; 723
447; 451; 2; 1; 745
538; 396; 1; 2; 752
482; 475; 1; 2; 752
514; 468; 1; 2; 764
377; 346; 2; 1; 769
416; 329; 2; 1; 776
459; 393; 2; 1; 778
458; 353; 2; 1; 779
405; 389; 2; 1; 783
364; 423; 1; 2; 784
359; 472; 1; 2; 791
521; 395; 1; 2; 795
25
2; 1; 8; 1605
20; 1; 10; 1618
12; 1; 31; 1664
6; 1; 39; 3859
11; 1; 46; 9707
17; 1; 23; 10821
16; 1; 49; 12703
7; 1; 36; 14871
9; 1; 8; 20625
21; 1; 35; 20869
5; 1; 47; 21793
14; 1; 32; 21921
8; 1; 18; 24569
13; 1; 37; 24982
19; 1; 41; 31792
22; 1; 6; 36293
23; 1; 31; 38965
4; 1; 6; 40355
15; 1; 14; 40706
1; 1; 25; 41445
0; 1; 32; 41557
24; 1; 20; 41650
3; 1; 6; 44486
18; 1; 8; 48561
10; 1; 48; 49735
