**** 703 ****
113
401; 489; 2; 1; 14
368; 373; 2; 1; 20
377; 321; 1; 2; 23
359; 552; 1; 2; 26
346; 394; 2; 1; 27
420; 429; 2; 1; 36
410; 449; 2; 1; 40
389; 512; 1; 2; 40
526; 508; 2; 1; 46
519; 415; 1; 2; 50
456; 440; 1; 2; 51
539; 408; 2; 1; 65
349; 316; 1; 2; 79
353; 474; 1; 2; 82
510; 377; 2; 1; 85
481; 539; 2; 1; 87
486; 432; 1; 2; 104
433; 355; 2; 1; 109
408; 351; 1; 2; 112
345; 373; 1; 2; 116
330; 406; 1; 2; 124
482; 351; 1; 2; 133
379; 479; 2; 1; 135
326; 414; 1; 2; 143
422; 536; 1; 2; 156
497; 433; 1; 2; 169
323; 329; 1; 2; 183
371; 528; 2; 1; 221
454; 460; 1; 2; 227
407; 316; 1; 2; 231
428; 551; 2; 1; 238
486; 354; 1; 2; 245
384; 318; 1; 2; 274
527; 340; 1; 2; 285
528; 488; 1; 2; 292
326; 496; 2; 1; 295
461; 330; 1; 2; 329
484; 503; 2; 1; 338
429; 527; 2; 1; 341
477; 412; 2; 1; 349
388; 432; 2; 1; 351
445; 402; 1; 2; 357
367; 365; 2; 1; 376
486; 509; 1; 2; 379
431; 488; 1; 2; 382
377; 538; 1; 2; 394
417; 442; 1; 2; 400
523; 322; 1; 2; 401
518; 324; 1; 2; 407
391; 527; 2; 1; 420
508; 542; 1; 2; 427
368; 519; 2; 1; 431
460; 387; 1; 2; 437
353; 427; 2; 1; 446
541; 533; 2; 1; 452
542; 497; 2; 1; 459
497; 489; 2; 1; 463
537; 427; 1; 2; 463
389; 514; 1; 2; 467
526; 375; 2; 1; 472
355; 371; 2; 1; 476
525; 531; 1; 2; 490
423; 512; 1; 2; 499
407; 321; 1; 2; 502
410; 427; 2; 1; 508
375; 332; 1; 2; 512
429; 425; 1; 2; 515
405; 459; 2; 1; 525
346; 503; 2; 1; 536
375; 485; 1; 2; 537
541; 356; 2; 1; 545
396; 546; 2; 1; 547
488; 484; 1; 2; 550
515; 471; 1; 2; 568
523; 529; 2; 1; 571
471; 509; 2; 1; 571
508; 528; 1; 2; 573
424; 490; 2; 1; 578
457; 503; 2; 1; 583
545; 469; 1; 2; 584
393; 475; 2; 1; 584
425; 344; 2; 1; 590
512; 544; 1; 2; 592
362; 423; 1; 2; 603
500; 412; 1; 2; 605
411; 371; 2; 1; 609
397; 467; 1; 2; 610
334; 539; 1; 2; 614
542; 406; 2; 1; 615
548; 407; 1; 2; 617
420; 446; 1; 2; 620
426; 454; 1; 2; 629
358; 324; 2; 1; 639
376; 364; 2; 1; 650
407; 317; 1; 2; 650
546; 465; 1; 2; 666
434; 542; 1; 2; 674
432; 472; 2; 1; 687
533; 498; 2; 1; 690
328; 427; 2; 1; 712
321; 502; 2; 1; 716
469; 524; 1; 2; 720
443; 479; 2; 1; 733
328; 544; 1; 2; 734
470; 502; 1; 2; 737
481; 346; 1; 2; 740
450; 500; 1; 2; 748
452; 440; 2; 1; 777
529; 464; 2; 1; 784
381; 550; 1; 2; 787
454; 442; 1; 2; 790
552; 401; 2; 1; 798
363; 480; 2; 1; 801
25
21; 1; 44; 4617
23; 1; 3; 4922
8; 1; 11; 5659
1; 1; 22; 8873
3; 1; 33; 9063
10; 1; 24; 9774
5; 1; 44; 10060
7; 1; 18; 10622
22; 1; 12; 11171
11; 1; 4; 13556
19; 1; 45; 18210
20; 1; 4; 22388
15; 1; 28; 23111
24; 1; 11; 23910
12; 1; 39; 25548
4; 1; 2; 27049
16; 1; 13; 29205
6; 1; 33; 29487
17; 1; 8; 29905
2; 1; 45; 30906
18; 1; 6; 34479
0; 1; 18; 39704
13; 1; 29; 39785
14; 1; 9; 48216
9; 1; 17; 48696
