**** 704 ****
114
533; 543; 2; 1; 8
472; 355; 1; 2; 23
401; 399; 2; 1; 26
336; 326; 1; 2; 29
340; 337; 2; 1; 37
441; 345; 2; 1; 45
461; 368; 2; 1; 47
404; 412; 1; 2; 59
428; 420; 1; 2; 63
416; 431; 2; 1; 70
475; 498; 1; 2; 70
390; 340; 2; 1; 79
495; 510; 1; 2; 83
533; 499; 2; 1; 91
384; 354; 2; 1; 94
370; 536; 2; 1; 103
353; 326; 1; 2; 113
489; 556; 2; 1; 115
542; 463; 2; 1; 119
518; 441; 1; 2; 121
453; 348; 2; 1; 135
467; 501; 2; 1; 148
349; 509; 1; 2; 157
373; 552; 2; 1; 159
555; 417; 2; 1; 162
350; 469; 1; 2; 173
488; 553; 1; 2; 186
357; 444; 2; 1; 191
446; 533; 2; 1; 192
552; 371; 1; 2; 192
503; 380; 1; 2; 193
362; 336; 2; 1; 195
389; 495; 1; 2; 199
482; 527; 2; 1; 200
560; 545; 1; 2; 201
433; 342; 2; 1; 202
549; 329; 2; 1; 216
457; 492; 1; 2; 225
362; 476; 2; 1; 241
489; 528; 1; 2; 256
441; 551; 1; 2; 257
449; 462; 1; 2; 286
444; 405; 2; 1; 292
519; 397; 1; 2; 298
388; 492; 2; 1; 302
336; 387; 2; 1; 303
411; 480; 2; 1; 311
391; 531; 2; 1; 318
364; 474; 2; 1; 318
517; 511; 1; 2; 326
348; 499; 2; 1; 331
368; 457; 1; 2; 346
341; 551; 2; 1; 355
541; 507; 2; 1; 361
532; 348; 2; 1; 375
412; 446; 2; 1; 388
514; 375; 1; 2; 397
520; 502; 1; 2; 401
485; 343; 2; 1; 406
364; 390; 2; 1; 422
519; 488; 2; 1; 430
392; 454; 1; 2; 436
392; 412; 1; 2; 436
537; 427; 1; 2; 458
494; 351; 1; 2; 467
423; 533; 1; 2; 468
379; 334; 1; 2; 474
362; 503; 2; 1; 483
400; 392; 2; 1; 490
414; 513; 1; 2; 491
449; 338; 2; 1; 518
515; 471; 2; 1; 518
398; 426; 2; 1; 525
358; 435; 2; 1; 526
525; 541; 1; 2; 529
526; 436; 2; 1; 540
450; 548; 2; 1; 545
331; 442; 2; 1; 552
468; 405; 1; 2; 567
456; 410; 1; 2; 568
483; 501; 2; 1; 572
357; 406; 1; 2; 580
529; 423; 1; 2; 592
462; 337; 1; 2; 594
465; 470; 2; 1; 594
382; 376; 2; 1; 600
444; 430; 1; 2; 627
322; 482; 2; 1; 628
327; 557; 1; 2; 635
553; 532; 2; 1; 635
485; 476; 1; 2; 657
423; 415; 1; 2; 658
340; 427; 2; 1; 658
342; 520; 2; 1; 664
519; 380; 1; 2; 666
374; 479; 1; 2; 667
363; 370; 2; 1; 675
355; 485; 2; 1; 706
534; 426; 2; 1; 712
420; 509; 1; 2; 716
424; 479; 2; 1; 719
399; 488; 2; 1; 726
347; 341; 1; 2; 738
549; 539; 1; 2; 739
389; 378; 2; 1; 747
553; 336; 1; 2; 749
508; 550; 1; 2; 765
354; 414; 1; 2; 769
488; 501; 1; 2; 779
461; 534; 2; 1; 780
478; 535; 2; 1; 781
496; 352; 1; 2; 794
404; 381; 1; 2; 799
519; 389; 2; 1; 802
25
10; 1; 22; 48
14; 1; 4; 2849
20; 1; 12; 4810
11; 1; 47; 9931
2; 1; 24; 10312
6; 1; 15; 10730
4; 1; 3; 12139
8; 1; 27; 15608
24; 1; 5; 15836
23; 1; 3; 16177
5; 1; 47; 19066
22; 1; 25; 19351
16; 1; 45; 21531
3; 1; 23; 21673
9; 1; 40; 24955
0; 1; 49; 33840
13; 1; 39; 34710
17; 1; 12; 35136
18; 1; 48; 35733
19; 1; 7; 36510
12; 1; 14; 40486
15; 1; 38; 40658
1; 1; 36; 42279
7; 1; 43; 44783
21; 1; 46; 48036
