**** 705 ****
114
455; 344; 1; 2; 12
415; 456; 2; 1; 13
523; 355; 1; 2; 22
536; 537; 2; 1; 34
425; 436; 1; 2; 56
435; 526; 2; 1; 62
367; 465; 2; 1; 68
404; 400; 2; 1; 80
367; 560; 1; 2; 85
416; 386; 2; 1; 88
437; 552; 2; 1; 89
543; 442; 1; 2; 95
404; 517; 2; 1; 102
337; 484; 2; 1; 106
551; 330; 2; 1; 110
345; 494; 1; 2; 114
348; 529; 2; 1; 114
495; 491; 2; 1; 130
336; 445; 1; 2; 134
387; 374; 1; 2; 134
405; 431; 2; 1; 142
445; 425; 1; 2; 145
417; 322; 1; 2; 145
346; 366; 2; 1; 145
423; 548; 1; 2; 164
383; 419; 1; 2; 169
404; 521; 2; 1; 175
556; 340; 1; 2; 183
529; 408; 1; 2; 205
492; 422; 1; 2; 214
445; 390; 1; 2; 216
409; 453; 1; 2; 218
413; 340; 2; 1; 220
549; 539; 1; 2; 249
376; 404; 1; 2; 256
359; 554; 1; 2; 266
363; 471; 2; 1; 286
439; 407; 2; 1; 288
421; 349; 1; 2; 296
549; 518; 2; 1; 312
323; 482; 2; 1; 324
506; 450; 1; 2; 339
387; 555; 1; 2; 346
507; 414; 1; 2; 360
381; 539; 2; 1; 361
514; 558; 1; 2; 361
453; 346; 2; 1; 362
441; 332; 2; 1; 365
537; 467; 2; 1; 389
345; 556; 1; 2; 392
476; 498; 1; 2; 392
373; 370; 1; 2; 398
365; 512; 2; 1; 398
527; 471; 2; 1; 409
413; 332; 1; 2; 416
533; 430; 1; 2; 417
502; 430; 1; 2; 425
352; 542; 1; 2; 429
399; 459; 2; 1; 434
524; 497; 1; 2; 439
338; 533; 1; 2; 446
514; 394; 2; 1; 448
531; 535; 2; 1; 458
392; 369; 1; 2; 465
547; 560; 2; 1; 472
345; 411; 1; 2; 493
419; 411; 1; 2; 501
529; 367; 2; 1; 505
443; 376; 1; 2; 508
388; 344; 1; 2; 513
550; 325; 2; 1; 516
528; 396; 2; 1; 524
353; 414; 2; 1; 529
404; 516; 2; 1; 534
449; 413; 2; 1; 538
395; 491; 2; 1; 544
546; 329; 1; 2; 568
332; 513; 2; 1; 581
400; 495; 2; 1; 585
513; 415; 1; 2; 585
517; 555; 1; 2; 592
502; 520; 1; 2; 596
460; 433; 1; 2; 629
524; 511; 1; 2; 637
444; 528; 2; 1; 643
455; 539; 2; 1; 650
432; 552; 1; 2; 653
385; 388; 2; 1; 655
539; 554; 1; 2; 656
468; 442; 2; 1; 660
418; 503; 1; 2; 669
438; 333; 2; 1; 672
361; 409; 1; 2; 676
513; 431; 1; 2; 689
357; 502; 2; 1; 689
524; 529; 2; 1; 691
509; 518; 2; 1; 694
509; 328; 2; 1; 705
369; 529; 1; 2; 705
489; 399; 1; 2; 718
539; 493; 2; 1; 723
394; 465; 2; 1; 726
379; 474; 1; 2; 734
416; 446; 2; 1; 736
333; 517; 2; 1; 737
401; 330; 1; 2; 739
404; 516; 1; 2; 745
421; 509; 1; 2; 747
389; 544; 1; 2; 776
470; 515; 2; 1; 784
435; 481; 1; 2; 785
463; 441; 1; 2; 788
373; 511; 1; 2; 788
336; 399; 2; 1; 802
25
20; 1; 7; 1715
6; 1; 47; 2472
24; 1; 25; 4753
17; 1; 2; 10117
4; 1; 5; 11450
7; 1; 26; 11999
10; 1; 25; 12988
16; 1; 33; 14603
21; 1; 21; 14974
14; 1; 45; 16761
1; 1; 10; 17751
0; 1; 23; 19264
5; 1; 40; 19406
11; 1; 5; 20441
19; 1; 49; 21793
15; 1; 20; 24795
22; 1; 12; 30767
8; 1; 33; 30782
3; 1; 45; 31236
9; 1; 10; 34702
13; 1; 6; 35412
12; 1; 34; 39028
23; 1; 22; 39647
18; 1; 21; 42856
2; 1; 22; 49137
