**** 706 ****
114
507; 406; 1; 2; 12
517; 333; 1; 2; 17
390; 508; 2; 1; 28
376; 478; 1; 2; 30
530; 553; 2; 1; 30
432; 489; 2; 1; 49
496; 440; 1; 2; 61
504; 347; 1; 2; 72
518; 538; 2; 1; 76
366; 454; 1; 2; 76
327; 374; 2; 1; 86
493; 415; 2; 1; 108
379; 372; 1; 2; 132
471; 348; 2; 1; 136
394; 374; 1; 2; 145
392; 374; 2; 1; 148
500; 366; 2; 1; 150
548; 463; 2; 1; 150
370; 520; 2; 1; 175
447; 437; 2; 1; 179
391; 450; 1; 2; 189
451; 512; 2; 1; 193
338; 452; 1; 2; 195
337; 389; 1; 2; 196
339; 511; 1; 2; 198
466; 493; 2; 1; 201
447; 329; 2; 1; 202
484; 360; 2; 1; 204
337; 396; 2; 1; 205
339; 532; 1; 2; 207
492; 380; 2; 1; 211
546; 348; 2; 1; 226
538; 541; 2; 1; 230
479; 503; 2; 1; 238
346; 437; 2; 1; 244
476; 516; 1; 2; 249
463; 441; 1; 2; 250
413; 390; 1; 2; 253
451; 500; 2; 1; 259
494; 554; 1; 2; 264
342; 382; 1; 2; 278
550; 327; 1; 2; 292
533; 552; 1; 2; 313
364; 556; 2; 1; 330
488; 512; 2; 1; 332
499; 321; 2; 1; 335
526; 396; 2; 1; 343
492; 330; 2; 1; 353
549; 522; 2; 1; 363
455; 476; 1; 2; 365
550; 528; 1; 2; 369
545; 362; 1; 2; 383
428; 453; 1; 2; 387
473; 368; 2; 1; 397
458; 465; 1; 2; 406
477; 323; 2; 1; 409
448; 466; 1; 2; 419
516; 487; 1; 2; 419
502; 553; 1; 2; 427
549; 466; 2; 1; 429
324; 417; 2; 1; 433
539; 442; 2; 1; 434
467; 488; 2; 1; 434
335; 430; 1; 2; 436
495; 497; 1; 2; 462
476; 375; 1; 2; 467
437; 397; 2; 1; 486
343; 532; 1; 2; 492
366; 335; 2; 1; 506
416; 471; 1; 2; 511
554; 440; 1; 2; 514
396; 479; 2; 1; 526
478; 345; 1; 2; 534
341; 535; 1; 2; 542
420; 364; 1; 2; 549
559; 416; 2; 1; 565
534; 496; 2; 1; 567
558; 450; 2; 1; 574
435; 504; 1; 2; 579
429; 421; 2; 1; 580
339; 401; 1; 2; 586
329; 403; 2; 1; 588
528; 531; 1; 2; 596
330; 450; 1; 2; 601
425; 348; 2; 1; 610
408; 518; 1; 2; 614
544; 479; 2; 1; 618
485; 443; 2; 1; 625
377; 365; 1; 2; 635
425; 512; 2; 1; 641
381; 458; 2; 1; 650
323; 428; 1; 2; 655
559; 492; 1; 2; 662
433; 489; 2; 1; 667
425; 362; 1; 2; 668
530; 539; 2; 1; 671
382; 423; 1; 2; 671
337; 408; 1; 2; 678
352; 417; 1; 2; 680
446; 380; 2; 1; 684
516; 375; 1; 2; 703
551; 554; 2; 1; 710
497; 326; 1; 2; 714
332; 402; 2; 1; 716
344; 556; 2; 1; 726
487; 392; 1; 2; 730
514; 356; 2; 1; 736
433; 515; 1; 2; 751
329; 540; 2; 1; 760
476; 326; 2; 1; 761
480; 371; 2; 1; 773
490; 546; 2; 1; 789
521; 344; 2; 1; 794
532; 557; 1; 2; 799
25
1; 1; 3; 1530
21; 1; 41; 3993
11; 1; 37; 4321
10; 1; 36; 6562
8; 1; 24; 7901
2; 1; 36; 8692
0; 1; 29; 10663
3; 1; 39; 11041
20; 1; 27; 12156
4; 1; 5; 14979
5; 1; 15; 18226
22; 1; 22; 19058
24; 1; 38; 29455
14; 1; 25; 30523
23; 1; 14; 31213
19; 1; 1; 32623
9; 1; 3; 37085
16; 1; 11; 37227
13; 1; 31; 37414
12; 1; 11; 38974
15; 1; 1; 44746
6; 1; 34; 45150
7; 1; 47; 45610
18; 1; 33; 45962
17; 1; 31; 48114
