**** 707 ****
114
426; 400; 1; 2; 2
491; 493; 1; 2; 3
407; 515; 2; 1; 8
545; 541; 2; 1; 13
350; 527; 2; 1; 15
504; 422; 1; 2; 22
352; 461; 2; 1; 34
429; 541; 1; 2; 53
383; 337; 2; 1; 74
534; 359; 2; 1; 81
449; 488; 2; 1; 98
321; 322; 1; 2; 139
441; 376; 1; 2; 148
539; 469; 2; 1; 150
500; 378; 2; 1; 164
434; 411; 1; 2; 166
471; 429; 1; 2; 177
459; 351; 2; 1; 194
416; 547; 2; 1; 196
447; 348; 1; 2; 198
354; 506; 1; 2; 202
521; 360; 2; 1; 212
444; 416; 1; 2; 212
376; 555; 1; 2; 228
356; 474; 2; 1; 240
443; 345; 2; 1; 248
555; 448; 2; 1; 273
504; 395; 2; 1; 276
392; 482; 1; 2; 286
483; 369; 1; 2; 290
549; 334; 2; 1; 293
547; 473; 2; 1; 300
401; 458; 1; 2; 306
538; 496; 2; 1; 316
448; 338; 2; 1; 323
529; 461; 1; 2; 337
534; 369; 1; 2; 338
382; 503; 1; 2; 350
500; 514; 2; 1; 351
330; 543; 1; 2; 358
324; 506; 1; 2; 360
527; 545; 2; 1; 365
482; 339; 2; 1; 366
427; 331; 2; 1; 367
506; 421; 1; 2; 375
511; 477; 1; 2; 394
417; 556; 1; 2; 423
441; 425; 2; 1; 426
461; 377; 1; 2; 427
389; 380; 2; 1; 434
444; 456; 2; 1; 446
527; 341; 2; 1; 446
417; 540; 2; 1; 456
549; 496; 1; 2; 465
329; 406; 2; 1; 467
364; 508; 2; 1; 468
475; 534; 1; 2; 469
391; 360; 2; 1; 469
321; 441; 1; 2; 470
355; 328; 2; 1; 481
343; 532; 1; 2; 482
380; 538; 2; 1; 505
546; 429; 1; 2; 516
403; 560; 1; 2; 529
534; 341; 1; 2; 530
486; 426; 2; 1; 539
423; 533; 2; 1; 551
512; 462; 2; 1; 552
487; 393; 1; 2; 562
516; 371; 2; 1; 571
431; 472; 2; 1; 573
510; 528; 1; 2; 574
553; 348; 2; 1; 576
434; 470; 1; 2; 577
423; 499; 2; 1; 581
331; 412; 2; 1; 586
326; 490; 2; 1; 589
478; 345; 2; 1; 590
473; 428; 1; 2; 596
359; 545; 1; 2; 626
344; 399; 1; 2; 631
530; 391; 1; 2; 643
532; 560; 2; 1; 644
548; 381; 1; 2; 644
336; 347; 2; 1; 661
375; 552; 2; 1; 661
472; 382; 2; 1; 664
447; 347; 2; 1; 673
537; 340; 2; 1; 676
334; 347; 2; 1; 679
483; 505; 1; 2; 684
430; 429; 1; 2; 686
442; 472; 1; 2; 688
391; 553; 2; 1; 688
403; 386; 1; 2; 691
519; 511; 2; 1; 693
413; 485; 1; 2; 712
348; 379; 2; 1; 723
480; 471; 2; 1; 724
349; 520; 1; 2; 736
343; 525; 1; 2; 736
484; 427; 1; 2; 739
413; 542; 1; 2; 745
528; 411; 2; 1; 746
558; 533; 2; 1; 748
504; 514; 1; 2; 755
465; 507; 1; 2; 758
409; 383; 1; 2; 760
384; 439; 2; 1; 777
502; 415; 1; 2; 780
353; 390; 1; 2; 785
545; 556; 2; 1; 798
367; 477; 2; 1; 802
519; 358; 1; 2; 802
25
10; 1; 41; 3206
0; 1; 20; 5351
24; 1; 26; 7598
16; 1; 26; 7802
8; 1; 48; 9124
2; 1; 24; 10522
6; 1; 28; 10983
13; 1; 19; 11638
11; 1; 3; 12886
3; 1; 6; 13157
14; 1; 4; 13431
21; 1; 29; 17557
4; 1; 7; 20639
15; 1; 28; 20922
9; 1; 33; 24568
7; 1; 49; 25908
1; 1; 41; 26032
20; 1; 31; 26533
17; 1; 42; 28213
5; 1; 11; 31992
23; 1; 37; 40376
19; 1; 13; 40926
18; 1; 37; 41602
22; 1; 34; 41769
12; 1; 38; 47809
