**** 708 ****
114
409; 503; 1; 2; 7
499; 457; 1; 2; 12
512; 408; 1; 2; 30
353; 544; 1; 2; 33
462; 353; 1; 2; 54
329; 527; 1; 2; 60
382; 561; 1; 2; 61
422; 386; 1; 2; 64
457; 424; 2; 1; 71
363; 479; 2; 1; 86
398; 478; 1; 2; 91
372; 559; 1; 2; 92
348; 355; 2; 1; 107
505; 546; 2; 1; 110
538; 508; 1; 2; 110
407; 493; 2; 1; 114
376; 484; 1; 2; 114
471; 385; 1; 2; 122
548; 370; 1; 2; 127
389; 349; 2; 1; 127
548; 425; 2; 1; 128
344; 544; 2; 1; 130
502; 447; 2; 1; 137
404; 429; 2; 1; 145
451; 448; 2; 1; 183
557; 491; 2; 1; 190
441; 555; 2; 1; 195
532; 349; 1; 2; 217
349; 452; 1; 2; 222
538; 418; 1; 2; 226
453; 405; 1; 2; 236
355; 330; 1; 2; 246
510; 337; 2; 1; 246
492; 506; 1; 2; 258
333; 559; 1; 2; 270
358; 407; 2; 1; 294
361; 351; 2; 1; 303
429; 401; 1; 2; 305
359; 392; 1; 2; 305
474; 537; 1; 2; 312
327; 388; 2; 1; 319
482; 546; 2; 1; 321
400; 518; 2; 1; 323
387; 501; 2; 1; 335
461; 553; 2; 1; 339
388; 440; 2; 1; 352
494; 327; 1; 2; 357
397; 397; 1; 2; 372
526; 352; 1; 2; 375
546; 360; 1; 2; 386
473; 340; 2; 1; 389
418; 530; 1; 2; 391
368; 526; 1; 2; 393
475; 494; 1; 2; 402
397; 324; 1; 2; 406
327; 395; 1; 2; 415
485; 330; 2; 1; 427
531; 358; 2; 1; 428
489; 485; 2; 1; 431
393; 364; 1; 2; 453
347; 452; 2; 1; 454
514; 388; 2; 1; 456
530; 441; 2; 1; 459
457; 341; 2; 1; 469
535; 383; 1; 2; 481
381; 367; 1; 2; 483
393; 542; 2; 1; 485
463; 515; 1; 2; 486
382; 463; 2; 1; 494
517; 478; 1; 2; 500
442; 381; 2; 1; 507
399; 455; 1; 2; 519
364; 547; 2; 1; 532
327; 386; 1; 2; 539
356; 460; 1; 2; 540
322; 506; 1; 2; 546
324; 479; 1; 2; 548
464; 545; 2; 1; 550
451; 474; 1; 2; 553
419; 493; 1; 2; 553
388; 474; 1; 2; 559
429; 447; 1; 2; 560
403; 360; 2; 1; 561
336; 536; 1; 2; 596
410; 513; 2; 1; 596
390; 384; 2; 1; 612
404; 517; 2; 1; 618
335; 352; 2; 1; 623
538; 561; 2; 1; 625
441; 393; 2; 1; 634
425; 493; 2; 1; 647
343; 448; 1; 2; 649
389; 430; 2; 1; 655
336; 397; 2; 1; 659
425; 539; 1; 2; 660
342; 354; 1; 2; 668
526; 445; 2; 1; 668
347; 356; 2; 1; 680
464; 451; 1; 2; 683
431; 512; 1; 2; 704
388; 513; 1; 2; 718
344; 375; 2; 1; 744
325; 547; 2; 1; 744
529; 503; 2; 1; 751
517; 494; 1; 2; 763
397; 379; 1; 2; 771
452; 337; 1; 2; 778
467; 392; 2; 1; 782
336; 478; 1; 2; 782
534; 544; 1; 2; 787
481; 433; 2; 1; 788
450; 551; 2; 1; 795
348; 358; 2; 1; 799
421; 333; 2; 1; 802
25
5; 1; 25; 3326
6; 1; 4; 9140
7; 1; 27; 9296
20; 1; 46; 9591
21; 1; 47; 12581
15; 1; 5; 13827
11; 1; 45; 15671
0; 1; 17; 17796
2; 1; 41; 20693
24; 1; 27; 21700
8; 1; 4; 22877
9; 1; 5; 26811
14; 1; 2; 27759
18; 1; 22; 30965
19; 1; 11; 33520
22; 1; 9; 35876
3; 1; 24; 35898
1; 1; 6; 35932
17; 1; 45; 36515
16; 1; 9; 37979
10; 1; 40; 39597
12; 1; 29; 42735
13; 1; 33; 42793
23; 1; 17; 43730
4; 1; 47; 45588
