**** 709 ****
114
457; 510; 1; 2; 12
345; 432; 1; 2; 15
498; 370; 2; 1; 30
485; 545; 2; 1; 36
473; 359; 1; 2; 42
502; 368; 2; 1; 53
327; 399; 2; 1; 64
394; 507; 1; 2; 69
394; 362; 2; 1; 69
483; 553; 1; 2; 70
466; 518; 1; 2; 82
331; 534; 1; 2; 82
540; 401; 1; 2; 109
469; 344; 1; 2; 110
479; 363; 2; 1; 115
434; 440; 2; 1; 125
464; 350; 1; 2; 141
409; 416; 2; 1; 163
344; 332; 1; 2; 165
400; 422; 2; 1; 167
353; 463; 1; 2; 170
429; 517; 2; 1; 173
393; 457; 2; 1; 181
382; 354; 1; 2; 187
507; 383; 1; 2; 199
340; 552; 2; 1; 217
460; 419; 2; 1; 222
348; 474; 1; 2; 223
382; 501; 1; 2; 234
413; 476; 1; 2; 237
539; 544; 2; 1; 239
417; 442; 2; 1; 247
464; 480; 2; 1; 248
329; 550; 1; 2; 249
425; 457; 2; 1; 251
365; 554; 2; 1; 265
549; 395; 1; 2; 265
517; 472; 1; 2; 267
351; 554; 2; 1; 277
503; 479; 1; 2; 281
543; 467; 1; 2; 286
430; 513; 2; 1; 286
545; 392; 1; 2; 289
560; 353; 1; 2; 301
521; 484; 2; 1; 301
324; 356; 2; 1; 305
555; 387; 2; 1; 305
477; 456; 1; 2; 308
424; 322; 2; 1; 312
388; 526; 1; 2; 316
436; 474; 2; 1; 322
325; 434; 2; 1; 343
553; 426; 1; 2; 357
412; 467; 2; 1; 359
443; 397; 1; 2; 366
477; 325; 2; 1; 372
362; 404; 1; 2; 373
539; 363; 1; 2; 381
430; 499; 2; 1; 384
518; 345; 1; 2; 389
542; 321; 2; 1; 404
490; 527; 2; 1; 408
387; 476; 1; 2; 412
523; 481; 1; 2; 417
449; 536; 1; 2; 418
499; 350; 2; 1; 422
509; 410; 1; 2; 423
506; 342; 1; 2; 423
391; 371; 1; 2; 428
497; 361; 1; 2; 440
501; 395; 2; 1; 448
480; 470; 1; 2; 451
368; 464; 1; 2; 482
487; 450; 1; 2; 506
372; 389; 2; 1; 508
372; 549; 1; 2; 508
340; 494; 2; 1; 511
535; 365; 2; 1; 517
500; 526; 2; 1; 522
517; 534; 2; 1; 522
535; 516; 1; 2; 525
397; 509; 2; 1; 536
391; 449; 1; 2; 539
321; 335; 2; 1; 547
540; 519; 2; 1; 551
365; 472; 2; 1; 551
496; 473; 2; 1; 554
507; 367; 1; 2; 555
417; 331; 2; 1; 570
519; 519; 2; 1; 571
459; 433; 2; 1; 571
473; 438; 2; 1; 600
382; 500; 2; 1; 606
350; 450; 2; 1; 629
380; 402; 2; 1; 654
404; 362; 2; 1; 659
356; 450; 1; 2; 669
389; 421; 2; 1; 677
322; 501; 1; 2; 684
409; 473; 2; 1; 685
513; 397; 1; 2; 685
515; 359; 2; 1; 686
468; 486; 2; 1; 686
325; 481; 1; 2; 691
427; 446; 1; 2; 708
542; 475; 2; 1; 729
508; 370; 2; 1; 735
412; 526; 2; 1; 742
465; 417; 2; 1; 745
349; 359; 1; 2; 747
367; 462; 1; 2; 758
443; 367; 2; 1; 768
546; 401; 2; 1; 771
389; 349; 2; 1; 786
25
16; 1; 27; 831
0; 1; 17; 1138
6; 1; 35; 1727
20; 1; 41; 2162
12; 1; 16; 2859
5; 1; 19; 3605
23; 1; 12; 5286
18; 1; 40; 7780
1; 1; 8; 14013
14; 1; 29; 17178
10; 1; 33; 19208
2; 1; 27; 23159
9; 1; 45; 24267
3; 1; 21; 31275
4; 1; 37; 32332
15; 1; 4; 34990
13; 1; 1; 35412
17; 1; 47; 39516
22; 1; 14; 39796
7; 1; 8; 44291
19; 1; 43; 44324
8; 1; 22; 44814
11; 1; 1; 45064
21; 1; 38; 47602
24; 1; 43; 48059
