**** 71 ****
56
46; 77; 1; 2; 0
65; 38; 1; 2; 4
90; 32; 1; 2; 4
80; 60; 2; 1; 6
92; 92; 2; 1; 7
59; 59; 2; 1; 30
83; 38; 2; 1; 30
69; 58; 1; 2; 37
82; 78; 2; 1; 41
85; 77; 2; 1; 42
60; 56; 1; 2; 43
71; 38; 2; 1; 47
37; 39; 1; 2; 52
76; 48; 2; 1; 52
44; 63; 1; 2; 60
87; 37; 1; 2; 60
33; 70; 1; 2; 63
44; 64; 2; 1; 67
39; 46; 2; 1; 69
83; 59; 1; 2; 72
34; 33; 1; 2; 74
46; 67; 1; 2; 75
72; 48; 2; 1; 79
53; 49; 1; 2; 80
32; 39; 1; 2; 81
57; 57; 1; 2; 81
60; 91; 2; 1; 88
93; 44; 1; 2; 89
35; 61; 1; 2; 95
67; 41; 1; 2; 97
42; 63; 1; 2; 102
87; 78; 1; 2; 108
74; 50; 2; 1; 109
72; 48; 2; 1; 109
95; 94; 1; 2; 110
82; 42; 1; 2; 119
75; 87; 2; 1; 119
48; 96; 1; 2; 120
71; 80; 1; 2; 126
56; 89; 1; 2; 126
40; 55; 2; 1; 127
60; 47; 2; 1; 128
56; 36; 2; 1; 142
39; 71; 2; 1; 143
81; 31; 2; 1; 144
85; 39; 1; 2; 144
75; 43; 1; 2; 144
71; 40; 2; 1; 148
66; 58; 2; 1; 150
43; 83; 2; 1; 151
97; 65; 1; 2; 152
72; 44; 2; 1; 154
49; 88; 1; 2; 154
77; 61; 1; 2; 166
87; 84; 1; 2; 167
49; 87; 2; 1; 169
14
3; 1; 41; 412
4; 1; 38; 516
10; 1; 10; 563
6; 1; 7; 813
2; 1; 33; 1249
5; 1; 49; 1544
13; 1; 43; 1715
0; 1; 36; 2516
11; 1; 15; 2755
8; 1; 7; 2945
9; 1; 7; 2971
12; 1; 9; 3177
1; 1; 8; 3295
7; 1; 13; 3315
