**** 710 ****
114
345; 551; 1; 2; 4
322; 547; 2; 1; 13
346; 472; 1; 2; 19
443; 554; 1; 2; 26
410; 409; 1; 2; 27
416; 380; 1; 2; 28
450; 508; 2; 1; 33
426; 473; 2; 1; 37
336; 411; 2; 1; 40
528; 436; 2; 1; 43
347; 363; 2; 1; 43
480; 558; 2; 1; 46
542; 423; 1; 2; 47
513; 531; 2; 1; 51
547; 502; 1; 2; 55
509; 514; 1; 2; 59
469; 521; 1; 2; 60
349; 521; 1; 2; 61
470; 550; 2; 1; 77
389; 359; 1; 2; 77
531; 324; 2; 1; 86
414; 436; 1; 2; 86
325; 470; 2; 1; 87
443; 322; 2; 1; 93
407; 410; 2; 1; 93
371; 456; 2; 1; 108
478; 517; 2; 1; 108
492; 519; 1; 2; 116
546; 392; 2; 1; 119
357; 493; 1; 2; 124
369; 336; 1; 2; 138
483; 541; 1; 2; 143
398; 457; 1; 2; 144
337; 495; 1; 2; 176
375; 525; 2; 1; 177
395; 463; 2; 1; 181
467; 346; 1; 2; 182
538; 532; 2; 1; 182
515; 357; 1; 2; 186
447; 369; 2; 1; 192
514; 473; 1; 2; 205
530; 380; 1; 2; 209
424; 491; 1; 2; 213
545; 472; 1; 2; 224
527; 531; 1; 2; 228
462; 540; 2; 1; 244
501; 473; 2; 1; 246
413; 465; 1; 2; 246
348; 530; 2; 1; 247
546; 508; 1; 2; 253
377; 438; 2; 1; 260
479; 376; 1; 2; 272
353; 483; 2; 1; 293
385; 334; 1; 2; 300
521; 348; 2; 1; 301
519; 357; 2; 1; 315
350; 451; 2; 1; 316
440; 554; 2; 1; 318
491; 475; 2; 1; 321
555; 423; 1; 2; 321
385; 496; 2; 1; 321
341; 489; 1; 2; 330
411; 404; 2; 1; 330
512; 457; 1; 2; 333
476; 439; 1; 2; 334
531; 455; 1; 2; 338
383; 329; 2; 1; 342
406; 430; 1; 2; 346
498; 493; 1; 2; 348
455; 534; 1; 2; 355
535; 558; 2; 1; 372
381; 454; 2; 1; 374
458; 321; 2; 1; 384
443; 486; 2; 1; 386
479; 402; 2; 1; 387
395; 450; 1; 2; 388
353; 354; 1; 2; 394
355; 440; 2; 1; 394
401; 546; 1; 2; 412
473; 510; 2; 1; 420
378; 369; 1; 2; 424
384; 413; 1; 2; 433
541; 356; 1; 2; 433
374; 560; 2; 1; 434
325; 438; 2; 1; 435
495; 473; 2; 1; 436
559; 432; 2; 1; 439
547; 421; 2; 1; 450
326; 409; 2; 1; 464
393; 329; 1; 2; 472
378; 507; 1; 2; 506
448; 423; 1; 2; 510
331; 402; 1; 2; 532
421; 534; 1; 2; 535
543; 425; 1; 2; 537
351; 352; 2; 1; 545
461; 380; 1; 2; 552
504; 421; 2; 1; 559
460; 413; 2; 1; 560
554; 527; 1; 2; 575
472; 486; 1; 2; 627
374; 537; 2; 1; 636
427; 344; 1; 2; 638
528; 511; 1; 2; 657
352; 442; 2; 1; 672
367; 378; 2; 1; 683
486; 460; 1; 2; 687
385; 547; 2; 1; 697
525; 444; 2; 1; 697
413; 323; 1; 2; 699
350; 355; 1; 2; 734
490; 532; 2; 1; 780
539; 521; 1; 2; 780
558; 391; 2; 1; 787
25
16; 1; 30; 943
12; 1; 25; 6107
22; 1; 8; 12284
1; 1; 38; 12415
13; 1; 12; 12674
8; 1; 36; 16258
24; 1; 43; 16388
7; 1; 23; 18454
23; 1; 48; 19796
21; 1; 24; 22722
14; 1; 33; 23511
2; 1; 6; 24426
6; 1; 23; 27095
15; 1; 21; 28195
17; 1; 5; 28991
10; 1; 43; 32888
3; 1; 1; 33659
9; 1; 45; 40155
20; 1; 3; 44723
0; 1; 20; 45239
5; 1; 21; 45906
4; 1; 22; 46409
19; 1; 42; 46459
11; 1; 15; 46984
18; 1; 15; 47492
