**** 711 ****
114
344; 522; 1; 2; 2
477; 417; 2; 1; 11
353; 469; 2; 1; 12
493; 537; 1; 2; 20
390; 451; 2; 1; 24
460; 368; 2; 1; 34
524; 489; 2; 1; 41
337; 545; 2; 1; 59
336; 446; 1; 2; 67
541; 340; 2; 1; 70
403; 547; 1; 2; 73
460; 387; 1; 2; 78
376; 501; 2; 1; 80
502; 544; 1; 2; 81
508; 476; 1; 2; 91
477; 444; 1; 2; 96
348; 400; 2; 1; 114
466; 414; 2; 1; 121
534; 418; 2; 1; 132
328; 448; 1; 2; 152
387; 550; 1; 2; 157
356; 393; 1; 2; 164
343; 463; 1; 2; 176
540; 516; 2; 1; 181
413; 420; 2; 1; 182
393; 522; 1; 2; 182
445; 518; 2; 1; 191
464; 397; 1; 2; 192
487; 372; 2; 1; 194
519; 415; 1; 2; 196
516; 414; 2; 1; 199
481; 350; 2; 1; 199
500; 536; 2; 1; 202
340; 413; 2; 1; 217
435; 350; 1; 2; 225
379; 396; 1; 2; 226
358; 469; 1; 2; 232
345; 351; 2; 1; 233
358; 375; 2; 1; 246
525; 455; 2; 1; 247
491; 351; 2; 1; 253
478; 416; 1; 2; 256
515; 475; 2; 1; 259
425; 511; 1; 2; 260
395; 436; 1; 2; 262
418; 342; 1; 2; 265
463; 336; 1; 2; 289
557; 492; 1; 2; 294
426; 365; 1; 2; 295
354; 400; 1; 2; 305
424; 387; 1; 2; 308
556; 429; 1; 2; 317
356; 341; 1; 2; 319
532; 335; 1; 2; 328
394; 519; 2; 1; 328
413; 329; 2; 1; 344
545; 402; 2; 1; 358
488; 351; 2; 1; 360
339; 516; 1; 2; 383
350; 481; 2; 1; 393
541; 330; 2; 1; 396
331; 438; 1; 2; 435
481; 415; 2; 1; 439
364; 389; 2; 1; 440
365; 416; 2; 1; 446
420; 359; 2; 1; 469
498; 553; 1; 2; 474
528; 557; 2; 1; 485
519; 359; 2; 1; 491
361; 467; 2; 1; 505
372; 500; 2; 1; 510
510; 382; 1; 2; 511
462; 413; 1; 2; 553
529; 330; 2; 1; 562
339; 370; 1; 2; 574
555; 364; 2; 1; 591
434; 547; 1; 2; 602
371; 321; 2; 1; 612
442; 545; 1; 2; 614
401; 551; 1; 2; 614
489; 505; 1; 2; 615
348; 395; 1; 2; 624
365; 485; 1; 2; 628
414; 380; 2; 1; 630
376; 403; 1; 2; 632
382; 471; 2; 1; 635
551; 491; 2; 1; 637
359; 410; 1; 2; 637
371; 451; 2; 1; 637
458; 524; 2; 1; 649
522; 513; 1; 2; 650
520; 324; 2; 1; 658
326; 357; 2; 1; 692
346; 441; 2; 1; 698
328; 330; 1; 2; 700
335; 366; 2; 1; 715
369; 344; 2; 1; 715
417; 523; 2; 1; 716
382; 504; 1; 2; 720
386; 454; 1; 2; 721
364; 475; 1; 2; 727
381; 351; 2; 1; 731
332; 546; 1; 2; 735
460; 528; 2; 1; 738
538; 383; 2; 1; 743
535; 382; 1; 2; 746
489; 322; 1; 2; 746
540; 553; 1; 2; 747
524; 491; 2; 1; 763
422; 440; 1; 2; 777
339; 341; 2; 1; 797
394; 348; 2; 1; 805
521; 404; 1; 2; 806
534; 533; 1; 2; 808
25
10; 1; 37; 533
24; 1; 22; 697
22; 1; 34; 1472
17; 1; 48; 1617
6; 1; 4; 4715
12; 1; 19; 6168
19; 1; 4; 7156
3; 1; 10; 20371
9; 1; 35; 20850
8; 1; 41; 24845
23; 1; 37; 29100
2; 1; 9; 32501
4; 1; 38; 32624
0; 1; 30; 32817
7; 1; 10; 34787
18; 1; 10; 35173
5; 1; 15; 36764
16; 1; 35; 40986
14; 1; 16; 46091
20; 1; 44; 46146
15; 1; 3; 46227
1; 1; 28; 46673
11; 1; 29; 46878
13; 1; 11; 48552
21; 1; 46; 48607
