**** 712 ****
114
437; 499; 1; 2; 4
376; 495; 1; 2; 9
511; 412; 1; 2; 20
412; 454; 2; 1; 22
552; 561; 2; 1; 35
361; 532; 2; 1; 48
543; 495; 2; 1; 48
501; 515; 1; 2; 50
505; 387; 1; 2; 63
393; 425; 2; 1; 71
429; 401; 2; 1; 80
544; 462; 2; 1; 80
330; 491; 2; 1; 92
351; 462; 1; 2; 92
539; 420; 2; 1; 96
452; 541; 2; 1; 106
436; 386; 2; 1; 134
337; 369; 2; 1; 149
498; 333; 1; 2; 157
436; 419; 2; 1; 167
324; 469; 2; 1; 170
385; 393; 2; 1; 178
509; 421; 2; 1; 182
346; 460; 1; 2; 183
368; 413; 1; 2; 194
450; 373; 1; 2; 194
456; 387; 2; 1; 200
553; 540; 1; 2; 200
541; 386; 1; 2; 205
485; 521; 1; 2; 212
492; 516; 1; 2; 213
392; 467; 1; 2; 234
492; 505; 2; 1; 236
485; 442; 2; 1; 237
494; 402; 2; 1; 240
382; 385; 1; 2; 244
343; 461; 1; 2; 244
397; 338; 2; 1; 266
483; 546; 1; 2; 288
373; 550; 1; 2; 290
410; 439; 1; 2; 294
481; 432; 1; 2; 295
337; 359; 2; 1; 306
546; 428; 2; 1; 310
351; 491; 1; 2; 319
478; 391; 2; 1; 324
559; 448; 2; 1; 329
549; 347; 2; 1; 346
550; 489; 2; 1; 354
448; 473; 2; 1; 365
511; 554; 1; 2; 370
491; 553; 2; 1; 372
342; 444; 1; 2; 374
550; 374; 1; 2; 374
372; 542; 2; 1; 395
541; 434; 2; 1; 407
388; 545; 2; 1; 411
410; 428; 2; 1; 411
383; 499; 2; 1; 429
351; 498; 1; 2; 432
352; 372; 1; 2; 432
413; 439; 1; 2; 456
426; 505; 1; 2; 460
491; 545; 2; 1; 464
454; 384; 2; 1; 470
321; 366; 2; 1; 477
510; 362; 2; 1; 485
409; 502; 2; 1; 493
381; 356; 2; 1; 494
486; 478; 2; 1; 497
548; 481; 1; 2; 518
378; 554; 2; 1; 524
404; 485; 1; 2; 526
549; 493; 2; 1; 530
324; 349; 2; 1; 535
501; 406; 2; 1; 541
396; 344; 2; 1; 548
514; 508; 1; 2; 559
494; 546; 1; 2; 569
378; 483; 2; 1; 575
439; 495; 2; 1; 579
558; 331; 1; 2; 584
501; 393; 2; 1; 586
430; 342; 2; 1; 593
452; 470; 1; 2; 594
393; 456; 2; 1; 597
360; 354; 2; 1; 600
367; 346; 2; 1; 625
487; 524; 1; 2; 625
424; 400; 2; 1; 662
560; 380; 2; 1; 664
350; 549; 2; 1; 676
330; 424; 1; 2; 677
337; 538; 1; 2; 677
480; 507; 1; 2; 680
359; 505; 1; 2; 680
395; 431; 2; 1; 687
528; 436; 1; 2; 691
538; 551; 1; 2; 701
328; 348; 1; 2; 721
327; 398; 1; 2; 738
545; 332; 1; 2; 739
551; 559; 1; 2; 742
478; 490; 1; 2; 747
351; 512; 1; 2; 751
546; 384; 1; 2; 753
491; 420; 2; 1; 760
395; 453; 2; 1; 772
489; 422; 2; 1; 777
522; 340; 1; 2; 785
477; 460; 2; 1; 798
455; 392; 1; 2; 802
511; 454; 2; 1; 804
357; 426; 1; 2; 804
25
8; 1; 39; 1957
3; 1; 11; 3219
21; 1; 20; 4597
23; 1; 45; 4672
4; 1; 4; 4762
9; 1; 42; 7295
13; 1; 6; 9024
7; 1; 1; 9693
5; 1; 45; 9775
15; 1; 27; 10291
0; 1; 24; 15743
10; 1; 30; 16075
14; 1; 30; 17181
18; 1; 43; 22888
2; 1; 22; 23814
12; 1; 31; 26182
22; 1; 49; 26452
17; 1; 10; 26876
19; 1; 15; 28099
11; 1; 5; 31677
20; 1; 5; 32523
24; 1; 30; 38557
6; 1; 39; 41419
1; 1; 21; 43072
16; 1; 4; 50451
