**** 713 ****
114
484; 336; 2; 1; 10
446; 519; 2; 1; 29
455; 352; 1; 2; 33
482; 542; 1; 2; 42
366; 401; 2; 1; 42
556; 386; 1; 2; 43
442; 404; 2; 1; 43
534; 381; 2; 1; 53
480; 342; 1; 2; 63
541; 532; 2; 1; 76
489; 437; 1; 2; 95
453; 521; 2; 1; 101
512; 524; 1; 2; 103
524; 539; 2; 1; 103
441; 509; 2; 1; 110
367; 503; 2; 1; 117
325; 364; 2; 1; 122
364; 378; 2; 1; 126
372; 559; 2; 1; 134
554; 457; 1; 2; 135
430; 534; 2; 1; 135
370; 379; 1; 2; 136
350; 467; 2; 1; 136
358; 423; 2; 1; 137
475; 439; 2; 1; 146
420; 537; 2; 1; 149
356; 463; 2; 1; 150
530; 422; 1; 2; 151
472; 494; 1; 2; 157
380; 336; 1; 2; 159
521; 432; 2; 1; 160
382; 492; 1; 2; 164
543; 532; 1; 2; 167
379; 523; 2; 1; 170
511; 511; 1; 2; 171
410; 449; 1; 2; 186
361; 525; 1; 2; 187
436; 546; 2; 1; 189
437; 437; 1; 2; 201
464; 361; 1; 2; 212
449; 350; 1; 2; 213
322; 334; 2; 1; 217
501; 460; 2; 1; 221
341; 539; 1; 2; 232
365; 493; 2; 1; 250
384; 321; 2; 1; 265
512; 435; 2; 1; 271
469; 357; 2; 1; 275
414; 519; 1; 2; 275
449; 528; 1; 2; 291
471; 484; 1; 2; 295
443; 371; 2; 1; 302
396; 374; 1; 2; 307
475; 503; 2; 1; 327
495; 364; 2; 1; 334
549; 548; 2; 1; 339
539; 541; 1; 2; 344
328; 345; 2; 1; 351
532; 544; 2; 1; 360
419; 557; 1; 2; 363
461; 456; 1; 2; 364
337; 339; 1; 2; 373
422; 538; 2; 1; 376
432; 523; 1; 2; 390
432; 434; 1; 2; 406
491; 421; 1; 2; 414
472; 346; 1; 2; 415
433; 531; 2; 1; 416
393; 381; 2; 1; 418
421; 364; 1; 2; 424
479; 544; 2; 1; 429
497; 527; 2; 1; 444
515; 426; 1; 2; 450
482; 402; 1; 2; 482
401; 525; 2; 1; 482
560; 434; 2; 1; 491
425; 511; 2; 1; 496
507; 413; 2; 1; 508
532; 524; 2; 1; 513
406; 343; 1; 2; 527
471; 479; 2; 1; 533
375; 523; 1; 2; 537
353; 451; 1; 2; 541
553; 458; 2; 1; 543
531; 328; 2; 1; 544
414; 535; 1; 2; 561
382; 546; 1; 2; 565
329; 409; 2; 1; 587
470; 371; 2; 1; 602
534; 553; 1; 2; 620
352; 421; 1; 2; 629
545; 483; 2; 1; 632
376; 377; 1; 2; 669
534; 418; 1; 2; 684
461; 462; 1; 2; 691
398; 360; 2; 1; 697
528; 373; 2; 1; 700
352; 460; 2; 1; 701
479; 496; 2; 1; 706
347; 394; 2; 1; 708
408; 321; 2; 1; 715
370; 436; 2; 1; 719
535; 373; 2; 1; 724
458; 327; 1; 2; 725
345; 519; 1; 2; 730
534; 499; 2; 1; 737
478; 534; 2; 1; 741
411; 336; 1; 2; 745
516; 542; 2; 1; 753
335; 461; 1; 2; 774
464; 432; 2; 1; 778
439; 505; 1; 2; 792
550; 366; 1; 2; 800
367; 383; 2; 1; 801
25
23; 1; 5; 216
20; 1; 3; 414
15; 1; 5; 2171
16; 1; 6; 6882
2; 1; 28; 8157
13; 1; 21; 8251
19; 1; 36; 8339
22; 1; 27; 10463
10; 1; 31; 13589
7; 1; 14; 15019
11; 1; 7; 17657
21; 1; 39; 22070
0; 1; 34; 23155
18; 1; 11; 26156
9; 1; 6; 27040
17; 1; 37; 27242
3; 1; 44; 27852
14; 1; 2; 33682
4; 1; 26; 36096
5; 1; 5; 44731
8; 1; 13; 45331
6; 1; 28; 45620
24; 1; 31; 46187
1; 1; 25; 46768
12; 1; 25; 49137
