**** 714 ****
114
553; 333; 2; 1; 2
385; 332; 1; 2; 11
340; 450; 2; 1; 12
391; 492; 2; 1; 17
543; 375; 2; 1; 23
469; 391; 1; 2; 31
338; 346; 2; 1; 39
389; 557; 2; 1; 44
380; 551; 2; 1; 44
546; 517; 1; 2; 49
526; 464; 2; 1; 55
380; 356; 2; 1; 58
414; 511; 2; 1; 60
451; 561; 2; 1; 64
468; 542; 2; 1; 65
332; 545; 2; 1; 67
388; 464; 1; 2; 77
425; 392; 2; 1; 83
342; 433; 1; 2; 85
426; 380; 1; 2; 104
501; 459; 2; 1; 104
482; 520; 2; 1; 112
406; 488; 1; 2; 114
453; 400; 1; 2; 130
510; 347; 2; 1; 142
365; 523; 2; 1; 162
522; 527; 1; 2; 172
530; 513; 2; 1; 200
387; 343; 2; 1; 204
353; 488; 1; 2; 211
453; 512; 1; 2; 215
367; 459; 1; 2; 250
514; 526; 2; 1; 253
325; 370; 1; 2; 253
326; 499; 1; 2; 256
389; 364; 1; 2; 260
418; 500; 2; 1; 262
449; 456; 1; 2; 265
465; 552; 2; 1; 268
451; 547; 1; 2; 271
479; 327; 1; 2; 289
552; 489; 2; 1; 303
343; 374; 2; 1; 317
417; 361; 2; 1; 322
407; 386; 2; 1; 331
542; 444; 1; 2; 346
413; 439; 1; 2; 352
500; 409; 2; 1; 358
373; 508; 1; 2; 361
353; 507; 1; 2; 369
378; 391; 1; 2; 377
525; 450; 1; 2; 392
367; 475; 1; 2; 393
364; 329; 2; 1; 393
345; 489; 2; 1; 406
323; 527; 2; 1; 410
542; 552; 1; 2; 422
501; 478; 1; 2; 423
439; 408; 2; 1; 427
490; 331; 1; 2; 429
480; 454; 2; 1; 441
332; 465; 1; 2; 443
327; 358; 2; 1; 443
517; 521; 2; 1; 451
545; 507; 1; 2; 462
553; 398; 2; 1; 463
483; 398; 1; 2; 477
429; 483; 2; 1; 486
393; 387; 2; 1; 486
514; 502; 1; 2; 486
476; 333; 1; 2; 493
548; 517; 2; 1; 497
328; 509; 2; 1; 497
366; 329; 1; 2; 523
340; 376; 1; 2; 523
438; 435; 1; 2; 525
478; 376; 1; 2; 534
387; 551; 1; 2; 536
536; 554; 1; 2; 538
473; 412; 1; 2; 548
524; 344; 2; 1; 549
376; 464; 1; 2; 551
512; 485; 2; 1; 555
392; 425; 1; 2; 571
520; 545; 2; 1; 575
501; 379; 2; 1; 575
404; 502; 2; 1; 576
559; 380; 2; 1; 594
443; 426; 1; 2; 594
456; 491; 2; 1; 595
480; 506; 1; 2; 596
558; 390; 2; 1; 597
555; 422; 1; 2; 601
324; 333; 2; 1; 604
539; 546; 2; 1; 605
375; 330; 2; 1; 615
473; 324; 2; 1; 618
418; 465; 2; 1; 620
468; 406; 2; 1; 625
511; 488; 2; 1; 645
352; 390; 2; 1; 658
461; 453; 1; 2; 683
524; 390; 1; 2; 703
545; 477; 1; 2; 707
443; 396; 1; 2; 713
417; 541; 2; 1; 735
515; 356; 2; 1; 747
518; 389; 2; 1; 753
452; 531; 2; 1; 757
328; 497; 2; 1; 780
435; 336; 1; 2; 782
454; 518; 1; 2; 785
548; 502; 2; 1; 806
488; 493; 2; 1; 807
25
19; 1; 10; 1238
20; 1; 28; 8355
0; 1; 19; 9998
3; 1; 1; 12631
21; 1; 24; 14010
5; 1; 19; 17155
4; 1; 7; 20917
7; 1; 37; 21158
10; 1; 23; 21507
14; 1; 44; 21849
17; 1; 9; 25027
11; 1; 37; 28021
23; 1; 47; 30765
2; 1; 13; 31321
15; 1; 5; 31403
12; 1; 37; 31457
24; 1; 36; 33449
6; 1; 41; 33656
13; 1; 14; 37409
18; 1; 11; 41391
22; 1; 15; 45841
9; 1; 30; 46704
16; 1; 31; 47025
8; 1; 8; 48164
1; 1; 3; 49379
