**** 715 ****
115
466; 340; 2; 1; 6
358; 552; 2; 1; 16
476; 489; 2; 1; 16
568; 395; 2; 1; 17
535; 391; 1; 2; 19
425; 423; 1; 2; 34
542; 523; 1; 2; 36
418; 329; 2; 1; 49
369; 510; 2; 1; 49
423; 428; 2; 1; 65
376; 327; 2; 1; 81
468; 338; 2; 1; 86
439; 334; 2; 1; 94
435; 356; 2; 1; 102
388; 534; 1; 2; 103
532; 372; 1; 2; 105
564; 451; 2; 1; 105
342; 330; 1; 2; 108
533; 485; 2; 1; 109
429; 536; 1; 2; 130
455; 566; 2; 1; 150
431; 367; 2; 1; 164
522; 340; 1; 2; 165
385; 333; 1; 2; 182
509; 506; 1; 2; 194
338; 424; 1; 2; 205
387; 530; 1; 2; 206
545; 332; 2; 1; 214
541; 398; 2; 1; 232
404; 336; 2; 1; 236
556; 532; 2; 1; 244
399; 459; 1; 2; 253
456; 545; 2; 1; 267
552; 330; 2; 1; 297
476; 419; 1; 2; 300
507; 497; 2; 1; 303
372; 545; 1; 2; 306
530; 397; 1; 2; 306
392; 421; 1; 2; 327
520; 420; 2; 1; 327
531; 355; 1; 2; 333
458; 553; 1; 2; 353
376; 451; 1; 2; 355
348; 353; 1; 2; 358
396; 556; 1; 2; 368
392; 409; 1; 2; 373
565; 351; 1; 2; 380
408; 466; 2; 1; 385
550; 538; 2; 1; 394
503; 415; 2; 1; 395
343; 375; 2; 1; 396
345; 496; 1; 2; 403
372; 333; 2; 1; 419
491; 471; 1; 2; 421
359; 560; 2; 1; 428
532; 566; 2; 1; 433
372; 502; 1; 2; 439
564; 438; 2; 1; 452
344; 364; 1; 2; 459
419; 357; 1; 2; 461
449; 375; 1; 2; 474
546; 397; 2; 1; 485
357; 341; 1; 2; 500
342; 533; 2; 1; 504
340; 351; 2; 1; 507
442; 514; 1; 2; 508
518; 459; 1; 2; 509
449; 358; 1; 2; 521
339; 541; 1; 2; 523
512; 530; 2; 1; 532
369; 379; 1; 2; 538
528; 362; 1; 2; 542
479; 403; 2; 1; 553
538; 461; 2; 1; 554
415; 403; 2; 1; 563
468; 543; 1; 2; 564
379; 501; 2; 1; 569
523; 536; 2; 1; 571
425; 392; 1; 2; 572
466; 364; 2; 1; 577
421; 429; 1; 2; 579
533; 547; 1; 2; 581
510; 396; 1; 2; 595
326; 412; 2; 1; 602
384; 372; 1; 2; 608
370; 561; 1; 2; 613
406; 464; 2; 1; 620
561; 563; 1; 2; 625
400; 489; 2; 1; 626
562; 389; 2; 1; 627
563; 333; 2; 1; 637
536; 365; 2; 1; 642
331; 329; 2; 1; 645
403; 546; 1; 2; 649
434; 423; 2; 1; 658
452; 397; 2; 1; 670
411; 380; 1; 2; 671
372; 343; 2; 1; 704
404; 396; 1; 2; 720
557; 498; 1; 2; 730
376; 343; 1; 2; 735
500; 564; 2; 1; 746
330; 546; 1; 2; 750
401; 522; 2; 1; 752
528; 410; 1; 2; 766
371; 512; 1; 2; 766
437; 491; 2; 1; 768
461; 520; 1; 2; 772
481; 492; 1; 2; 774
497; 438; 1; 2; 775
522; 561; 1; 2; 781
547; 498; 1; 2; 787
505; 339; 1; 2; 792
404; 527; 2; 1; 799
439; 549; 2; 1; 803
25
3; 1; 5; 1258
23; 1; 43; 2343
22; 1; 34; 2507
12; 1; 2; 3312
2; 1; 16; 6018
19; 1; 1; 6943
7; 1; 2; 8668
17; 1; 5; 8710
4; 1; 8; 10082
10; 1; 11; 13595
6; 1; 1; 21102
5; 1; 3; 25371
20; 1; 16; 26416
1; 1; 16; 30538
11; 1; 15; 34958
14; 1; 14; 35167
16; 1; 13; 38276
18; 1; 19; 38705
21; 1; 27; 42337
9; 1; 26; 47316
8; 1; 40; 49682
13; 1; 36; 50221
15; 1; 10; 50375
24; 1; 35; 50741
0; 1; 43; 50824
