**** 716 ****
115
461; 348; 2; 1; 0
342; 435; 2; 1; 1
541; 362; 2; 1; 4
497; 328; 2; 1; 9
388; 541; 1; 2; 23
393; 463; 1; 2; 33
566; 492; 1; 2; 34
562; 440; 1; 2; 35
514; 335; 2; 1; 40
564; 331; 1; 2; 49
425; 469; 1; 2; 59
535; 479; 2; 1; 68
446; 499; 2; 1; 72
414; 343; 2; 1; 84
392; 342; 2; 1; 97
498; 453; 1; 2; 109
380; 329; 1; 2; 111
566; 555; 2; 1; 113
415; 410; 1; 2; 118
408; 368; 2; 1; 132
527; 371; 2; 1; 149
404; 332; 1; 2; 160
381; 479; 2; 1; 176
440; 334; 2; 1; 177
538; 338; 2; 1; 180
540; 373; 2; 1; 188
565; 410; 2; 1; 189
568; 446; 2; 1; 197
482; 441; 1; 2; 237
557; 341; 1; 2; 252
468; 512; 2; 1; 262
391; 537; 1; 2; 271
391; 515; 2; 1; 278
413; 335; 2; 1; 279
365; 515; 2; 1; 287
493; 327; 1; 2; 295
438; 477; 1; 2; 297
440; 549; 2; 1; 299
561; 509; 1; 2; 303
469; 448; 2; 1; 309
446; 538; 2; 1; 312
431; 414; 1; 2; 314
474; 483; 2; 1; 315
527; 470; 2; 1; 320
527; 497; 2; 1; 320
520; 495; 1; 2; 335
423; 477; 1; 2; 335
483; 377; 2; 1; 336
521; 468; 2; 1; 339
432; 502; 1; 2; 348
507; 368; 1; 2; 365
389; 347; 2; 1; 366
462; 339; 1; 2; 371
438; 542; 1; 2; 387
507; 421; 1; 2; 390
382; 462; 2; 1; 407
446; 561; 1; 2; 409
359; 504; 1; 2; 412
461; 334; 1; 2; 418
364; 367; 1; 2; 425
419; 478; 1; 2; 426
545; 422; 2; 1; 438
511; 465; 2; 1; 446
376; 557; 2; 1; 450
331; 375; 1; 2; 455
502; 544; 1; 2; 472
515; 438; 2; 1; 472
455; 404; 1; 2; 484
556; 481; 1; 2; 502
479; 537; 1; 2; 510
448; 529; 1; 2; 521
551; 400; 2; 1; 522
463; 387; 2; 1; 522
348; 426; 2; 1; 543
335; 399; 2; 1; 563
523; 526; 2; 1; 569
333; 550; 1; 2; 573
509; 557; 1; 2; 577
546; 417; 1; 2; 581
334; 349; 2; 1; 587
396; 434; 2; 1; 589
500; 388; 2; 1; 590
332; 436; 2; 1; 594
340; 328; 1; 2; 606
440; 436; 1; 2; 607
349; 377; 2; 1; 624
360; 404; 2; 1; 627
466; 460; 1; 2; 637
471; 357; 2; 1; 642
561; 541; 2; 1; 650
411; 482; 1; 2; 657
485; 551; 2; 1; 658
355; 522; 1; 2; 660
327; 350; 2; 1; 661
551; 500; 1; 2; 665
544; 477; 2; 1; 667
497; 407; 1; 2; 673
568; 410; 1; 2; 674
531; 543; 2; 1; 681
437; 515; 2; 1; 704
488; 549; 2; 1; 707
493; 553; 2; 1; 710
453; 433; 2; 1; 718
375; 350; 1; 2; 722
567; 462; 1; 2; 722
388; 344; 2; 1; 727
354; 494; 2; 1; 729
550; 478; 2; 1; 766
559; 391; 2; 1; 772
568; 387; 2; 1; 786
543; 376; 2; 1; 791
538; 354; 2; 1; 803
555; 421; 1; 2; 804
417; 382; 2; 1; 808
415; 354; 1; 2; 812
25
21; 1; 14; 198
6; 1; 26; 4309
20; 1; 27; 5209
16; 1; 46; 5256
10; 1; 26; 6343
15; 1; 30; 8059
13; 1; 8; 10667
9; 1; 11; 12441
4; 1; 42; 13459
24; 1; 5; 15790
14; 1; 40; 17404
5; 1; 30; 20007
11; 1; 41; 20835
3; 1; 21; 22946
23; 1; 7; 23192
8; 1; 30; 28252
1; 1; 33; 32021
2; 1; 8; 33364
0; 1; 49; 35519
18; 1; 4; 37801
19; 1; 39; 40793
17; 1; 8; 41636
22; 1; 23; 44089
7; 1; 20; 48342
12; 1; 2; 49879
