**** 717 ****
115
539; 465; 2; 1; 0
506; 412; 1; 2; 0
514; 445; 1; 2; 0
346; 336; 1; 2; 5
549; 469; 1; 2; 9
505; 333; 1; 2; 10
434; 410; 2; 1; 17
553; 368; 2; 1; 27
564; 450; 1; 2; 29
461; 393; 2; 1; 30
518; 472; 1; 2; 32
434; 366; 2; 1; 45
487; 424; 1; 2; 58
519; 372; 1; 2; 66
408; 347; 1; 2; 70
493; 383; 2; 1; 77
561; 408; 2; 1; 86
477; 530; 1; 2; 102
566; 434; 2; 1; 114
527; 517; 1; 2; 122
358; 435; 1; 2; 134
434; 516; 2; 1; 142
564; 444; 1; 2; 150
522; 560; 1; 2; 154
468; 365; 1; 2; 155
355; 448; 1; 2; 174
355; 381; 1; 2; 186
373; 331; 1; 2; 209
385; 476; 2; 1; 216
407; 368; 2; 1; 219
471; 395; 2; 1; 220
326; 533; 2; 1; 220
393; 383; 2; 1; 221
337; 533; 1; 2; 233
469; 462; 1; 2; 246
405; 396; 1; 2; 247
411; 326; 2; 1; 255
515; 461; 1; 2; 266
451; 367; 1; 2; 278
339; 550; 1; 2; 296
330; 417; 2; 1; 305
491; 423; 2; 1; 306
449; 546; 1; 2; 308
335; 385; 2; 1; 308
403; 486; 2; 1; 309
503; 341; 1; 2; 318
506; 479; 1; 2; 325
501; 429; 2; 1; 328
472; 544; 1; 2; 338
373; 526; 2; 1; 345
480; 418; 1; 2; 346
472; 511; 2; 1; 352
373; 353; 2; 1; 363
440; 374; 1; 2; 363
465; 509; 1; 2; 367
498; 543; 2; 1; 370
371; 456; 1; 2; 381
359; 515; 1; 2; 393
353; 519; 2; 1; 403
456; 446; 2; 1; 403
556; 400; 2; 1; 408
409; 518; 1; 2; 416
331; 412; 1; 2; 418
339; 433; 2; 1; 428
483; 340; 2; 1; 429
566; 362; 1; 2; 430
424; 359; 2; 1; 449
379; 432; 1; 2; 489
346; 360; 2; 1; 493
556; 469; 1; 2; 494
328; 432; 2; 1; 496
484; 569; 1; 2; 505
331; 487; 2; 1; 507
390; 493; 1; 2; 507
516; 542; 2; 1; 509
412; 370; 2; 1; 513
380; 554; 2; 1; 549
391; 498; 2; 1; 553
504; 426; 2; 1; 554
339; 557; 2; 1; 555
328; 385; 2; 1; 558
455; 404; 1; 2; 558
415; 350; 2; 1; 594
447; 499; 2; 1; 599
530; 379; 1; 2; 603
362; 454; 2; 1; 608
508; 398; 2; 1; 610
430; 355; 1; 2; 611
370; 415; 1; 2; 620
433; 452; 2; 1; 620
419; 492; 1; 2; 626
485; 337; 2; 1; 630
358; 511; 1; 2; 652
463; 454; 1; 2; 658
380; 352; 1; 2; 665
326; 452; 2; 1; 689
556; 409; 1; 2; 693
419; 362; 2; 1; 695
381; 336; 2; 1; 695
425; 362; 1; 2; 711
437; 378; 1; 2; 716
361; 443; 1; 2; 726
407; 365; 1; 2; 729
538; 363; 2; 1; 755
403; 483; 2; 1; 759
329; 523; 2; 1; 762
331; 504; 1; 2; 763
481; 333; 1; 2; 774
485; 516; 2; 1; 784
431; 459; 1; 2; 785
405; 356; 1; 2; 788
493; 383; 2; 1; 800
478; 499; 2; 1; 811
541; 416; 1; 2; 814
458; 548; 1; 2; 814
25
13; 1; 22; 4333
9; 1; 37; 4381
6; 1; 34; 8992
15; 1; 14; 9877
21; 1; 48; 10831
20; 1; 32; 12589
22; 1; 21; 13017
2; 1; 9; 14102
18; 1; 24; 14618
4; 1; 25; 22620
3; 1; 36; 25039
7; 1; 3; 25315
10; 1; 3; 27452
1; 1; 24; 32681
16; 1; 47; 32763
17; 1; 7; 35955
11; 1; 11; 38347
14; 1; 20; 39245
0; 1; 4; 40729
23; 1; 29; 41556
12; 1; 20; 45742
24; 1; 3; 46505
19; 1; 39; 46638
5; 1; 49; 47801
8; 1; 39; 48147
