**** 718 ****
115
509; 422; 1; 2; 4
442; 425; 2; 1; 13
479; 392; 1; 2; 29
469; 433; 2; 1; 31
405; 541; 2; 1; 36
476; 394; 1; 2; 67
417; 438; 2; 1; 82
475; 535; 1; 2; 97
399; 406; 2; 1; 99
347; 491; 1; 2; 107
487; 333; 1; 2; 115
567; 545; 2; 1; 120
399; 453; 1; 2; 133
369; 392; 2; 1; 133
435; 511; 2; 1; 139
555; 521; 1; 2; 142
541; 513; 1; 2; 149
491; 520; 2; 1; 163
529; 550; 2; 1; 165
439; 564; 1; 2; 166
438; 462; 2; 1; 166
493; 364; 2; 1; 173
498; 568; 2; 1; 173
346; 560; 1; 2; 174
385; 548; 2; 1; 183
417; 515; 2; 1; 184
445; 407; 2; 1; 186
474; 547; 2; 1; 197
408; 397; 1; 2; 201
342; 465; 2; 1; 211
460; 344; 1; 2; 215
495; 425; 2; 1; 248
351; 408; 1; 2; 249
459; 453; 2; 1; 272
536; 454; 1; 2; 272
522; 506; 2; 1; 274
338; 337; 1; 2; 291
363; 329; 1; 2; 299
396; 472; 1; 2; 330
540; 438; 1; 2; 333
474; 329; 1; 2; 347
512; 520; 1; 2; 349
526; 479; 1; 2; 350
451; 363; 1; 2; 352
374; 426; 2; 1; 357
513; 466; 2; 1; 357
476; 380; 2; 1; 360
354; 542; 1; 2; 366
567; 561; 1; 2; 381
388; 542; 1; 2; 386
468; 560; 2; 1; 387
428; 431; 2; 1; 395
361; 347; 2; 1; 396
343; 559; 1; 2; 398
357; 520; 2; 1; 402
459; 421; 1; 2; 403
354; 391; 2; 1; 412
494; 410; 1; 2; 413
467; 565; 2; 1; 419
430; 474; 1; 2; 449
406; 426; 1; 2; 458
500; 426; 1; 2; 463
543; 501; 2; 1; 470
455; 414; 1; 2; 475
514; 362; 1; 2; 476
345; 381; 2; 1; 476
332; 526; 2; 1; 478
565; 391; 2; 1; 486
485; 497; 1; 2; 489
467; 373; 2; 1; 502
497; 471; 1; 2; 504
451; 344; 2; 1; 508
553; 406; 1; 2; 511
454; 346; 2; 1; 512
421; 431; 1; 2; 513
483; 440; 1; 2; 534
566; 455; 1; 2; 538
534; 474; 1; 2; 546
370; 544; 2; 1; 547
390; 472; 2; 1; 579
471; 447; 2; 1; 589
328; 563; 1; 2; 589
343; 549; 1; 2; 596
389; 351; 2; 1; 607
444; 481; 2; 1; 607
558; 364; 1; 2; 615
469; 522; 1; 2; 615
561; 432; 2; 1; 622
346; 368; 1; 2; 625
406; 350; 1; 2; 626
526; 454; 2; 1; 633
358; 395; 1; 2; 633
437; 444; 1; 2; 640
477; 463; 1; 2; 649
371; 527; 2; 1; 659
404; 408; 2; 1; 666
363; 418; 1; 2; 678
441; 562; 2; 1; 678
349; 551; 1; 2; 688
476; 423; 1; 2; 691
421; 382; 1; 2; 707
398; 487; 2; 1; 708
560; 528; 1; 2; 710
404; 336; 1; 2; 732
370; 348; 2; 1; 737
386; 548; 1; 2; 738
483; 509; 2; 1; 739
557; 357; 1; 2; 739
481; 440; 2; 1; 743
371; 412; 1; 2; 745
454; 514; 2; 1; 759
561; 440; 2; 1; 772
531; 363; 2; 1; 785
444; 477; 1; 2; 788
389; 392; 2; 1; 802
25
18; 1; 3; 3174
2; 1; 7; 5506
21; 1; 45; 6963
6; 1; 4; 10568
8; 1; 7; 11639
5; 1; 20; 15292
7; 1; 15; 19261
15; 1; 30; 19979
4; 1; 27; 28530
23; 1; 36; 29779
1; 1; 25; 30016
9; 1; 1; 30084
22; 1; 24; 30189
0; 1; 11; 32667
11; 1; 23; 33296
19; 1; 13; 34069
16; 1; 25; 34220
17; 1; 5; 34829
13; 1; 44; 35638
3; 1; 10; 37306
10; 1; 49; 40177
24; 1; 32; 42798
14; 1; 1; 43518
20; 1; 19; 44062
12; 1; 41; 45411
