**** 719 ****
115
382; 506; 2; 1; 5
566; 428; 1; 2; 9
451; 332; 2; 1; 18
428; 403; 2; 1; 23
528; 439; 1; 2; 30
391; 435; 1; 2; 32
378; 448; 1; 2; 33
409; 454; 2; 1; 36
501; 396; 1; 2; 46
542; 382; 1; 2; 46
342; 526; 1; 2; 73
400; 489; 1; 2; 74
375; 526; 1; 2; 86
546; 364; 1; 2; 87
564; 378; 2; 1; 101
449; 363; 2; 1; 104
535; 370; 2; 1; 123
451; 526; 2; 1; 125
328; 424; 1; 2; 134
413; 549; 1; 2; 142
455; 389; 1; 2; 161
436; 561; 2; 1; 163
453; 414; 1; 2; 172
434; 502; 1; 2; 176
511; 446; 1; 2; 177
433; 386; 1; 2; 177
533; 461; 1; 2; 187
568; 511; 2; 1; 206
541; 549; 2; 1; 207
489; 436; 1; 2; 217
413; 336; 2; 1; 226
540; 386; 1; 2; 230
399; 329; 2; 1; 241
545; 360; 1; 2; 245
363; 412; 1; 2; 259
352; 343; 1; 2; 263
413; 456; 2; 1; 272
493; 329; 1; 2; 296
432; 513; 1; 2; 310
566; 489; 1; 2; 312
497; 465; 2; 1; 313
453; 450; 2; 1; 327
374; 446; 1; 2; 335
522; 384; 1; 2; 371
464; 371; 2; 1; 372
522; 329; 1; 2; 373
490; 513; 2; 1; 389
443; 346; 1; 2; 396
461; 497; 1; 2; 396
476; 540; 1; 2; 404
494; 559; 2; 1; 416
480; 479; 2; 1; 418
527; 341; 1; 2; 421
508; 436; 1; 2; 421
441; 351; 2; 1; 422
448; 521; 2; 1; 446
332; 399; 2; 1; 459
477; 453; 1; 2; 461
420; 491; 1; 2; 464
556; 391; 2; 1; 481
366; 392; 1; 2; 485
374; 478; 1; 2; 487
509; 396; 1; 2; 495
460; 369; 2; 1; 498
505; 343; 1; 2; 499
428; 471; 2; 1; 499
412; 561; 1; 2; 503
452; 400; 2; 1; 504
392; 348; 1; 2; 510
347; 526; 1; 2; 516
524; 362; 1; 2; 522
505; 500; 2; 1; 524
375; 457; 2; 1; 527
455; 524; 2; 1; 543
349; 408; 2; 1; 543
402; 562; 1; 2; 544
402; 469; 1; 2; 546
415; 478; 1; 2; 548
381; 382; 2; 1; 563
408; 520; 2; 1; 563
557; 383; 1; 2; 564
460; 353; 1; 2; 567
392; 383; 2; 1; 578
490; 561; 2; 1; 583
329; 525; 1; 2; 585
522; 348; 2; 1; 586
351; 451; 2; 1; 588
414; 418; 2; 1; 593
431; 450; 2; 1; 605
387; 462; 1; 2; 610
504; 555; 2; 1; 615
539; 517; 2; 1; 616
536; 440; 2; 1; 635
375; 389; 2; 1; 642
521; 459; 1; 2; 645
388; 489; 1; 2; 648
449; 419; 1; 2; 655
457; 527; 1; 2; 666
525; 489; 2; 1; 671
404; 340; 2; 1; 685
360; 389; 1; 2; 701
478; 531; 1; 2; 717
389; 381; 1; 2; 721
514; 472; 2; 1; 742
532; 474; 2; 1; 743
335; 533; 1; 2; 746
334; 473; 2; 1; 753
424; 524; 2; 1; 758
523; 351; 1; 2; 778
534; 415; 1; 2; 779
332; 330; 1; 2; 785
364; 545; 1; 2; 786
516; 559; 2; 1; 795
476; 382; 2; 1; 803
460; 382; 2; 1; 811
25
9; 1; 19; 1745
21; 1; 38; 3475
12; 1; 47; 6444
18; 1; 3; 12880
19; 1; 5; 13239
17; 1; 31; 15311
23; 1; 3; 15538
11; 1; 17; 19889
6; 1; 4; 21400
4; 1; 49; 21783
22; 1; 11; 23001
10; 1; 19; 25305
2; 1; 25; 26896
1; 1; 14; 28613
14; 1; 49; 29069
15; 1; 18; 30686
20; 1; 29; 36887
5; 1; 9; 38611
16; 1; 27; 41836
8; 1; 23; 46831
0; 1; 5; 46978
13; 1; 10; 47125
24; 1; 27; 47201
3; 1; 19; 50541
7; 1; 2; 51675
