**** 72 ****
56
77; 91; 2; 1; 3
48; 88; 1; 2; 7
59; 74; 1; 2; 10
53; 61; 1; 2; 14
47; 34; 2; 1; 15
56; 59; 1; 2; 19
53; 42; 1; 2; 20
78; 89; 1; 2; 23
62; 62; 1; 2; 24
68; 60; 2; 1; 25
60; 95; 1; 2; 29
42; 53; 2; 1; 30
66; 47; 1; 2; 31
72; 49; 2; 1; 35
97; 56; 1; 2; 35
51; 68; 2; 1; 36
48; 58; 1; 2; 37
45; 88; 2; 1; 38
53; 83; 1; 2; 51
91; 33; 2; 1; 51
67; 94; 2; 1; 54
56; 33; 1; 2; 56
73; 93; 2; 1; 60
89; 85; 1; 2; 61
57; 93; 2; 1; 63
41; 50; 1; 2; 66
74; 51; 1; 2; 68
71; 32; 1; 2; 76
71; 72; 2; 1; 77
59; 88; 2; 1; 79
85; 95; 2; 1; 83
80; 35; 1; 2; 95
58; 87; 2; 1; 97
75; 94; 1; 2; 99
63; 46; 1; 2; 102
42; 54; 2; 1; 102
70; 50; 1; 2; 109
84; 88; 1; 2; 112
82; 45; 2; 1; 116
70; 84; 1; 2; 120
95; 96; 2; 1; 126
44; 75; 1; 2; 128
78; 61; 1; 2; 131
78; 88; 2; 1; 131
71; 33; 2; 1; 132
94; 58; 2; 1; 137
84; 33; 2; 1; 140
56; 85; 1; 2; 140
79; 54; 1; 2; 145
51; 85; 1; 2; 147
81; 34; 1; 2; 149
43; 85; 2; 1; 157
39; 87; 1; 2; 161
38; 37; 2; 1; 165
94; 45; 2; 1; 167
95; 45; 1; 2; 170
14
9; 1; 49; 1005
12; 1; 44; 1192
10; 1; 32; 1443
2; 1; 43; 1740
8; 1; 38; 1896
4; 1; 38; 2286
13; 1; 20; 2429
0; 1; 49; 3011
6; 1; 43; 3104
5; 1; 28; 3150
3; 1; 1; 3726
1; 1; 35; 3744
7; 1; 12; 3863
11; 1; 27; 3892
