**** 720 ****
115
555; 470; 2; 1; 0
421; 415; 2; 1; 0
499; 351; 1; 2; 1
464; 447; 1; 2; 11
384; 412; 2; 1; 19
371; 513; 1; 2; 27
349; 558; 2; 1; 28
339; 399; 2; 1; 30
335; 421; 2; 1; 35
502; 397; 2; 1; 37
395; 459; 1; 2; 40
469; 489; 1; 2; 72
459; 409; 1; 2; 77
481; 399; 2; 1; 85
548; 329; 2; 1; 112
358; 472; 1; 2; 115
447; 351; 1; 2; 133
564; 329; 1; 2; 143
568; 568; 1; 2; 152
463; 542; 2; 1; 152
505; 438; 2; 1; 156
488; 427; 2; 1; 161
372; 361; 2; 1; 164
332; 428; 2; 1; 165
501; 530; 1; 2; 166
459; 536; 2; 1; 185
413; 400; 1; 2; 191
406; 327; 1; 2; 195
409; 434; 2; 1; 196
523; 509; 2; 1; 201
460; 565; 2; 1; 233
338; 532; 1; 2; 239
426; 445; 2; 1; 255
501; 362; 1; 2; 267
335; 379; 1; 2; 274
539; 364; 2; 1; 289
476; 469; 2; 1; 294
378; 543; 2; 1; 302
378; 386; 2; 1; 302
340; 410; 2; 1; 309
414; 568; 1; 2; 310
399; 378; 2; 1; 330
549; 414; 2; 1; 330
503; 362; 2; 1; 336
457; 403; 2; 1; 340
506; 423; 1; 2; 368
437; 346; 1; 2; 370
385; 437; 1; 2; 386
539; 399; 2; 1; 391
441; 539; 2; 1; 399
557; 412; 2; 1; 403
417; 388; 1; 2; 406
397; 441; 1; 2; 407
540; 487; 1; 2; 410
568; 515; 1; 2; 430
480; 444; 1; 2; 438
521; 385; 1; 2; 440
444; 413; 1; 2; 446
540; 381; 1; 2; 459
335; 552; 1; 2; 474
473; 414; 2; 1; 481
527; 370; 1; 2; 488
482; 560; 1; 2; 493
399; 423; 1; 2; 495
351; 491; 1; 2; 497
447; 468; 2; 1; 503
332; 386; 1; 2; 503
376; 479; 2; 1; 510
532; 458; 1; 2; 515
498; 401; 1; 2; 526
540; 546; 2; 1; 527
477; 443; 1; 2; 533
559; 496; 2; 1; 542
449; 358; 2; 1; 548
392; 515; 2; 1; 552
546; 361; 2; 1; 576
454; 424; 1; 2; 577
376; 380; 2; 1; 580
487; 533; 1; 2; 581
379; 527; 2; 1; 585
347; 329; 1; 2; 587
484; 483; 2; 1; 594
384; 455; 2; 1; 594
426; 440; 1; 2; 597
436; 488; 1; 2; 597
410; 532; 1; 2; 601
397; 339; 1; 2; 601
467; 509; 2; 1; 604
453; 372; 1; 2; 613
360; 372; 1; 2; 631
452; 378; 1; 2; 635
464; 458; 2; 1; 647
376; 466; 1; 2; 653
443; 338; 1; 2; 661
349; 465; 1; 2; 665
464; 529; 2; 1; 671
531; 358; 1; 2; 673
493; 354; 1; 2; 674
391; 389; 2; 1; 676
333; 471; 1; 2; 676
349; 327; 1; 2; 678
551; 521; 2; 1; 678
418; 547; 1; 2; 686
445; 344; 2; 1; 696
415; 546; 1; 2; 729
506; 440; 1; 2; 742
512; 478; 2; 1; 747
445; 377; 1; 2; 750
345; 454; 2; 1; 752
375; 526; 1; 2; 777
393; 428; 2; 1; 779
522; 430; 1; 2; 786
501; 491; 2; 1; 800
440; 462; 2; 1; 804
474; 483; 2; 1; 813
25
6; 1; 7; 2072
5; 1; 18; 3599
10; 1; 47; 5093
8; 1; 5; 5277
15; 1; 46; 7672
12; 1; 33; 7798
0; 1; 29; 7877
20; 1; 16; 8488
19; 1; 46; 10086
13; 1; 37; 11846
22; 1; 47; 13775
2; 1; 13; 17855
9; 1; 12; 17957
21; 1; 35; 19953
1; 1; 10; 20579
4; 1; 29; 22091
14; 1; 16; 23075
11; 1; 26; 23911
23; 1; 44; 25968
16; 1; 4; 27949
17; 1; 27; 28085
3; 1; 28; 30625
24; 1; 18; 31092
18; 1; 42; 33398
7; 1; 1; 33541
