**** 721 ****
115
518; 535; 1; 2; 2
369; 355; 1; 2; 3
388; 331; 2; 1; 5
504; 362; 1; 2; 31
418; 357; 1; 2; 36
483; 451; 2; 1; 36
423; 357; 2; 1; 41
457; 413; 2; 1; 61
392; 354; 1; 2; 68
537; 515; 2; 1; 70
423; 492; 2; 1; 71
558; 460; 1; 2; 72
377; 342; 2; 1; 96
547; 404; 2; 1; 98
536; 529; 1; 2; 105
337; 391; 1; 2; 110
328; 464; 1; 2; 111
370; 338; 1; 2; 120
383; 466; 2; 1; 125
502; 500; 2; 1; 125
379; 554; 2; 1; 126
471; 525; 2; 1; 147
392; 446; 2; 1; 148
464; 507; 1; 2; 155
408; 386; 2; 1; 160
557; 564; 1; 2; 163
435; 486; 1; 2; 178
442; 565; 1; 2; 189
524; 426; 2; 1; 195
449; 421; 2; 1; 196
343; 339; 1; 2; 200
396; 361; 1; 2; 208
485; 519; 1; 2; 222
555; 409; 1; 2; 225
559; 473; 1; 2; 237
407; 437; 2; 1; 241
337; 492; 1; 2; 243
528; 364; 1; 2; 244
504; 415; 2; 1; 247
425; 532; 1; 2; 279
487; 361; 2; 1; 280
409; 497; 2; 1; 280
456; 350; 2; 1; 306
349; 553; 2; 1; 315
395; 560; 2; 1; 324
427; 558; 2; 1; 337
413; 439; 2; 1; 350
513; 398; 1; 2; 357
335; 396; 2; 1; 359
551; 436; 1; 2; 365
439; 482; 1; 2; 367
449; 487; 2; 1; 370
558; 545; 1; 2; 384
480; 486; 2; 1; 392
566; 369; 1; 2; 394
435; 385; 1; 2; 394
557; 358; 2; 1; 397
458; 474; 1; 2; 414
537; 529; 1; 2; 416
363; 478; 1; 2; 424
361; 565; 2; 1; 442
401; 365; 2; 1; 464
379; 559; 1; 2; 468
454; 535; 2; 1; 483
454; 558; 1; 2; 510
539; 466; 2; 1; 511
365; 444; 1; 2; 514
532; 456; 2; 1; 517
411; 540; 2; 1; 538
498; 421; 1; 2; 552
346; 505; 2; 1; 564
387; 405; 1; 2; 571
340; 344; 2; 1; 579
363; 527; 2; 1; 580
430; 425; 2; 1; 585
329; 401; 2; 1; 587
346; 364; 2; 1; 595
477; 468; 1; 2; 597
555; 428; 1; 2; 597
494; 497; 1; 2; 604
538; 465; 2; 1; 620
332; 407; 1; 2; 624
433; 403; 1; 2; 630
452; 359; 1; 2; 634
375; 413; 1; 2; 636
459; 484; 2; 1; 637
331; 362; 1; 2; 639
464; 492; 2; 1; 641
431; 478; 2; 1; 643
563; 347; 2; 1; 648
361; 433; 1; 2; 651
569; 439; 1; 2; 661
548; 550; 1; 2; 662
555; 453; 2; 1; 662
489; 447; 2; 1; 666
515; 491; 1; 2; 672
484; 395; 2; 1; 677
478; 417; 2; 1; 679
381; 560; 2; 1; 682
378; 455; 2; 1; 682
478; 537; 2; 1; 683
391; 357; 2; 1; 698
487; 520; 2; 1; 701
426; 515; 2; 1; 713
528; 369; 1; 2; 715
497; 410; 2; 1; 728
493; 366; 2; 1; 732
442; 360; 2; 1; 750
511; 507; 2; 1; 769
407; 512; 2; 1; 771
361; 417; 1; 2; 772
512; 549; 1; 2; 783
437; 558; 1; 2; 793
462; 348; 1; 2; 795
411; 440; 1; 2; 796
25
20; 1; 15; 2795
19; 1; 46; 3018
23; 1; 20; 4954
11; 1; 22; 8390
16; 1; 39; 10566
12; 1; 25; 11872
14; 1; 10; 13641
4; 1; 38; 14733
6; 1; 6; 15439
21; 1; 31; 16238
17; 1; 37; 16371
2; 1; 17; 16432
9; 1; 44; 19995
3; 1; 16; 23380
18; 1; 34; 27072
22; 1; 44; 27949
1; 1; 9; 29761
7; 1; 18; 29794
24; 1; 3; 29973
8; 1; 17; 30587
5; 1; 47; 32682
10; 1; 5; 34864
15; 1; 12; 40403
0; 1; 45; 48141
13; 1; 41; 50012
