**** 722 ****
115
422; 486; 2; 1; 4
548; 381; 2; 1; 5
510; 455; 1; 2; 8
341; 347; 1; 2; 18
383; 543; 1; 2; 21
564; 421; 2; 1; 37
447; 549; 1; 2; 54
518; 364; 2; 1; 70
450; 498; 1; 2; 72
414; 435; 2; 1; 77
505; 455; 1; 2; 95
548; 400; 2; 1; 110
366; 358; 1; 2; 116
435; 565; 2; 1; 123
407; 564; 2; 1; 125
464; 443; 1; 2; 129
551; 448; 1; 2; 143
545; 354; 1; 2; 144
522; 508; 1; 2; 150
544; 438; 1; 2; 152
460; 363; 2; 1; 152
559; 522; 1; 2; 159
343; 493; 2; 1; 179
387; 417; 1; 2; 183
468; 464; 1; 2; 189
445; 379; 2; 1; 192
547; 473; 2; 1; 229
372; 401; 2; 1; 231
482; 508; 1; 2; 231
425; 424; 2; 1; 239
454; 534; 2; 1; 252
468; 379; 2; 1; 254
449; 334; 1; 2; 266
330; 472; 1; 2; 268
483; 507; 2; 1; 269
444; 420; 1; 2; 274
498; 451; 2; 1; 283
455; 374; 1; 2; 284
423; 550; 2; 1; 291
349; 410; 1; 2; 300
495; 422; 1; 2; 302
518; 435; 1; 2; 306
546; 548; 2; 1; 310
384; 433; 1; 2; 321
377; 459; 2; 1; 323
511; 450; 2; 1; 350
468; 519; 1; 2; 360
488; 416; 1; 2; 367
331; 566; 1; 2; 370
446; 472; 1; 2; 371
491; 418; 2; 1; 373
519; 372; 1; 2; 377
471; 508; 2; 1; 379
491; 546; 1; 2; 382
526; 355; 1; 2; 383
353; 348; 2; 1; 386
470; 564; 1; 2; 398
415; 348; 1; 2; 399
534; 435; 2; 1; 399
379; 552; 2; 1; 409
482; 568; 2; 1; 438
452; 412; 2; 1; 452
477; 491; 2; 1; 485
469; 344; 2; 1; 487
334; 469; 2; 1; 488
404; 473; 2; 1; 489
437; 542; 1; 2; 498
531; 440; 1; 2; 507
375; 365; 1; 2; 518
460; 426; 1; 2; 525
343; 334; 2; 1; 533
388; 481; 1; 2; 548
402; 463; 1; 2; 558
454; 397; 1; 2; 566
482; 554; 2; 1; 578
524; 454; 1; 2; 580
399; 347; 2; 1; 596
429; 340; 2; 1; 600
432; 342; 1; 2; 604
441; 548; 2; 1; 606
375; 432; 2; 1; 617
566; 528; 2; 1; 621
535; 393; 2; 1; 656
515; 427; 2; 1; 660
483; 561; 1; 2; 670
559; 510; 2; 1; 671
554; 364; 1; 2; 692
361; 348; 1; 2; 692
414; 513; 1; 2; 699
467; 372; 1; 2; 700
560; 549; 1; 2; 704
438; 351; 1; 2; 712
328; 423; 1; 2; 721
370; 348; 1; 2; 724
506; 520; 2; 1; 730
388; 332; 1; 2; 733
518; 485; 2; 1; 738
338; 410; 2; 1; 739
474; 398; 1; 2; 754
344; 329; 1; 2; 764
554; 381; 2; 1; 769
528; 508; 1; 2; 783
533; 455; 1; 2; 784
377; 330; 2; 1; 787
466; 488; 1; 2; 794
365; 551; 2; 1; 795
468; 547; 1; 2; 798
419; 460; 1; 2; 800
425; 508; 1; 2; 807
426; 437; 2; 1; 810
566; 395; 2; 1; 810
465; 366; 1; 2; 813
465; 397; 2; 1; 813
376; 509; 1; 2; 816
562; 359; 1; 2; 818
25
24; 1; 12; 1473
10; 1; 14; 1965
21; 1; 45; 3750
14; 1; 11; 4778
5; 1; 1; 7895
12; 1; 3; 14321
23; 1; 25; 14361
0; 1; 3; 15514
13; 1; 38; 18938
16; 1; 14; 22219
9; 1; 35; 22600
2; 1; 36; 22883
18; 1; 33; 28399
4; 1; 27; 28934
7; 1; 17; 30414
19; 1; 8; 31494
22; 1; 43; 33298
1; 1; 44; 35084
3; 1; 39; 39553
15; 1; 25; 41232
8; 1; 1; 44561
17; 1; 29; 45510
11; 1; 36; 46444
6; 1; 38; 50301
20; 1; 13; 51179
