**** 723 ****
115
485; 428; 1; 2; 1
547; 494; 1; 2; 4
564; 487; 2; 1; 5
567; 508; 1; 2; 8
549; 369; 2; 1; 12
541; 476; 1; 2; 17
447; 543; 1; 2; 18
541; 443; 1; 2; 38
539; 406; 1; 2; 45
474; 337; 2; 1; 57
446; 339; 1; 2; 61
455; 559; 2; 1; 70
420; 403; 1; 2; 73
554; 359; 1; 2; 79
400; 469; 2; 1; 81
503; 544; 2; 1; 113
387; 366; 1; 2; 115
507; 521; 2; 1; 124
367; 487; 2; 1; 136
405; 337; 2; 1; 138
458; 410; 2; 1; 162
489; 475; 1; 2; 184
568; 519; 1; 2; 188
332; 524; 2; 1; 199
534; 482; 1; 2; 204
466; 356; 1; 2; 208
406; 448; 1; 2; 234
534; 461; 1; 2; 256
495; 377; 1; 2; 268
399; 431; 2; 1; 271
377; 333; 2; 1; 271
369; 518; 2; 1; 279
460; 377; 1; 2; 294
445; 536; 1; 2; 302
487; 339; 2; 1; 327
480; 381; 2; 1; 328
527; 504; 2; 1; 328
369; 508; 1; 2; 331
488; 345; 1; 2; 335
350; 391; 2; 1; 350
400; 381; 2; 1; 352
507; 430; 1; 2; 360
559; 361; 2; 1; 365
552; 374; 1; 2; 367
378; 440; 1; 2; 378
493; 503; 1; 2; 395
432; 410; 1; 2; 398
475; 336; 2; 1; 403
555; 388; 1; 2; 407
431; 496; 1; 2; 426
460; 555; 2; 1; 428
448; 335; 1; 2; 429
458; 535; 2; 1; 430
496; 531; 2; 1; 435
546; 569; 2; 1; 440
383; 382; 1; 2; 446
479; 422; 2; 1; 446
377; 391; 1; 2; 482
522; 503; 2; 1; 482
430; 349; 2; 1; 483
350; 541; 1; 2; 486
358; 327; 2; 1; 494
363; 363; 2; 1; 502
478; 351; 2; 1; 508
349; 524; 1; 2; 510
345; 383; 1; 2; 519
360; 380; 1; 2; 527
507; 421; 1; 2; 534
359; 327; 2; 1; 553
448; 407; 2; 1; 577
500; 477; 2; 1; 584
523; 518; 2; 1; 587
499; 418; 1; 2; 593
434; 400; 1; 2; 606
405; 406; 2; 1; 606
531; 415; 1; 2; 610
392; 437; 2; 1; 611
340; 355; 2; 1; 621
454; 344; 1; 2; 628
534; 391; 1; 2; 628
376; 384; 1; 2; 629
369; 406; 1; 2; 639
499; 472; 1; 2; 654
421; 379; 2; 1; 655
352; 481; 1; 2; 655
471; 513; 2; 1; 664
569; 558; 2; 1; 664
510; 473; 1; 2; 673
529; 356; 2; 1; 674
417; 416; 2; 1; 688
425; 556; 1; 2; 690
347; 373; 2; 1; 698
559; 345; 1; 2; 711
506; 357; 1; 2; 715
366; 444; 2; 1; 715
456; 399; 2; 1; 717
413; 485; 2; 1; 729
328; 472; 1; 2; 741
558; 491; 2; 1; 741
361; 440; 1; 2; 751
376; 484; 1; 2; 755
503; 446; 1; 2; 756
563; 372; 2; 1; 762
394; 329; 2; 1; 765
433; 483; 1; 2; 774
473; 328; 1; 2; 775
493; 428; 2; 1; 781
564; 512; 1; 2; 787
455; 443; 2; 1; 787
458; 392; 2; 1; 792
548; 435; 2; 1; 805
332; 422; 2; 1; 807
509; 509; 1; 2; 809
488; 339; 1; 2; 815
552; 384; 1; 2; 816
25
20; 1; 47; 1362
21; 1; 21; 5012
19; 1; 34; 6285
0; 1; 28; 7401
8; 1; 41; 8273
13; 1; 13; 10785
3; 1; 8; 11699
12; 1; 49; 12163
5; 1; 24; 15667
17; 1; 28; 18759
23; 1; 18; 19329
14; 1; 40; 20162
22; 1; 19; 21145
9; 1; 36; 23272
24; 1; 28; 26608
6; 1; 3; 29666
11; 1; 20; 30617
10; 1; 17; 39977
18; 1; 3; 42189
15; 1; 26; 42878
2; 1; 3; 44559
7; 1; 39; 45662
1; 1; 44; 49883
4; 1; 23; 50979
16; 1; 6; 51483
