**** 724 ****
115
525; 362; 2; 1; 4
365; 378; 1; 2; 5
477; 540; 2; 1; 20
437; 491; 1; 2; 31
391; 384; 1; 2; 49
460; 343; 1; 2; 62
406; 379; 1; 2; 70
421; 557; 2; 1; 90
390; 331; 2; 1; 91
393; 497; 2; 1; 101
401; 565; 2; 1; 102
490; 398; 1; 2; 104
563; 496; 1; 2; 114
565; 461; 1; 2; 116
435; 512; 1; 2; 123
340; 486; 2; 1; 124
482; 445; 2; 1; 142
478; 513; 2; 1; 160
470; 513; 1; 2; 175
469; 552; 2; 1; 175
327; 383; 2; 1; 182
343; 467; 1; 2; 187
475; 392; 1; 2; 196
361; 377; 2; 1; 198
506; 498; 2; 1; 199
449; 413; 1; 2; 211
415; 410; 2; 1; 212
539; 490; 1; 2; 216
343; 527; 1; 2; 219
486; 449; 1; 2; 240
417; 360; 2; 1; 242
372; 413; 1; 2; 259
526; 419; 2; 1; 259
536; 491; 2; 1; 263
477; 520; 2; 1; 275
463; 369; 2; 1; 279
567; 563; 1; 2; 294
511; 404; 1; 2; 296
417; 499; 2; 1; 299
482; 327; 2; 1; 303
339; 564; 2; 1; 306
557; 552; 2; 1; 306
495; 557; 1; 2; 307
404; 551; 1; 2; 336
364; 395; 1; 2; 337
363; 498; 2; 1; 345
521; 464; 2; 1; 345
477; 409; 1; 2; 352
538; 508; 1; 2; 355
550; 530; 2; 1; 358
372; 408; 2; 1; 368
348; 491; 1; 2; 371
365; 554; 2; 1; 372
347; 450; 2; 1; 375
369; 564; 1; 2; 377
526; 480; 2; 1; 385
467; 438; 2; 1; 393
384; 339; 2; 1; 398
484; 562; 2; 1; 411
419; 403; 2; 1; 412
462; 563; 1; 2; 416
517; 436; 1; 2; 428
560; 467; 1; 2; 437
421; 365; 1; 2; 446
567; 458; 1; 2; 446
377; 379; 2; 1; 455
559; 491; 2; 1; 460
478; 333; 2; 1; 470
349; 446; 2; 1; 495
523; 523; 2; 1; 509
476; 399; 1; 2; 513
564; 536; 2; 1; 528
507; 348; 1; 2; 571
460; 460; 1; 2; 575
336; 429; 2; 1; 576
537; 389; 2; 1; 595
365; 344; 2; 1; 602
462; 524; 1; 2; 607
450; 384; 2; 1; 615
361; 352; 2; 1; 616
425; 442; 2; 1; 618
443; 327; 2; 1; 630
536; 352; 1; 2; 633
329; 462; 2; 1; 636
431; 413; 2; 1; 647
401; 448; 1; 2; 663
473; 432; 2; 1; 665
341; 384; 1; 2; 671
429; 339; 2; 1; 674
535; 333; 2; 1; 684
463; 457; 1; 2; 711
340; 547; 1; 2; 715
554; 506; 2; 1; 731
445; 489; 1; 2; 734
556; 399; 2; 1; 737
337; 408; 1; 2; 738
487; 339; 2; 1; 738
513; 534; 1; 2; 740
359; 444; 1; 2; 740
373; 489; 2; 1; 741
413; 541; 2; 1; 747
564; 457; 2; 1; 750
456; 489; 2; 1; 754
434; 448; 2; 1; 754
406; 328; 2; 1; 761
332; 454; 1; 2; 763
486; 344; 2; 1; 766
515; 474; 1; 2; 774
459; 380; 2; 1; 775
437; 520; 2; 1; 782
490; 388; 2; 1; 786
427; 381; 2; 1; 790
413; 332; 2; 1; 790
522; 415; 2; 1; 796
549; 332; 1; 2; 807
25
8; 1; 4; 13463
10; 1; 37; 13674
7; 1; 41; 13863
16; 1; 6; 14032
11; 1; 17; 16931
19; 1; 34; 19885
21; 1; 9; 20570
4; 1; 43; 21553
14; 1; 47; 22604
3; 1; 15; 27192
9; 1; 35; 27379
13; 1; 25; 29074
6; 1; 44; 29209
5; 1; 45; 31057
0; 1; 45; 31154
1; 1; 33; 34091
2; 1; 13; 34130
22; 1; 46; 35558
24; 1; 20; 36386
17; 1; 43; 40026
15; 1; 13; 42167
18; 1; 10; 46035
23; 1; 20; 46873
12; 1; 5; 47599
20; 1; 38; 49267
