**** 725 ****
115
557; 464; 2; 1; 14
554; 426; 1; 2; 23
423; 535; 1; 2; 31
510; 512; 2; 1; 34
468; 510; 1; 2; 37
533; 355; 1; 2; 42
350; 360; 2; 1; 43
339; 350; 1; 2; 52
479; 557; 1; 2; 52
457; 407; 2; 1; 57
438; 472; 1; 2; 59
423; 518; 1; 2; 74
438; 450; 2; 1; 77
485; 552; 1; 2; 81
545; 504; 2; 1; 87
389; 410; 1; 2; 87
447; 567; 2; 1; 89
544; 411; 2; 1; 92
410; 471; 1; 2; 98
532; 552; 1; 2; 102
385; 519; 2; 1; 110
354; 375; 1; 2; 119
387; 530; 1; 2; 124
329; 511; 1; 2; 127
461; 462; 2; 1; 141
487; 414; 2; 1; 163
561; 429; 2; 1; 165
550; 358; 2; 1; 174
558; 559; 1; 2; 192
411; 341; 1; 2; 192
535; 420; 2; 1; 196
511; 334; 2; 1; 203
406; 566; 1; 2; 217
568; 442; 2; 1; 222
478; 408; 1; 2; 223
561; 558; 2; 1; 231
447; 492; 1; 2; 231
462; 502; 2; 1; 276
356; 508; 1; 2; 291
528; 329; 1; 2; 296
467; 330; 2; 1; 302
399; 406; 2; 1; 317
366; 368; 1; 2; 324
564; 476; 1; 2; 331
537; 493; 1; 2; 364
541; 420; 2; 1; 364
452; 424; 1; 2; 365
432; 458; 2; 1; 395
497; 515; 1; 2; 401
366; 536; 2; 1; 411
517; 389; 2; 1; 429
560; 511; 2; 1; 433
497; 539; 1; 2; 434
518; 339; 1; 2; 436
467; 384; 1; 2; 436
340; 566; 2; 1; 438
341; 541; 2; 1; 440
428; 405; 2; 1; 445
568; 363; 1; 2; 445
388; 481; 2; 1; 447
563; 565; 1; 2; 456
444; 380; 2; 1; 463
446; 451; 2; 1; 472
446; 515; 1; 2; 473
538; 569; 1; 2; 473
508; 513; 1; 2; 478
346; 418; 2; 1; 482
552; 528; 2; 1; 513
438; 394; 2; 1; 521
394; 463; 1; 2; 530
345; 376; 2; 1; 545
500; 473; 2; 1; 557
358; 333; 2; 1; 560
510; 479; 2; 1; 567
486; 365; 2; 1; 580
514; 479; 2; 1; 600
383; 398; 2; 1; 601
526; 489; 1; 2; 610
356; 371; 2; 1; 613
535; 425; 1; 2; 613
551; 335; 2; 1; 618
434; 326; 2; 1; 621
463; 457; 2; 1; 637
505; 382; 1; 2; 640
459; 394; 1; 2; 651
361; 388; 1; 2; 662
378; 534; 2; 1; 663
515; 383; 2; 1; 663
508; 352; 1; 2; 666
537; 406; 1; 2; 668
483; 544; 2; 1; 668
362; 467; 1; 2; 681
418; 558; 1; 2; 702
514; 537; 1; 2; 703
439; 357; 1; 2; 703
381; 400; 1; 2; 705
525; 480; 2; 1; 705
429; 407; 2; 1; 706
355; 394; 2; 1; 737
353; 335; 2; 1; 739
504; 392; 1; 2; 744
495; 333; 2; 1; 746
543; 350; 1; 2; 753
401; 378; 1; 2; 755
381; 483; 1; 2; 771
535; 457; 2; 1; 788
407; 379; 2; 1; 792
336; 502; 2; 1; 797
342; 448; 2; 1; 805
340; 414; 2; 1; 807
371; 559; 1; 2; 809
342; 381; 1; 2; 809
499; 414; 2; 1; 812
344; 487; 2; 1; 818
523; 420; 2; 1; 818
25
8; 1; 49; 6361
24; 1; 10; 6975
23; 1; 38; 8601
16; 1; 44; 11383
22; 1; 11; 12035
11; 1; 32; 13990
7; 1; 45; 19461
18; 1; 28; 20931
2; 1; 27; 22830
1; 1; 15; 27281
14; 1; 36; 29266
12; 1; 16; 29861
20; 1; 3; 33325
21; 1; 35; 33973
19; 1; 23; 36388
4; 1; 16; 36595
5; 1; 6; 41063
10; 1; 38; 42449
9; 1; 45; 44809
3; 1; 17; 46767
6; 1; 29; 46982
17; 1; 41; 49045
13; 1; 47; 49095
0; 1; 16; 50730
15; 1; 8; 50961
