**** 726 ****
116
379; 463; 2; 1; 5
395; 463; 1; 2; 11
356; 395; 2; 1; 23
575; 416; 2; 1; 28
347; 399; 1; 2; 51
510; 488; 1; 2; 59
427; 537; 1; 2; 60
430; 489; 1; 2; 61
352; 341; 1; 2; 66
391; 416; 2; 1; 68
378; 358; 1; 2; 75
574; 435; 1; 2; 77
516; 550; 1; 2; 79
567; 498; 1; 2; 80
385; 454; 2; 1; 92
457; 421; 2; 1; 93
381; 474; 2; 1; 100
539; 518; 1; 2; 111
533; 485; 1; 2; 112
344; 512; 2; 1; 115
380; 530; 1; 2; 123
557; 551; 2; 1; 125
464; 416; 1; 2; 126
431; 487; 1; 2; 140
559; 451; 2; 1; 143
331; 338; 1; 2; 164
529; 534; 2; 1; 168
556; 473; 1; 2; 169
424; 546; 2; 1; 171
551; 577; 1; 2; 177
381; 450; 1; 2; 181
346; 492; 1; 2; 199
574; 505; 2; 1; 204
365; 520; 1; 2; 205
429; 552; 1; 2; 206
492; 350; 1; 2; 208
549; 340; 1; 2; 209
448; 534; 1; 2; 210
497; 410; 1; 2; 210
418; 416; 1; 2; 211
399; 472; 2; 1; 221
441; 471; 1; 2; 233
374; 401; 1; 2; 242
392; 569; 1; 2; 244
512; 502; 2; 1; 245
385; 482; 2; 1; 251
554; 414; 1; 2; 251
478; 465; 2; 1; 253
397; 507; 2; 1; 264
379; 487; 2; 1; 271
424; 350; 1; 2; 272
531; 469; 2; 1; 279
576; 401; 1; 2; 282
564; 449; 2; 1; 286
570; 391; 1; 2; 290
344; 545; 2; 1; 316
416; 495; 2; 1; 317
443; 442; 2; 1; 327
568; 550; 1; 2; 335
374; 432; 2; 1; 336
397; 475; 2; 1; 353
423; 493; 1; 2; 364
445; 570; 2; 1; 366
415; 495; 2; 1; 366
342; 493; 1; 2; 368
526; 370; 1; 2; 375
405; 408; 2; 1; 411
510; 402; 2; 1; 412
395; 391; 1; 2; 423
480; 490; 1; 2; 433
424; 519; 1; 2; 439
461; 388; 1; 2; 449
426; 437; 1; 2; 468
459; 332; 2; 1; 473
424; 497; 2; 1; 479
409; 346; 1; 2; 483
370; 537; 2; 1; 488
533; 445; 2; 1; 490
512; 492; 2; 1; 495
441; 448; 1; 2; 522
489; 369; 1; 2; 531
480; 475; 2; 1; 536
494; 418; 2; 1; 539
423; 441; 2; 1; 545
505; 377; 2; 1; 554
497; 408; 1; 2; 559
444; 461; 1; 2; 560
480; 333; 1; 2; 565
552; 413; 2; 1; 573
463; 344; 1; 2; 575
572; 511; 2; 1; 586
523; 526; 1; 2; 598
469; 442; 2; 1; 604
374; 424; 1; 2; 618
371; 551; 1; 2; 618
459; 335; 2; 1; 628
452; 357; 1; 2; 651
354; 386; 2; 1; 654
527; 447; 1; 2; 655
529; 375; 2; 1; 656
466; 369; 1; 2; 663
407; 488; 2; 1; 671
479; 369; 2; 1; 678
353; 422; 1; 2; 681
551; 469; 2; 1; 684
348; 434; 1; 2; 688
380; 471; 1; 2; 717
481; 489; 1; 2; 727
373; 336; 2; 1; 728
410; 515; 1; 2; 737
474; 481; 1; 2; 766
574; 569; 2; 1; 768
387; 555; 2; 1; 769
448; 511; 1; 2; 786
354; 371; 1; 2; 790
562; 484; 2; 1; 824
26
7; 1; 14; 632
10; 1; 20; 2053
22; 1; 5; 4944
11; 1; 49; 7920
15; 1; 26; 8107
1; 1; 22; 10782
24; 1; 5; 10834
21; 1; 9; 11635
16; 1; 9; 15207
19; 1; 34; 15594
2; 1; 13; 19417
9; 1; 46; 22038
20; 1; 43; 22105
17; 1; 3; 24922
12; 1; 8; 26993
8; 1; 36; 28832
5; 1; 28; 29287
0; 1; 33; 35185
13; 1; 11; 40112
4; 1; 41; 40370
3; 1; 11; 40572
23; 1; 11; 41349
18; 1; 18; 42041
14; 1; 17; 46398
25; 1; 47; 46765
6; 1; 35; 47934
