**** 727 ****
116
568; 372; 2; 1; 14
474; 361; 2; 1; 19
449; 362; 1; 2; 33
544; 435; 2; 1; 44
396; 443; 1; 2; 62
568; 518; 2; 1; 70
452; 420; 2; 1; 76
528; 562; 2; 1; 81
450; 353; 2; 1; 81
443; 335; 1; 2; 86
541; 407; 2; 1; 91
351; 472; 1; 2; 122
556; 410; 2; 1; 126
393; 424; 2; 1; 127
500; 396; 1; 2; 127
389; 446; 1; 2; 131
336; 402; 2; 1; 131
423; 333; 1; 2; 138
395; 481; 1; 2; 139
510; 521; 2; 1; 142
418; 529; 1; 2; 146
418; 399; 1; 2; 148
360; 465; 2; 1; 153
408; 505; 1; 2; 153
556; 346; 2; 1; 155
363; 475; 1; 2; 162
339; 369; 1; 2; 166
513; 375; 2; 1; 167
536; 376; 1; 2; 179
448; 540; 2; 1; 194
451; 515; 2; 1; 208
480; 380; 2; 1; 218
489; 427; 1; 2; 244
534; 564; 2; 1; 274
465; 550; 2; 1; 288
539; 369; 1; 2; 298
565; 369; 2; 1; 302
368; 512; 2; 1; 312
488; 501; 1; 2; 316
347; 381; 1; 2; 324
456; 353; 2; 1; 327
408; 535; 2; 1; 332
408; 466; 1; 2; 339
374; 335; 2; 1; 351
459; 411; 2; 1; 363
359; 533; 2; 1; 378
445; 569; 2; 1; 396
547; 355; 1; 2; 396
423; 503; 1; 2; 397
437; 564; 1; 2; 419
462; 411; 1; 2; 421
519; 395; 1; 2; 429
351; 565; 2; 1; 434
558; 532; 2; 1; 441
534; 458; 1; 2; 446
444; 427; 2; 1; 447
442; 368; 2; 1; 450
536; 506; 2; 1; 453
559; 569; 2; 1; 459
559; 419; 2; 1; 459
440; 443; 1; 2; 462
345; 529; 2; 1; 473
381; 567; 1; 2; 474
381; 339; 2; 1; 504
406; 421; 2; 1; 521
402; 367; 2; 1; 526
392; 370; 2; 1; 526
447; 520; 1; 2; 533
333; 439; 2; 1; 535
550; 506; 2; 1; 542
576; 573; 2; 1; 546
514; 440; 1; 2; 546
486; 339; 1; 2; 570
497; 550; 1; 2; 572
393; 477; 2; 1; 580
488; 406; 1; 2; 588
472; 559; 2; 1; 599
517; 444; 2; 1; 602
558; 500; 2; 1; 611
336; 406; 2; 1; 613
545; 367; 1; 2; 614
437; 465; 2; 1; 626
496; 429; 1; 2; 626
464; 466; 2; 1; 627
544; 351; 1; 2; 632
345; 406; 2; 1; 635
447; 480; 2; 1; 638
564; 394; 1; 2; 641
436; 444; 1; 2; 643
369; 412; 2; 1; 645
366; 403; 2; 1; 649
561; 350; 2; 1; 661
370; 565; 1; 2; 671
435; 483; 2; 1; 673
522; 417; 2; 1; 690
533; 461; 2; 1; 701
481; 491; 1; 2; 702
521; 542; 1; 2; 712
487; 404; 2; 1; 741
569; 356; 2; 1; 747
424; 418; 2; 1; 749
345; 357; 1; 2; 750
359; 375; 1; 2; 766
433; 520; 2; 1; 774
396; 498; 1; 2; 776
499; 569; 2; 1; 777
440; 477; 2; 1; 778
345; 463; 1; 2; 778
438; 384; 1; 2; 784
497; 411; 1; 2; 789
543; 369; 1; 2; 799
337; 409; 2; 1; 811
531; 377; 1; 2; 812
331; 477; 2; 1; 819
572; 485; 2; 1; 823
399; 371; 1; 2; 825
26
12; 1; 15; 3714
11; 1; 13; 6980
25; 1; 27; 10830
6; 1; 37; 11354
20; 1; 36; 11692
15; 1; 10; 13199
16; 1; 12; 14232
7; 1; 26; 18063
17; 1; 14; 20480
10; 1; 44; 20809
5; 1; 41; 21380
8; 1; 28; 21481
3; 1; 15; 22064
2; 1; 17; 24519
1; 1; 5; 25789
4; 1; 31; 30187
18; 1; 48; 31001
0; 1; 29; 31538
21; 1; 5; 31939
22; 1; 36; 32260
14; 1; 16; 33759
24; 1; 36; 35931
13; 1; 30; 41745
9; 1; 25; 44942
23; 1; 8; 45443
19; 1; 6; 52593
