**** 728 ****
116
410; 482; 1; 2; 10
577; 336; 2; 1; 15
497; 348; 2; 1; 30
538; 388; 2; 1; 49
471; 424; 2; 1; 63
347; 427; 1; 2; 65
439; 492; 2; 1; 65
496; 540; 1; 2; 71
375; 464; 1; 2; 73
476; 380; 1; 2; 91
513; 551; 2; 1; 91
491; 450; 1; 2; 100
495; 420; 2; 1; 113
576; 358; 1; 2; 116
333; 471; 2; 1; 121
511; 345; 1; 2; 130
495; 558; 1; 2; 134
360; 415; 1; 2; 135
339; 379; 2; 1; 143
542; 454; 1; 2; 169
402; 342; 2; 1; 172
379; 337; 2; 1; 174
399; 476; 2; 1; 179
340; 473; 1; 2; 180
406; 473; 1; 2; 181
339; 401; 1; 2; 190
342; 516; 1; 2; 199
542; 489; 1; 2; 228
335; 521; 2; 1; 229
539; 414; 2; 1; 233
510; 538; 2; 1; 236
364; 421; 2; 1; 239
502; 513; 1; 2; 244
575; 576; 2; 1; 246
497; 347; 1; 2; 248
370; 446; 2; 1; 252
527; 401; 1; 2; 259
471; 500; 1; 2; 264
376; 373; 2; 1; 264
434; 521; 2; 1; 265
428; 518; 1; 2; 268
453; 455; 1; 2; 300
426; 411; 2; 1; 313
486; 500; 1; 2; 330
352; 528; 1; 2; 335
459; 384; 1; 2; 343
382; 560; 1; 2; 349
454; 571; 1; 2; 370
395; 353; 2; 1; 374
344; 522; 1; 2; 379
565; 366; 2; 1; 382
515; 450; 1; 2; 383
485; 378; 2; 1; 394
416; 379; 2; 1; 401
571; 515; 1; 2; 407
376; 524; 1; 2; 427
335; 562; 2; 1; 433
360; 360; 2; 1; 433
402; 460; 2; 1; 437
437; 413; 1; 2; 442
408; 350; 1; 2; 451
463; 445; 2; 1; 453
543; 498; 2; 1; 457
359; 496; 1; 2; 466
431; 490; 1; 2; 477
406; 484; 2; 1; 479
354; 426; 2; 1; 521
546; 567; 1; 2; 534
449; 501; 1; 2; 550
530; 497; 2; 1; 551
433; 380; 2; 1; 560
474; 426; 1; 2; 566
526; 415; 1; 2; 579
518; 391; 2; 1; 579
416; 494; 1; 2; 581
497; 470; 1; 2; 581
338; 442; 1; 2; 586
502; 361; 1; 2; 589
568; 383; 1; 2; 590
492; 348; 1; 2; 606
378; 451; 1; 2; 620
460; 393; 2; 1; 628
451; 571; 2; 1; 630
406; 474; 2; 1; 639
470; 346; 1; 2; 641
524; 574; 1; 2; 645
489; 548; 1; 2; 664
471; 420; 1; 2; 671
557; 337; 2; 1; 674
497; 455; 2; 1; 679
396; 450; 2; 1; 685
389; 551; 2; 1; 690
475; 335; 1; 2; 695
426; 456; 2; 1; 705
454; 377; 1; 2; 711
425; 479; 2; 1; 718
476; 478; 1; 2; 727
536; 470; 2; 1; 741
392; 337; 2; 1; 741
487; 366; 2; 1; 746
368; 442; 2; 1; 747
533; 576; 2; 1; 758
491; 446; 1; 2; 760
391; 530; 2; 1; 761
394; 445; 2; 1; 766
549; 521; 2; 1; 767
492; 457; 2; 1; 768
496; 555; 1; 2; 770
520; 573; 1; 2; 775
572; 482; 2; 1; 775
391; 493; 1; 2; 782
567; 551; 1; 2; 784
502; 499; 1; 2; 791
526; 477; 1; 2; 792
433; 351; 1; 2; 810
359; 550; 1; 2; 823
26
12; 1; 12; 425
13; 1; 11; 7403
19; 1; 45; 10918
8; 1; 17; 12030
0; 1; 14; 15067
1; 1; 36; 15712
2; 1; 11; 16076
17; 1; 36; 18248
15; 1; 16; 24544
9; 1; 17; 24905
4; 1; 9; 25314
25; 1; 46; 25807
20; 1; 8; 25887
22; 1; 7; 30897
6; 1; 31; 37178
11; 1; 11; 38896
3; 1; 32; 41026
7; 1; 24; 42077
16; 1; 32; 42177
18; 1; 14; 44016
21; 1; 25; 47210
23; 1; 36; 47244
5; 1; 43; 49784
10; 1; 13; 50548
14; 1; 34; 51217
24; 1; 6; 51397
