**** 729 ****
116
528; 332; 1; 2; 2
349; 475; 1; 2; 3
400; 489; 2; 1; 12
471; 452; 2; 1; 26
545; 452; 2; 1; 28
418; 524; 1; 2; 37
376; 370; 1; 2; 43
577; 507; 1; 2; 47
499; 457; 2; 1; 47
403; 521; 2; 1; 51
436; 465; 1; 2; 51
379; 386; 2; 1; 57
441; 432; 2; 1; 63
453; 506; 2; 1; 68
550; 506; 1; 2; 83
473; 549; 1; 2; 83
563; 469; 1; 2; 94
391; 437; 2; 1; 94
412; 411; 1; 2; 100
377; 573; 1; 2; 102
351; 415; 2; 1; 105
477; 421; 1; 2; 112
422; 407; 2; 1; 114
372; 419; 1; 2; 131
408; 393; 1; 2; 132
482; 485; 1; 2; 134
404; 342; 1; 2; 140
456; 479; 1; 2; 143
414; 572; 1; 2; 148
339; 348; 2; 1; 164
447; 395; 1; 2; 170
564; 403; 2; 1; 182
458; 530; 1; 2; 189
451; 535; 1; 2; 191
485; 518; 1; 2; 193
346; 345; 1; 2; 207
419; 526; 2; 1; 210
563; 484; 1; 2; 215
554; 477; 2; 1; 219
544; 337; 1; 2; 222
450; 386; 2; 1; 224
483; 394; 2; 1; 241
553; 428; 2; 1; 243
558; 388; 1; 2; 246
497; 349; 1; 2; 252
535; 400; 1; 2; 252
420; 401; 1; 2; 252
466; 429; 1; 2; 255
404; 367; 1; 2; 256
562; 335; 2; 1; 272
449; 448; 2; 1; 274
514; 565; 2; 1; 287
342; 437; 1; 2; 305
478; 511; 1; 2; 310
396; 341; 2; 1; 312
457; 349; 2; 1; 314
555; 335; 2; 1; 318
492; 504; 1; 2; 330
460; 479; 1; 2; 333
447; 476; 2; 1; 335
358; 396; 2; 1; 337
459; 450; 1; 2; 341
538; 467; 1; 2; 344
376; 473; 2; 1; 347
428; 550; 2; 1; 353
470; 563; 1; 2; 353
488; 410; 2; 1; 378
547; 405; 2; 1; 403
342; 371; 2; 1; 414
338; 440; 2; 1; 419
495; 381; 2; 1; 488
472; 568; 1; 2; 496
377; 551; 1; 2; 502
557; 574; 2; 1; 504
510; 389; 1; 2; 508
523; 521; 1; 2; 529
438; 406; 2; 1; 535
359; 519; 2; 1; 540
541; 532; 1; 2; 553
503; 407; 1; 2; 570
374; 383; 1; 2; 580
434; 549; 1; 2; 591
443; 573; 1; 2; 593
361; 428; 1; 2; 594
529; 529; 1; 2; 606
503; 522; 2; 1; 612
538; 549; 1; 2; 614
451; 453; 2; 1; 616
510; 551; 2; 1; 622
544; 379; 2; 1; 624
567; 525; 1; 2; 630
347; 345; 1; 2; 632
349; 438; 2; 1; 668
527; 371; 1; 2; 674
390; 372; 2; 1; 674
514; 481; 1; 2; 676
420; 565; 2; 1; 677
533; 482; 2; 1; 678
573; 501; 1; 2; 682
430; 533; 1; 2; 682
527; 456; 2; 1; 683
367; 338; 2; 1; 688
493; 419; 1; 2; 706
523; 331; 1; 2; 719
539; 482; 2; 1; 719
554; 396; 2; 1; 742
369; 395; 1; 2; 744
420; 409; 1; 2; 758
369; 528; 2; 1; 767
348; 523; 2; 1; 769
543; 431; 1; 2; 774
550; 336; 1; 2; 798
371; 484; 2; 1; 803
472; 464; 2; 1; 816
459; 429; 1; 2; 817
360; 539; 2; 1; 818
26
2; 1; 31; 4806
20; 1; 41; 8337
12; 1; 9; 9605
0; 1; 49; 11069
5; 1; 4; 11174
18; 1; 4; 11990
11; 1; 7; 12270
3; 1; 45; 13972
9; 1; 40; 14332
23; 1; 33; 15097
1; 1; 7; 15254
7; 1; 39; 18074
24; 1; 14; 19866
13; 1; 18; 20387
21; 1; 48; 23754
14; 1; 3; 29389
16; 1; 17; 30829
15; 1; 8; 32683
22; 1; 26; 34471
4; 1; 39; 37470
25; 1; 35; 39337
10; 1; 35; 48813
8; 1; 3; 49500
19; 1; 48; 51084
17; 1; 4; 52236
6; 1; 11; 53277
