**** 73 ****
56
90; 51; 2; 1; 10
91; 67; 2; 1; 10
63; 83; 1; 2; 11
40; 71; 2; 1; 11
80; 49; 2; 1; 19
65; 74; 2; 1; 20
44; 42; 1; 2; 24
43; 45; 2; 1; 24
80; 73; 2; 1; 24
64; 97; 2; 1; 35
63; 82; 1; 2; 40
63; 39; 2; 1; 45
74; 96; 2; 1; 45
66; 46; 1; 2; 53
83; 41; 1; 2; 55
46; 37; 2; 1; 64
72; 40; 1; 2; 68
52; 73; 2; 1; 69
69; 96; 2; 1; 70
73; 38; 1; 2; 77
83; 69; 2; 1; 78
48; 80; 2; 1; 80
97; 65; 1; 2; 80
58; 74; 2; 1; 83
87; 56; 1; 2; 84
33; 44; 2; 1; 85
70; 58; 1; 2; 89
58; 68; 1; 2; 90
74; 81; 1; 2; 98
42; 82; 1; 2; 105
54; 65; 1; 2; 107
33; 71; 1; 2; 108
49; 91; 2; 1; 109
52; 42; 2; 1; 114
97; 37; 1; 2; 117
51; 91; 2; 1; 122
90; 85; 2; 1; 122
61; 39; 1; 2; 123
74; 83; 2; 1; 126
75; 76; 1; 2; 127
62; 65; 2; 1; 138
73; 76; 2; 1; 138
43; 71; 1; 2; 138
52; 66; 2; 1; 139
53; 74; 1; 2; 139
88; 74; 2; 1; 145
96; 85; 1; 2; 145
68; 78; 2; 1; 147
96; 46; 1; 2; 147
63; 67; 1; 2; 149
92; 82; 2; 1; 150
50; 37; 2; 1; 153
36; 48; 1; 2; 159
53; 69; 1; 2; 164
85; 40; 1; 2; 167
79; 55; 1; 2; 171
14
11; 1; 9; 79
10; 1; 23; 143
0; 1; 13; 370
1; 1; 31; 401
3; 1; 3; 581
2; 1; 12; 961
5; 1; 20; 1049
8; 1; 40; 1593
13; 1; 27; 1772
4; 1; 16; 2343
6; 1; 34; 3331
12; 1; 31; 3368
7; 1; 13; 3649
9; 1; 14; 3733
