**** 730 ****
116
459; 496; 2; 1; 8
350; 360; 1; 2; 21
484; 561; 2; 1; 31
442; 388; 2; 1; 48
565; 499; 2; 1; 50
486; 334; 2; 1; 58
491; 381; 1; 2; 59
563; 351; 2; 1; 64
415; 451; 2; 1; 66
362; 575; 2; 1; 70
429; 446; 2; 1; 76
566; 435; 2; 1; 79
386; 482; 1; 2; 87
355; 565; 2; 1; 91
489; 462; 1; 2; 99
427; 418; 2; 1; 100
572; 498; 2; 1; 104
333; 569; 2; 1; 109
370; 396; 1; 2; 109
516; 338; 1; 2; 115
501; 469; 2; 1; 122
571; 444; 2; 1; 123
491; 414; 2; 1; 154
437; 355; 1; 2; 158
544; 437; 1; 2; 163
379; 503; 2; 1; 167
371; 381; 2; 1; 169
552; 498; 2; 1; 171
449; 554; 1; 2; 174
366; 381; 2; 1; 181
558; 431; 2; 1; 183
477; 468; 2; 1; 184
573; 436; 1; 2; 185
517; 480; 2; 1; 201
460; 419; 2; 1; 202
536; 477; 2; 1; 202
547; 428; 1; 2; 208
503; 460; 1; 2; 213
387; 410; 2; 1; 224
421; 491; 1; 2; 225
513; 538; 1; 2; 227
405; 451; 2; 1; 230
571; 544; 2; 1; 231
377; 465; 1; 2; 238
542; 441; 1; 2; 241
497; 523; 2; 1; 251
374; 510; 2; 1; 252
377; 355; 1; 2; 267
524; 476; 1; 2; 271
465; 411; 1; 2; 274
447; 464; 2; 1; 277
343; 334; 2; 1; 287
551; 566; 1; 2; 296
480; 569; 2; 1; 300
464; 509; 1; 2; 305
517; 341; 1; 2; 341
511; 363; 1; 2; 349
572; 405; 2; 1; 353
368; 337; 2; 1; 358
400; 550; 2; 1; 383
395; 365; 2; 1; 396
567; 534; 1; 2; 402
414; 424; 2; 1; 417
334; 451; 1; 2; 424
521; 473; 1; 2; 427
540; 510; 2; 1; 431
551; 440; 2; 1; 434
415; 359; 1; 2; 443
385; 538; 1; 2; 449
461; 567; 1; 2; 469
382; 478; 1; 2; 501
342; 575; 2; 1; 505
531; 472; 2; 1; 512
565; 443; 1; 2; 512
435; 465; 2; 1; 518
514; 445; 1; 2; 520
494; 402; 2; 1; 531
503; 421; 1; 2; 534
360; 514; 2; 1; 538
571; 522; 2; 1; 538
516; 451; 1; 2; 561
355; 341; 1; 2; 565
370; 380; 2; 1; 570
473; 577; 2; 1; 575
427; 340; 2; 1; 577
523; 566; 1; 2; 590
570; 507; 2; 1; 591
421; 349; 2; 1; 597
366; 341; 1; 2; 604
422; 371; 1; 2; 614
437; 369; 2; 1; 616
424; 555; 2; 1; 622
462; 424; 1; 2; 623
415; 472; 2; 1; 637
546; 562; 2; 1; 649
493; 460; 2; 1; 655
407; 574; 1; 2; 669
426; 392; 2; 1; 670
391; 462; 2; 1; 691
565; 373; 2; 1; 695
335; 501; 1; 2; 699
521; 422; 1; 2; 705
426; 463; 2; 1; 707
452; 395; 1; 2; 732
349; 381; 2; 1; 733
573; 339; 1; 2; 740
381; 510; 2; 1; 754
367; 506; 2; 1; 757
515; 374; 2; 1; 782
401; 412; 2; 1; 785
422; 562; 2; 1; 808
429; 406; 1; 2; 810
467; 387; 1; 2; 812
443; 480; 1; 2; 824
405; 574; 2; 1; 824
516; 393; 1; 2; 826
26
12; 1; 20; 995
16; 1; 45; 3612
19; 1; 12; 7246
0; 1; 4; 8782
9; 1; 6; 8872
5; 1; 47; 10433
24; 1; 42; 10819
15; 1; 21; 11262
10; 1; 42; 11483
2; 1; 26; 16582
6; 1; 27; 16797
21; 1; 47; 18851
7; 1; 38; 20145
25; 1; 36; 22031
1; 1; 9; 25681
23; 1; 49; 27699
11; 1; 32; 29812
18; 1; 9; 35647
4; 1; 12; 36376
14; 1; 11; 36976
8; 1; 28; 38641
20; 1; 37; 42317
22; 1; 13; 47722
17; 1; 5; 48338
3; 1; 15; 50876
13; 1; 28; 51204
