**** 731 ****
116
396; 334; 1; 2; 6
436; 422; 1; 2; 12
488; 395; 2; 1; 16
440; 551; 1; 2; 20
546; 415; 2; 1; 22
419; 483; 2; 1; 33
349; 385; 2; 1; 36
381; 364; 1; 2; 37
381; 522; 1; 2; 51
470; 448; 2; 1; 53
359; 361; 2; 1; 63
390; 383; 2; 1; 76
475; 569; 2; 1; 77
504; 477; 2; 1; 83
461; 572; 2; 1; 85
350; 370; 1; 2; 86
476; 521; 1; 2; 99
515; 557; 2; 1; 100
502; 451; 2; 1; 102
557; 364; 1; 2; 104
463; 476; 2; 1; 106
567; 541; 1; 2; 107
554; 489; 1; 2; 112
403; 426; 2; 1; 129
468; 499; 2; 1; 131
403; 488; 2; 1; 140
379; 490; 1; 2; 141
534; 571; 1; 2; 142
571; 510; 2; 1; 143
440; 543; 2; 1; 154
451; 547; 2; 1; 165
523; 340; 2; 1; 190
435; 527; 1; 2; 195
358; 506; 2; 1; 196
355; 368; 1; 2; 211
549; 519; 2; 1; 222
374; 515; 2; 1; 223
418; 455; 2; 1; 238
424; 528; 1; 2; 255
566; 343; 2; 1; 261
519; 367; 2; 1; 266
416; 478; 1; 2; 271
569; 501; 2; 1; 302
343; 495; 1; 2; 305
448; 483; 2; 1; 326
354; 337; 2; 1; 326
365; 348; 1; 2; 331
529; 390; 1; 2; 331
400; 464; 2; 1; 336
431; 490; 2; 1; 343
574; 464; 2; 1; 344
446; 455; 2; 1; 344
556; 348; 2; 1; 352
390; 389; 2; 1; 358
337; 395; 2; 1; 360
513; 371; 1; 2; 366
349; 395; 1; 2; 374
366; 335; 2; 1; 387
518; 522; 1; 2; 400
541; 449; 2; 1; 403
375; 476; 2; 1; 405
349; 414; 1; 2; 411
529; 417; 1; 2; 417
460; 499; 1; 2; 418
522; 520; 1; 2; 421
563; 334; 2; 1; 424
426; 516; 1; 2; 425
333; 510; 1; 2; 427
386; 431; 1; 2; 428
379; 552; 1; 2; 439
398; 499; 2; 1; 459
509; 443; 2; 1; 463
505; 419; 1; 2; 474
471; 540; 1; 2; 493
452; 504; 1; 2; 504
558; 347; 1; 2; 509
495; 541; 1; 2; 512
377; 410; 1; 2; 527
518; 504; 2; 1; 528
386; 477; 2; 1; 546
543; 343; 1; 2; 554
337; 566; 2; 1; 563
487; 447; 2; 1; 567
349; 351; 1; 2; 568
473; 499; 1; 2; 579
364; 338; 2; 1; 589
444; 479; 2; 1; 590
428; 557; 1; 2; 591
527; 542; 1; 2; 612
569; 379; 2; 1; 613
391; 415; 2; 1; 632
359; 429; 1; 2; 639
461; 487; 1; 2; 642
505; 436; 1; 2; 651
534; 526; 1; 2; 666
551; 533; 2; 1; 672
352; 408; 2; 1; 675
349; 523; 2; 1; 681
444; 497; 2; 1; 685
525; 348; 2; 1; 689
430; 555; 2; 1; 692
384; 438; 1; 2; 695
346; 513; 1; 2; 702
548; 523; 1; 2; 705
472; 452; 2; 1; 716
550; 520; 1; 2; 720
443; 390; 1; 2; 739
506; 460; 2; 1; 743
518; 367; 1; 2; 753
529; 465; 2; 1; 776
575; 556; 1; 2; 802
396; 497; 2; 1; 808
536; 462; 1; 2; 811
519; 498; 2; 1; 822
462; 368; 2; 1; 825
506; 430; 2; 1; 827
26
1; 1; 30; 774
16; 1; 9; 3851
3; 1; 20; 3923
22; 1; 43; 4017
5; 1; 2; 4617
21; 1; 8; 9302
9; 1; 41; 9717
8; 1; 35; 12005
25; 1; 19; 12608
12; 1; 43; 13074
4; 1; 11; 14116
15; 1; 5; 14353
23; 1; 42; 15207
18; 1; 16; 17864
17; 1; 32; 19930
24; 1; 13; 20393
13; 1; 29; 20523
14; 1; 35; 21012
0; 1; 24; 28328
2; 1; 8; 31670
20; 1; 34; 32339
11; 1; 1; 36923
10; 1; 32; 40157
6; 1; 37; 47600
7; 1; 23; 50582
19; 1; 5; 50810
