**** 732 ****
116
458; 415; 1; 2; 2
529; 340; 1; 2; 10
336; 435; 1; 2; 10
576; 487; 2; 1; 10
481; 562; 1; 2; 11
559; 486; 2; 1; 16
468; 460; 2; 1; 28
453; 353; 2; 1; 37
491; 454; 2; 1; 43
445; 561; 1; 2; 56
450; 561; 1; 2; 58
335; 334; 2; 1; 62
344; 411; 1; 2; 65
417; 416; 1; 2; 68
576; 517; 2; 1; 73
356; 334; 2; 1; 79
479; 497; 2; 1; 79
352; 430; 1; 2; 82
399; 564; 1; 2; 83
486; 535; 1; 2; 85
377; 406; 1; 2; 86
534; 337; 1; 2; 87
431; 465; 1; 2; 91
423; 460; 2; 1; 92
557; 568; 1; 2; 111
342; 394; 1; 2; 113
376; 467; 1; 2; 121
464; 463; 1; 2; 127
516; 500; 2; 1; 136
534; 339; 1; 2; 137
565; 442; 2; 1; 145
367; 425; 1; 2; 154
427; 445; 2; 1; 158
544; 348; 1; 2; 165
380; 421; 1; 2; 173
488; 387; 2; 1; 175
438; 356; 2; 1; 197
558; 531; 2; 1; 198
545; 350; 1; 2; 202
414; 426; 2; 1; 228
518; 429; 1; 2; 230
356; 378; 2; 1; 250
346; 500; 1; 2; 253
386; 331; 2; 1; 257
575; 382; 1; 2; 269
518; 539; 2; 1; 276
506; 342; 1; 2; 278
402; 488; 2; 1; 283
537; 430; 2; 1; 284
493; 361; 1; 2; 301
381; 333; 1; 2; 315
361; 357; 2; 1; 316
509; 391; 1; 2; 342
361; 370; 2; 1; 351
543; 441; 1; 2; 352
457; 465; 1; 2; 353
548; 370; 1; 2; 354
549; 461; 2; 1; 366
439; 510; 1; 2; 373
437; 574; 2; 1; 376
569; 498; 1; 2; 381
492; 362; 2; 1; 381
413; 405; 2; 1; 383
395; 477; 1; 2; 383
359; 538; 1; 2; 387
338; 339; 2; 1; 390
345; 504; 1; 2; 422
486; 420; 1; 2; 425
519; 540; 2; 1; 456
427; 380; 2; 1; 467
520; 440; 2; 1; 467
545; 513; 1; 2; 470
402; 443; 2; 1; 474
456; 361; 2; 1; 485
363; 568; 2; 1; 485
533; 416; 1; 2; 498
570; 421; 2; 1; 518
565; 540; 1; 2; 531
460; 441; 1; 2; 551
417; 410; 1; 2; 558
340; 363; 1; 2; 560
369; 469; 1; 2; 575
522; 450; 2; 1; 580
435; 560; 2; 1; 592
549; 576; 1; 2; 592
334; 488; 2; 1; 600
546; 341; 1; 2; 600
368; 427; 1; 2; 604
537; 528; 1; 2; 607
411; 384; 1; 2; 611
498; 342; 1; 2; 617
562; 347; 1; 2; 623
398; 455; 2; 1; 649
453; 417; 2; 1; 651
365; 466; 2; 1; 657
426; 445; 2; 1; 666
409; 545; 1; 2; 670
364; 569; 2; 1; 681
366; 425; 1; 2; 687
333; 497; 2; 1; 693
466; 524; 2; 1; 694
419; 412; 2; 1; 700
373; 458; 2; 1; 704
410; 448; 2; 1; 744
383; 410; 1; 2; 753
477; 563; 2; 1; 757
418; 529; 2; 1; 757
459; 458; 2; 1; 759
472; 548; 1; 2; 765
557; 544; 2; 1; 786
423; 450; 1; 2; 794
541; 576; 1; 2; 803
333; 538; 1; 2; 814
525; 385; 2; 1; 826
501; 514; 1; 2; 827
413; 445; 2; 1; 830
26
8; 1; 4; 2338
3; 1; 24; 7001
1; 1; 16; 8078
22; 1; 24; 8405
25; 1; 9; 9137
23; 1; 19; 9889
19; 1; 21; 10314
11; 1; 11; 10696
15; 1; 33; 16769
14; 1; 22; 17121
20; 1; 32; 20796
16; 1; 39; 21374
24; 1; 38; 22675
2; 1; 44; 25144
13; 1; 29; 29803
5; 1; 7; 30851
21; 1; 46; 31239
12; 1; 36; 33997
4; 1; 33; 37015
18; 1; 26; 38584
6; 1; 32; 40509
9; 1; 30; 40572
17; 1; 8; 42771
10; 1; 40; 48881
0; 1; 43; 51895
7; 1; 28; 52575
