**** 733 ****
116
512; 442; 1; 2; 16
377; 352; 2; 1; 23
541; 342; 1; 2; 36
386; 379; 1; 2; 36
338; 339; 1; 2; 39
536; 359; 1; 2; 42
493; 465; 2; 1; 51
479; 337; 1; 2; 53
430; 488; 2; 1; 73
522; 494; 1; 2; 76
338; 512; 2; 1; 77
462; 397; 1; 2; 79
381; 363; 2; 1; 82
534; 432; 1; 2; 88
464; 560; 1; 2; 98
552; 569; 1; 2; 117
403; 472; 1; 2; 124
461; 408; 1; 2; 133
392; 572; 1; 2; 137
536; 410; 2; 1; 139
503; 394; 2; 1; 142
477; 541; 2; 1; 151
480; 384; 2; 1; 155
372; 440; 1; 2; 157
373; 548; 2; 1; 170
560; 390; 1; 2; 176
355; 468; 2; 1; 183
372; 558; 2; 1; 191
512; 351; 1; 2; 195
491; 333; 1; 2; 201
524; 331; 2; 1; 204
507; 493; 1; 2; 223
549; 498; 2; 1; 226
332; 407; 2; 1; 230
475; 362; 1; 2; 233
448; 407; 2; 1; 239
511; 366; 2; 1; 255
405; 433; 1; 2; 262
340; 483; 2; 1; 284
354; 519; 2; 1; 288
356; 517; 1; 2; 299
446; 372; 2; 1; 310
500; 459; 1; 2; 316
439; 551; 1; 2; 335
538; 393; 2; 1; 348
532; 366; 2; 1; 368
389; 401; 2; 1; 370
525; 479; 2; 1; 373
564; 499; 2; 1; 386
556; 518; 1; 2; 388
396; 345; 1; 2; 389
338; 509; 2; 1; 390
404; 530; 2; 1; 395
396; 568; 2; 1; 399
454; 517; 2; 1; 399
456; 565; 1; 2; 412
563; 377; 1; 2; 417
391; 388; 2; 1; 420
519; 417; 1; 2; 421
550; 416; 2; 1; 425
468; 404; 2; 1; 430
540; 517; 2; 1; 436
564; 420; 2; 1; 456
530; 484; 2; 1; 457
342; 427; 1; 2; 481
375; 459; 1; 2; 486
429; 455; 1; 2; 495
410; 503; 2; 1; 504
526; 520; 1; 2; 506
516; 394; 1; 2; 510
416; 530; 2; 1; 513
414; 434; 1; 2; 525
524; 488; 2; 1; 525
501; 432; 2; 1; 545
419; 468; 1; 2; 552
530; 476; 1; 2; 556
541; 341; 1; 2; 584
414; 495; 2; 1; 593
425; 514; 1; 2; 596
557; 441; 1; 2; 607
444; 438; 2; 1; 612
371; 564; 2; 1; 624
449; 349; 1; 2; 625
516; 392; 1; 2; 634
493; 477; 1; 2; 642
502; 403; 1; 2; 649
540; 332; 2; 1; 653
386; 441; 1; 2; 658
415; 401; 1; 2; 658
407; 555; 2; 1; 667
463; 412; 2; 1; 672
577; 534; 1; 2; 673
384; 385; 2; 1; 675
374; 533; 2; 1; 693
467; 536; 2; 1; 700
493; 568; 2; 1; 702
540; 503; 1; 2; 702
336; 367; 2; 1; 709
364; 344; 1; 2; 709
470; 519; 1; 2; 719
479; 552; 1; 2; 725
355; 383; 2; 1; 726
533; 577; 2; 1; 746
331; 571; 2; 1; 750
467; 428; 2; 1; 751
397; 520; 1; 2; 754
395; 375; 1; 2; 768
499; 430; 1; 2; 774
355; 376; 2; 1; 792
558; 532; 2; 1; 793
400; 441; 2; 1; 796
375; 577; 1; 2; 801
438; 406; 2; 1; 807
358; 542; 1; 2; 815
567; 420; 1; 2; 817
407; 469; 1; 2; 827
26
18; 1; 32; 1570
1; 1; 8; 2188
2; 1; 46; 4852
20; 1; 25; 7904
11; 1; 13; 8473
10; 1; 27; 12110
19; 1; 15; 15547
22; 1; 2; 16220
13; 1; 44; 17157
5; 1; 19; 17285
23; 1; 42; 18464
25; 1; 8; 19172
3; 1; 40; 25836
0; 1; 47; 28499
9; 1; 6; 29009
14; 1; 30; 29946
16; 1; 45; 32257
17; 1; 6; 32375
15; 1; 48; 34194
12; 1; 21; 34287
8; 1; 36; 36452
21; 1; 24; 36939
4; 1; 28; 38717
7; 1; 37; 40441
24; 1; 22; 40504
6; 1; 25; 41575
