**** 734 ****
116
571; 418; 1; 2; 3
381; 561; 2; 1; 8
464; 393; 1; 2; 11
490; 510; 1; 2; 48
389; 484; 2; 1; 53
524; 359; 2; 1; 62
402; 508; 2; 1; 63
547; 348; 1; 2; 64
517; 402; 2; 1; 85
573; 349; 2; 1; 102
418; 495; 1; 2; 110
552; 516; 1; 2; 115
414; 436; 2; 1; 118
561; 345; 2; 1; 118
510; 430; 2; 1; 119
543; 452; 2; 1; 141
426; 425; 2; 1; 143
347; 469; 1; 2; 144
400; 432; 2; 1; 148
436; 537; 2; 1; 149
460; 371; 1; 2; 154
448; 378; 2; 1; 155
418; 521; 1; 2; 155
472; 446; 1; 2; 159
500; 353; 2; 1; 166
570; 360; 1; 2; 170
522; 495; 1; 2; 176
518; 469; 1; 2; 183
530; 339; 2; 1; 184
554; 368; 1; 2; 187
360; 461; 2; 1; 193
451; 498; 2; 1; 193
450; 352; 1; 2; 200
499; 428; 2; 1; 216
497; 563; 2; 1; 221
333; 553; 1; 2; 225
550; 500; 1; 2; 242
395; 479; 2; 1; 247
439; 363; 2; 1; 261
440; 546; 1; 2; 267
531; 392; 2; 1; 274
375; 451; 1; 2; 283
409; 566; 1; 2; 299
519; 352; 2; 1; 299
539; 463; 1; 2; 301
366; 399; 2; 1; 309
390; 430; 1; 2; 319
337; 397; 2; 1; 321
450; 404; 2; 1; 324
429; 395; 2; 1; 326
541; 445; 2; 1; 334
365; 552; 2; 1; 334
562; 452; 2; 1; 340
368; 439; 1; 2; 352
432; 551; 2; 1; 373
548; 490; 1; 2; 396
399; 394; 2; 1; 397
373; 334; 1; 2; 398
534; 374; 1; 2; 398
545; 421; 2; 1; 405
567; 424; 1; 2; 408
541; 461; 1; 2; 417
331; 541; 1; 2; 420
566; 336; 2; 1; 423
419; 446; 1; 2; 425
337; 425; 2; 1; 427
351; 559; 1; 2; 428
467; 550; 1; 2; 430
476; 465; 2; 1; 447
481; 376; 2; 1; 458
342; 551; 2; 1; 464
390; 406; 2; 1; 484
469; 364; 2; 1; 503
429; 347; 1; 2; 504
519; 461; 2; 1; 508
361; 469; 1; 2; 518
493; 461; 2; 1; 536
331; 568; 2; 1; 537
566; 379; 1; 2; 541
482; 472; 2; 1; 541
471; 520; 1; 2; 553
558; 428; 1; 2; 562
401; 468; 1; 2; 563
561; 372; 2; 1; 570
382; 560; 2; 1; 572
421; 461; 2; 1; 572
405; 469; 1; 2; 587
494; 415; 2; 1; 589
362; 373; 2; 1; 595
426; 551; 1; 2; 596
439; 545; 1; 2; 601
429; 357; 2; 1; 606
431; 478; 1; 2; 631
481; 453; 1; 2; 634
553; 369; 1; 2; 638
462; 529; 1; 2; 639
340; 516; 2; 1; 645
518; 474; 2; 1; 683
567; 357; 1; 2; 688
524; 461; 1; 2; 696
384; 379; 2; 1; 697
379; 481; 2; 1; 711
341; 356; 1; 2; 718
431; 377; 1; 2; 732
475; 451; 1; 2; 735
447; 569; 2; 1; 753
525; 490; 2; 1; 770
443; 395; 1; 2; 770
434; 336; 2; 1; 784
423; 385; 2; 1; 787
383; 394; 2; 1; 791
565; 442; 1; 2; 796
362; 436; 2; 1; 800
376; 394; 2; 1; 810
519; 467; 1; 2; 817
395; 412; 1; 2; 824
26
5; 1; 20; 3051
2; 1; 45; 4405
0; 1; 14; 9800
15; 1; 14; 11883
11; 1; 18; 23955
16; 1; 25; 24676
1; 1; 5; 24859
22; 1; 10; 25525
6; 1; 15; 25971
21; 1; 31; 27266
4; 1; 45; 27711
10; 1; 23; 30239
23; 1; 47; 30348
14; 1; 1; 30622
24; 1; 14; 31485
25; 1; 48; 31854
13; 1; 11; 32476
17; 1; 5; 32509
19; 1; 5; 37993
8; 1; 45; 40991
18; 1; 45; 43173
12; 1; 1; 43953
20; 1; 42; 44214
3; 1; 4; 45819
7; 1; 28; 50968
9; 1; 39; 52080
