**** 735 ****
116
335; 570; 2; 1; 2
527; 548; 1; 2; 3
483; 384; 2; 1; 3
525; 440; 1; 2; 8
361; 572; 2; 1; 32
363; 502; 2; 1; 46
472; 447; 2; 1; 59
495; 444; 1; 2; 67
402; 450; 1; 2; 81
501; 456; 2; 1; 87
438; 424; 2; 1; 113
560; 529; 1; 2; 119
560; 452; 2; 1; 121
514; 415; 2; 1; 124
576; 335; 2; 1; 127
486; 559; 2; 1; 132
421; 350; 1; 2; 141
435; 443; 1; 2; 150
369; 439; 2; 1; 159
432; 377; 2; 1; 174
351; 366; 1; 2; 181
494; 408; 2; 1; 195
359; 371; 2; 1; 199
453; 340; 2; 1; 204
460; 400; 1; 2; 216
563; 423; 1; 2; 223
442; 415; 1; 2; 228
483; 369; 2; 1; 228
370; 577; 2; 1; 230
509; 508; 1; 2; 233
440; 411; 2; 1; 238
427; 503; 1; 2; 242
522; 396; 2; 1; 247
396; 461; 2; 1; 248
505; 500; 1; 2; 249
500; 465; 2; 1; 269
335; 463; 1; 2; 273
466; 335; 1; 2; 276
374; 346; 1; 2; 278
564; 357; 1; 2; 281
378; 385; 2; 1; 283
560; 512; 2; 1; 284
429; 538; 1; 2; 286
480; 393; 1; 2; 293
429; 470; 1; 2; 295
433; 419; 2; 1; 302
574; 357; 2; 1; 314
398; 498; 1; 2; 314
521; 563; 2; 1; 316
389; 550; 1; 2; 325
344; 475; 2; 1; 336
382; 344; 1; 2; 347
543; 447; 2; 1; 350
370; 350; 1; 2; 361
524; 406; 2; 1; 379
519; 447; 1; 2; 380
496; 563; 1; 2; 395
504; 470; 2; 1; 432
354; 353; 2; 1; 436
424; 413; 1; 2; 459
451; 361; 1; 2; 461
501; 355; 1; 2; 468
466; 372; 1; 2; 476
506; 349; 1; 2; 497
507; 526; 1; 2; 501
349; 471; 2; 1; 505
407; 383; 1; 2; 509
552; 363; 2; 1; 518
557; 389; 1; 2; 520
518; 546; 1; 2; 523
343; 556; 2; 1; 526
411; 514; 2; 1; 531
517; 466; 2; 1; 531
426; 354; 2; 1; 533
347; 576; 2; 1; 535
506; 516; 1; 2; 537
478; 575; 2; 1; 539
370; 493; 2; 1; 540
431; 527; 2; 1; 569
538; 357; 2; 1; 581
380; 433; 1; 2; 594
413; 340; 1; 2; 602
545; 463; 2; 1; 603
394; 524; 2; 1; 618
524; 541; 1; 2; 619
459; 514; 1; 2; 637
521; 338; 2; 1; 641
426; 416; 2; 1; 673
403; 542; 2; 1; 675
509; 424; 2; 1; 678
489; 493; 2; 1; 684
540; 569; 2; 1; 688
367; 335; 2; 1; 692
432; 525; 2; 1; 693
540; 503; 1; 2; 705
376; 410; 2; 1; 707
381; 500; 2; 1; 712
425; 447; 2; 1; 722
535; 492; 1; 2; 727
477; 538; 2; 1; 732
488; 428; 1; 2; 733
423; 486; 1; 2; 737
497; 535; 1; 2; 744
332; 466; 1; 2; 747
556; 475; 1; 2; 749
496; 572; 1; 2; 771
532; 356; 1; 2; 777
397; 456; 1; 2; 781
429; 432; 2; 1; 782
451; 367; 2; 1; 803
520; 374; 2; 1; 808
471; 459; 1; 2; 808
378; 434; 1; 2; 817
404; 498; 2; 1; 819
570; 357; 1; 2; 820
504; 364; 1; 2; 822
26
23; 1; 23; 936
11; 1; 42; 4758
22; 1; 19; 9572
24; 1; 5; 12691
16; 1; 34; 16289
7; 1; 16; 22124
2; 1; 1; 26052
5; 1; 41; 26682
8; 1; 11; 30578
25; 1; 39; 30853
21; 1; 48; 31651
12; 1; 33; 31750
19; 1; 43; 32731
20; 1; 1; 32848
14; 1; 1; 34638
9; 1; 19; 37669
4; 1; 8; 40965
15; 1; 18; 41727
3; 1; 36; 44672
18; 1; 17; 44835
17; 1; 24; 46112
6; 1; 24; 46483
13; 1; 14; 47505
0; 1; 17; 51219
1; 1; 26; 52927
10; 1; 23; 52972
