**** 736 ****
116
518; 443; 1; 2; 11
544; 561; 2; 1; 16
361; 407; 1; 2; 18
408; 452; 2; 1; 21
525; 528; 2; 1; 21
364; 407; 1; 2; 22
401; 460; 2; 1; 30
535; 346; 1; 2; 30
515; 558; 2; 1; 31
496; 477; 1; 2; 43
495; 521; 1; 2; 56
558; 575; 1; 2; 59
542; 531; 2; 1; 69
425; 504; 2; 1; 73
438; 494; 2; 1; 81
355; 485; 2; 1; 85
358; 355; 2; 1; 105
526; 387; 1; 2; 108
576; 569; 2; 1; 115
335; 422; 1; 2; 151
569; 538; 1; 2; 153
544; 469; 1; 2; 158
380; 474; 2; 1; 162
512; 447; 2; 1; 162
405; 531; 2; 1; 181
496; 380; 1; 2; 182
439; 409; 1; 2; 183
548; 531; 1; 2; 188
429; 548; 1; 2; 191
366; 406; 1; 2; 192
384; 548; 2; 1; 197
392; 532; 1; 2; 216
522; 406; 2; 1; 234
520; 354; 2; 1; 250
473; 376; 2; 1; 273
464; 490; 1; 2; 293
439; 571; 2; 1; 312
527; 525; 2; 1; 316
340; 572; 1; 2; 318
416; 394; 2; 1; 320
437; 446; 1; 2; 325
345; 516; 2; 1; 329
520; 410; 2; 1; 334
491; 513; 1; 2; 343
417; 455; 2; 1; 349
504; 558; 2; 1; 367
577; 460; 2; 1; 368
546; 358; 1; 2; 384
423; 508; 2; 1; 397
346; 494; 2; 1; 404
464; 357; 1; 2; 417
496; 331; 2; 1; 425
501; 387; 1; 2; 425
488; 354; 1; 2; 430
506; 369; 1; 2; 435
562; 389; 1; 2; 438
472; 442; 1; 2; 441
457; 397; 1; 2; 453
565; 346; 1; 2; 472
501; 363; 2; 1; 477
452; 410; 2; 1; 485
471; 395; 2; 1; 487
476; 363; 2; 1; 488
558; 338; 1; 2; 494
479; 417; 1; 2; 500
382; 456; 2; 1; 500
333; 340; 1; 2; 501
511; 532; 2; 1; 507
499; 427; 1; 2; 507
512; 348; 1; 2; 514
342; 338; 1; 2; 531
432; 548; 1; 2; 537
358; 506; 1; 2; 551
459; 576; 1; 2; 565
346; 352; 2; 1; 565
572; 519; 1; 2; 572
368; 479; 1; 2; 575
544; 443; 1; 2; 579
483; 435; 1; 2; 579
557; 363; 1; 2; 607
456; 488; 2; 1; 609
398; 522; 1; 2; 610
409; 389; 1; 2; 612
422; 420; 1; 2; 620
360; 543; 2; 1; 624
424; 352; 1; 2; 635
516; 406; 2; 1; 639
519; 343; 2; 1; 643
366; 423; 1; 2; 644
416; 561; 1; 2; 648
544; 471; 2; 1; 652
490; 536; 2; 1; 662
346; 460; 2; 1; 662
512; 373; 1; 2; 663
382; 533; 1; 2; 668
519; 532; 2; 1; 670
425; 421; 1; 2; 680
521; 495; 1; 2; 695
360; 400; 1; 2; 698
477; 360; 1; 2; 699
452; 357; 1; 2; 704
534; 384; 1; 2; 718
533; 400; 2; 1; 730
562; 565; 2; 1; 731
536; 389; 1; 2; 757
366; 570; 1; 2; 764
564; 547; 2; 1; 764
465; 532; 1; 2; 771
541; 577; 1; 2; 786
438; 387; 2; 1; 786
484; 551; 1; 2; 795
388; 354; 2; 1; 817
460; 518; 1; 2; 819
422; 570; 1; 2; 825
493; 492; 1; 2; 832
502; 477; 1; 2; 834
26
6; 1; 34; 2129
12; 1; 32; 6306
13; 1; 12; 6517
21; 1; 31; 8878
10; 1; 47; 8943
15; 1; 11; 9684
24; 1; 44; 15702
1; 1; 8; 16518
19; 1; 19; 19562
4; 1; 21; 26097
3; 1; 8; 26136
14; 1; 23; 28681
18; 1; 18; 31407
23; 1; 32; 32632
22; 1; 13; 33991
16; 1; 1; 35542
0; 1; 2; 37684
2; 1; 49; 38108
5; 1; 39; 43290
8; 1; 36; 43644
11; 1; 23; 44387
9; 1; 33; 49520
7; 1; 46; 49924
17; 1; 40; 49990
20; 1; 28; 50564
25; 1; 24; 52345
