**** 737 ****
117
524; 572; 1; 2; 6
561; 507; 1; 2; 13
404; 568; 1; 2; 16
510; 348; 1; 2; 20
574; 451; 1; 2; 24
454; 567; 2; 1; 34
422; 344; 1; 2; 37
363; 550; 2; 1; 39
515; 336; 1; 2; 47
458; 504; 2; 1; 53
399; 584; 1; 2; 55
390; 349; 1; 2; 59
341; 361; 1; 2; 59
488; 350; 1; 2; 64
519; 498; 2; 1; 71
562; 555; 2; 1; 71
394; 552; 1; 2; 79
523; 523; 2; 1; 89
452; 497; 2; 1; 108
404; 437; 2; 1; 137
440; 477; 1; 2; 139
569; 375; 2; 1; 147
392; 411; 2; 1; 148
341; 519; 2; 1; 155
342; 385; 1; 2; 183
557; 547; 1; 2; 185
456; 513; 2; 1; 185
511; 526; 2; 1; 191
518; 506; 2; 1; 195
480; 503; 2; 1; 197
447; 447; 2; 1; 199
391; 490; 1; 2; 201
509; 577; 1; 2; 209
473; 451; 2; 1; 212
553; 558; 1; 2; 230
476; 496; 1; 2; 250
350; 564; 1; 2; 257
546; 497; 2; 1; 261
438; 472; 1; 2; 272
534; 459; 1; 2; 277
411; 342; 2; 1; 277
524; 430; 1; 2; 288
577; 432; 2; 1; 301
413; 488; 2; 1; 315
538; 421; 2; 1; 316
338; 401; 2; 1; 323
448; 412; 1; 2; 328
535; 488; 1; 2; 336
477; 479; 2; 1; 336
578; 424; 2; 1; 337
359; 490; 1; 2; 347
448; 558; 2; 1; 348
497; 520; 1; 2; 355
546; 482; 2; 1; 356
356; 529; 1; 2; 357
419; 359; 2; 1; 365
387; 512; 2; 1; 391
548; 555; 2; 1; 396
400; 342; 2; 1; 399
368; 415; 1; 2; 413
393; 415; 2; 1; 416
585; 360; 2; 1; 424
552; 372; 2; 1; 446
541; 454; 1; 2; 453
562; 519; 1; 2; 459
372; 530; 1; 2; 462
365; 577; 1; 2; 486
350; 458; 1; 2; 495
534; 359; 2; 1; 506
423; 406; 2; 1; 513
466; 348; 1; 2; 518
373; 454; 1; 2; 518
521; 517; 1; 2; 522
481; 536; 2; 1; 546
423; 345; 1; 2; 547
514; 373; 1; 2; 563
539; 399; 1; 2; 568
539; 447; 2; 1; 572
537; 458; 2; 1; 579
516; 455; 1; 2; 585
366; 406; 1; 2; 585
488; 400; 1; 2; 588
374; 504; 1; 2; 588
465; 562; 2; 1; 594
404; 394; 2; 1; 594
506; 575; 2; 1; 599
504; 448; 1; 2; 620
567; 380; 2; 1; 624
504; 360; 1; 2; 627
521; 466; 2; 1; 633
409; 468; 1; 2; 634
583; 449; 2; 1; 640
353; 499; 1; 2; 643
479; 379; 2; 1; 645
579; 533; 1; 2; 650
385; 408; 2; 1; 651
427; 531; 1; 2; 698
420; 352; 2; 1; 702
432; 437; 1; 2; 708
462; 434; 1; 2; 714
584; 462; 2; 1; 718
476; 423; 2; 1; 730
550; 473; 1; 2; 732
446; 346; 1; 2; 735
566; 575; 1; 2; 736
500; 417; 1; 2; 746
416; 336; 2; 1; 747
524; 350; 2; 1; 749
450; 510; 2; 1; 763
538; 483; 2; 1; 774
480; 432; 2; 1; 778
347; 583; 2; 1; 782
368; 554; 1; 2; 786
469; 431; 2; 1; 793
395; 361; 1; 2; 798
504; 564; 1; 2; 810
421; 363; 1; 2; 822
26
16; 1; 6; 3354
7; 1; 20; 4804
5; 1; 36; 7024
12; 1; 35; 7316
13; 1; 43; 8412
23; 1; 30; 11185
2; 1; 33; 12173
3; 1; 35; 12285
22; 1; 18; 14639
17; 1; 28; 16259
19; 1; 23; 17051
25; 1; 15; 17087
4; 1; 12; 17540
20; 1; 38; 18261
10; 1; 22; 22147
18; 1; 48; 26773
15; 1; 20; 27901
9; 1; 35; 31349
1; 1; 12; 41213
24; 1; 8; 42204
11; 1; 7; 44803
14; 1; 8; 48833
0; 1; 24; 49558
6; 1; 10; 49972
21; 1; 42; 50984
8; 1; 7; 51759
