**** 738 ****
117
552; 396; 2; 1; 0
408; 368; 2; 1; 0
418; 459; 2; 1; 3
524; 459; 1; 2; 5
419; 351; 1; 2; 20
393; 363; 1; 2; 32
446; 423; 1; 2; 43
358; 544; 2; 1; 44
524; 362; 1; 2; 48
475; 573; 2; 1; 55
428; 440; 1; 2; 56
447; 557; 2; 1; 61
356; 447; 1; 2; 83
456; 572; 1; 2; 84
381; 355; 2; 1; 111
383; 459; 1; 2; 122
493; 538; 2; 1; 132
486; 579; 1; 2; 157
496; 439; 1; 2; 159
545; 486; 1; 2; 163
569; 440; 2; 1; 164
568; 368; 1; 2; 167
559; 372; 1; 2; 171
403; 485; 1; 2; 179
409; 500; 2; 1; 182
573; 550; 2; 1; 185
460; 501; 2; 1; 189
365; 472; 2; 1; 193
585; 498; 1; 2; 195
549; 566; 2; 1; 200
464; 486; 2; 1; 205
424; 347; 1; 2; 208
342; 511; 1; 2; 209
389; 343; 1; 2; 222
498; 568; 1; 2; 228
349; 565; 1; 2; 230
481; 530; 1; 2; 234
503; 556; 1; 2; 237
474; 385; 1; 2; 241
583; 411; 2; 1; 242
419; 519; 2; 1; 259
442; 576; 1; 2; 265
382; 399; 2; 1; 265
578; 583; 1; 2; 282
567; 380; 1; 2; 286
551; 345; 1; 2; 286
430; 394; 1; 2; 292
443; 528; 2; 1; 308
490; 375; 1; 2; 313
462; 366; 1; 2; 314
486; 573; 2; 1; 316
478; 459; 2; 1; 321
510; 401; 1; 2; 326
454; 459; 2; 1; 326
369; 521; 2; 1; 345
540; 428; 1; 2; 357
469; 556; 2; 1; 359
412; 440; 1; 2; 380
512; 344; 1; 2; 397
555; 420; 1; 2; 403
545; 565; 1; 2; 428
506; 455; 1; 2; 434
377; 537; 1; 2; 435
566; 516; 1; 2; 449
415; 477; 1; 2; 451
437; 483; 2; 1; 452
417; 345; 1; 2; 452
481; 582; 1; 2; 467
349; 527; 2; 1; 471
512; 479; 1; 2; 502
357; 532; 1; 2; 511
443; 423; 2; 1; 521
395; 373; 1; 2; 524
502; 489; 1; 2; 528
422; 504; 1; 2; 532
511; 537; 2; 1; 539
489; 422; 2; 1; 541
529; 421; 1; 2; 553
393; 405; 2; 1; 554
491; 392; 1; 2; 565
394; 568; 2; 1; 568
566; 462; 1; 2; 570
374; 436; 2; 1; 585
423; 395; 2; 1; 604
367; 359; 1; 2; 629
442; 565; 1; 2; 638
360; 449; 1; 2; 650
421; 481; 2; 1; 658
528; 370; 2; 1; 662
474; 506; 1; 2; 679
356; 496; 2; 1; 695
346; 483; 1; 2; 700
484; 505; 1; 2; 701
343; 562; 2; 1; 704
464; 348; 2; 1; 714
497; 571; 2; 1; 720
413; 412; 1; 2; 720
369; 345; 1; 2; 728
485; 441; 2; 1; 729
487; 424; 2; 1; 737
452; 458; 1; 2; 748
526; 455; 2; 1; 748
503; 349; 2; 1; 761
408; 528; 2; 1; 765
585; 513; 2; 1; 766
434; 413; 2; 1; 767
354; 408; 1; 2; 773
573; 355; 1; 2; 775
393; 547; 1; 2; 781
408; 480; 1; 2; 798
412; 365; 2; 1; 802
410; 521; 2; 1; 804
419; 539; 1; 2; 809
361; 474; 1; 2; 811
548; 439; 1; 2; 818
479; 368; 2; 1; 822
558; 568; 2; 1; 833
26
24; 1; 34; 669
13; 1; 5; 2868
11; 1; 36; 6681
14; 1; 32; 7113
22; 1; 32; 9354
2; 1; 36; 9992
23; 1; 30; 11592
1; 1; 20; 17135
9; 1; 21; 17700
15; 1; 26; 19643
17; 1; 43; 19919
3; 1; 49; 23581
18; 1; 43; 26922
8; 1; 49; 31086
7; 1; 1; 31415
16; 1; 24; 36425
10; 1; 48; 44132
4; 1; 31; 45327
6; 1; 43; 45951
5; 1; 37; 46192
19; 1; 41; 46453
20; 1; 3; 47122
0; 1; 41; 47639
12; 1; 10; 49241
21; 1; 40; 50150
25; 1; 4; 53982
