**** 739 ****
117
392; 530; 1; 2; 8
414; 497; 1; 2; 13
485; 417; 1; 2; 21
457; 452; 2; 1; 23
410; 398; 2; 1; 40
564; 568; 2; 1; 40
371; 468; 1; 2; 43
384; 467; 2; 1; 43
492; 558; 1; 2; 47
558; 463; 2; 1; 47
575; 412; 1; 2; 58
508; 522; 1; 2; 82
562; 417; 1; 2; 84
388; 345; 1; 2; 95
401; 505; 1; 2; 109
564; 415; 2; 1; 110
366; 441; 2; 1; 114
509; 490; 1; 2; 115
454; 548; 2; 1; 121
517; 483; 1; 2; 126
421; 467; 2; 1; 143
421; 351; 1; 2; 147
407; 413; 2; 1; 152
545; 559; 2; 1; 162
349; 467; 2; 1; 169
389; 556; 1; 2; 171
338; 475; 2; 1; 174
408; 460; 2; 1; 188
424; 566; 2; 1; 190
380; 421; 2; 1; 193
469; 365; 1; 2; 204
366; 374; 2; 1; 210
412; 556; 1; 2; 212
524; 496; 2; 1; 225
487; 382; 2; 1; 235
398; 457; 1; 2; 237
373; 413; 1; 2; 241
387; 382; 1; 2; 252
437; 574; 1; 2; 252
399; 414; 2; 1; 255
408; 547; 1; 2; 285
567; 438; 1; 2; 291
442; 470; 2; 1; 294
344; 568; 1; 2; 314
409; 356; 1; 2; 314
528; 475; 2; 1; 318
357; 500; 2; 1; 319
563; 336; 1; 2; 321
527; 460; 1; 2; 329
448; 580; 2; 1; 333
564; 399; 2; 1; 338
381; 427; 2; 1; 349
349; 537; 1; 2; 361
465; 556; 1; 2; 373
406; 525; 1; 2; 380
428; 446; 1; 2; 391
544; 397; 1; 2; 398
500; 341; 1; 2; 408
535; 477; 1; 2; 421
571; 347; 2; 1; 423
420; 435; 2; 1; 424
389; 347; 2; 1; 433
469; 355; 2; 1; 436
543; 373; 2; 1; 437
351; 450; 2; 1; 441
454; 422; 2; 1; 443
450; 369; 1; 2; 447
537; 415; 1; 2; 457
419; 568; 1; 2; 463
518; 569; 2; 1; 465
562; 523; 2; 1; 521
363; 485; 1; 2; 530
423; 421; 2; 1; 533
385; 408; 2; 1; 535
492; 563; 1; 2; 552
584; 340; 2; 1; 562
337; 490; 1; 2; 571
516; 424; 2; 1; 576
529; 515; 1; 2; 577
511; 483; 1; 2; 579
540; 375; 1; 2; 581
428; 510; 1; 2; 590
551; 408; 1; 2; 591
438; 400; 1; 2; 591
350; 545; 2; 1; 605
343; 431; 2; 1; 614
503; 373; 2; 1; 624
434; 567; 1; 2; 630
368; 489; 1; 2; 630
429; 464; 1; 2; 635
347; 428; 2; 1; 636
544; 448; 1; 2; 656
421; 579; 2; 1; 664
417; 510; 2; 1; 666
527; 495; 2; 1; 675
395; 503; 2; 1; 682
378; 379; 1; 2; 698
440; 446; 1; 2; 709
508; 510; 1; 2; 716
401; 555; 2; 1; 727
499; 416; 2; 1; 733
530; 408; 2; 1; 742
550; 532; 1; 2; 747
388; 381; 2; 1; 761
526; 501; 1; 2; 763
464; 456; 2; 1; 763
471; 521; 2; 1; 775
536; 407; 1; 2; 777
477; 393; 2; 1; 784
415; 511; 1; 2; 788
516; 354; 1; 2; 806
460; 404; 2; 1; 808
426; 432; 1; 2; 810
535; 459; 1; 2; 811
379; 339; 1; 2; 816
522; 382; 1; 2; 829
544; 336; 1; 2; 835
26
9; 1; 45; 4119
19; 1; 34; 5543
15; 1; 3; 5929
12; 1; 4; 7914
24; 1; 11; 8945
17; 1; 21; 10871
22; 1; 43; 12942
16; 1; 24; 15372
25; 1; 45; 17138
18; 1; 28; 17719
10; 1; 8; 18019
0; 1; 32; 19739
4; 1; 37; 20352
7; 1; 22; 20906
5; 1; 32; 21410
11; 1; 21; 25304
8; 1; 23; 28406
3; 1; 47; 28480
20; 1; 33; 34024
21; 1; 5; 35441
14; 1; 43; 36915
13; 1; 31; 37912
23; 1; 13; 39241
2; 1; 9; 46925
6; 1; 36; 47357
1; 1; 35; 49943
