**** 74 ****
56
71; 91; 1; 2; 2
49; 68; 2; 1; 4
82; 97; 1; 2; 7
76; 41; 2; 1; 10
85; 78; 1; 2; 15
33; 55; 1; 2; 16
55; 89; 1; 2; 16
81; 48; 2; 1; 18
51; 92; 2; 1; 32
37; 31; 1; 2; 36
97; 32; 1; 2; 38
53; 91; 1; 2; 38
63; 75; 1; 2; 38
95; 64; 1; 2; 39
31; 49; 1; 2; 44
66; 34; 1; 2; 48
42; 66; 2; 1; 48
59; 83; 2; 1; 50
38; 71; 2; 1; 53
34; 38; 2; 1; 56
44; 73; 1; 2; 58
91; 41; 1; 2; 68
59; 53; 2; 1; 72
44; 47; 1; 2; 74
55; 77; 1; 2; 74
46; 49; 2; 1; 86
50; 72; 2; 1; 89
54; 33; 1; 2; 92
81; 88; 2; 1; 93
61; 56; 2; 1; 105
42; 56; 1; 2; 114
34; 61; 1; 2; 118
32; 65; 2; 1; 123
84; 96; 2; 1; 127
54; 86; 1; 2; 128
47; 72; 1; 2; 138
91; 47; 1; 2; 138
44; 47; 2; 1; 140
46; 77; 2; 1; 144
47; 54; 2; 1; 145
65; 64; 1; 2; 145
75; 71; 2; 1; 148
44; 54; 2; 1; 152
58; 70; 1; 2; 153
92; 79; 1; 2; 154
63; 60; 2; 1; 154
69; 48; 1; 2; 155
92; 91; 2; 1; 156
40; 83; 2; 1; 157
83; 38; 2; 1; 160
66; 68; 2; 1; 163
93; 32; 1; 2; 163
53; 45; 2; 1; 164
81; 51; 1; 2; 166
61; 86; 1; 2; 169
42; 69; 1; 2; 171
14
12; 1; 24; 62
5; 1; 21; 286
6; 1; 19; 345
13; 1; 1; 416
2; 1; 33; 525
3; 1; 27; 576
1; 1; 41; 856
4; 1; 19; 1593
11; 1; 23; 1796
0; 1; 47; 1940
9; 1; 12; 2120
8; 1; 39; 3109
7; 1; 28; 3264
10; 1; 2; 3294
