**** 740 ****
117
438; 481; 2; 1; 1
466; 477; 2; 1; 29
464; 434; 2; 1; 30
454; 480; 1; 2; 35
532; 400; 1; 2; 39
471; 342; 1; 2; 51
350; 572; 1; 2; 54
490; 524; 2; 1; 54
435; 540; 1; 2; 67
495; 417; 1; 2; 96
457; 389; 1; 2; 97
518; 538; 2; 1; 101
517; 361; 2; 1; 102
532; 469; 2; 1; 103
392; 585; 1; 2; 120
490; 563; 2; 1; 124
372; 361; 1; 2; 152
416; 369; 2; 1; 155
465; 392; 1; 2; 162
570; 464; 2; 1; 165
495; 493; 2; 1; 170
466; 510; 2; 1; 175
450; 483; 1; 2; 192
428; 356; 2; 1; 192
385; 582; 1; 2; 198
404; 529; 2; 1; 202
384; 504; 2; 1; 203
526; 527; 2; 1; 212
437; 528; 1; 2; 216
362; 561; 1; 2; 217
374; 573; 2; 1; 225
388; 375; 2; 1; 226
519; 474; 2; 1; 232
538; 456; 1; 2; 250
386; 438; 2; 1; 265
445; 452; 1; 2; 275
345; 357; 2; 1; 283
384; 584; 2; 1; 286
457; 548; 1; 2; 290
427; 405; 1; 2; 299
583; 575; 1; 2; 305
568; 511; 2; 1; 316
505; 500; 2; 1; 317
374; 343; 1; 2; 325
568; 523; 1; 2; 330
533; 485; 2; 1; 331
406; 360; 1; 2; 333
440; 536; 2; 1; 333
405; 354; 1; 2; 341
577; 407; 2; 1; 345
398; 378; 2; 1; 352
450; 529; 2; 1; 357
415; 385; 2; 1; 366
428; 473; 2; 1; 370
476; 376; 1; 2; 378
565; 576; 2; 1; 433
518; 385; 1; 2; 441
575; 414; 1; 2; 445
497; 512; 2; 1; 446
507; 389; 2; 1; 451
531; 496; 2; 1; 463
336; 430; 2; 1; 463
492; 568; 2; 1; 474
461; 580; 1; 2; 488
563; 536; 2; 1; 490
500; 558; 1; 2; 493
545; 469; 2; 1; 502
480; 584; 1; 2; 504
358; 536; 1; 2; 507
567; 571; 2; 1; 513
542; 498; 2; 1; 515
371; 355; 2; 1; 517
427; 554; 2; 1; 520
497; 374; 2; 1; 521
466; 510; 2; 1; 521
529; 441; 1; 2; 530
488; 457; 2; 1; 532
490; 410; 1; 2; 545
437; 533; 1; 2; 546
470; 516; 2; 1; 572
510; 501; 1; 2; 573
551; 469; 1; 2; 584
413; 583; 2; 1; 585
448; 395; 1; 2; 597
582; 361; 2; 1; 599
496; 585; 2; 1; 602
502; 567; 2; 1; 604
368; 444; 2; 1; 607
476; 470; 1; 2; 621
539; 421; 2; 1; 625
506; 417; 2; 1; 635
413; 336; 2; 1; 643
356; 413; 2; 1; 652
351; 405; 2; 1; 654
535; 457; 1; 2; 658
429; 577; 1; 2; 678
374; 433; 2; 1; 684
506; 535; 2; 1; 688
459; 482; 2; 1; 713
578; 521; 2; 1; 717
409; 403; 2; 1; 726
490; 522; 2; 1; 728
363; 427; 2; 1; 746
508; 430; 2; 1; 750
407; 374; 2; 1; 750
453; 534; 2; 1; 750
428; 354; 2; 1; 750
382; 511; 2; 1; 752
350; 436; 2; 1; 759
470; 525; 2; 1; 777
353; 386; 2; 1; 790
348; 579; 1; 2; 796
572; 448; 1; 2; 797
424; 420; 1; 2; 815
398; 425; 1; 2; 818
409; 420; 2; 1; 823
491; 385; 1; 2; 829
26
2; 1; 16; 1110
10; 1; 25; 1755
9; 1; 23; 1812
12; 1; 29; 3655
15; 1; 32; 4825
1; 1; 1; 5753
5; 1; 39; 5825
24; 1; 35; 6441
19; 1; 12; 9447
17; 1; 33; 13729
7; 1; 12; 13765
18; 1; 12; 15321
23; 1; 4; 18473
3; 1; 2; 23531
20; 1; 26; 23598
25; 1; 5; 23977
4; 1; 47; 25286
0; 1; 46; 27800
11; 1; 45; 31253
16; 1; 38; 35239
6; 1; 1; 36211
14; 1; 32; 36231
13; 1; 26; 41539
22; 1; 44; 42329
8; 1; 23; 54064
21; 1; 29; 54190
