**** 741 ****
117
350; 502; 2; 1; 0
426; 427; 1; 2; 5
380; 388; 2; 1; 12
423; 345; 2; 1; 18
492; 420; 1; 2; 20
349; 499; 2; 1; 25
579; 541; 2; 1; 42
470; 478; 2; 1; 42
342; 493; 2; 1; 48
385; 362; 2; 1; 53
581; 434; 2; 1; 55
494; 506; 2; 1; 55
415; 579; 1; 2; 70
563; 560; 1; 2; 75
503; 338; 2; 1; 99
508; 507; 2; 1; 106
510; 568; 1; 2; 119
484; 381; 2; 1; 124
567; 477; 2; 1; 131
494; 574; 1; 2; 133
494; 390; 1; 2; 134
340; 364; 2; 1; 137
494; 382; 2; 1; 153
517; 401; 2; 1; 170
526; 381; 2; 1; 173
382; 483; 1; 2; 191
473; 575; 2; 1; 196
562; 505; 2; 1; 207
383; 357; 2; 1; 219
469; 417; 2; 1; 235
548; 496; 1; 2; 239
347; 562; 1; 2; 278
359; 478; 2; 1; 281
451; 543; 1; 2; 283
531; 508; 2; 1; 285
365; 397; 1; 2; 287
576; 522; 1; 2; 291
456; 495; 2; 1; 300
416; 483; 2; 1; 303
523; 547; 2; 1; 306
340; 464; 2; 1; 318
468; 392; 2; 1; 342
433; 382; 1; 2; 364
578; 395; 1; 2; 367
489; 578; 2; 1; 373
379; 525; 2; 1; 378
432; 531; 1; 2; 381
554; 511; 2; 1; 392
543; 371; 2; 1; 398
462; 570; 2; 1; 400
580; 467; 1; 2; 401
553; 504; 2; 1; 411
481; 399; 1; 2; 411
458; 433; 1; 2; 413
377; 555; 1; 2; 414
542; 549; 1; 2; 418
415; 501; 1; 2; 425
420; 421; 1; 2; 435
571; 512; 1; 2; 445
565; 400; 1; 2; 449
401; 464; 2; 1; 452
421; 470; 1; 2; 457
480; 344; 1; 2; 460
503; 556; 1; 2; 464
510; 380; 2; 1; 475
391; 349; 2; 1; 476
401; 582; 2; 1; 479
463; 524; 2; 1; 485
406; 397; 1; 2; 507
520; 444; 2; 1; 516
492; 470; 1; 2; 521
437; 528; 2; 1; 523
585; 554; 2; 1; 528
417; 421; 2; 1; 529
359; 429; 1; 2; 543
519; 541; 1; 2; 545
374; 434; 1; 2; 549
425; 349; 1; 2; 551
348; 443; 1; 2; 554
445; 341; 2; 1; 561
464; 398; 1; 2; 563
454; 418; 1; 2; 565
339; 370; 1; 2; 568
473; 568; 2; 1; 571
513; 467; 1; 2; 578
551; 556; 2; 1; 581
574; 565; 2; 1; 599
413; 371; 2; 1; 612
488; 436; 2; 1; 616
421; 564; 2; 1; 616
474; 379; 2; 1; 617
416; 432; 2; 1; 628
483; 449; 2; 1; 648
459; 373; 2; 1; 654
571; 508; 1; 2; 678
390; 576; 2; 1; 679
401; 493; 1; 2; 680
470; 425; 2; 1; 690
425; 521; 1; 2; 696
508; 567; 2; 1; 723
565; 412; 1; 2; 727
518; 564; 2; 1; 729
398; 484; 1; 2; 731
391; 569; 1; 2; 740
363; 445; 1; 2; 748
393; 457; 2; 1; 755
380; 426; 1; 2; 775
561; 348; 1; 2; 781
364; 558; 1; 2; 784
383; 446; 1; 2; 795
395; 578; 1; 2; 796
457; 454; 2; 1; 798
487; 426; 1; 2; 808
531; 545; 2; 1; 809
399; 451; 1; 2; 821
515; 526; 1; 2; 825
342; 468; 2; 1; 836
26
21; 1; 32; 1634
11; 1; 25; 4915
14; 1; 26; 6470
15; 1; 44; 7728
4; 1; 18; 8870
23; 1; 11; 8913
10; 1; 16; 14485
18; 1; 15; 15021
0; 1; 17; 15235
19; 1; 29; 16476
17; 1; 15; 17150
1; 1; 35; 19648
13; 1; 1; 20205
25; 1; 15; 21054
5; 1; 27; 23225
2; 1; 3; 27795
22; 1; 5; 27920
16; 1; 12; 36114
12; 1; 12; 36604
3; 1; 30; 36775
24; 1; 27; 44655
7; 1; 10; 46541
6; 1; 31; 47876
8; 1; 7; 52391
20; 1; 10; 53519
9; 1; 29; 53897
