**** 742 ****
117
486; 565; 1; 2; 0
394; 522; 2; 1; 2
351; 494; 2; 1; 15
454; 402; 2; 1; 15
390; 502; 2; 1; 15
553; 510; 1; 2; 46
541; 423; 2; 1; 49
518; 444; 2; 1; 49
368; 451; 2; 1; 51
498; 347; 2; 1; 55
440; 531; 1; 2; 69
379; 417; 1; 2; 88
381; 520; 2; 1; 103
361; 366; 2; 1; 104
493; 493; 2; 1; 114
461; 518; 1; 2; 123
495; 430; 2; 1; 128
347; 527; 1; 2; 134
462; 578; 2; 1; 134
566; 468; 2; 1; 135
579; 497; 2; 1; 161
521; 518; 1; 2; 162
399; 500; 1; 2; 172
415; 369; 1; 2; 178
492; 363; 1; 2; 181
431; 372; 2; 1; 181
457; 562; 1; 2; 181
504; 468; 2; 1; 197
338; 412; 2; 1; 199
449; 446; 1; 2; 215
557; 408; 2; 1; 216
545; 490; 2; 1; 221
364; 368; 1; 2; 231
424; 405; 2; 1; 235
475; 356; 2; 1; 247
384; 420; 1; 2; 250
550; 521; 1; 2; 256
517; 558; 1; 2; 262
534; 461; 1; 2; 281
534; 575; 2; 1; 286
448; 379; 2; 1; 286
555; 352; 1; 2; 295
385; 545; 2; 1; 297
368; 559; 2; 1; 297
528; 555; 2; 1; 298
412; 391; 1; 2; 300
380; 541; 2; 1; 302
345; 478; 1; 2; 312
400; 366; 1; 2; 321
484; 440; 1; 2; 327
377; 373; 2; 1; 331
382; 399; 2; 1; 336
549; 475; 2; 1; 352
463; 560; 1; 2; 352
553; 369; 1; 2; 388
510; 564; 2; 1; 398
424; 458; 2; 1; 406
456; 561; 2; 1; 414
379; 396; 2; 1; 414
487; 426; 1; 2; 416
445; 422; 1; 2; 420
464; 396; 2; 1; 420
487; 380; 2; 1; 422
576; 387; 2; 1; 424
441; 559; 1; 2; 435
536; 371; 1; 2; 446
457; 352; 2; 1; 448
435; 361; 2; 1; 450
523; 566; 2; 1; 456
463; 452; 1; 2; 464
440; 356; 1; 2; 472
523; 420; 1; 2; 473
435; 434; 1; 2; 482
531; 429; 1; 2; 494
547; 401; 2; 1; 507
404; 369; 2; 1; 513
525; 401; 2; 1; 515
375; 560; 1; 2; 522
502; 529; 1; 2; 539
565; 582; 2; 1; 547
397; 525; 2; 1; 553
398; 397; 1; 2; 553
423; 351; 1; 2; 558
391; 541; 2; 1; 582
473; 451; 1; 2; 591
584; 479; 1; 2; 603
509; 478; 2; 1; 609
337; 487; 1; 2; 647
466; 519; 2; 1; 656
456; 551; 2; 1; 670
348; 556; 1; 2; 674
370; 424; 2; 1; 676
376; 449; 1; 2; 683
382; 506; 2; 1; 683
463; 560; 2; 1; 695
389; 399; 2; 1; 704
360; 371; 1; 2; 708
422; 574; 2; 1; 712
505; 376; 1; 2; 712
561; 342; 2; 1; 721
407; 543; 1; 2; 724
421; 379; 1; 2; 749
340; 408; 1; 2; 753
502; 423; 2; 1; 761
430; 582; 1; 2; 762
524; 470; 2; 1; 771
506; 453; 2; 1; 772
543; 371; 2; 1; 773
533; 566; 1; 2; 789
447; 382; 1; 2; 791
577; 514; 1; 2; 806
390; 337; 1; 2; 816
464; 368; 2; 1; 829
400; 354; 2; 1; 829
410; 404; 2; 1; 831
461; 381; 2; 1; 836
428; 485; 2; 1; 837
26
17; 1; 33; 3022
12; 1; 46; 4572
1; 1; 33; 5299
3; 1; 5; 5533
18; 1; 43; 5754
2; 1; 25; 7776
25; 1; 48; 7846
19; 1; 4; 9897
0; 1; 41; 13789
5; 1; 38; 17839
9; 1; 12; 19126
7; 1; 49; 20655
4; 1; 48; 21336
13; 1; 15; 24171
20; 1; 2; 25347
10; 1; 8; 28162
14; 1; 43; 28235
11; 1; 9; 40401
6; 1; 6; 42514
16; 1; 22; 42888
15; 1; 14; 44855
8; 1; 34; 45421
23; 1; 40; 45566
22; 1; 10; 52194
21; 1; 21; 52219
24; 1; 35; 53303
