**** 743 ****
117
584; 390; 1; 2; 0
409; 509; 1; 2; 1
473; 523; 1; 2; 7
489; 508; 1; 2; 12
538; 449; 2; 1; 18
403; 578; 1; 2; 20
420; 524; 2; 1; 26
453; 349; 2; 1; 29
440; 508; 2; 1; 31
499; 455; 1; 2; 40
514; 411; 1; 2; 46
400; 366; 2; 1; 46
488; 538; 1; 2; 49
352; 580; 2; 1; 74
564; 570; 2; 1; 82
557; 414; 2; 1; 84
516; 404; 2; 1; 94
493; 501; 2; 1; 103
498; 473; 2; 1; 119
360; 395; 2; 1; 128
489; 346; 1; 2; 146
486; 367; 1; 2; 171
563; 351; 2; 1; 175
499; 423; 1; 2; 175
528; 438; 2; 1; 177
560; 408; 1; 2; 180
571; 357; 1; 2; 196
537; 521; 2; 1; 200
547; 537; 2; 1; 201
536; 530; 1; 2; 201
473; 419; 1; 2; 205
401; 396; 1; 2; 206
339; 548; 1; 2; 216
470; 499; 2; 1; 217
574; 421; 2; 1; 236
512; 475; 2; 1; 266
377; 507; 2; 1; 270
436; 402; 1; 2; 279
581; 525; 1; 2; 287
403; 533; 2; 1; 294
511; 457; 2; 1; 298
341; 489; 1; 2; 304
398; 471; 1; 2; 315
528; 392; 1; 2; 317
568; 416; 1; 2; 323
383; 546; 1; 2; 324
368; 410; 2; 1; 333
444; 395; 2; 1; 334
341; 395; 2; 1; 348
585; 348; 1; 2; 350
491; 366; 1; 2; 350
419; 344; 1; 2; 354
405; 584; 2; 1; 356
356; 497; 2; 1; 362
527; 418; 1; 2; 385
518; 360; 1; 2; 386
446; 509; 1; 2; 414
394; 357; 1; 2; 427
461; 361; 2; 1; 429
515; 577; 1; 2; 433
344; 573; 1; 2; 453
511; 523; 1; 2; 460
467; 349; 1; 2; 466
519; 528; 2; 1; 484
404; 500; 2; 1; 486
522; 433; 1; 2; 496
567; 457; 2; 1; 497
483; 471; 2; 1; 499
443; 491; 1; 2; 509
537; 406; 2; 1; 515
442; 530; 1; 2; 518
424; 585; 1; 2; 519
546; 436; 2; 1; 519
419; 447; 2; 1; 523
483; 518; 2; 1; 560
440; 444; 2; 1; 575
393; 472; 1; 2; 583
570; 444; 2; 1; 587
450; 521; 2; 1; 589
486; 513; 2; 1; 591
581; 454; 1; 2; 594
554; 398; 1; 2; 612
418; 532; 2; 1; 623
487; 571; 1; 2; 629
504; 500; 2; 1; 638
373; 494; 2; 1; 642
575; 554; 2; 1; 652
545; 509; 1; 2; 657
374; 554; 1; 2; 658
409; 362; 1; 2; 674
420; 579; 2; 1; 692
527; 508; 2; 1; 695
368; 349; 2; 1; 699
359; 391; 1; 2; 701
583; 377; 1; 2; 703
492; 397; 2; 1; 714
431; 363; 2; 1; 718
366; 359; 2; 1; 722
460; 528; 1; 2; 730
412; 527; 2; 1; 736
507; 353; 1; 2; 736
372; 568; 2; 1; 738
373; 347; 1; 2; 755
395; 544; 1; 2; 756
457; 541; 2; 1; 759
411; 353; 2; 1; 766
545; 492; 2; 1; 772
430; 453; 2; 1; 779
423; 510; 2; 1; 780
535; 490; 1; 2; 784
431; 574; 1; 2; 786
580; 521; 2; 1; 789
424; 375; 2; 1; 809
448; 539; 2; 1; 812
371; 505; 1; 2; 818
501; 351; 1; 2; 834
564; 453; 1; 2; 835
26
12; 1; 32; 1579
19; 1; 26; 1618
16; 1; 43; 2986
18; 1; 43; 4660
15; 1; 15; 5091
24; 1; 19; 8720
9; 1; 49; 21977
5; 1; 45; 22937
2; 1; 38; 23873
1; 1; 36; 27667
3; 1; 9; 28867
6; 1; 43; 29426
4; 1; 30; 32866
10; 1; 15; 32991
23; 1; 47; 34842
17; 1; 44; 35298
21; 1; 17; 36087
8; 1; 36; 37657
14; 1; 32; 37940
25; 1; 3; 45024
20; 1; 35; 45946
22; 1; 41; 46751
7; 1; 44; 50044
0; 1; 33; 50794
11; 1; 48; 53923
13; 1; 48; 54961
