**** 744 ****
117
383; 533; 2; 1; 7
344; 527; 2; 1; 10
579; 468; 1; 2; 24
514; 437; 2; 1; 28
367; 446; 2; 1; 39
472; 456; 1; 2; 40
437; 389; 2; 1; 44
475; 556; 2; 1; 55
574; 555; 1; 2; 57
401; 465; 2; 1; 85
343; 387; 2; 1; 90
537; 496; 2; 1; 100
506; 425; 1; 2; 103
424; 406; 2; 1; 107
571; 486; 2; 1; 113
501; 381; 2; 1; 140
362; 548; 2; 1; 145
557; 505; 2; 1; 146
526; 431; 2; 1; 152
529; 437; 2; 1; 156
422; 354; 1; 2; 166
555; 511; 1; 2; 170
351; 551; 1; 2; 182
460; 582; 2; 1; 182
377; 578; 1; 2; 187
381; 562; 2; 1; 189
505; 567; 2; 1; 195
483; 539; 2; 1; 200
469; 381; 2; 1; 205
377; 558; 1; 2; 222
570; 525; 1; 2; 223
527; 456; 1; 2; 226
523; 336; 1; 2; 232
552; 530; 1; 2; 236
393; 431; 2; 1; 248
569; 563; 2; 1; 249
574; 410; 1; 2; 268
584; 382; 2; 1; 283
563; 424; 1; 2; 285
557; 347; 1; 2; 295
385; 458; 2; 1; 296
416; 578; 2; 1; 301
445; 459; 2; 1; 302
441; 576; 2; 1; 305
474; 367; 2; 1; 316
354; 449; 1; 2; 317
580; 349; 1; 2; 322
429; 438; 1; 2; 331
575; 471; 2; 1; 332
469; 424; 2; 1; 333
510; 499; 1; 2; 354
384; 520; 2; 1; 355
569; 575; 2; 1; 364
544; 519; 2; 1; 366
584; 492; 2; 1; 373
416; 516; 1; 2; 385
370; 426; 1; 2; 400
429; 438; 2; 1; 402
374; 365; 2; 1; 406
471; 429; 2; 1; 410
358; 390; 2; 1; 414
506; 340; 2; 1; 439
374; 413; 2; 1; 448
380; 343; 2; 1; 462
383; 406; 2; 1; 469
469; 370; 2; 1; 475
471; 495; 2; 1; 482
576; 534; 1; 2; 486
348; 431; 2; 1; 492
558; 441; 2; 1; 501
461; 376; 2; 1; 514
368; 372; 1; 2; 515
362; 537; 1; 2; 515
475; 494; 2; 1; 520
421; 563; 1; 2; 521
446; 577; 2; 1; 527
436; 545; 1; 2; 529
564; 400; 2; 1; 534
425; 536; 1; 2; 539
341; 433; 2; 1; 546
571; 403; 1; 2; 562
565; 482; 1; 2; 578
394; 348; 2; 1; 595
456; 502; 2; 1; 617
491; 433; 2; 1; 618
459; 526; 2; 1; 622
469; 376; 2; 1; 624
487; 577; 2; 1; 627
541; 465; 1; 2; 638
414; 371; 1; 2; 638
397; 460; 2; 1; 640
563; 388; 1; 2; 656
365; 519; 2; 1; 671
576; 468; 2; 1; 673
572; 447; 1; 2; 674
361; 487; 2; 1; 687
477; 457; 1; 2; 688
405; 354; 1; 2; 689
500; 568; 1; 2; 691
342; 467; 1; 2; 695
433; 379; 2; 1; 732
432; 397; 2; 1; 742
402; 345; 1; 2; 783
428; 375; 2; 1; 786
478; 451; 2; 1; 793
440; 471; 2; 1; 796
401; 419; 2; 1; 798
382; 472; 1; 2; 803
546; 499; 1; 2; 807
541; 391; 2; 1; 811
411; 481; 2; 1; 813
382; 352; 1; 2; 814
403; 447; 1; 2; 825
517; 430; 2; 1; 835
423; 395; 1; 2; 836
428; 413; 2; 1; 837
493; 404; 1; 2; 842
26
7; 1; 37; 3204
4; 1; 49; 5394
20; 1; 9; 6661
9; 1; 13; 7169
10; 1; 11; 7186
8; 1; 2; 10510
25; 1; 13; 11427
0; 1; 47; 16202
1; 1; 13; 16250
11; 1; 14; 17225
22; 1; 7; 18277
13; 1; 2; 21356
24; 1; 32; 21726
3; 1; 42; 21788
14; 1; 4; 23138
2; 1; 37; 25462
15; 1; 23; 27738
6; 1; 40; 31058
23; 1; 12; 36621
12; 1; 40; 37567
21; 1; 38; 40001
18; 1; 32; 40837
16; 1; 26; 43556
5; 1; 41; 46814
19; 1; 40; 50794
17; 1; 39; 53588
