**** 745 ****
117
411; 465; 1; 2; 2
505; 341; 2; 1; 5
361; 403; 1; 2; 9
369; 429; 1; 2; 14
538; 396; 1; 2; 16
368; 519; 2; 1; 25
345; 493; 2; 1; 32
344; 410; 2; 1; 44
396; 436; 1; 2; 53
428; 398; 2; 1; 54
520; 471; 1; 2; 59
563; 443; 2; 1; 64
488; 398; 1; 2; 77
420; 547; 2; 1; 81
364; 435; 2; 1; 107
352; 475; 2; 1; 113
348; 427; 1; 2; 144
493; 491; 1; 2; 150
489; 549; 1; 2; 152
418; 489; 2; 1; 157
430; 453; 1; 2; 162
440; 574; 1; 2; 163
497; 581; 1; 2; 165
385; 438; 2; 1; 173
473; 390; 2; 1; 190
345; 500; 2; 1; 191
391; 502; 2; 1; 218
341; 362; 2; 1; 220
442; 540; 2; 1; 222
355; 458; 1; 2; 225
531; 460; 1; 2; 230
553; 505; 1; 2; 237
355; 562; 2; 1; 237
528; 383; 2; 1; 238
525; 562; 1; 2; 242
387; 530; 1; 2; 261
448; 467; 1; 2; 270
410; 342; 1; 2; 273
378; 452; 2; 1; 276
354; 341; 2; 1; 291
352; 492; 2; 1; 295
407; 552; 2; 1; 301
351; 538; 2; 1; 318
489; 484; 1; 2; 319
337; 485; 1; 2; 325
443; 566; 1; 2; 336
466; 415; 2; 1; 361
550; 479; 2; 1; 366
456; 360; 2; 1; 368
538; 515; 1; 2; 368
454; 434; 2; 1; 369
516; 386; 2; 1; 381
459; 372; 2; 1; 388
394; 521; 1; 2; 393
354; 411; 1; 2; 395
485; 399; 2; 1; 399
491; 571; 2; 1; 402
475; 566; 1; 2; 406
474; 564; 2; 1; 410
470; 420; 2; 1; 413
465; 412; 2; 1; 414
419; 462; 2; 1; 425
529; 361; 2; 1; 429
484; 575; 1; 2; 430
513; 582; 1; 2; 431
564; 346; 1; 2; 436
522; 524; 1; 2; 440
442; 428; 1; 2; 442
337; 487; 1; 2; 443
502; 519; 1; 2; 449
585; 478; 2; 1; 455
417; 542; 1; 2; 459
584; 496; 2; 1; 459
538; 536; 1; 2; 488
341; 481; 2; 1; 490
356; 576; 1; 2; 507
484; 339; 1; 2; 513
561; 384; 2; 1; 516
440; 541; 2; 1; 518
507; 556; 1; 2; 530
455; 577; 2; 1; 530
547; 419; 1; 2; 535
497; 392; 2; 1; 542
427; 436; 1; 2; 553
414; 571; 2; 1; 558
391; 558; 2; 1; 559
572; 374; 2; 1; 567
440; 530; 2; 1; 584
557; 391; 2; 1; 606
508; 405; 1; 2; 627
379; 491; 1; 2; 632
538; 450; 2; 1; 635
518; 511; 2; 1; 645
348; 534; 2; 1; 662
583; 585; 1; 2; 676
392; 456; 2; 1; 677
338; 546; 2; 1; 692
358; 567; 1; 2; 700
483; 427; 2; 1; 704
573; 343; 1; 2; 710
576; 377; 1; 2; 720
487; 352; 1; 2; 727
377; 456; 1; 2; 737
465; 435; 1; 2; 739
517; 446; 1; 2; 743
407; 413; 1; 2; 744
382; 396; 2; 1; 759
351; 356; 2; 1; 771
432; 446; 2; 1; 806
542; 459; 2; 1; 818
532; 439; 2; 1; 819
362; 393; 1; 2; 821
532; 433; 2; 1; 824
419; 405; 2; 1; 825
369; 463; 2; 1; 829
459; 366; 2; 1; 832
453; 537; 2; 1; 837
26
4; 1; 21; 660
15; 1; 12; 818
18; 1; 5; 2014
1; 1; 42; 3519
24; 1; 17; 5204
9; 1; 4; 8965
2; 1; 21; 9005
20; 1; 45; 11086
5; 1; 29; 12877
3; 1; 40; 14955
11; 1; 37; 15484
12; 1; 42; 18198
0; 1; 15; 24511
23; 1; 41; 27150
19; 1; 24; 29516
16; 1; 46; 30373
8; 1; 23; 33452
25; 1; 9; 34232
21; 1; 45; 34963
14; 1; 43; 39891
17; 1; 47; 41490
22; 1; 20; 43667
6; 1; 12; 44175
7; 1; 16; 45177
13; 1; 28; 50277
10; 1; 27; 51797
