**** 746 ****
117
436; 468; 2; 1; 5
519; 472; 1; 2; 17
532; 565; 2; 1; 24
415; 503; 2; 1; 29
481; 392; 2; 1; 29
562; 452; 1; 2; 31
357; 429; 1; 2; 32
556; 528; 2; 1; 35
384; 434; 1; 2; 38
367; 413; 1; 2; 40
349; 422; 1; 2; 48
556; 400; 1; 2; 54
462; 364; 2; 1; 87
422; 527; 1; 2; 93
491; 456; 1; 2; 103
384; 385; 2; 1; 104
446; 499; 1; 2; 121
437; 401; 1; 2; 140
384; 539; 2; 1; 142
479; 514; 1; 2; 143
397; 349; 1; 2; 145
573; 532; 2; 1; 163
432; 561; 2; 1; 170
583; 400; 1; 2; 174
395; 381; 2; 1; 183
500; 446; 1; 2; 196
478; 561; 1; 2; 199
453; 559; 1; 2; 205
560; 338; 2; 1; 211
489; 412; 2; 1; 213
456; 401; 1; 2; 222
569; 578; 1; 2; 228
572; 476; 1; 2; 229
491; 491; 1; 2; 231
403; 372; 1; 2; 237
365; 479; 1; 2; 243
515; 383; 1; 2; 263
530; 556; 1; 2; 267
468; 352; 1; 2; 279
393; 427; 2; 1; 289
420; 546; 2; 1; 296
344; 407; 2; 1; 296
576; 548; 2; 1; 309
382; 560; 1; 2; 317
528; 398; 2; 1; 331
551; 525; 2; 1; 348
517; 386; 1; 2; 353
502; 531; 2; 1; 362
480; 405; 1; 2; 369
336; 564; 1; 2; 371
362; 412; 2; 1; 374
407; 579; 1; 2; 374
355; 342; 2; 1; 375
452; 383; 1; 2; 377
351; 446; 1; 2; 386
452; 499; 1; 2; 398
558; 356; 1; 2; 399
510; 498; 1; 2; 401
361; 394; 2; 1; 411
346; 562; 1; 2; 422
518; 579; 1; 2; 429
451; 462; 2; 1; 433
566; 339; 1; 2; 433
550; 521; 2; 1; 455
345; 461; 2; 1; 455
382; 578; 1; 2; 469
457; 516; 2; 1; 471
466; 516; 2; 1; 483
430; 477; 2; 1; 483
367; 426; 1; 2; 484
423; 482; 2; 1; 496
571; 372; 2; 1; 509
429; 344; 2; 1; 524
348; 364; 1; 2; 536
382; 466; 1; 2; 537
545; 462; 1; 2; 540
432; 403; 1; 2; 553
523; 444; 1; 2; 556
428; 385; 1; 2; 559
573; 452; 2; 1; 563
467; 383; 1; 2; 572
390; 369; 2; 1; 574
517; 441; 2; 1; 588
458; 431; 2; 1; 605
347; 580; 1; 2; 612
470; 372; 1; 2; 612
367; 452; 2; 1; 618
371; 359; 2; 1; 621
502; 474; 1; 2; 624
477; 473; 2; 1; 637
460; 433; 1; 2; 641
346; 477; 2; 1; 641
478; 443; 1; 2; 658
441; 426; 2; 1; 665
426; 553; 1; 2; 666
386; 535; 1; 2; 667
529; 532; 2; 1; 681
475; 337; 1; 2; 693
479; 443; 1; 2; 704
467; 541; 1; 2; 717
549; 494; 1; 2; 733
492; 486; 2; 1; 735
424; 396; 2; 1; 735
570; 430; 2; 1; 741
489; 546; 1; 2; 743
387; 444; 1; 2; 746
361; 449; 2; 1; 749
455; 581; 2; 1; 758
383; 348; 1; 2; 758
569; 454; 1; 2; 772
500; 444; 1; 2; 772
551; 404; 1; 2; 786
539; 522; 1; 2; 790
486; 493; 1; 2; 809
363; 461; 2; 1; 810
528; 375; 2; 1; 840
429; 341; 2; 1; 844
26
23; 1; 12; 3018
15; 1; 7; 6177
9; 1; 14; 8383
0; 1; 39; 8506
13; 1; 8; 9683
2; 1; 12; 11430
25; 1; 8; 12551
5; 1; 42; 17709
11; 1; 32; 22098
8; 1; 37; 23550
21; 1; 14; 27226
10; 1; 22; 31284
22; 1; 42; 32204
19; 1; 47; 34736
4; 1; 39; 35487
16; 1; 48; 35575
1; 1; 44; 36112
12; 1; 31; 42691
7; 1; 7; 45285
20; 1; 13; 45636
3; 1; 1; 46668
24; 1; 46; 50071
14; 1; 43; 50359
17; 1; 48; 50600
6; 1; 35; 50807
18; 1; 15; 51366
