**** 747 ****
117
523; 338; 1; 2; 12
390; 560; 1; 2; 14
543; 569; 1; 2; 15
395; 452; 1; 2; 16
470; 545; 1; 2; 28
446; 490; 2; 1; 31
512; 363; 1; 2; 34
336; 517; 2; 1; 44
582; 565; 2; 1; 48
395; 397; 1; 2; 48
409; 508; 2; 1; 53
361; 552; 2; 1; 55
394; 359; 2; 1; 60
485; 548; 1; 2; 61
500; 340; 2; 1; 66
454; 339; 2; 1; 66
403; 375; 2; 1; 67
541; 435; 1; 2; 98
574; 501; 1; 2; 123
434; 348; 1; 2; 156
343; 460; 1; 2; 161
485; 558; 1; 2; 187
440; 447; 2; 1; 188
500; 473; 2; 1; 194
549; 411; 1; 2; 195
539; 379; 1; 2; 197
351; 489; 1; 2; 221
506; 469; 2; 1; 221
523; 516; 2; 1; 243
512; 372; 2; 1; 244
367; 467; 2; 1; 244
397; 348; 1; 2; 265
552; 428; 1; 2; 265
416; 517; 1; 2; 270
341; 387; 1; 2; 272
400; 449; 1; 2; 279
412; 538; 1; 2; 280
419; 573; 1; 2; 282
454; 564; 2; 1; 287
362; 557; 1; 2; 291
546; 461; 2; 1; 298
352; 437; 1; 2; 299
473; 404; 1; 2; 315
547; 530; 2; 1; 316
579; 543; 1; 2; 317
542; 391; 2; 1; 326
517; 429; 2; 1; 333
537; 419; 2; 1; 340
578; 369; 1; 2; 345
365; 359; 1; 2; 355
369; 415; 2; 1; 356
409; 450; 1; 2; 365
462; 557; 1; 2; 367
533; 493; 1; 2; 373
553; 352; 1; 2; 376
365; 433; 1; 2; 386
557; 552; 1; 2; 389
453; 343; 1; 2; 414
447; 357; 2; 1; 414
375; 449; 1; 2; 435
439; 451; 2; 1; 452
500; 551; 2; 1; 461
495; 539; 2; 1; 467
397; 475; 2; 1; 487
584; 438; 2; 1; 489
515; 368; 2; 1; 494
558; 556; 2; 1; 496
373; 349; 2; 1; 501
429; 539; 1; 2; 507
565; 395; 2; 1; 511
514; 581; 1; 2; 513
444; 392; 1; 2; 518
584; 520; 2; 1; 521
370; 504; 2; 1; 523
438; 414; 1; 2; 528
411; 489; 1; 2; 529
362; 547; 1; 2; 533
345; 460; 1; 2; 564
396; 394; 2; 1; 565
352; 395; 1; 2; 574
445; 488; 1; 2; 574
473; 441; 2; 1; 579
430; 389; 1; 2; 579
565; 443; 2; 1; 611
337; 473; 2; 1; 618
367; 553; 2; 1; 621
521; 525; 2; 1; 625
402; 395; 1; 2; 636
499; 387; 1; 2; 636
478; 381; 2; 1; 643
360; 571; 2; 1; 658
347; 525; 2; 1; 660
478; 561; 2; 1; 667
387; 421; 1; 2; 667
475; 426; 2; 1; 673
417; 537; 2; 1; 694
537; 535; 2; 1; 707
367; 443; 2; 1; 708
345; 460; 2; 1; 709
573; 356; 1; 2; 715
505; 499; 2; 1; 716
346; 565; 1; 2; 718
438; 420; 2; 1; 732
579; 442; 2; 1; 752
461; 451; 2; 1; 764
481; 413; 1; 2; 767
368; 428; 2; 1; 776
360; 571; 2; 1; 796
393; 395; 2; 1; 802
541; 464; 2; 1; 808
493; 464; 2; 1; 812
469; 488; 2; 1; 821
443; 370; 1; 2; 825
523; 499; 2; 1; 829
523; 408; 1; 2; 835
368; 346; 1; 2; 835
350; 511; 1; 2; 837
26
1; 1; 22; 4865
7; 1; 41; 7928
9; 1; 11; 8734
14; 1; 11; 12411
23; 1; 26; 12489
10; 1; 32; 14029
21; 1; 43; 14595
5; 1; 19; 16908
6; 1; 6; 17155
8; 1; 8; 21659
13; 1; 15; 22727
2; 1; 29; 24225
25; 1; 5; 25577
17; 1; 1; 26596
3; 1; 22; 28330
19; 1; 15; 29005
4; 1; 46; 29824
18; 1; 48; 30750
16; 1; 4; 31258
0; 1; 31; 31892
15; 1; 40; 33517
24; 1; 29; 41139
20; 1; 36; 45699
11; 1; 8; 46037
22; 1; 37; 48483
12; 1; 28; 50783
