**** 748 ****
118
539; 548; 1; 2; 1
348; 463; 1; 2; 6
517; 413; 1; 2; 10
453; 464; 1; 2; 20
377; 382; 2; 1; 30
378; 346; 1; 2; 48
522; 415; 1; 2; 49
531; 477; 1; 2; 70
473; 519; 2; 1; 82
531; 362; 1; 2; 85
378; 441; 1; 2; 86
572; 374; 2; 1; 92
442; 379; 1; 2; 98
494; 431; 2; 1; 99
550; 530; 2; 1; 104
488; 563; 2; 1; 109
492; 427; 1; 2; 125
385; 350; 1; 2; 132
549; 405; 2; 1; 141
384; 559; 1; 2; 145
370; 513; 1; 2; 155
525; 352; 1; 2; 163
495; 400; 1; 2; 178
478; 366; 2; 1; 180
460; 429; 2; 1; 187
446; 388; 2; 1; 188
497; 569; 2; 1; 191
450; 516; 2; 1; 199
541; 573; 1; 2; 209
342; 394; 2; 1; 211
371; 564; 1; 2; 219
382; 494; 1; 2; 222
443; 576; 1; 2; 228
568; 564; 2; 1; 238
365; 447; 1; 2; 241
472; 415; 2; 1; 246
516; 593; 2; 1; 259
389; 475; 1; 2; 261
452; 535; 2; 1; 279
386; 435; 2; 1; 281
547; 569; 1; 2; 282
443; 480; 2; 1; 283
415; 506; 2; 1; 305
394; 406; 2; 1; 317
401; 463; 1; 2; 325
537; 393; 1; 2; 329
571; 584; 1; 2; 339
341; 494; 2; 1; 342
528; 406; 2; 1; 344
549; 555; 1; 2; 346
388; 463; 1; 2; 349
546; 473; 2; 1; 350
557; 370; 1; 2; 354
470; 502; 2; 1; 358
419; 393; 2; 1; 393
557; 400; 1; 2; 395
532; 369; 1; 2; 395
500; 435; 1; 2; 406
527; 423; 2; 1; 408
527; 394; 1; 2; 413
367; 503; 1; 2; 413
358; 543; 2; 1; 416
433; 428; 2; 1; 416
354; 577; 2; 1; 427
436; 429; 1; 2; 434
414; 495; 1; 2; 442
560; 381; 1; 2; 444
519; 404; 2; 1; 450
458; 538; 1; 2; 473
561; 567; 1; 2; 473
488; 390; 1; 2; 474
513; 418; 2; 1; 476
481; 473; 2; 1; 482
393; 393; 1; 2; 484
589; 551; 1; 2; 488
503; 370; 2; 1; 493
512; 453; 2; 1; 496
357; 373; 1; 2; 506
387; 431; 2; 1; 515
588; 461; 1; 2; 519
495; 515; 2; 1; 530
362; 517; 1; 2; 534
521; 529; 1; 2; 543
483; 347; 2; 1; 551
500; 345; 2; 1; 564
418; 454; 1; 2; 572
382; 579; 1; 2; 584
509; 567; 2; 1; 589
475; 563; 2; 1; 591
486; 371; 1; 2; 596
367; 588; 1; 2; 599
538; 461; 1; 2; 615
467; 571; 2; 1; 622
513; 361; 1; 2; 632
553; 392; 2; 1; 640
381; 479; 2; 1; 641
557; 424; 1; 2; 651
492; 472; 1; 2; 656
419; 485; 1; 2; 690
447; 478; 1; 2; 711
501; 499; 1; 2; 726
357; 363; 1; 2; 733
413; 556; 2; 1; 740
557; 369; 1; 2; 742
356; 341; 2; 1; 742
510; 353; 2; 1; 752
348; 540; 1; 2; 756
584; 422; 2; 1; 756
341; 405; 1; 2; 762
584; 412; 2; 1; 763
431; 553; 2; 1; 773
357; 529; 1; 2; 783
493; 500; 2; 1; 790
413; 587; 1; 2; 793
346; 444; 2; 1; 798
376; 537; 1; 2; 799
428; 571; 2; 1; 806
377; 593; 1; 2; 841
26
7; 1; 10; 6288
1; 1; 38; 8185
23; 1; 35; 8694
25; 1; 41; 11390
2; 1; 43; 15292
9; 1; 41; 17675
6; 1; 24; 20024
12; 1; 4; 20405
17; 1; 1; 23236
8; 1; 10; 24353
22; 1; 33; 26147
11; 1; 44; 29488
15; 1; 8; 30307
16; 1; 34; 33703
20; 1; 18; 34099
4; 1; 44; 34424
10; 1; 49; 36119
0; 1; 44; 37637
5; 1; 12; 38609
19; 1; 45; 41215
18; 1; 19; 41761
21; 1; 32; 45447
3; 1; 17; 45614
24; 1; 41; 46463
14; 1; 23; 49343
13; 1; 30; 51380
