**** 749 ****
118
519; 522; 2; 1; 4
486; 527; 1; 2; 8
465; 383; 2; 1; 11
373; 491; 2; 1; 14
577; 592; 2; 1; 37
526; 557; 2; 1; 39
575; 396; 1; 2; 48
576; 543; 1; 2; 55
493; 446; 2; 1; 69
446; 369; 2; 1; 76
525; 563; 1; 2; 77
370; 546; 1; 2; 89
526; 445; 1; 2; 92
505; 410; 2; 1; 104
404; 464; 2; 1; 109
521; 367; 1; 2; 127
357; 574; 2; 1; 127
469; 378; 1; 2; 128
432; 452; 2; 1; 132
585; 460; 1; 2; 136
432; 410; 2; 1; 137
533; 570; 2; 1; 161
477; 563; 2; 1; 175
445; 589; 1; 2; 175
457; 461; 1; 2; 176
416; 499; 2; 1; 194
438; 497; 1; 2; 194
575; 559; 1; 2; 196
570; 432; 1; 2; 198
534; 524; 1; 2; 213
422; 508; 2; 1; 239
514; 416; 1; 2; 249
429; 524; 1; 2; 250
582; 406; 1; 2; 250
451; 588; 2; 1; 252
461; 558; 2; 1; 259
363; 524; 2; 1; 261
494; 580; 2; 1; 267
515; 415; 1; 2; 276
378; 427; 1; 2; 279
473; 505; 2; 1; 282
400; 377; 1; 2; 284
435; 428; 2; 1; 284
377; 452; 2; 1; 287
508; 479; 1; 2; 292
539; 548; 2; 1; 303
466; 550; 2; 1; 308
475; 532; 2; 1; 311
421; 350; 2; 1; 316
439; 418; 2; 1; 335
412; 552; 2; 1; 336
481; 570; 1; 2; 357
436; 461; 2; 1; 363
536; 479; 1; 2; 369
425; 488; 2; 1; 374
592; 378; 1; 2; 375
548; 478; 2; 1; 377
555; 351; 1; 2; 378
546; 370; 1; 2; 414
526; 538; 1; 2; 416
396; 458; 2; 1; 449
592; 447; 1; 2; 450
567; 516; 1; 2; 450
535; 443; 2; 1; 456
369; 564; 1; 2; 463
465; 399; 2; 1; 467
445; 477; 2; 1; 470
586; 525; 2; 1; 475
403; 449; 2; 1; 484
366; 426; 2; 1; 495
499; 546; 1; 2; 508
430; 342; 2; 1; 519
361; 487; 1; 2; 531
525; 539; 1; 2; 538
550; 454; 1; 2; 554
458; 440; 2; 1; 557
394; 532; 2; 1; 559
543; 378; 2; 1; 566
460; 548; 2; 1; 571
479; 581; 2; 1; 573
472; 465; 1; 2; 587
468; 394; 1; 2; 594
395; 575; 1; 2; 595
584; 398; 1; 2; 597
549; 361; 2; 1; 602
497; 471; 2; 1; 623
446; 358; 2; 1; 624
351; 533; 2; 1; 633
496; 342; 1; 2; 654
389; 559; 2; 1; 659
493; 395; 1; 2; 660
557; 458; 1; 2; 661
485; 399; 1; 2; 668
582; 468; 1; 2; 672
572; 345; 2; 1; 674
379; 547; 2; 1; 676
578; 543; 1; 2; 679
461; 444; 1; 2; 682
444; 357; 2; 1; 714
556; 395; 2; 1; 715
469; 578; 2; 1; 717
583; 508; 1; 2; 735
436; 407; 1; 2; 741
381; 446; 1; 2; 744
561; 494; 1; 2; 747
464; 355; 1; 2; 748
446; 346; 2; 1; 750
461; 569; 2; 1; 752
404; 378; 1; 2; 759
533; 459; 1; 2; 760
354; 361; 2; 1; 779
407; 359; 2; 1; 811
533; 579; 1; 2; 812
481; 441; 1; 2; 814
428; 513; 2; 1; 831
539; 370; 1; 2; 841
517; 579; 2; 1; 842
414; 488; 2; 1; 845
26
11; 1; 8; 1891
10; 1; 38; 2423
12; 1; 40; 3841
0; 1; 24; 4009
18; 1; 40; 6394
17; 1; 28; 9674
7; 1; 44; 10660
3; 1; 38; 15525
21; 1; 46; 17338
20; 1; 31; 25416
1; 1; 39; 26186
23; 1; 28; 27033
22; 1; 32; 27396
9; 1; 46; 33753
15; 1; 37; 34601
8; 1; 7; 36677
2; 1; 43; 40400
14; 1; 16; 45084
25; 1; 46; 46336
4; 1; 33; 49058
5; 1; 1; 50044
13; 1; 35; 50852
19; 1; 9; 53744
6; 1; 26; 54132
16; 1; 18; 54318
24; 1; 40; 54378
