**** 75 ****
56
82; 87; 1; 2; 0
54; 80; 1; 2; 1
58; 39; 2; 1; 13
94; 35; 2; 1; 15
61; 31; 2; 1; 17
72; 88; 2; 1; 18
78; 70; 1; 2; 18
89; 35; 2; 1; 21
75; 50; 2; 1; 22
71; 32; 1; 2; 25
44; 88; 2; 1; 27
62; 39; 2; 1; 33
39; 94; 1; 2; 39
50; 66; 1; 2; 41
76; 50; 1; 2; 45
46; 72; 2; 1; 46
84; 44; 2; 1; 51
45; 51; 1; 2; 56
80; 68; 1; 2; 57
40; 85; 1; 2; 68
39; 92; 1; 2; 71
55; 76; 1; 2; 76
32; 58; 1; 2; 77
63; 33; 1; 2; 77
76; 84; 1; 2; 80
59; 86; 2; 1; 80
65; 79; 1; 2; 81
54; 95; 1; 2; 86
72; 43; 1; 2; 88
89; 77; 2; 1; 90
95; 49; 2; 1; 91
80; 71; 2; 1; 93
93; 77; 1; 2; 94
62; 44; 1; 2; 94
73; 91; 1; 2; 95
43; 67; 1; 2; 102
49; 76; 1; 2; 103
88; 58; 1; 2; 114
33; 85; 1; 2; 117
90; 82; 1; 2; 121
75; 44; 2; 1; 122
89; 86; 1; 2; 123
73; 75; 2; 1; 127
67; 50; 1; 2; 129
65; 73; 1; 2; 131
96; 59; 2; 1; 139
39; 72; 2; 1; 140
90; 41; 1; 2; 144
46; 75; 2; 1; 150
37; 49; 1; 2; 152
62; 35; 1; 2; 156
48; 94; 1; 2; 159
79; 54; 2; 1; 159
54; 66; 2; 1; 168
39; 83; 2; 1; 170
92; 44; 2; 1; 173
14
11; 1; 35; 469
5; 1; 32; 650
3; 1; 20; 741
4; 1; 34; 1245
12; 1; 26; 1327
10; 1; 13; 1539
2; 1; 40; 1801
0; 1; 48; 2160
8; 1; 4; 2918
7; 1; 15; 3162
9; 1; 32; 3305
6; 1; 8; 3393
1; 1; 31; 3609
13; 1; 15; 3712
