**** 750 ****
118
456; 572; 2; 1; 8
489; 362; 2; 1; 22
377; 531; 1; 2; 23
411; 540; 1; 2; 25
560; 464; 1; 2; 28
563; 440; 2; 1; 28
450; 440; 1; 2; 34
427; 445; 1; 2; 34
405; 416; 1; 2; 41
348; 589; 1; 2; 41
468; 348; 1; 2; 48
452; 493; 2; 1; 50
465; 504; 2; 1; 71
452; 354; 1; 2; 83
449; 490; 1; 2; 84
374; 427; 1; 2; 89
345; 406; 1; 2; 95
391; 351; 2; 1; 105
517; 537; 2; 1; 107
379; 437; 1; 2; 114
371; 521; 1; 2; 135
410; 497; 2; 1; 135
567; 569; 2; 1; 136
368; 549; 2; 1; 154
563; 535; 1; 2; 160
420; 540; 2; 1; 161
535; 529; 2; 1; 163
481; 492; 2; 1; 164
481; 345; 2; 1; 190
555; 346; 2; 1; 191
531; 499; 2; 1; 193
522; 510; 2; 1; 198
444; 426; 2; 1; 210
432; 377; 1; 2; 211
384; 518; 2; 1; 225
438; 468; 1; 2; 237
562; 581; 1; 2; 238
546; 582; 2; 1; 240
455; 446; 1; 2; 242
452; 415; 1; 2; 243
582; 554; 1; 2; 244
521; 593; 1; 2; 246
551; 549; 2; 1; 261
491; 386; 1; 2; 262
452; 404; 1; 2; 265
536; 556; 1; 2; 269
522; 531; 1; 2; 279
506; 590; 2; 1; 285
398; 423; 1; 2; 292
400; 565; 2; 1; 293
522; 406; 2; 1; 293
412; 449; 2; 1; 310
432; 567; 1; 2; 335
489; 525; 1; 2; 346
396; 403; 1; 2; 349
352; 500; 1; 2; 350
567; 555; 1; 2; 376
492; 551; 1; 2; 404
420; 428; 1; 2; 409
511; 443; 1; 2; 411
357; 469; 2; 1; 411
556; 403; 2; 1; 421
537; 420; 1; 2; 421
559; 516; 1; 2; 431
559; 515; 2; 1; 433
574; 411; 1; 2; 446
348; 351; 1; 2; 455
380; 486; 1; 2; 469
491; 521; 1; 2; 475
346; 517; 1; 2; 485
400; 367; 1; 2; 486
414; 427; 1; 2; 487
550; 464; 1; 2; 491
559; 501; 2; 1; 525
518; 415; 2; 1; 525
475; 373; 1; 2; 539
499; 379; 2; 1; 540
549; 574; 2; 1; 542
441; 370; 2; 1; 549
415; 498; 1; 2; 554
484; 361; 2; 1; 556
456; 416; 1; 2; 564
563; 560; 1; 2; 572
571; 390; 2; 1; 573
374; 438; 1; 2; 577
377; 362; 2; 1; 586
473; 588; 2; 1; 592
357; 463; 2; 1; 593
580; 439; 2; 1; 601
509; 593; 2; 1; 604
358; 593; 2; 1; 607
375; 519; 2; 1; 607
442; 473; 1; 2; 608
467; 498; 2; 1; 627
416; 552; 2; 1; 644
459; 443; 1; 2; 658
500; 528; 2; 1; 659
554; 442; 1; 2; 661
540; 354; 1; 2; 662
357; 500; 1; 2; 663
380; 535; 2; 1; 682
581; 364; 2; 1; 715
407; 587; 1; 2; 722
467; 474; 1; 2; 726
367; 448; 2; 1; 743
424; 354; 1; 2; 747
362; 486; 1; 2; 749
540; 404; 2; 1; 750
422; 344; 2; 1; 765
553; 373; 2; 1; 767
470; 480; 2; 1; 777
373; 568; 1; 2; 781
547; 550; 2; 1; 790
374; 498; 2; 1; 821
482; 459; 1; 2; 831
386; 510; 1; 2; 841
420; 412; 1; 2; 845
446; 404; 2; 1; 848
26
4; 1; 16; 2132
0; 1; 22; 2454
18; 1; 2; 7907
13; 1; 12; 8991
17; 1; 25; 10487
25; 1; 1; 17061
23; 1; 9; 19345
15; 1; 47; 20456
6; 1; 22; 21050
22; 1; 12; 24997
9; 1; 36; 25194
8; 1; 46; 26367
3; 1; 20; 29264
7; 1; 39; 29306
5; 1; 17; 37755
16; 1; 16; 43718
2; 1; 7; 45024
21; 1; 14; 45908
24; 1; 15; 46379
12; 1; 9; 46670
20; 1; 24; 49091
10; 1; 24; 49765
14; 1; 9; 49974
19; 1; 27; 50178
1; 1; 36; 51300
11; 1; 13; 54810
