**** 751 ****
118
514; 374; 2; 1; 4
368; 408; 1; 2; 16
355; 342; 2; 1; 30
421; 526; 2; 1; 50
473; 484; 2; 1; 59
529; 565; 1; 2; 64
378; 459; 2; 1; 65
369; 507; 2; 1; 71
590; 523; 2; 1; 82
417; 476; 2; 1; 93
470; 525; 1; 2; 100
353; 410; 1; 2; 102
537; 466; 1; 2; 106
414; 564; 1; 2; 108
388; 503; 2; 1; 110
561; 555; 1; 2; 126
488; 390; 2; 1; 128
412; 574; 1; 2; 143
495; 540; 2; 1; 162
548; 456; 1; 2; 165
409; 450; 1; 2; 166
437; 376; 2; 1; 180
426; 440; 2; 1; 200
429; 483; 1; 2; 203
548; 448; 2; 1; 227
462; 577; 1; 2; 232
515; 440; 2; 1; 239
576; 402; 1; 2; 241
361; 391; 2; 1; 245
529; 465; 2; 1; 253
468; 453; 1; 2; 255
364; 565; 1; 2; 256
518; 373; 2; 1; 271
481; 543; 2; 1; 271
584; 555; 1; 2; 275
480; 355; 2; 1; 276
479; 342; 2; 1; 277
348; 578; 1; 2; 283
342; 515; 2; 1; 287
486; 421; 2; 1; 288
460; 466; 2; 1; 299
423; 353; 2; 1; 301
440; 506; 1; 2; 314
501; 543; 1; 2; 347
488; 576; 2; 1; 356
529; 578; 2; 1; 365
371; 497; 1; 2; 375
500; 446; 1; 2; 387
430; 447; 1; 2; 388
398; 444; 2; 1; 389
440; 382; 1; 2; 394
459; 500; 2; 1; 394
517; 492; 1; 2; 408
550; 429; 1; 2; 421
489; 510; 2; 1; 422
412; 475; 1; 2; 432
549; 372; 1; 2; 438
459; 436; 1; 2; 444
390; 553; 1; 2; 451
592; 417; 1; 2; 458
433; 507; 2; 1; 461
408; 347; 1; 2; 475
498; 496; 1; 2; 478
344; 524; 1; 2; 482
523; 547; 1; 2; 493
404; 497; 2; 1; 519
439; 449; 1; 2; 521
582; 593; 1; 2; 521
450; 412; 1; 2; 531
481; 557; 2; 1; 542
575; 498; 1; 2; 546
428; 573; 1; 2; 549
354; 425; 1; 2; 556
398; 373; 1; 2; 563
436; 591; 1; 2; 565
454; 378; 2; 1; 586
497; 470; 1; 2; 588
401; 481; 2; 1; 599
520; 589; 2; 1; 642
471; 592; 2; 1; 649
460; 561; 2; 1; 649
557; 438; 2; 1; 655
434; 361; 2; 1; 659
548; 557; 1; 2; 661
424; 565; 2; 1; 683
418; 473; 1; 2; 688
564; 489; 2; 1; 688
496; 448; 1; 2; 689
485; 374; 2; 1; 691
541; 367; 2; 1; 691
348; 517; 2; 1; 692
383; 448; 2; 1; 693
540; 496; 2; 1; 703
411; 576; 1; 2; 704
409; 483; 1; 2; 711
408; 377; 1; 2; 716
592; 453; 2; 1; 721
496; 514; 1; 2; 727
552; 461; 2; 1; 732
418; 547; 1; 2; 733
389; 458; 2; 1; 739
570; 474; 1; 2; 740
347; 403; 1; 2; 740
575; 582; 1; 2; 754
560; 343; 1; 2; 760
593; 571; 2; 1; 761
580; 363; 2; 1; 773
462; 559; 2; 1; 774
450; 457; 1; 2; 775
544; 464; 1; 2; 810
364; 351; 1; 2; 810
552; 547; 1; 2; 811
488; 364; 1; 2; 813
499; 465; 2; 1; 819
437; 563; 1; 2; 831
349; 482; 2; 1; 833
389; 401; 1; 2; 840
390; 487; 2; 1; 840
26
1; 1; 30; 917
25; 1; 21; 8307
3; 1; 28; 10180
21; 1; 43; 10235
18; 1; 43; 11490
0; 1; 43; 12785
24; 1; 12; 13904
12; 1; 47; 17001
8; 1; 28; 22031
4; 1; 37; 24848
23; 1; 46; 25923
2; 1; 46; 26230
22; 1; 49; 27735
7; 1; 26; 29166
13; 1; 7; 30965
19; 1; 22; 31340
15; 1; 4; 33322
17; 1; 11; 39081
10; 1; 29; 40640
16; 1; 5; 42635
6; 1; 11; 42711
9; 1; 1; 42833
14; 1; 39; 45396
11; 1; 23; 45637
5; 1; 2; 47952
20; 1; 2; 53247
