**** 752 ****
118
500; 407; 1; 2; 14
399; 472; 1; 2; 17
356; 362; 2; 1; 22
533; 493; 1; 2; 35
431; 493; 2; 1; 35
538; 525; 1; 2; 42
524; 573; 2; 1; 52
390; 418; 1; 2; 58
450; 351; 2; 1; 62
561; 561; 2; 1; 62
369; 472; 2; 1; 70
556; 544; 2; 1; 74
382; 520; 1; 2; 84
541; 487; 1; 2; 102
578; 361; 2; 1; 106
373; 360; 2; 1; 120
469; 345; 1; 2; 129
498; 541; 2; 1; 140
539; 567; 1; 2; 145
390; 551; 1; 2; 158
466; 563; 1; 2; 159
461; 555; 2; 1; 160
545; 494; 2; 1; 160
568; 417; 1; 2; 168
566; 435; 1; 2; 171
420; 564; 2; 1; 180
393; 478; 1; 2; 187
453; 483; 1; 2; 216
576; 460; 1; 2; 241
353; 540; 1; 2; 242
578; 411; 2; 1; 248
563; 430; 2; 1; 248
535; 581; 1; 2; 252
457; 510; 1; 2; 267
467; 482; 1; 2; 267
378; 498; 1; 2; 271
443; 403; 1; 2; 272
442; 438; 1; 2; 283
562; 419; 2; 1; 289
419; 573; 2; 1; 294
372; 444; 1; 2; 311
361; 385; 2; 1; 316
555; 528; 2; 1; 322
388; 434; 1; 2; 343
538; 371; 1; 2; 352
533; 513; 1; 2; 365
416; 444; 1; 2; 370
544; 397; 1; 2; 370
558; 593; 1; 2; 371
586; 476; 1; 2; 382
439; 402; 1; 2; 386
449; 440; 1; 2; 395
567; 506; 1; 2; 399
467; 551; 1; 2; 407
578; 487; 1; 2; 412
512; 556; 1; 2; 426
350; 559; 2; 1; 428
358; 476; 2; 1; 436
447; 495; 2; 1; 439
435; 458; 2; 1; 442
358; 415; 2; 1; 458
440; 507; 2; 1; 466
477; 538; 2; 1; 474
394; 365; 1; 2; 478
524; 497; 2; 1; 482
399; 465; 2; 1; 485
468; 555; 1; 2; 487
479; 503; 2; 1; 487
436; 463; 2; 1; 500
533; 493; 2; 1; 503
479; 476; 1; 2; 515
408; 347; 1; 2; 532
441; 411; 2; 1; 532
574; 453; 2; 1; 539
489; 535; 1; 2; 540
430; 502; 1; 2; 561
514; 528; 2; 1; 589
551; 583; 2; 1; 591
432; 427; 2; 1; 593
440; 578; 1; 2; 600
353; 361; 2; 1; 604
569; 561; 2; 1; 609
420; 432; 1; 2; 612
436; 422; 1; 2; 621
400; 588; 1; 2; 624
474; 514; 2; 1; 625
472; 403; 2; 1; 626
484; 516; 1; 2; 631
564; 431; 2; 1; 632
533; 502; 2; 1; 636
356; 471; 2; 1; 643
438; 513; 1; 2; 652
369; 417; 1; 2; 654
517; 562; 2; 1; 656
551; 436; 2; 1; 660
578; 560; 1; 2; 661
371; 398; 2; 1; 676
345; 370; 1; 2; 703
378; 428; 2; 1; 723
505; 513; 1; 2; 725
347; 510; 2; 1; 734
523; 429; 2; 1; 739
343; 375; 2; 1; 745
431; 531; 2; 1; 757
411; 506; 1; 2; 762
416; 522; 2; 1; 763
556; 440; 1; 2; 765
587; 342; 1; 2; 772
587; 372; 2; 1; 785
479; 449; 1; 2; 792
499; 426; 1; 2; 797
553; 556; 2; 1; 803
542; 468; 2; 1; 809
591; 558; 1; 2; 823
543; 392; 1; 2; 825
406; 449; 1; 2; 838
519; 484; 2; 1; 839
491; 458; 2; 1; 846
26
4; 1; 36; 2194
20; 1; 46; 6218
12; 1; 34; 8387
6; 1; 4; 16246
3; 1; 8; 16274
21; 1; 2; 18783
19; 1; 45; 19078
24; 1; 41; 27006
9; 1; 30; 27640
11; 1; 19; 27868
15; 1; 8; 29697
25; 1; 24; 30240
0; 1; 7; 30825
14; 1; 39; 30931
5; 1; 30; 34310
10; 1; 13; 35242
8; 1; 34; 35847
7; 1; 43; 37286
23; 1; 36; 37969
16; 1; 46; 38826
2; 1; 27; 39901
22; 1; 24; 41789
18; 1; 16; 43786
13; 1; 40; 43898
1; 1; 1; 45991
17; 1; 34; 53105
