**** 753 ****
118
523; 371; 1; 2; 2
374; 512; 1; 2; 3
494; 363; 2; 1; 27
428; 458; 2; 1; 34
504; 574; 1; 2; 43
490; 364; 2; 1; 44
484; 344; 1; 2; 48
382; 388; 1; 2; 53
465; 529; 2; 1; 58
539; 510; 2; 1; 66
440; 409; 2; 1; 72
490; 564; 2; 1; 80
369; 444; 1; 2; 98
589; 567; 1; 2; 100
364; 500; 2; 1; 114
370; 575; 2; 1; 137
575; 395; 2; 1; 148
518; 538; 1; 2; 161
560; 516; 1; 2; 163
401; 482; 2; 1; 164
378; 343; 2; 1; 169
435; 378; 1; 2; 171
537; 577; 1; 2; 178
382; 575; 1; 2; 186
451; 575; 1; 2; 198
511; 400; 2; 1; 205
351; 469; 1; 2; 209
367; 388; 1; 2; 217
536; 352; 2; 1; 218
557; 355; 1; 2; 229
582; 363; 1; 2; 256
456; 573; 1; 2; 269
590; 582; 1; 2; 276
484; 348; 1; 2; 279
583; 511; 1; 2; 280
367; 369; 1; 2; 301
405; 367; 2; 1; 305
383; 460; 1; 2; 307
357; 583; 1; 2; 313
373; 544; 2; 1; 324
538; 529; 2; 1; 331
437; 591; 2; 1; 347
463; 457; 2; 1; 356
483; 378; 1; 2; 361
370; 408; 2; 1; 379
372; 397; 2; 1; 383
587; 579; 2; 1; 385
535; 533; 2; 1; 389
346; 555; 1; 2; 390
529; 370; 1; 2; 398
426; 347; 1; 2; 405
570; 525; 2; 1; 407
416; 570; 2; 1; 417
526; 348; 1; 2; 423
504; 386; 1; 2; 430
505; 398; 1; 2; 437
506; 571; 1; 2; 443
343; 475; 2; 1; 465
506; 344; 1; 2; 474
464; 470; 2; 1; 479
563; 421; 2; 1; 481
519; 586; 1; 2; 485
424; 432; 2; 1; 491
535; 509; 1; 2; 507
365; 574; 2; 1; 514
350; 405; 1; 2; 528
553; 517; 2; 1; 531
548; 472; 2; 1; 543
487; 428; 2; 1; 548
476; 537; 1; 2; 550
446; 376; 2; 1; 554
567; 582; 1; 2; 558
590; 365; 1; 2; 563
511; 577; 2; 1; 572
534; 582; 2; 1; 574
382; 362; 2; 1; 583
450; 523; 2; 1; 585
478; 490; 2; 1; 587
499; 376; 1; 2; 594
576; 553; 2; 1; 599
559; 381; 1; 2; 624
460; 447; 1; 2; 629
546; 570; 1; 2; 631
504; 553; 1; 2; 636
418; 583; 1; 2; 649
425; 422; 2; 1; 656
448; 539; 1; 2; 658
512; 420; 2; 1; 658
437; 469; 1; 2; 667
560; 392; 2; 1; 667
394; 449; 1; 2; 669
437; 392; 1; 2; 669
462; 481; 2; 1; 688
393; 341; 1; 2; 690
419; 436; 1; 2; 690
372; 449; 2; 1; 696
587; 531; 2; 1; 709
486; 415; 1; 2; 718
364; 533; 2; 1; 722
378; 422; 1; 2; 725
416; 496; 2; 1; 728
520; 480; 1; 2; 733
396; 390; 1; 2; 737
559; 485; 2; 1; 743
582; 405; 1; 2; 745
451; 461; 2; 1; 745
591; 345; 1; 2; 747
456; 380; 1; 2; 748
533; 376; 1; 2; 758
440; 366; 2; 1; 763
537; 367; 2; 1; 765
428; 358; 1; 2; 772
558; 424; 2; 1; 786
585; 576; 2; 1; 796
406; 496; 1; 2; 797
450; 395; 1; 2; 798
400; 363; 2; 1; 802
511; 383; 2; 1; 831
26
20; 1; 36; 419
21; 1; 3; 2105
22; 1; 25; 2488
10; 1; 7; 2538
17; 1; 15; 3775
19; 1; 30; 6449
16; 1; 31; 8570
6; 1; 41; 11409
4; 1; 17; 13526
11; 1; 10; 14551
1; 1; 9; 16751
12; 1; 31; 19919
0; 1; 48; 20013
8; 1; 49; 23855
3; 1; 36; 24766
18; 1; 27; 26714
24; 1; 13; 28894
5; 1; 10; 29638
2; 1; 18; 30091
23; 1; 13; 35041
14; 1; 39; 39089
25; 1; 41; 44329
7; 1; 17; 48204
15; 1; 38; 50814
13; 1; 33; 53618
9; 1; 38; 53655
