**** 754 ****
118
582; 587; 2; 1; 7
404; 366; 2; 1; 21
363; 586; 1; 2; 22
414; 569; 1; 2; 23
448; 537; 2; 1; 24
530; 387; 2; 1; 25
397; 481; 2; 1; 29
386; 580; 1; 2; 36
359; 534; 2; 1; 40
502; 350; 2; 1; 42
450; 527; 1; 2; 49
358; 362; 2; 1; 87
378; 387; 1; 2; 96
469; 400; 1; 2; 100
569; 584; 2; 1; 120
357; 500; 2; 1; 121
347; 456; 2; 1; 122
529; 404; 1; 2; 122
344; 550; 1; 2; 123
439; 371; 1; 2; 140
432; 464; 2; 1; 156
518; 492; 1; 2; 162
354; 455; 1; 2; 162
439; 572; 1; 2; 171
404; 398; 2; 1; 192
440; 372; 2; 1; 198
350; 544; 1; 2; 202
470; 430; 1; 2; 206
415; 371; 1; 2; 210
505; 580; 2; 1; 210
487; 583; 2; 1; 213
504; 362; 1; 2; 213
548; 395; 2; 1; 220
373; 541; 1; 2; 231
557; 535; 2; 1; 231
586; 480; 1; 2; 233
593; 558; 1; 2; 235
578; 546; 1; 2; 239
392; 430; 1; 2; 244
565; 563; 2; 1; 260
474; 475; 2; 1; 264
586; 409; 2; 1; 267
540; 574; 1; 2; 289
564; 572; 1; 2; 294
380; 344; 2; 1; 302
451; 464; 2; 1; 325
458; 372; 2; 1; 331
378; 533; 2; 1; 337
368; 465; 2; 1; 354
392; 526; 2; 1; 363
415; 376; 1; 2; 384
423; 447; 1; 2; 402
470; 557; 2; 1; 403
353; 422; 2; 1; 410
378; 353; 2; 1; 412
350; 584; 2; 1; 424
570; 580; 2; 1; 431
562; 546; 1; 2; 432
379; 586; 1; 2; 439
429; 436; 1; 2; 458
469; 502; 2; 1; 478
415; 365; 1; 2; 481
365; 467; 1; 2; 488
560; 449; 1; 2; 509
511; 482; 2; 1; 513
366; 383; 1; 2; 517
349; 490; 2; 1; 524
409; 471; 1; 2; 531
528; 540; 1; 2; 533
400; 432; 2; 1; 545
388; 453; 1; 2; 546
567; 494; 2; 1; 566
354; 553; 1; 2; 567
588; 581; 2; 1; 569
502; 478; 2; 1; 579
389; 481; 2; 1; 582
548; 532; 1; 2; 591
343; 341; 1; 2; 591
558; 406; 1; 2; 595
536; 380; 2; 1; 596
584; 450; 2; 1; 599
569; 505; 2; 1; 612
568; 415; 2; 1; 615
566; 344; 2; 1; 618
546; 344; 2; 1; 634
549; 555; 2; 1; 639
581; 550; 1; 2; 645
529; 382; 1; 2; 650
497; 517; 2; 1; 662
563; 455; 1; 2; 663
455; 451; 2; 1; 664
342; 590; 1; 2; 669
549; 397; 2; 1; 674
520; 593; 1; 2; 676
512; 587; 1; 2; 677
525; 547; 1; 2; 692
399; 510; 1; 2; 692
522; 574; 2; 1; 706
436; 419; 1; 2; 714
382; 415; 1; 2; 718
450; 557; 1; 2; 730
349; 406; 2; 1; 732
406; 520; 2; 1; 736
548; 541; 1; 2; 738
547; 382; 2; 1; 772
514; 447; 1; 2; 778
361; 582; 2; 1; 783
424; 349; 1; 2; 799
536; 472; 1; 2; 811
462; 528; 1; 2; 812
559; 370; 1; 2; 825
361; 540; 2; 1; 826
342; 503; 2; 1; 829
525; 544; 1; 2; 833
358; 399; 1; 2; 841
462; 560; 1; 2; 847
483; 352; 1; 2; 847
354; 443; 2; 1; 849
26
14; 1; 13; 2286
5; 1; 25; 2912
20; 1; 15; 7562
13; 1; 24; 8231
7; 1; 36; 10590
9; 1; 13; 11438
12; 1; 31; 13063
23; 1; 44; 13259
8; 1; 30; 17843
3; 1; 44; 18278
10; 1; 7; 21418
17; 1; 16; 21502
2; 1; 4; 23600
0; 1; 47; 25734
15; 1; 29; 26580
25; 1; 20; 29624
18; 1; 25; 32177
22; 1; 6; 36173
24; 1; 16; 36414
11; 1; 24; 39216
19; 1; 1; 41298
16; 1; 18; 43605
1; 1; 11; 46647
6; 1; 42; 46854
4; 1; 39; 47930
21; 1; 6; 49796
