**** 755 ****
118
485; 438; 1; 2; 6
372; 471; 2; 1; 7
396; 377; 1; 2; 29
467; 419; 2; 1; 29
413; 536; 1; 2; 30
476; 531; 2; 1; 34
561; 366; 1; 2; 36
369; 445; 1; 2; 40
548; 535; 1; 2; 44
356; 430; 1; 2; 45
384; 426; 2; 1; 49
501; 351; 2; 1; 51
582; 577; 1; 2; 57
351; 485; 2; 1; 57
354; 531; 1; 2; 58
358; 363; 1; 2; 64
399; 393; 2; 1; 84
474; 383; 2; 1; 84
451; 456; 2; 1; 144
564; 485; 2; 1; 145
578; 370; 1; 2; 153
411; 536; 2; 1; 163
443; 529; 1; 2; 173
474; 427; 2; 1; 187
580; 398; 2; 1; 187
431; 453; 1; 2; 205
409; 416; 1; 2; 207
549; 583; 1; 2; 214
365; 591; 1; 2; 220
532; 419; 1; 2; 221
481; 409; 2; 1; 224
541; 451; 1; 2; 224
347; 380; 2; 1; 230
367; 404; 2; 1; 242
398; 552; 2; 1; 242
400; 541; 1; 2; 245
477; 486; 2; 1; 252
472; 567; 2; 1; 257
450; 489; 2; 1; 268
559; 368; 1; 2; 268
343; 414; 2; 1; 270
559; 350; 1; 2; 273
489; 367; 1; 2; 285
410; 545; 1; 2; 291
346; 582; 1; 2; 299
533; 486; 1; 2; 299
486; 476; 1; 2; 305
520; 513; 1; 2; 329
405; 356; 1; 2; 333
556; 358; 2; 1; 337
349; 366; 1; 2; 349
433; 386; 1; 2; 352
534; 396; 2; 1; 361
526; 437; 1; 2; 370
566; 499; 2; 1; 372
428; 367; 2; 1; 373
426; 363; 1; 2; 373
519; 469; 1; 2; 384
515; 527; 1; 2; 387
411; 485; 2; 1; 419
458; 461; 2; 1; 431
371; 474; 1; 2; 448
563; 425; 1; 2; 460
364; 541; 2; 1; 469
411; 397; 2; 1; 474
506; 404; 1; 2; 481
395; 497; 2; 1; 485
365; 509; 2; 1; 489
588; 541; 2; 1; 489
518; 405; 1; 2; 503
374; 363; 2; 1; 504
385; 343; 2; 1; 512
553; 392; 2; 1; 516
529; 435; 1; 2; 519
505; 495; 2; 1; 525
346; 347; 1; 2; 543
360; 568; 1; 2; 546
382; 455; 2; 1; 560
353; 412; 1; 2; 586
470; 588; 1; 2; 590
411; 427; 1; 2; 593
531; 374; 2; 1; 594
450; 502; 2; 1; 607
504; 411; 2; 1; 618
365; 458; 1; 2; 632
590; 423; 2; 1; 644
369; 560; 1; 2; 645
373; 531; 2; 1; 651
349; 511; 2; 1; 666
449; 580; 1; 2; 670
433; 423; 1; 2; 674
511; 526; 1; 2; 674
388; 348; 2; 1; 680
496; 473; 1; 2; 682
489; 523; 2; 1; 690
593; 400; 2; 1; 694
437; 390; 2; 1; 703
475; 540; 1; 2; 725
423; 346; 1; 2; 731
394; 534; 2; 1; 737
468; 557; 1; 2; 740
422; 398; 1; 2; 754
485; 418; 2; 1; 759
422; 504; 1; 2; 766
589; 583; 2; 1; 767
430; 417; 1; 2; 768
572; 569; 1; 2; 771
402; 393; 2; 1; 781
350; 437; 2; 1; 786
355; 551; 1; 2; 795
413; 558; 2; 1; 801
587; 416; 1; 2; 801
380; 487; 1; 2; 801
380; 550; 2; 1; 806
389; 367; 2; 1; 808
385; 577; 1; 2; 835
536; 582; 1; 2; 838
581; 590; 2; 1; 840
26
0; 1; 25; 1494
12; 1; 40; 4995
14; 1; 30; 5047
8; 1; 45; 6070
13; 1; 31; 6572
2; 1; 17; 6631
11; 1; 23; 9949
1; 1; 39; 10196
9; 1; 37; 15686
23; 1; 29; 15728
20; 1; 30; 19920
18; 1; 35; 20372
7; 1; 19; 20417
22; 1; 1; 20752
16; 1; 17; 21853
10; 1; 11; 28249
21; 1; 11; 30155
25; 1; 34; 34249
24; 1; 31; 38891
19; 1; 46; 39579
4; 1; 2; 40479
3; 1; 31; 42578
17; 1; 4; 44211
5; 1; 17; 51034
15; 1; 14; 51537
6; 1; 13; 53301
