**** 756 ****
118
535; 393; 2; 1; 14
525; 391; 2; 1; 18
540; 452; 2; 1; 20
395; 524; 2; 1; 24
491; 445; 1; 2; 24
506; 394; 2; 1; 29
536; 575; 2; 1; 45
524; 503; 2; 1; 49
536; 427; 2; 1; 55
411; 430; 2; 1; 57
461; 394; 1; 2; 58
508; 514; 1; 2; 73
377; 561; 2; 1; 77
408; 591; 1; 2; 77
534; 399; 1; 2; 86
365; 546; 2; 1; 94
495; 425; 2; 1; 101
472; 568; 1; 2; 102
369; 464; 2; 1; 122
523; 438; 2; 1; 124
378; 500; 1; 2; 127
520; 567; 2; 1; 140
569; 521; 1; 2; 147
342; 524; 2; 1; 161
375; 380; 2; 1; 164
432; 573; 2; 1; 173
391; 460; 1; 2; 173
377; 390; 2; 1; 178
401; 541; 1; 2; 180
440; 427; 2; 1; 199
366; 506; 2; 1; 201
386; 497; 2; 1; 215
365; 477; 2; 1; 224
476; 414; 1; 2; 224
495; 372; 1; 2; 232
360; 477; 1; 2; 237
433; 521; 2; 1; 240
343; 487; 2; 1; 242
457; 360; 2; 1; 263
421; 518; 2; 1; 264
479; 357; 2; 1; 280
372; 403; 2; 1; 286
575; 367; 2; 1; 290
546; 425; 1; 2; 303
483; 573; 2; 1; 304
484; 391; 2; 1; 312
468; 409; 1; 2; 314
394; 521; 2; 1; 315
370; 487; 1; 2; 318
560; 360; 1; 2; 329
515; 550; 2; 1; 346
540; 451; 1; 2; 362
362; 443; 2; 1; 374
576; 581; 1; 2; 376
392; 473; 2; 1; 383
349; 353; 1; 2; 384
348; 371; 2; 1; 402
442; 572; 2; 1; 403
371; 387; 1; 2; 403
363; 430; 2; 1; 414
571; 343; 2; 1; 417
565; 403; 2; 1; 425
493; 497; 1; 2; 448
507; 352; 2; 1; 450
429; 401; 1; 2; 453
575; 586; 2; 1; 457
465; 344; 1; 2; 457
389; 380; 1; 2; 459
490; 533; 2; 1; 469
436; 402; 1; 2; 477
567; 444; 1; 2; 487
414; 545; 2; 1; 498
526; 491; 2; 1; 503
426; 395; 2; 1; 509
583; 420; 1; 2; 513
358; 486; 1; 2; 549
580; 445; 1; 2; 557
549; 527; 2; 1; 565
561; 455; 1; 2; 566
421; 492; 1; 2; 567
423; 390; 2; 1; 568
525; 580; 1; 2; 582
465; 542; 2; 1; 591
446; 374; 1; 2; 602
403; 367; 1; 2; 603
564; 452; 2; 1; 605
439; 405; 2; 1; 617
456; 390; 1; 2; 619
379; 581; 2; 1; 620
554; 449; 1; 2; 626
584; 416; 1; 2; 629
383; 572; 2; 1; 651
551; 431; 2; 1; 655
393; 458; 1; 2; 659
476; 412; 1; 2; 662
541; 435; 2; 1; 697
564; 565; 1; 2; 698
419; 405; 1; 2; 703
575; 376; 1; 2; 706
447; 563; 2; 1; 707
487; 343; 1; 2; 723
448; 539; 1; 2; 745
575; 471; 2; 1; 745
582; 405; 1; 2; 750
573; 421; 1; 2; 762
367; 535; 1; 2; 763
552; 442; 1; 2; 779
458; 522; 2; 1; 788
396; 546; 2; 1; 791
449; 351; 1; 2; 792
494; 449; 1; 2; 795
542; 489; 1; 2; 797
545; 593; 2; 1; 801
531; 510; 2; 1; 806
539; 373; 1; 2; 827
443; 396; 2; 1; 834
468; 384; 1; 2; 836
477; 550; 1; 2; 850
26
9; 1; 21; 4732
2; 1; 48; 4792
20; 1; 40; 9070
12; 1; 29; 9445
8; 1; 47; 10882
15; 1; 41; 11116
21; 1; 1; 12104
5; 1; 49; 13211
7; 1; 30; 15389
3; 1; 44; 19789
13; 1; 42; 20682
24; 1; 25; 22119
16; 1; 10; 23882
22; 1; 47; 25702
19; 1; 36; 26091
18; 1; 41; 26965
17; 1; 16; 27830
23; 1; 4; 30937
10; 1; 36; 33130
25; 1; 8; 37017
1; 1; 3; 39219
4; 1; 26; 46350
6; 1; 6; 51097
14; 1; 35; 52838
11; 1; 44; 53579
0; 1; 42; 53705
