**** 757 ****
118
500; 516; 1; 2; 5
438; 372; 1; 2; 12
456; 466; 2; 1; 15
566; 356; 2; 1; 24
504; 576; 1; 2; 26
524; 497; 2; 1; 49
527; 416; 1; 2; 50
470; 495; 2; 1; 55
496; 469; 1; 2; 62
539; 587; 2; 1; 67
435; 567; 2; 1; 67
537; 492; 2; 1; 72
387; 346; 2; 1; 81
493; 462; 2; 1; 89
410; 590; 2; 1; 94
449; 415; 2; 1; 103
588; 363; 2; 1; 105
516; 591; 2; 1; 112
379; 342; 1; 2; 132
558; 371; 2; 1; 143
352; 431; 1; 2; 152
535; 505; 2; 1; 158
359; 447; 1; 2; 169
463; 562; 2; 1; 173
391; 557; 2; 1; 175
402; 490; 1; 2; 179
363; 501; 1; 2; 180
405; 388; 1; 2; 181
534; 496; 1; 2; 192
375; 475; 1; 2; 194
358; 419; 1; 2; 200
495; 553; 1; 2; 217
533; 503; 2; 1; 228
355; 355; 2; 1; 230
453; 519; 2; 1; 250
552; 445; 1; 2; 255
355; 484; 2; 1; 267
488; 457; 2; 1; 268
476; 482; 2; 1; 281
521; 380; 1; 2; 284
569; 548; 2; 1; 295
358; 421; 1; 2; 300
412; 487; 2; 1; 316
419; 449; 2; 1; 316
562; 388; 1; 2; 321
372; 533; 2; 1; 326
485; 575; 2; 1; 327
416; 533; 1; 2; 334
351; 546; 1; 2; 347
399; 531; 2; 1; 353
587; 386; 2; 1; 358
553; 499; 2; 1; 367
536; 347; 2; 1; 380
386; 343; 2; 1; 382
428; 586; 1; 2; 384
449; 532; 1; 2; 387
488; 459; 1; 2; 402
432; 406; 1; 2; 419
402; 413; 2; 1; 421
560; 452; 1; 2; 424
568; 556; 1; 2; 440
525; 467; 1; 2; 443
350; 446; 1; 2; 447
408; 572; 2; 1; 453
527; 419; 1; 2; 462
366; 414; 1; 2; 468
543; 355; 1; 2; 475
410; 536; 1; 2; 476
378; 375; 1; 2; 483
435; 410; 2; 1; 492
396; 554; 2; 1; 492
428; 347; 2; 1; 538
379; 573; 1; 2; 538
416; 416; 1; 2; 549
405; 390; 2; 1; 557
403; 554; 2; 1; 559
412; 519; 1; 2; 561
405; 387; 2; 1; 567
579; 495; 2; 1; 570
360; 401; 1; 2; 577
440; 468; 2; 1; 582
534; 533; 1; 2; 591
459; 401; 1; 2; 611
520; 391; 1; 2; 613
375; 548; 2; 1; 621
354; 406; 2; 1; 630
364; 583; 1; 2; 643
403; 550; 1; 2; 645
477; 350; 2; 1; 646
586; 346; 1; 2; 648
523; 554; 1; 2; 656
541; 500; 2; 1; 658
551; 417; 2; 1; 659
378; 418; 2; 1; 672
418; 554; 1; 2; 677
432; 469; 1; 2; 690
421; 556; 2; 1; 692
546; 370; 2; 1; 704
577; 531; 2; 1; 708
452; 588; 1; 2; 721
568; 518; 1; 2; 744
577; 566; 1; 2; 759
388; 592; 1; 2; 762
585; 385; 2; 1; 770
564; 578; 1; 2; 780
568; 591; 2; 1; 782
408; 442; 1; 2; 782
431; 490; 2; 1; 782
471; 441; 2; 1; 783
411; 417; 1; 2; 789
377; 545; 1; 2; 810
376; 403; 1; 2; 815
515; 502; 2; 1; 825
571; 497; 1; 2; 831
541; 385; 1; 2; 834
571; 457; 2; 1; 837
532; 404; 2; 1; 850
366; 518; 1; 2; 853
26
19; 1; 17; 131
13; 1; 35; 594
7; 1; 12; 1922
6; 1; 31; 4802
4; 1; 19; 5981
14; 1; 21; 9162
25; 1; 31; 10459
17; 1; 2; 10649
8; 1; 27; 13117
18; 1; 36; 15550
21; 1; 10; 20285
20; 1; 2; 25612
12; 1; 6; 26910
0; 1; 28; 29031
2; 1; 4; 32768
16; 1; 29; 33932
10; 1; 44; 34544
22; 1; 26; 38418
24; 1; 34; 40439
3; 1; 12; 43081
5; 1; 21; 47176
15; 1; 49; 48024
1; 1; 41; 48825
23; 1; 47; 48901
9; 1; 43; 50581
11; 1; 34; 52752
