**** 758 ****
118
432; 528; 2; 1; 2
515; 384; 1; 2; 18
366; 505; 2; 1; 19
516; 366; 2; 1; 32
591; 435; 1; 2; 35
573; 545; 2; 1; 70
511; 356; 1; 2; 78
446; 522; 2; 1; 80
425; 534; 1; 2; 81
583; 488; 2; 1; 86
395; 443; 2; 1; 106
526; 436; 2; 1; 110
374; 502; 1; 2; 114
515; 349; 1; 2; 120
569; 382; 1; 2; 121
452; 363; 1; 2; 124
505; 520; 2; 1; 134
437; 432; 2; 1; 138
567; 521; 2; 1; 142
552; 491; 1; 2; 146
497; 581; 2; 1; 146
531; 479; 1; 2; 156
406; 398; 2; 1; 158
348; 386; 2; 1; 158
396; 526; 1; 2; 161
502; 575; 1; 2; 161
530; 524; 2; 1; 167
492; 526; 1; 2; 174
498; 361; 1; 2; 187
429; 581; 1; 2; 193
423; 371; 2; 1; 200
471; 350; 1; 2; 204
503; 353; 2; 1; 215
540; 447; 1; 2; 232
366; 458; 2; 1; 234
494; 430; 2; 1; 249
387; 508; 1; 2; 254
447; 445; 1; 2; 267
555; 381; 1; 2; 289
375; 368; 2; 1; 300
569; 582; 2; 1; 329
498; 431; 2; 1; 331
379; 580; 1; 2; 344
506; 404; 2; 1; 345
451; 546; 1; 2; 355
544; 394; 1; 2; 386
480; 560; 1; 2; 388
431; 555; 1; 2; 392
464; 449; 1; 2; 392
357; 359; 2; 1; 402
387; 378; 1; 2; 407
458; 488; 1; 2; 412
463; 451; 2; 1; 413
525; 513; 2; 1; 413
419; 539; 2; 1; 413
445; 473; 2; 1; 430
446; 409; 2; 1; 431
467; 414; 1; 2; 436
410; 390; 2; 1; 440
588; 346; 1; 2; 446
397; 368; 2; 1; 454
557; 520; 1; 2; 457
412; 492; 2; 1; 458
576; 489; 2; 1; 461
391; 451; 2; 1; 466
568; 588; 1; 2; 466
390; 578; 2; 1; 471
349; 383; 2; 1; 475
344; 556; 2; 1; 481
475; 453; 1; 2; 495
462; 388; 1; 2; 501
586; 414; 1; 2; 501
385; 461; 2; 1; 502
346; 520; 1; 2; 502
566; 540; 1; 2; 515
379; 536; 1; 2; 526
505; 455; 2; 1; 529
375; 365; 2; 1; 540
452; 366; 2; 1; 544
344; 530; 1; 2; 546
342; 512; 1; 2; 548
585; 515; 2; 1; 557
530; 407; 2; 1; 564
402; 414; 2; 1; 572
347; 581; 2; 1; 587
444; 584; 2; 1; 590
346; 447; 1; 2; 598
558; 545; 1; 2; 599
426; 576; 2; 1; 643
544; 414; 2; 1; 647
505; 455; 1; 2; 664
579; 571; 1; 2; 669
566; 391; 1; 2; 696
554; 425; 2; 1; 698
509; 577; 2; 1; 705
557; 501; 2; 1; 706
458; 579; 1; 2; 708
476; 416; 2; 1; 711
452; 542; 1; 2; 713
586; 416; 1; 2; 715
358; 484; 1; 2; 716
578; 369; 2; 1; 722
485; 417; 1; 2; 733
482; 343; 2; 1; 738
555; 358; 2; 1; 739
449; 518; 1; 2; 751
467; 545; 2; 1; 754
365; 473; 2; 1; 782
444; 548; 2; 1; 784
419; 351; 2; 1; 794
547; 485; 2; 1; 798
413; 586; 2; 1; 799
467; 512; 1; 2; 803
465; 477; 1; 2; 811
525; 496; 1; 2; 812
401; 575; 2; 1; 823
432; 347; 1; 2; 824
504; 455; 1; 2; 843
26
1; 1; 46; 189
13; 1; 17; 476
6; 1; 19; 586
4; 1; 4; 884
19; 1; 9; 1686
21; 1; 3; 2856
11; 1; 11; 2956
9; 1; 1; 6280
22; 1; 4; 6760
14; 1; 20; 8654
23; 1; 13; 9444
16; 1; 12; 14509
10; 1; 2; 15292
18; 1; 3; 19432
3; 1; 3; 21181
5; 1; 18; 23983
12; 1; 40; 28278
17; 1; 45; 31203
15; 1; 22; 40739
24; 1; 34; 44551
20; 1; 13; 45100
8; 1; 34; 46808
25; 1; 36; 48064
0; 1; 22; 49601
7; 1; 25; 51613
2; 1; 21; 53753
