**** 759 ****
119
370; 412; 1; 2; 2
495; 389; 2; 1; 6
585; 353; 2; 1; 7
458; 360; 2; 1; 14
524; 440; 2; 1; 20
540; 487; 2; 1; 32
540; 397; 2; 1; 39
545; 496; 1; 2; 42
449; 413; 2; 1; 67
514; 428; 1; 2; 72
469; 541; 1; 2; 94
540; 537; 1; 2; 98
510; 505; 2; 1; 108
384; 592; 2; 1; 112
532; 347; 1; 2; 124
562; 519; 1; 2; 125
557; 499; 1; 2; 125
401; 581; 2; 1; 130
529; 523; 2; 1; 138
569; 386; 2; 1; 138
484; 471; 1; 2; 140
449; 511; 1; 2; 148
468; 560; 1; 2; 157
426; 524; 2; 1; 163
422; 551; 2; 1; 171
539; 478; 1; 2; 183
405; 527; 2; 1; 207
491; 538; 1; 2; 211
496; 417; 2; 1; 222
591; 390; 1; 2; 255
431; 478; 2; 1; 261
515; 590; 1; 2; 275
506; 436; 2; 1; 290
490; 539; 2; 1; 293
569; 600; 2; 1; 294
354; 436; 1; 2; 298
568; 522; 1; 2; 300
441; 448; 2; 1; 332
377; 509; 2; 1; 338
481; 386; 2; 1; 341
412; 380; 2; 1; 344
382; 577; 1; 2; 347
404; 415; 2; 1; 350
599; 595; 1; 2; 368
522; 550; 1; 2; 368
465; 544; 1; 2; 379
460; 423; 2; 1; 393
547; 515; 2; 1; 396
420; 508; 2; 1; 403
420; 350; 2; 1; 406
353; 528; 1; 2; 410
362; 553; 1; 2; 412
430; 390; 1; 2; 416
419; 500; 2; 1; 419
381; 565; 1; 2; 420
496; 566; 1; 2; 420
535; 388; 1; 2; 424
355; 592; 1; 2; 427
546; 527; 2; 1; 427
572; 346; 1; 2; 437
572; 598; 1; 2; 440
539; 477; 2; 1; 440
465; 404; 1; 2; 460
394; 368; 2; 1; 463
571; 538; 1; 2; 469
582; 495; 2; 1; 476
418; 433; 1; 2; 492
381; 538; 1; 2; 492
444; 410; 2; 1; 493
353; 406; 1; 2; 495
553; 393; 1; 2; 501
424; 576; 2; 1; 510
503; 372; 1; 2; 513
576; 432; 1; 2; 523
428; 399; 1; 2; 528
369; 437; 2; 1; 559
498; 374; 2; 1; 564
372; 553; 2; 1; 566
418; 472; 2; 1; 574
379; 578; 2; 1; 582
368; 544; 2; 1; 589
512; 490; 2; 1; 596
520; 436; 1; 2; 611
450; 557; 1; 2; 611
438; 407; 1; 2; 622
460; 367; 1; 2; 625
565; 352; 2; 1; 627
573; 353; 2; 1; 636
439; 537; 1; 2; 668
442; 361; 1; 2; 702
418; 394; 1; 2; 721
587; 462; 1; 2; 721
593; 474; 2; 1; 740
506; 529; 2; 1; 743
426; 360; 1; 2; 744
519; 396; 1; 2; 749
496; 579; 1; 2; 752
554; 491; 2; 1; 753
377; 392; 1; 2; 753
409; 360; 1; 2; 761
432; 546; 2; 1; 768
375; 567; 2; 1; 768
516; 479; 2; 1; 769
518; 565; 2; 1; 769
447; 475; 1; 2; 772
417; 409; 1; 2; 785
533; 439; 2; 1; 795
504; 498; 1; 2; 799
564; 476; 1; 2; 812
434; 426; 2; 1; 812
467; 395; 1; 2; 819
443; 462; 2; 1; 821
490; 450; 1; 2; 821
493; 474; 1; 2; 830
491; 427; 1; 2; 831
600; 486; 1; 2; 838
537; 476; 1; 2; 842
583; 551; 1; 2; 843
588; 360; 1; 2; 845
26
9; 1; 47; 4104
2; 1; 23; 7515
20; 1; 15; 7624
15; 1; 1; 8381
1; 1; 17; 9447
13; 1; 18; 11941
6; 1; 25; 13028
21; 1; 25; 13078
7; 1; 14; 17048
18; 1; 5; 17129
23; 1; 18; 17729
19; 1; 19; 18235
4; 1; 40; 20474
5; 1; 16; 20820
11; 1; 48; 25113
24; 1; 46; 28159
14; 1; 12; 29913
8; 1; 10; 32933
17; 1; 39; 36497
25; 1; 12; 39860
16; 1; 27; 43448
0; 1; 16; 46178
10; 1; 7; 47040
22; 1; 16; 48114
12; 1; 21; 51982
3; 1; 47; 52974
