**** 76 ****
56
76; 66; 2; 1; 5
53; 51; 2; 1; 8
68; 40; 2; 1; 10
84; 58; 2; 1; 16
49; 41; 2; 1; 21
77; 72; 2; 1; 30
94; 36; 1; 2; 33
69; 80; 1; 2; 34
69; 55; 2; 1; 40
57; 83; 1; 2; 46
94; 76; 1; 2; 48
77; 58; 1; 2; 50
90; 53; 1; 2; 54
87; 45; 1; 2; 54
97; 35; 1; 2; 55
97; 48; 2; 1; 56
64; 81; 2; 1; 56
69; 50; 2; 1; 65
35; 96; 2; 1; 69
77; 60; 2; 1; 70
56; 76; 2; 1; 77
54; 67; 2; 1; 78
65; 76; 2; 1; 80
41; 90; 1; 2; 81
44; 86; 2; 1; 84
69; 81; 2; 1; 90
65; 43; 1; 2; 92
67; 77; 2; 1; 95
39; 65; 2; 1; 97
37; 55; 2; 1; 98
61; 45; 1; 2; 99
32; 86; 2; 1; 101
72; 38; 1; 2; 102
74; 66; 1; 2; 111
56; 63; 2; 1; 115
44; 69; 1; 2; 117
62; 41; 2; 1; 125
63; 38; 2; 1; 125
32; 31; 1; 2; 130
39; 86; 2; 1; 138
58; 90; 2; 1; 143
35; 60; 1; 2; 145
41; 54; 2; 1; 148
81; 97; 2; 1; 149
79; 75; 2; 1; 160
59; 56; 2; 1; 161
63; 71; 2; 1; 161
32; 81; 1; 2; 162
97; 85; 2; 1; 162
76; 81; 1; 2; 163
87; 45; 2; 1; 166
79; 56; 1; 2; 166
44; 82; 1; 2; 167
79; 84; 1; 2; 167
31; 41; 1; 2; 171
85; 39; 1; 2; 172
14
11; 1; 1; 53
10; 1; 19; 90
12; 1; 44; 115
5; 1; 29; 289
2; 1; 44; 350
13; 1; 45; 883
7; 1; 20; 1284
1; 1; 18; 1580
3; 1; 23; 1644
4; 1; 47; 1787
8; 1; 46; 2658
9; 1; 6; 2807
6; 1; 35; 2911
0; 1; 17; 3188
