**** 760 ****
119
433; 564; 1; 2; 0
502; 484; 2; 1; 23
546; 554; 2; 1; 38
495; 525; 1; 2; 39
556; 533; 1; 2; 41
536; 450; 1; 2; 47
559; 358; 2; 1; 52
440; 532; 2; 1; 54
516; 386; 1; 2; 56
459; 433; 2; 1; 64
375; 509; 2; 1; 66
582; 599; 1; 2; 75
498; 528; 2; 1; 76
475; 503; 2; 1; 80
368; 409; 2; 1; 103
435; 454; 1; 2; 114
590; 361; 2; 1; 126
353; 582; 1; 2; 130
493; 555; 2; 1; 130
438; 371; 2; 1; 132
377; 414; 1; 2; 156
560; 465; 1; 2; 156
536; 471; 1; 2; 175
438; 376; 2; 1; 176
398; 541; 1; 2; 180
597; 483; 1; 2; 183
550; 462; 1; 2; 186
505; 378; 2; 1; 194
579; 391; 2; 1; 203
548; 564; 2; 1; 206
562; 448; 2; 1; 215
385; 444; 1; 2; 235
431; 464; 2; 1; 238
420; 438; 2; 1; 245
455; 533; 1; 2; 247
561; 405; 2; 1; 247
487; 511; 1; 2; 266
583; 388; 2; 1; 272
395; 579; 1; 2; 276
353; 404; 1; 2; 283
571; 475; 1; 2; 294
497; 395; 1; 2; 295
571; 525; 2; 1; 301
546; 484; 2; 1; 302
575; 531; 2; 1; 303
484; 360; 2; 1; 314
386; 546; 2; 1; 315
596; 564; 2; 1; 320
567; 441; 2; 1; 322
558; 560; 2; 1; 323
370; 488; 1; 2; 330
476; 587; 1; 2; 331
348; 349; 2; 1; 334
392; 372; 1; 2; 343
524; 363; 2; 1; 366
483; 376; 1; 2; 384
421; 537; 1; 2; 405
452; 487; 1; 2; 412
374; 384; 2; 1; 429
421; 371; 2; 1; 435
588; 438; 2; 1; 438
419; 373; 1; 2; 474
421; 407; 2; 1; 480
461; 553; 2; 1; 490
474; 438; 2; 1; 499
483; 382; 1; 2; 503
562; 490; 1; 2; 509
572; 582; 1; 2; 520
558; 363; 2; 1; 522
502; 576; 2; 1; 528
481; 581; 1; 2; 530
554; 379; 1; 2; 534
526; 458; 2; 1; 547
453; 428; 1; 2; 556
577; 412; 1; 2; 560
418; 579; 1; 2; 567
491; 472; 2; 1; 567
577; 582; 2; 1; 582
486; 488; 2; 1; 602
432; 456; 2; 1; 615
460; 381; 2; 1; 624
580; 522; 1; 2; 631
391; 529; 1; 2; 637
389; 569; 2; 1; 648
548; 561; 2; 1; 650
570; 489; 2; 1; 652
356; 349; 1; 2; 652
415; 581; 2; 1; 667
557; 557; 1; 2; 680
385; 420; 2; 1; 684
429; 527; 2; 1; 688
364; 588; 1; 2; 688
569; 512; 2; 1; 691
596; 579; 2; 1; 693
413; 511; 2; 1; 704
442; 551; 1; 2; 716
505; 428; 1; 2; 716
455; 510; 2; 1; 717
400; 346; 1; 2; 722
452; 449; 1; 2; 722
442; 555; 2; 1; 728
380; 501; 1; 2; 731
535; 585; 2; 1; 733
453; 403; 2; 1; 735
378; 470; 2; 1; 736
379; 367; 2; 1; 749
538; 502; 2; 1; 760
528; 527; 1; 2; 767
448; 556; 1; 2; 777
411; 422; 1; 2; 780
369; 560; 2; 1; 782
578; 407; 1; 2; 802
454; 518; 2; 1; 810
393; 396; 1; 2; 824
462; 417; 1; 2; 827
563; 579; 2; 1; 833
374; 400; 2; 1; 840
383; 407; 2; 1; 848
549; 496; 2; 1; 856
26
6; 1; 34; 208
23; 1; 18; 838
25; 1; 43; 1108
13; 1; 37; 2292
8; 1; 13; 5555
21; 1; 12; 6112
12; 1; 29; 12310
17; 1; 6; 14886
11; 1; 35; 16103
15; 1; 43; 17434
0; 1; 49; 17640
24; 1; 46; 20276
18; 1; 3; 24092
9; 1; 18; 24337
22; 1; 44; 24395
16; 1; 2; 31194
19; 1; 40; 31941
7; 1; 10; 34128
1; 1; 11; 38701
3; 1; 20; 39741
2; 1; 16; 45509
10; 1; 49; 50976
5; 1; 25; 51211
14; 1; 21; 53228
20; 1; 44; 53258
4; 1; 33; 54598
