**** 761 ****
119
392; 484; 1; 2; 4
370; 518; 2; 1; 9
422; 477; 2; 1; 13
514; 572; 2; 1; 47
549; 356; 1; 2; 49
497; 536; 1; 2; 62
386; 572; 1; 2; 63
532; 510; 2; 1; 68
586; 427; 1; 2; 91
543; 506; 2; 1; 92
558; 378; 2; 1; 107
505; 427; 2; 1; 107
414; 432; 2; 1; 117
514; 583; 1; 2; 125
427; 407; 1; 2; 134
569; 448; 1; 2; 137
568; 584; 2; 1; 145
441; 527; 1; 2; 146
546; 369; 1; 2; 147
571; 373; 2; 1; 156
457; 524; 2; 1; 157
360; 425; 2; 1; 162
454; 429; 2; 1; 166
353; 499; 1; 2; 166
392; 581; 2; 1; 169
526; 435; 2; 1; 183
492; 434; 2; 1; 196
594; 351; 1; 2; 197
386; 384; 1; 2; 204
513; 426; 1; 2; 207
461; 357; 2; 1; 208
491; 346; 2; 1; 213
493; 370; 2; 1; 220
579; 559; 2; 1; 224
511; 353; 2; 1; 225
460; 600; 2; 1; 234
543; 435; 1; 2; 235
594; 505; 2; 1; 237
426; 462; 1; 2; 239
501; 489; 1; 2; 244
483; 429; 2; 1; 251
448; 513; 1; 2; 251
507; 538; 1; 2; 265
585; 538; 2; 1; 279
489; 579; 2; 1; 285
456; 470; 2; 1; 300
500; 391; 2; 1; 313
449; 462; 2; 1; 324
521; 510; 1; 2; 333
473; 440; 1; 2; 347
541; 546; 2; 1; 351
411; 522; 2; 1; 357
587; 433; 2; 1; 360
563; 357; 1; 2; 366
595; 535; 2; 1; 382
529; 569; 1; 2; 393
426; 441; 2; 1; 398
458; 528; 1; 2; 414
393; 579; 1; 2; 428
453; 459; 1; 2; 430
479; 515; 2; 1; 437
418; 385; 1; 2; 438
528; 480; 1; 2; 446
441; 579; 1; 2; 452
424; 565; 1; 2; 453
540; 422; 1; 2; 461
585; 368; 2; 1; 475
539; 367; 2; 1; 476
530; 396; 1; 2; 478
370; 577; 1; 2; 492
537; 440; 1; 2; 494
513; 517; 2; 1; 503
388; 414; 1; 2; 512
461; 447; 1; 2; 514
550; 464; 1; 2; 523
471; 393; 1; 2; 527
411; 356; 1; 2; 535
544; 523; 1; 2; 538
407; 529; 1; 2; 539
584; 389; 1; 2; 546
463; 509; 1; 2; 559
447; 492; 1; 2; 566
429; 495; 1; 2; 569
423; 485; 2; 1; 592
503; 521; 2; 1; 602
397; 368; 2; 1; 605
365; 379; 2; 1; 621
571; 571; 2; 1; 654
580; 567; 1; 2; 660
484; 580; 1; 2; 661
405; 450; 1; 2; 662
478; 535; 2; 1; 665
508; 447; 2; 1; 670
523; 529; 2; 1; 673
450; 388; 1; 2; 689
477; 520; 1; 2; 700
574; 484; 1; 2; 701
356; 385; 1; 2; 709
551; 531; 2; 1; 724
531; 388; 2; 1; 725
519; 514; 2; 1; 735
508; 359; 1; 2; 738
407; 582; 2; 1; 744
498; 578; 1; 2; 746
381; 393; 2; 1; 748
542; 400; 1; 2; 783
516; 351; 2; 1; 783
585; 559; 1; 2; 791
584; 560; 1; 2; 800
459; 520; 1; 2; 811
459; 466; 1; 2; 812
509; 392; 2; 1; 813
364; 544; 2; 1; 826
365; 502; 2; 1; 833
442; 488; 1; 2; 834
436; 542; 1; 2; 835
483; 373; 2; 1; 839
464; 437; 1; 2; 843
505; 562; 1; 2; 851
26
19; 1; 31; 1508
6; 1; 32; 3849
22; 1; 49; 3958
7; 1; 8; 4652
11; 1; 26; 9570
18; 1; 5; 13419
24; 1; 43; 14800
5; 1; 18; 17206
15; 1; 29; 21540
3; 1; 16; 22706
12; 1; 22; 28304
14; 1; 29; 29175
13; 1; 8; 29535
4; 1; 1; 30918
23; 1; 40; 31164
20; 1; 21; 31743
9; 1; 18; 34130
25; 1; 42; 34490
10; 1; 8; 34903
8; 1; 37; 37095
2; 1; 39; 38316
21; 1; 19; 47947
16; 1; 2; 48155
0; 1; 34; 50478
17; 1; 26; 57122
1; 1; 8; 57382
