**** 762 ****
119
562; 596; 2; 1; 4
481; 350; 2; 1; 12
374; 381; 2; 1; 12
508; 407; 1; 2; 17
515; 481; 2; 1; 23
472; 474; 2; 1; 24
428; 357; 1; 2; 44
385; 392; 2; 1; 59
552; 514; 2; 1; 63
601; 593; 1; 2; 65
479; 492; 2; 1; 67
394; 448; 1; 2; 78
486; 555; 2; 1; 86
474; 501; 2; 1; 88
390; 580; 2; 1; 99
397; 540; 1; 2; 104
476; 591; 2; 1; 111
502; 355; 1; 2; 113
435; 354; 2; 1; 122
595; 495; 1; 2; 126
577; 463; 1; 2; 128
455; 392; 1; 2; 135
382; 591; 1; 2; 138
482; 395; 2; 1; 147
408; 573; 1; 2; 150
366; 569; 1; 2; 153
369; 590; 2; 1; 155
380; 488; 1; 2; 159
449; 491; 1; 2; 208
434; 450; 1; 2; 210
423; 353; 2; 1; 250
455; 521; 2; 1; 250
536; 493; 1; 2; 253
552; 492; 1; 2; 254
347; 512; 1; 2; 263
386; 504; 2; 1; 264
354; 548; 1; 2; 274
434; 452; 2; 1; 279
524; 431; 1; 2; 284
575; 386; 2; 1; 291
560; 592; 1; 2; 301
434; 399; 1; 2; 303
529; 572; 2; 1; 304
561; 489; 2; 1; 314
566; 423; 2; 1; 316
578; 536; 1; 2; 318
488; 432; 2; 1; 348
434; 367; 2; 1; 351
425; 466; 2; 1; 355
374; 469; 2; 1; 360
463; 576; 2; 1; 364
488; 496; 1; 2; 364
357; 350; 2; 1; 373
354; 578; 1; 2; 373
504; 465; 1; 2; 376
456; 533; 2; 1; 378
519; 498; 2; 1; 386
486; 532; 1; 2; 393
364; 385; 2; 1; 394
549; 420; 1; 2; 402
470; 520; 1; 2; 405
384; 455; 1; 2; 409
574; 423; 1; 2; 415
474; 464; 1; 2; 415
535; 406; 2; 1; 416
571; 357; 2; 1; 417
538; 559; 2; 1; 444
454; 534; 2; 1; 470
498; 514; 1; 2; 495
423; 476; 1; 2; 496
373; 572; 2; 1; 513
555; 452; 2; 1; 517
498; 450; 2; 1; 523
382; 487; 1; 2; 533
465; 467; 1; 2; 545
526; 599; 1; 2; 546
574; 520; 1; 2; 549
546; 559; 2; 1; 555
395; 468; 1; 2; 560
593; 367; 2; 1; 562
385; 597; 1; 2; 563
509; 581; 1; 2; 573
570; 417; 1; 2; 573
598; 562; 2; 1; 574
366; 430; 1; 2; 584
510; 381; 2; 1; 584
533; 531; 2; 1; 585
404; 352; 2; 1; 588
532; 518; 2; 1; 595
351; 348; 2; 1; 597
349; 418; 2; 1; 607
424; 483; 2; 1; 639
404; 552; 1; 2; 662
454; 492; 1; 2; 663
538; 407; 1; 2; 665
381; 543; 1; 2; 666
357; 384; 2; 1; 675
554; 457; 1; 2; 676
357; 372; 1; 2; 694
420; 366; 1; 2; 701
431; 427; 2; 1; 704
518; 440; 1; 2; 707
404; 523; 2; 1; 718
492; 592; 1; 2; 718
436; 513; 2; 1; 720
519; 470; 2; 1; 722
456; 491; 1; 2; 723
485; 578; 1; 2; 737
419; 391; 2; 1; 745
556; 358; 2; 1; 758
460; 459; 2; 1; 761
594; 524; 1; 2; 766
585; 586; 1; 2; 770
591; 571; 2; 1; 776
517; 563; 2; 1; 796
495; 420; 1; 2; 804
368; 438; 2; 1; 846
594; 574; 2; 1; 855
558; 520; 2; 1; 855
26
12; 1; 44; 4018
18; 1; 10; 7820
23; 1; 29; 7839
20; 1; 42; 12298
7; 1; 18; 13658
4; 1; 38; 13876
8; 1; 19; 19743
11; 1; 41; 22879
17; 1; 9; 25409
5; 1; 14; 25765
16; 1; 35; 26448
14; 1; 39; 27412
0; 1; 21; 27691
3; 1; 5; 30951
25; 1; 31; 32060
6; 1; 23; 34930
19; 1; 46; 36287
13; 1; 14; 38174
1; 1; 13; 41124
15; 1; 30; 43397
21; 1; 10; 44829
10; 1; 36; 46963
9; 1; 15; 52367
2; 1; 5; 52738
24; 1; 43; 53392
22; 1; 20; 53893
