**** 763 ****
119
529; 517; 1; 2; 24
408; 363; 1; 2; 30
367; 383; 1; 2; 31
425; 594; 2; 1; 35
526; 524; 2; 1; 36
558; 570; 1; 2; 44
421; 534; 2; 1; 58
565; 422; 1; 2; 126
506; 455; 1; 2; 153
600; 574; 1; 2; 159
598; 396; 1; 2; 160
488; 425; 1; 2; 164
361; 466; 2; 1; 168
398; 581; 1; 2; 187
593; 597; 2; 1; 188
387; 597; 1; 2; 210
476; 593; 2; 1; 219
378; 371; 2; 1; 224
537; 346; 2; 1; 226
378; 479; 2; 1; 226
587; 394; 2; 1; 239
539; 434; 1; 2; 242
447; 578; 1; 2; 251
440; 444; 1; 2; 257
388; 566; 1; 2; 264
500; 552; 1; 2; 269
402; 436; 1; 2; 295
463; 470; 1; 2; 303
553; 469; 1; 2; 311
349; 450; 2; 1; 314
448; 565; 2; 1; 322
530; 458; 2; 1; 328
383; 454; 1; 2; 330
570; 576; 1; 2; 342
401; 544; 1; 2; 350
536; 511; 1; 2; 359
569; 362; 2; 1; 361
515; 423; 1; 2; 377
469; 442; 1; 2; 395
402; 365; 2; 1; 408
498; 525; 2; 1; 421
548; 457; 1; 2; 436
570; 360; 1; 2; 439
397; 448; 1; 2; 447
544; 500; 2; 1; 448
429; 488; 2; 1; 449
525; 364; 2; 1; 461
466; 519; 2; 1; 468
441; 353; 2; 1; 469
497; 500; 2; 1; 471
396; 533; 1; 2; 478
567; 471; 1; 2; 483
514; 379; 2; 1; 494
365; 559; 1; 2; 500
545; 581; 1; 2; 502
561; 592; 1; 2; 504
381; 440; 1; 2; 519
479; 502; 2; 1; 525
425; 518; 1; 2; 530
563; 567; 2; 1; 531
559; 587; 1; 2; 555
523; 487; 1; 2; 556
507; 459; 2; 1; 567
354; 585; 2; 1; 568
541; 436; 2; 1; 572
513; 562; 1; 2; 580
451; 548; 2; 1; 584
352; 443; 2; 1; 598
436; 548; 1; 2; 598
588; 352; 2; 1; 612
355; 554; 2; 1; 622
599; 451; 1; 2; 624
506; 493; 2; 1; 632
359; 594; 1; 2; 636
421; 461; 2; 1; 638
585; 410; 1; 2; 647
472; 397; 1; 2; 665
519; 587; 1; 2; 666
441; 418; 1; 2; 686
433; 429; 2; 1; 687
433; 564; 1; 2; 687
582; 551; 1; 2; 689
399; 582; 1; 2; 708
467; 543; 1; 2; 709
583; 581; 2; 1; 726
599; 404; 2; 1; 727
449; 484; 1; 2; 729
370; 392; 2; 1; 731
378; 402; 2; 1; 734
383; 457; 1; 2; 741
570; 472; 2; 1; 743
435; 464; 1; 2; 744
479; 507; 1; 2; 744
441; 525; 1; 2; 745
528; 415; 1; 2; 750
532; 436; 1; 2; 756
514; 413; 1; 2; 767
437; 556; 2; 1; 784
413; 449; 1; 2; 786
540; 440; 1; 2; 786
468; 536; 1; 2; 790
375; 435; 1; 2; 790
528; 460; 1; 2; 791
481; 348; 2; 1; 793
556; 470; 1; 2; 809
399; 560; 2; 1; 812
480; 415; 2; 1; 812
584; 505; 2; 1; 813
353; 381; 1; 2; 815
464; 436; 1; 2; 824
482; 525; 1; 2; 825
429; 376; 2; 1; 825
367; 436; 1; 2; 833
575; 521; 2; 1; 834
559; 492; 1; 2; 835
424; 351; 1; 2; 839
351; 504; 1; 2; 840
472; 485; 1; 2; 843
444; 400; 1; 2; 855
26
20; 1; 6; 4273
18; 1; 9; 5334
16; 1; 38; 5790
25; 1; 47; 7246
5; 1; 1; 9961
17; 1; 44; 11313
8; 1; 29; 12203
11; 1; 39; 15549
1; 1; 13; 17505
4; 1; 11; 18585
15; 1; 28; 18970
22; 1; 19; 20266
6; 1; 18; 22275
7; 1; 12; 28184
3; 1; 46; 28375
23; 1; 43; 33365
14; 1; 17; 35556
13; 1; 23; 36882
10; 1; 40; 37867
9; 1; 25; 39730
2; 1; 45; 44787
19; 1; 2; 46664
21; 1; 14; 48943
24; 1; 36; 51092
0; 1; 8; 52268
12; 1; 1; 55661
