**** 764 ****
119
428; 532; 1; 2; 12
532; 351; 1; 2; 24
448; 476; 2; 1; 27
524; 420; 1; 2; 29
457; 453; 1; 2; 31
451; 366; 2; 1; 32
563; 500; 1; 2; 36
471; 510; 1; 2; 45
518; 400; 1; 2; 45
421; 424; 2; 1; 50
510; 380; 1; 2; 52
514; 586; 1; 2; 55
527; 349; 2; 1; 60
434; 376; 1; 2; 64
535; 472; 1; 2; 65
599; 591; 2; 1; 65
351; 489; 2; 1; 67
453; 362; 2; 1; 67
416; 442; 2; 1; 75
407; 531; 2; 1; 95
535; 512; 2; 1; 96
397; 430; 2; 1; 105
393; 453; 1; 2; 117
504; 473; 1; 2; 122
468; 554; 2; 1; 133
392; 530; 1; 2; 135
352; 366; 2; 1; 138
445; 399; 2; 1; 142
485; 506; 1; 2; 161
439; 597; 1; 2; 161
346; 358; 2; 1; 162
543; 498; 2; 1; 169
348; 393; 1; 2; 171
387; 519; 2; 1; 172
518; 361; 2; 1; 198
522; 488; 1; 2; 206
448; 490; 1; 2; 215
353; 547; 2; 1; 218
415; 502; 2; 1; 226
454; 414; 1; 2; 234
450; 487; 1; 2; 236
398; 539; 1; 2; 242
396; 590; 1; 2; 244
443; 443; 2; 1; 250
584; 565; 1; 2; 265
425; 427; 2; 1; 269
600; 595; 1; 2; 274
347; 441; 2; 1; 279
535; 481; 1; 2; 293
567; 415; 1; 2; 298
463; 464; 1; 2; 307
523; 394; 2; 1; 310
363; 397; 1; 2; 320
430; 346; 1; 2; 325
544; 379; 1; 2; 359
486; 498; 2; 1; 389
409; 498; 1; 2; 392
370; 466; 2; 1; 398
349; 452; 1; 2; 413
478; 349; 1; 2; 413
455; 348; 2; 1; 418
596; 577; 1; 2; 420
478; 363; 1; 2; 423
513; 351; 1; 2; 424
598; 570; 2; 1; 425
374; 457; 1; 2; 451
347; 433; 1; 2; 456
492; 364; 2; 1; 458
405; 521; 1; 2; 461
454; 591; 2; 1; 481
428; 597; 1; 2; 493
415; 358; 1; 2; 497
576; 469; 1; 2; 505
470; 357; 1; 2; 509
459; 491; 1; 2; 511
448; 444; 1; 2; 527
484; 509; 1; 2; 527
566; 568; 2; 1; 528
444; 469; 2; 1; 558
355; 399; 2; 1; 571
504; 419; 2; 1; 584
526; 366; 2; 1; 585
533; 584; 1; 2; 588
478; 468; 1; 2; 610
584; 481; 1; 2; 611
393; 436; 1; 2; 611
521; 467; 2; 1; 614
417; 365; 2; 1; 618
427; 512; 2; 1; 620
484; 404; 1; 2; 629
500; 460; 2; 1; 640
412; 439; 2; 1; 646
436; 573; 1; 2; 651
403; 452; 2; 1; 653
357; 444; 2; 1; 656
433; 485; 1; 2; 663
574; 518; 2; 1; 665
373; 547; 2; 1; 677
424; 550; 2; 1; 703
444; 423; 2; 1; 703
425; 582; 1; 2; 709
377; 355; 1; 2; 723
525; 401; 1; 2; 730
446; 392; 2; 1; 743
498; 520; 2; 1; 745
548; 524; 2; 1; 746
473; 542; 1; 2; 750
528; 543; 2; 1; 775
520; 515; 2; 1; 781
535; 438; 2; 1; 789
395; 588; 2; 1; 793
429; 381; 2; 1; 795
556; 499; 2; 1; 805
463; 552; 2; 1; 811
503; 479; 1; 2; 815
530; 422; 1; 2; 824
356; 565; 1; 2; 844
406; 358; 2; 1; 850
401; 440; 1; 2; 852
26
17; 1; 28; 998
24; 1; 26; 4248
7; 1; 31; 5176
8; 1; 38; 5640
6; 1; 30; 7325
14; 1; 15; 7413
22; 1; 4; 9614
21; 1; 18; 11365
20; 1; 7; 11884
4; 1; 29; 14658
2; 1; 19; 14750
10; 1; 9; 18305
25; 1; 37; 23675
12; 1; 29; 25236
1; 1; 33; 25635
0; 1; 42; 27844
13; 1; 7; 33397
19; 1; 16; 34084
16; 1; 37; 41874
18; 1; 31; 45991
23; 1; 26; 46236
3; 1; 3; 46845
5; 1; 37; 47027
11; 1; 30; 50423
9; 1; 39; 52418
15; 1; 32; 53576
