**** 765 ****
119
502; 569; 1; 2; 11
478; 360; 1; 2; 17
482; 373; 1; 2; 23
599; 404; 1; 2; 23
448; 559; 1; 2; 28
582; 590; 1; 2; 32
377; 390; 1; 2; 40
586; 586; 2; 1; 51
469; 376; 2; 1; 52
463; 576; 1; 2; 54
393; 546; 1; 2; 60
486; 464; 1; 2; 63
597; 601; 2; 1; 63
590; 403; 1; 2; 68
410; 515; 2; 1; 72
583; 384; 1; 2; 72
399; 411; 2; 1; 74
561; 453; 1; 2; 80
379; 507; 2; 1; 83
556; 397; 2; 1; 88
597; 598; 2; 1; 93
352; 366; 1; 2; 101
377; 475; 1; 2; 103
493; 356; 2; 1; 127
545; 453; 2; 1; 131
394; 527; 2; 1; 148
541; 364; 2; 1; 153
534; 389; 1; 2; 167
448; 433; 1; 2; 167
567; 393; 2; 1; 178
594; 431; 1; 2; 200
553; 473; 1; 2; 206
492; 351; 2; 1; 207
485; 507; 2; 1; 217
392; 525; 1; 2; 223
351; 430; 2; 1; 225
404; 572; 1; 2; 235
367; 597; 1; 2; 240
371; 391; 2; 1; 250
579; 497; 1; 2; 251
375; 386; 2; 1; 258
484; 387; 2; 1; 259
593; 348; 1; 2; 259
459; 468; 2; 1; 260
571; 466; 2; 1; 273
511; 512; 2; 1; 285
417; 531; 1; 2; 301
530; 382; 1; 2; 304
519; 404; 2; 1; 313
456; 579; 1; 2; 350
412; 523; 2; 1; 353
376; 426; 1; 2; 398
392; 586; 1; 2; 405
462; 596; 1; 2; 406
404; 597; 2; 1; 415
503; 446; 2; 1; 418
454; 588; 2; 1; 426
461; 557; 2; 1; 427
498; 565; 2; 1; 427
596; 479; 2; 1; 428
489; 504; 2; 1; 433
393; 468; 1; 2; 440
394; 533; 2; 1; 440
485; 528; 2; 1; 466
446; 591; 1; 2; 466
498; 476; 2; 1; 468
388; 402; 2; 1; 474
549; 456; 1; 2; 487
600; 562; 2; 1; 493
386; 551; 1; 2; 499
550; 466; 2; 1; 501
484; 421; 1; 2; 504
553; 600; 1; 2; 511
528; 577; 1; 2; 520
490; 557; 2; 1; 528
533; 578; 1; 2; 542
410; 508; 1; 2; 543
481; 364; 2; 1; 547
439; 562; 2; 1; 550
485; 460; 2; 1; 562
442; 581; 1; 2; 582
516; 451; 1; 2; 614
421; 369; 2; 1; 619
522; 588; 2; 1; 620
441; 565; 2; 1; 633
388; 553; 1; 2; 635
468; 426; 2; 1; 642
380; 465; 1; 2; 643
447; 404; 1; 2; 657
566; 465; 2; 1; 660
364; 521; 1; 2; 666
472; 575; 2; 1; 683
439; 441; 2; 1; 684
474; 420; 2; 1; 688
427; 498; 1; 2; 722
583; 568; 2; 1; 726
507; 534; 1; 2; 746
471; 568; 2; 1; 746
409; 566; 1; 2; 746
596; 561; 2; 1; 771
353; 425; 1; 2; 781
447; 486; 1; 2; 787
397; 426; 1; 2; 787
421; 539; 1; 2; 788
577; 420; 1; 2; 796
502; 437; 1; 2; 808
552; 522; 2; 1; 810
449; 498; 1; 2; 811
521; 436; 2; 1; 813
430; 502; 1; 2; 818
502; 548; 1; 2; 821
525; 501; 2; 1; 832
424; 556; 1; 2; 833
402; 351; 2; 1; 836
576; 349; 2; 1; 841
355; 440; 1; 2; 842
502; 549; 1; 2; 850
453; 509; 1; 2; 851
578; 570; 2; 1; 853
26
2; 1; 1; 1459
7; 1; 25; 2859
13; 1; 13; 2954
12; 1; 27; 5800
25; 1; 6; 7013
16; 1; 26; 8492
23; 1; 48; 9264
5; 1; 22; 9366
24; 1; 15; 10155
10; 1; 20; 10501
18; 1; 11; 10695
15; 1; 23; 13651
19; 1; 10; 15778
22; 1; 44; 16588
4; 1; 8; 21125
20; 1; 36; 26880
9; 1; 5; 26939
8; 1; 31; 30456
17; 1; 41; 31009
3; 1; 39; 32033
21; 1; 44; 38094
1; 1; 31; 47256
6; 1; 18; 48718
0; 1; 20; 48916
14; 1; 2; 51565
11; 1; 9; 55436
