**** 766 ****
119
543; 479; 1; 2; 8
574; 389; 2; 1; 11
448; 422; 1; 2; 34
405; 548; 1; 2; 42
488; 521; 2; 1; 44
490; 477; 1; 2; 47
518; 560; 1; 2; 48
524; 594; 1; 2; 50
573; 548; 2; 1; 51
487; 394; 2; 1; 58
598; 411; 1; 2; 60
540; 591; 2; 1; 87
360; 381; 1; 2; 99
358; 541; 2; 1; 111
513; 533; 1; 2; 118
420; 554; 2; 1; 122
560; 437; 1; 2; 124
459; 414; 1; 2; 153
422; 412; 2; 1; 155
431; 531; 1; 2; 156
402; 507; 1; 2; 159
409; 412; 1; 2; 162
511; 422; 1; 2; 173
575; 480; 2; 1; 174
490; 425; 1; 2; 174
505; 597; 2; 1; 179
380; 400; 1; 2; 186
471; 542; 2; 1; 187
389; 546; 2; 1; 190
365; 512; 1; 2; 196
503; 351; 1; 2; 197
386; 537; 1; 2; 202
547; 353; 2; 1; 203
411; 353; 1; 2; 212
485; 594; 1; 2; 215
402; 425; 2; 1; 217
532; 519; 1; 2; 224
468; 539; 1; 2; 225
371; 462; 2; 1; 238
552; 566; 2; 1; 246
449; 402; 2; 1; 247
483; 592; 2; 1; 249
359; 369; 2; 1; 255
402; 394; 2; 1; 262
562; 477; 1; 2; 262
353; 404; 1; 2; 264
535; 599; 1; 2; 273
402; 416; 1; 2; 283
356; 502; 2; 1; 287
506; 407; 1; 2; 295
592; 414; 1; 2; 298
377; 425; 1; 2; 312
583; 594; 1; 2; 320
553; 376; 1; 2; 322
592; 348; 1; 2; 342
476; 399; 2; 1; 350
505; 469; 1; 2; 353
438; 475; 1; 2; 353
484; 600; 2; 1; 367
533; 363; 1; 2; 374
350; 593; 1; 2; 382
369; 362; 2; 1; 383
550; 352; 1; 2; 388
457; 445; 2; 1; 391
544; 547; 2; 1; 396
358; 518; 2; 1; 400
516; 542; 2; 1; 415
486; 410; 1; 2; 420
355; 444; 1; 2; 421
350; 381; 2; 1; 431
544; 368; 2; 1; 432
365; 438; 2; 1; 449
447; 515; 1; 2; 466
462; 368; 1; 2; 469
458; 473; 2; 1; 471
464; 498; 1; 2; 493
476; 447; 2; 1; 493
411; 471; 1; 2; 497
536; 563; 2; 1; 503
507; 450; 1; 2; 504
559; 538; 1; 2; 506
600; 513; 1; 2; 507
484; 417; 2; 1; 517
540; 364; 2; 1; 521
587; 493; 2; 1; 526
515; 353; 2; 1; 549
537; 584; 1; 2; 552
575; 386; 1; 2; 553
597; 402; 1; 2; 581
358; 536; 1; 2; 582
593; 601; 1; 2; 589
465; 366; 2; 1; 612
562; 491; 2; 1; 630
355; 553; 1; 2; 632
586; 592; 1; 2; 641
486; 357; 1; 2; 645
401; 501; 1; 2; 648
392; 484; 1; 2; 650
383; 459; 2; 1; 654
436; 527; 1; 2; 671
502; 497; 2; 1; 679
397; 385; 2; 1; 681
455; 478; 2; 1; 684
393; 488; 2; 1; 724
564; 507; 2; 1; 755
476; 421; 2; 1; 756
476; 497; 1; 2; 772
589; 423; 1; 2; 784
382; 369; 1; 2; 795
458; 556; 1; 2; 801
411; 453; 1; 2; 805
367; 494; 2; 1; 815
525; 437; 1; 2; 817
407; 416; 2; 1; 832
395; 574; 2; 1; 835
505; 393; 2; 1; 839
553; 555; 1; 2; 841
432; 508; 2; 1; 847
541; 501; 2; 1; 859
26
23; 1; 6; 1309
16; 1; 3; 2744
0; 1; 42; 4915
5; 1; 36; 6312
24; 1; 25; 12164
2; 1; 21; 12398
25; 1; 3; 13677
20; 1; 19; 14981
22; 1; 18; 17022
18; 1; 4; 19502
10; 1; 11; 20955
14; 1; 40; 27328
13; 1; 1; 27600
8; 1; 48; 30202
4; 1; 14; 39093
21; 1; 33; 39691
11; 1; 6; 41065
3; 1; 25; 42276
15; 1; 29; 43509
12; 1; 19; 50957
7; 1; 20; 51774
17; 1; 1; 51925
19; 1; 24; 54547
6; 1; 48; 54981
1; 1; 43; 55146
9; 1; 24; 55204
