**** 767 ****
119
520; 575; 1; 2; 3
581; 582; 2; 1; 4
447; 373; 2; 1; 22
495; 531; 1; 2; 25
503; 476; 2; 1; 28
371; 347; 2; 1; 47
480; 523; 2; 1; 84
479; 428; 2; 1; 93
436; 573; 2; 1; 94
499; 372; 2; 1; 98
572; 596; 2; 1; 101
516; 541; 1; 2; 104
382; 446; 1; 2; 107
530; 512; 1; 2; 113
541; 381; 1; 2; 113
517; 592; 2; 1; 116
468; 573; 2; 1; 120
352; 545; 1; 2; 122
506; 356; 2; 1; 123
399; 552; 1; 2; 132
595; 528; 2; 1; 177
362; 598; 2; 1; 181
430; 549; 2; 1; 184
508; 456; 2; 1; 185
406; 527; 1; 2; 199
501; 502; 1; 2; 207
579; 438; 1; 2; 222
553; 581; 1; 2; 223
524; 412; 1; 2; 225
467; 494; 1; 2; 232
388; 435; 1; 2; 234
430; 479; 2; 1; 242
387; 566; 2; 1; 245
492; 484; 1; 2; 250
529; 550; 1; 2; 261
575; 520; 2; 1; 263
413; 411; 1; 2; 270
401; 476; 1; 2; 277
415; 437; 2; 1; 279
498; 377; 1; 2; 296
351; 475; 1; 2; 311
525; 488; 2; 1; 315
500; 369; 1; 2; 320
393; 489; 1; 2; 324
346; 559; 2; 1; 336
530; 441; 1; 2; 364
417; 446; 2; 1; 393
353; 373; 1; 2; 400
502; 561; 2; 1; 413
409; 582; 2; 1; 413
366; 397; 1; 2; 432
383; 402; 2; 1; 436
494; 393; 1; 2; 456
567; 448; 1; 2; 482
559; 558; 2; 1; 486
529; 507; 2; 1; 487
523; 412; 1; 2; 487
487; 432; 2; 1; 490
380; 586; 2; 1; 493
464; 443; 1; 2; 497
471; 350; 1; 2; 498
373; 369; 1; 2; 508
405; 534; 1; 2; 508
369; 398; 1; 2; 522
537; 599; 1; 2; 523
527; 400; 2; 1; 576
349; 600; 1; 2; 577
373; 384; 2; 1; 580
405; 566; 2; 1; 612
483; 399; 2; 1; 617
550; 450; 2; 1; 620
461; 489; 1; 2; 630
513; 513; 2; 1; 633
427; 483; 2; 1; 634
394; 480; 2; 1; 639
467; 555; 2; 1; 658
520; 568; 1; 2; 658
462; 384; 2; 1; 661
413; 593; 1; 2; 664
362; 418; 2; 1; 666
583; 457; 1; 2; 666
525; 351; 2; 1; 666
565; 417; 2; 1; 669
526; 428; 1; 2; 673
422; 366; 2; 1; 678
358; 365; 2; 1; 678
479; 555; 1; 2; 678
590; 354; 2; 1; 704
487; 584; 1; 2; 706
411; 364; 2; 1; 707
561; 485; 1; 2; 714
530; 477; 2; 1; 715
514; 475; 1; 2; 717
488; 588; 1; 2; 723
364; 396; 1; 2; 733
381; 586; 2; 1; 735
488; 485; 1; 2; 736
385; 456; 1; 2; 741
542; 376; 1; 2; 742
460; 460; 2; 1; 755
575; 506; 2; 1; 762
572; 397; 2; 1; 769
445; 364; 1; 2; 781
567; 525; 1; 2; 785
488; 443; 1; 2; 794
568; 437; 2; 1; 795
451; 601; 2; 1; 815
597; 548; 1; 2; 817
541; 445; 1; 2; 821
368; 531; 2; 1; 821
393; 348; 1; 2; 826
485; 424; 1; 2; 828
380; 454; 2; 1; 841
571; 539; 1; 2; 843
475; 540; 1; 2; 846
412; 582; 1; 2; 848
449; 601; 1; 2; 848
388; 380; 2; 1; 852
461; 380; 2; 1; 856
26
18; 1; 19; 2589
6; 1; 34; 2647
13; 1; 7; 2826
17; 1; 7; 2897
15; 1; 31; 5497
25; 1; 7; 9253
8; 1; 44; 11976
7; 1; 28; 12536
14; 1; 20; 14673
1; 1; 40; 14711
24; 1; 38; 14982
20; 1; 46; 15956
19; 1; 47; 23861
12; 1; 23; 25531
22; 1; 36; 29695
4; 1; 23; 31054
10; 1; 30; 31277
5; 1; 17; 33714
23; 1; 15; 42958
2; 1; 29; 44076
16; 1; 22; 46205
21; 1; 11; 46763
0; 1; 3; 47390
3; 1; 37; 52493
9; 1; 44; 53899
11; 1; 37; 55352
