**** 768 ****
119
367; 406; 1; 2; 3
420; 355; 2; 1; 3
349; 540; 2; 1; 6
448; 504; 1; 2; 20
358; 509; 1; 2; 20
564; 394; 1; 2; 22
392; 525; 1; 2; 25
368; 464; 1; 2; 26
564; 347; 1; 2; 41
529; 482; 2; 1; 42
580; 490; 1; 2; 42
410; 347; 2; 1; 45
431; 451; 1; 2; 48
441; 455; 1; 2; 53
543; 413; 2; 1; 76
509; 499; 1; 2; 79
363; 386; 1; 2; 98
383; 439; 1; 2; 106
542; 346; 1; 2; 128
381; 357; 1; 2; 129
452; 363; 2; 1; 135
399; 402; 1; 2; 145
568; 578; 2; 1; 149
398; 480; 1; 2; 149
569; 403; 1; 2; 153
574; 584; 2; 1; 169
591; 465; 1; 2; 187
517; 510; 1; 2; 199
363; 534; 1; 2; 200
588; 377; 1; 2; 208
549; 354; 1; 2; 208
397; 574; 2; 1; 219
426; 561; 1; 2; 226
571; 565; 1; 2; 228
499; 352; 2; 1; 228
422; 532; 2; 1; 242
517; 354; 2; 1; 243
348; 491; 1; 2; 253
414; 519; 2; 1; 256
401; 415; 1; 2; 261
433; 374; 2; 1; 264
460; 370; 2; 1; 274
500; 552; 2; 1; 293
392; 361; 2; 1; 298
555; 387; 2; 1; 308
597; 372; 2; 1; 312
485; 467; 1; 2; 312
492; 346; 2; 1; 313
536; 354; 2; 1; 317
530; 373; 2; 1; 335
446; 590; 1; 2; 339
483; 352; 1; 2; 344
362; 522; 1; 2; 347
487; 533; 2; 1; 355
425; 351; 2; 1; 375
421; 537; 2; 1; 376
535; 443; 2; 1; 378
435; 414; 2; 1; 388
478; 595; 2; 1; 392
474; 384; 2; 1; 395
457; 407; 2; 1; 406
400; 434; 1; 2; 419
553; 448; 2; 1; 421
553; 373; 2; 1; 423
379; 352; 1; 2; 428
586; 504; 2; 1; 435
544; 583; 1; 2; 462
399; 495; 2; 1; 465
533; 453; 2; 1; 467
568; 401; 1; 2; 478
518; 427; 2; 1; 479
456; 472; 2; 1; 487
548; 411; 2; 1; 494
487; 364; 2; 1; 498
572; 512; 2; 1; 502
356; 568; 2; 1; 504
393; 478; 1; 2; 517
537; 525; 1; 2; 529
486; 596; 1; 2; 537
487; 570; 2; 1; 555
471; 468; 2; 1; 559
471; 554; 1; 2; 563
566; 578; 1; 2; 564
394; 573; 1; 2; 565
380; 388; 1; 2; 569
365; 472; 2; 1; 583
555; 450; 1; 2; 583
527; 373; 2; 1; 590
446; 371; 2; 1; 595
395; 417; 1; 2; 602
382; 355; 2; 1; 625
560; 508; 1; 2; 628
580; 504; 2; 1; 629
476; 519; 1; 2; 633
564; 407; 2; 1; 648
410; 354; 2; 1; 655
355; 537; 1; 2; 656
485; 399; 2; 1; 666
384; 476; 1; 2; 669
406; 452; 2; 1; 674
368; 483; 1; 2; 674
527; 505; 1; 2; 710
581; 558; 1; 2; 728
395; 351; 2; 1; 733
346; 364; 2; 1; 735
412; 559; 2; 1; 737
597; 421; 2; 1; 740
501; 408; 2; 1; 750
488; 427; 2; 1; 755
534; 427; 1; 2; 761
489; 396; 2; 1; 767
500; 525; 2; 1; 786
346; 391; 2; 1; 843
541; 522; 1; 2; 844
577; 592; 1; 2; 848
427; 358; 2; 1; 849
431; 589; 1; 2; 850
511; 586; 1; 2; 853
500; 412; 1; 2; 857
26
8; 1; 45; 944
19; 1; 2; 1774
18; 1; 19; 3845
12; 1; 39; 5573
25; 1; 47; 10469
2; 1; 12; 11144
13; 1; 17; 12906
9; 1; 5; 14527
20; 1; 9; 19276
21; 1; 30; 20234
16; 1; 7; 21169
15; 1; 10; 22927
7; 1; 20; 24964
10; 1; 47; 27311
14; 1; 26; 30268
1; 1; 7; 32402
24; 1; 32; 32585
17; 1; 9; 35440
0; 1; 18; 35712
11; 1; 45; 36693
3; 1; 6; 38764
6; 1; 16; 42776
23; 1; 14; 42905
5; 1; 2; 43564
4; 1; 46; 49840
22; 1; 45; 53521
