**** 769 ****
119
402; 432; 2; 1; 5
558; 582; 2; 1; 14
350; 419; 2; 1; 17
494; 377; 1; 2; 17
447; 446; 1; 2; 31
357; 522; 1; 2; 41
351; 455; 2; 1; 44
481; 351; 1; 2; 70
440; 599; 2; 1; 76
371; 463; 2; 1; 81
462; 350; 2; 1; 83
524; 412; 1; 2; 101
576; 430; 2; 1; 109
464; 419; 1; 2; 122
513; 446; 1; 2; 123
484; 387; 1; 2; 133
383; 587; 2; 1; 151
572; 555; 2; 1; 161
477; 441; 2; 1; 162
347; 348; 2; 1; 163
414; 495; 1; 2; 163
518; 426; 1; 2; 164
492; 392; 2; 1; 169
447; 601; 2; 1; 174
553; 525; 1; 2; 191
347; 385; 2; 1; 191
355; 350; 2; 1; 196
351; 566; 1; 2; 230
497; 579; 2; 1; 238
500; 445; 2; 1; 251
540; 349; 1; 2; 258
599; 367; 1; 2; 262
569; 431; 2; 1; 267
366; 403; 1; 2; 268
438; 523; 1; 2; 278
418; 483; 2; 1; 279
383; 590; 2; 1; 280
578; 416; 2; 1; 281
562; 565; 1; 2; 292
390; 487; 2; 1; 299
450; 580; 1; 2; 300
587; 496; 2; 1; 307
416; 585; 1; 2; 321
410; 526; 2; 1; 327
403; 522; 2; 1; 336
515; 367; 2; 1; 345
597; 500; 1; 2; 347
499; 517; 2; 1; 347
365; 591; 1; 2; 356
484; 568; 2; 1; 367
445; 511; 2; 1; 368
483; 541; 1; 2; 369
433; 384; 1; 2; 404
478; 483; 2; 1; 405
481; 359; 1; 2; 410
541; 586; 1; 2; 413
599; 363; 2; 1; 414
461; 521; 2; 1; 414
491; 407; 2; 1; 417
379; 544; 1; 2; 427
361; 424; 1; 2; 443
466; 503; 2; 1; 451
548; 495; 1; 2; 451
401; 592; 1; 2; 456
412; 407; 2; 1; 460
491; 426; 2; 1; 488
390; 475; 1; 2; 501
472; 493; 2; 1; 503
449; 415; 2; 1; 507
499; 435; 2; 1; 515
352; 424; 1; 2; 524
434; 424; 1; 2; 524
463; 430; 2; 1; 526
463; 523; 2; 1; 532
526; 422; 2; 1; 540
379; 417; 2; 1; 540
488; 409; 1; 2; 543
428; 494; 1; 2; 549
367; 413; 2; 1; 554
463; 572; 2; 1; 558
414; 359; 1; 2; 560
415; 583; 2; 1; 566
460; 357; 2; 1; 566
476; 402; 1; 2; 571
362; 463; 1; 2; 573
408; 591; 2; 1; 576
430; 495; 1; 2; 581
520; 455; 1; 2; 586
383; 542; 2; 1; 623
535; 393; 2; 1; 634
452; 428; 1; 2; 636
438; 415; 1; 2; 642
373; 542; 1; 2; 650
443; 510; 2; 1; 652
551; 515; 2; 1; 654
525; 461; 2; 1; 655
549; 588; 1; 2; 675
567; 390; 1; 2; 676
499; 441; 1; 2; 688
409; 538; 2; 1; 701
378; 495; 2; 1; 705
505; 544; 2; 1; 710
443; 441; 2; 1; 710
549; 557; 2; 1; 716
502; 347; 2; 1; 740
359; 513; 1; 2; 742
439; 550; 1; 2; 754
424; 599; 1; 2; 754
567; 458; 1; 2; 782
380; 359; 2; 1; 783
587; 472; 2; 1; 783
450; 547; 1; 2; 797
573; 594; 2; 1; 809
538; 442; 2; 1; 813
352; 387; 2; 1; 831
555; 426; 1; 2; 834
480; 563; 2; 1; 839
350; 531; 2; 1; 858
594; 373; 2; 1; 866
26
20; 1; 42; 804
22; 1; 30; 2689
18; 1; 47; 6007
23; 1; 41; 7036
5; 1; 9; 9706
15; 1; 22; 10268
14; 1; 34; 12381
10; 1; 19; 12564
21; 1; 46; 13071
17; 1; 27; 17714
6; 1; 18; 20575
0; 1; 4; 22498
11; 1; 16; 22866
2; 1; 46; 26026
24; 1; 49; 26157
19; 1; 40; 27697
16; 1; 23; 29623
25; 1; 11; 30444
7; 1; 19; 32565
12; 1; 14; 34454
4; 1; 13; 35235
13; 1; 23; 36153
3; 1; 40; 41045
9; 1; 37; 42740
8; 1; 22; 48706
1; 1; 14; 50501
