**** 77 ****
57
46; 88; 1; 2; 2
105; 79; 2; 1; 3
44; 38; 1; 2; 3
40; 52; 2; 1; 5
37; 104; 2; 1; 11
90; 60; 2; 1; 13
68; 38; 1; 2; 14
104; 46; 2; 1; 14
91; 44; 1; 2; 14
52; 37; 1; 2; 17
74; 42; 1; 2; 17
49; 64; 1; 2; 22
50; 84; 2; 1; 24
59; 91; 2; 1; 27
68; 81; 1; 2; 30
61; 70; 2; 1; 34
87; 45; 2; 1; 35
64; 77; 1; 2; 35
77; 48; 2; 1; 40
100; 73; 1; 2; 41
72; 77; 2; 1; 42
38; 54; 2; 1; 46
58; 37; 1; 2; 48
53; 99; 1; 2; 54
51; 64; 1; 2; 57
100; 56; 1; 2; 57
95; 89; 2; 1; 59
61; 58; 2; 1; 61
98; 50; 1; 2; 64
42; 43; 2; 1; 72
51; 40; 1; 2; 77
50; 76; 1; 2; 78
98; 86; 2; 1; 84
85; 36; 1; 2; 85
76; 59; 2; 1; 85
67; 72; 2; 1; 98
40; 78; 1; 2; 99
42; 89; 2; 1; 100
70; 103; 1; 2; 103
77; 44; 2; 1; 109
98; 88; 1; 2; 110
105; 77; 1; 2; 112
43; 49; 1; 2; 113
41; 54; 2; 1; 118
87; 72; 2; 1; 123
58; 80; 1; 2; 123
89; 94; 2; 1; 131
49; 36; 1; 2; 134
40; 90; 2; 1; 141
56; 65; 1; 2; 145
85; 45; 2; 1; 149
44; 100; 2; 1; 153
50; 74; 1; 2; 159
76; 75; 1; 2; 159
91; 36; 1; 2; 159
95; 57; 2; 1; 159
47; 87; 2; 1; 174
14
6; 1; 14; 83
1; 1; 11; 144
8; 1; 25; 213
7; 1; 16; 716
2; 1; 44; 1207
3; 1; 40; 1275
5; 1; 10; 2262
13; 1; 36; 2324
10; 1; 39; 2700
12; 1; 25; 3416
11; 1; 7; 3554
4; 1; 16; 3801
0; 1; 2; 3843
9; 1; 24; 4021
