**** 770 ****
120
479; 409; 1; 2; 3
484; 468; 1; 2; 14
503; 504; 2; 1; 36
517; 361; 1; 2; 36
431; 539; 2; 1; 39
584; 483; 1; 2; 50
427; 524; 1; 2; 51
591; 549; 1; 2; 66
515; 428; 1; 2; 68
541; 599; 1; 2; 73
482; 474; 1; 2; 81
444; 412; 2; 1; 82
599; 444; 2; 1; 84
409; 441; 2; 1; 92
535; 511; 1; 2; 139
603; 433; 2; 1; 140
601; 364; 1; 2; 144
557; 436; 1; 2; 158
418; 558; 1; 2; 166
467; 520; 1; 2; 169
422; 517; 2; 1; 170
421; 522; 1; 2; 179
565; 382; 2; 1; 181
592; 433; 1; 2; 183
478; 416; 2; 1; 183
543; 435; 1; 2; 189
479; 574; 1; 2; 192
443; 604; 2; 1; 194
383; 458; 1; 2; 202
446; 494; 1; 2; 202
432; 425; 2; 1; 207
538; 590; 1; 2; 209
496; 531; 2; 1; 210
475; 437; 2; 1; 222
609; 544; 2; 1; 232
541; 562; 1; 2; 236
548; 502; 2; 1; 244
473; 384; 1; 2; 244
399; 480; 1; 2; 249
384; 568; 2; 1; 258
541; 568; 1; 2; 271
592; 587; 2; 1; 277
394; 498; 2; 1; 288
444; 461; 2; 1; 290
591; 479; 2; 1; 299
494; 522; 1; 2; 302
389; 376; 1; 2; 306
481; 418; 1; 2; 311
559; 379; 1; 2; 315
549; 409; 1; 2; 323
591; 435; 2; 1; 357
485; 405; 2; 1; 358
462; 352; 1; 2; 366
477; 470; 1; 2; 383
457; 436; 2; 1; 387
393; 494; 1; 2; 394
376; 362; 1; 2; 396
533; 513; 2; 1; 400
402; 430; 1; 2; 410
414; 565; 1; 2; 412
553; 436; 1; 2; 426
459; 589; 1; 2; 431
358; 367; 1; 2; 432
355; 506; 1; 2; 439
555; 380; 1; 2; 442
501; 605; 1; 2; 455
374; 454; 2; 1; 456
559; 571; 2; 1; 480
524; 386; 1; 2; 488
535; 599; 1; 2; 492
580; 476; 1; 2; 510
357; 566; 1; 2; 510
444; 466; 1; 2; 511
528; 378; 2; 1; 525
578; 458; 2; 1; 531
519; 556; 2; 1; 539
561; 582; 1; 2; 547
428; 441; 2; 1; 558
449; 468; 1; 2; 559
427; 496; 2; 1; 617
473; 510; 1; 2; 618
360; 524; 1; 2; 620
603; 530; 1; 2; 631
566; 487; 2; 1; 635
478; 429; 2; 1; 635
584; 363; 1; 2; 655
364; 370; 2; 1; 664
397; 557; 1; 2; 678
440; 433; 1; 2; 688
475; 442; 2; 1; 691
494; 385; 2; 1; 693
563; 580; 2; 1; 698
471; 523; 2; 1; 702
501; 430; 2; 1; 704
479; 409; 1; 2; 709
450; 448; 2; 1; 711
509; 406; 1; 2; 718
412; 582; 2; 1; 719
491; 495; 1; 2; 727
427; 587; 1; 2; 732
444; 504; 2; 1; 738
584; 473; 1; 2; 748
502; 480; 2; 1; 748
580; 450; 1; 2; 752
536; 537; 2; 1; 763
410; 398; 1; 2; 764
567; 522; 1; 2; 772
557; 487; 1; 2; 795
369; 552; 2; 1; 807
608; 489; 2; 1; 808
529; 440; 2; 1; 810
399; 421; 2; 1; 820
431; 484; 2; 1; 834
387; 407; 2; 1; 840
355; 543; 2; 1; 842
351; 376; 2; 1; 853
609; 372; 1; 2; 853
605; 446; 2; 1; 863
517; 533; 2; 1; 865
593; 383; 1; 2; 867
26
23; 1; 2; 5698
5; 1; 5; 9230
8; 1; 38; 9408
3; 1; 23; 11214
9; 1; 20; 12774
12; 1; 10; 12910
22; 1; 18; 20851
25; 1; 27; 24954
14; 1; 6; 25266
7; 1; 18; 25790
4; 1; 22; 33788
15; 1; 1; 34643
1; 1; 9; 34829
2; 1; 44; 34839
13; 1; 43; 35159
16; 1; 17; 35903
11; 1; 9; 36072
0; 1; 1; 37172
10; 1; 37; 44813
17; 1; 48; 45735
24; 1; 21; 51103
18; 1; 48; 52952
21; 1; 44; 53310
20; 1; 46; 53609
6; 1; 14; 55055
19; 1; 2; 58755
