**** 771 ****
120
553; 480; 2; 1; 8
444; 453; 2; 1; 19
444; 463; 2; 1; 31
513; 525; 2; 1; 36
389; 603; 2; 1; 37
500; 358; 1; 2; 52
494; 491; 2; 1; 61
395; 573; 1; 2; 67
595; 531; 1; 2; 81
484; 403; 2; 1; 96
359; 435; 1; 2; 105
594; 378; 1; 2; 114
533; 464; 1; 2; 115
546; 442; 2; 1; 125
383; 563; 2; 1; 128
591; 489; 1; 2; 131
439; 504; 2; 1; 138
393; 608; 1; 2; 139
393; 398; 1; 2; 145
497; 479; 2; 1; 152
504; 377; 2; 1; 172
383; 482; 2; 1; 176
432; 380; 2; 1; 176
463; 467; 2; 1; 176
510; 418; 2; 1; 186
524; 542; 2; 1; 191
468; 541; 1; 2; 193
480; 522; 2; 1; 194
463; 564; 1; 2; 196
596; 525; 1; 2; 196
416; 434; 2; 1; 201
588; 598; 1; 2; 221
413; 423; 1; 2; 246
444; 395; 1; 2; 259
408; 527; 1; 2; 272
500; 419; 2; 1; 275
580; 512; 1; 2; 278
458; 577; 2; 1; 285
360; 460; 2; 1; 285
567; 373; 2; 1; 288
446; 581; 2; 1; 289
538; 549; 2; 1; 298
561; 403; 2; 1; 299
424; 549; 2; 1; 300
522; 585; 2; 1; 303
524; 492; 2; 1; 306
408; 500; 1; 2; 314
570; 387; 2; 1; 316
541; 577; 1; 2; 318
524; 533; 2; 1; 327
513; 581; 2; 1; 340
516; 544; 2; 1; 344
477; 551; 1; 2; 345
595; 433; 1; 2; 373
354; 430; 1; 2; 380
537; 483; 2; 1; 381
608; 422; 1; 2; 383
584; 383; 1; 2; 411
365; 543; 2; 1; 417
518; 410; 1; 2; 423
448; 377; 1; 2; 425
544; 600; 1; 2; 427
562; 401; 2; 1; 430
456; 407; 2; 1; 433
370; 560; 2; 1; 446
465; 533; 2; 1; 450
571; 413; 1; 2; 467
558; 437; 2; 1; 469
567; 607; 2; 1; 480
543; 405; 2; 1; 483
537; 559; 2; 1; 491
354; 412; 1; 2; 495
563; 601; 1; 2; 505
366; 520; 1; 2; 513
359; 532; 1; 2; 518
585; 584; 2; 1; 528
482; 537; 2; 1; 531
589; 531; 1; 2; 533
501; 562; 1; 2; 533
377; 418; 2; 1; 550
502; 461; 2; 1; 551
579; 523; 2; 1; 555
351; 518; 2; 1; 564
538; 533; 1; 2; 583
401; 535; 2; 1; 585
522; 395; 2; 1; 611
411; 456; 2; 1; 614
358; 498; 1; 2; 638
467; 497; 2; 1; 647
467; 559; 1; 2; 677
551; 568; 1; 2; 690
467; 358; 1; 2; 695
366; 386; 2; 1; 698
417; 403; 1; 2; 704
565; 459; 1; 2; 704
556; 444; 2; 1; 718
504; 406; 1; 2; 731
453; 525; 2; 1; 732
554; 554; 2; 1; 738
538; 503; 1; 2; 748
364; 453; 2; 1; 749
589; 570; 2; 1; 758
384; 553; 2; 1; 767
503; 463; 1; 2; 781
415; 424; 1; 2; 783
544; 563; 1; 2; 785
555; 561; 1; 2; 787
376; 526; 1; 2; 789
354; 518; 1; 2; 799
524; 527; 1; 2; 800
382; 577; 2; 1; 810
387; 413; 2; 1; 813
436; 367; 2; 1; 813
576; 606; 1; 2; 814
560; 546; 1; 2; 827
491; 511; 1; 2; 840
477; 574; 1; 2; 847
414; 454; 1; 2; 849
537; 581; 2; 1; 852
377; 400; 1; 2; 861
26
17; 1; 47; 142
21; 1; 39; 3009
7; 1; 14; 5002
11; 1; 25; 8390
24; 1; 25; 14158
14; 1; 48; 15539
16; 1; 29; 15659
12; 1; 17; 17459
19; 1; 40; 20188
8; 1; 14; 24093
18; 1; 30; 26935
2; 1; 9; 29838
25; 1; 22; 30649
4; 1; 10; 33251
3; 1; 5; 38630
5; 1; 25; 39255
6; 1; 3; 39345
13; 1; 2; 40320
15; 1; 26; 40817
1; 1; 29; 42253
20; 1; 37; 42596
0; 1; 13; 44037
9; 1; 2; 45454
23; 1; 21; 49535
22; 1; 37; 51277
10; 1; 38; 54097
