**** 772 ****
120
574; 463; 1; 2; 14
549; 483; 1; 2; 15
376; 398; 2; 1; 20
423; 488; 2; 1; 49
421; 437; 1; 2; 75
525; 512; 2; 1; 77
540; 385; 2; 1; 80
354; 556; 1; 2; 82
428; 399; 1; 2; 84
485; 432; 2; 1; 86
605; 609; 2; 1; 93
382; 407; 2; 1; 100
494; 371; 1; 2; 109
545; 437; 1; 2; 117
563; 438; 2; 1; 143
443; 481; 2; 1; 146
598; 540; 1; 2; 156
519; 434; 1; 2; 166
587; 393; 1; 2; 192
388; 386; 2; 1; 194
374; 448; 2; 1; 194
585; 446; 1; 2; 197
455; 425; 2; 1; 200
467; 371; 2; 1; 208
515; 447; 2; 1; 211
413; 583; 2; 1; 218
495; 521; 2; 1; 220
437; 413; 1; 2; 224
564; 373; 2; 1; 233
589; 511; 2; 1; 246
598; 419; 2; 1; 258
461; 579; 2; 1; 264
543; 465; 2; 1; 268
522; 503; 1; 2; 271
372; 529; 2; 1; 291
390; 373; 2; 1; 293
596; 514; 2; 1; 301
366; 459; 1; 2; 303
455; 372; 2; 1; 313
556; 579; 1; 2; 314
563; 364; 1; 2; 315
568; 536; 1; 2; 316
422; 528; 2; 1; 324
371; 571; 1; 2; 336
485; 523; 2; 1; 344
548; 369; 1; 2; 365
538; 482; 2; 1; 366
508; 586; 2; 1; 368
371; 431; 2; 1; 370
469; 413; 1; 2; 373
582; 523; 1; 2; 374
413; 518; 2; 1; 386
528; 437; 1; 2; 404
548; 465; 1; 2; 404
497; 490; 2; 1; 414
502; 567; 2; 1; 434
353; 512; 2; 1; 438
414; 433; 2; 1; 439
509; 390; 1; 2; 446
371; 607; 2; 1; 447
544; 391; 2; 1; 455
373; 373; 2; 1; 456
566; 493; 2; 1; 476
424; 584; 2; 1; 479
474; 498; 1; 2; 480
609; 537; 1; 2; 488
360; 527; 2; 1; 489
357; 505; 2; 1; 500
602; 501; 2; 1; 501
361; 454; 2; 1; 507
398; 575; 2; 1; 508
594; 464; 2; 1; 513
354; 402; 2; 1; 520
532; 590; 2; 1; 533
478; 492; 2; 1; 536
352; 473; 1; 2; 540
519; 400; 1; 2; 550
465; 368; 1; 2; 557
422; 432; 1; 2; 568
380; 563; 2; 1; 574
377; 465; 2; 1; 581
359; 592; 2; 1; 591
600; 379; 1; 2; 596
428; 405; 2; 1; 603
401; 583; 2; 1; 605
512; 592; 2; 1; 609
391; 434; 2; 1; 609
452; 571; 1; 2; 625
472; 518; 2; 1; 646
557; 475; 1; 2; 654
553; 435; 1; 2; 672
408; 594; 2; 1; 680
407; 440; 1; 2; 681
462; 490; 2; 1; 689
452; 451; 1; 2; 696
423; 391; 2; 1; 698
597; 550; 1; 2; 707
450; 558; 1; 2; 711
447; 607; 1; 2; 714
539; 529; 2; 1; 726
583; 478; 2; 1; 731
365; 379; 1; 2; 740
443; 361; 1; 2; 745
369; 554; 2; 1; 753
609; 597; 2; 1; 757
526; 355; 1; 2; 762
432; 440; 1; 2; 778
512; 441; 1; 2; 782
388; 534; 1; 2; 783
419; 563; 1; 2; 786
511; 531; 2; 1; 789
583; 451; 1; 2; 789
549; 456; 1; 2; 803
497; 491; 1; 2; 816
540; 600; 2; 1; 827
477; 437; 2; 1; 831
538; 601; 1; 2; 842
388; 508; 1; 2; 843
511; 420; 2; 1; 853
363; 465; 1; 2; 865
26
1; 1; 18; 172
23; 1; 37; 1939
0; 1; 13; 2641
18; 1; 48; 2668
19; 1; 11; 6307
8; 1; 34; 9491
15; 1; 44; 9551
6; 1; 32; 11170
4; 1; 49; 11971
21; 1; 12; 14660
24; 1; 38; 14900
20; 1; 19; 20745
22; 1; 18; 25358
11; 1; 28; 29542
3; 1; 19; 31235
14; 1; 43; 34874
17; 1; 12; 37537
16; 1; 37; 38946
12; 1; 43; 39606
9; 1; 37; 40272
7; 1; 32; 41797
2; 1; 9; 50318
5; 1; 22; 52380
25; 1; 31; 54160
13; 1; 40; 54312
10; 1; 30; 55766
