**** 773 ****
120
461; 553; 1; 2; 8
578; 391; 1; 2; 10
592; 570; 1; 2; 15
374; 530; 1; 2; 19
383; 387; 2; 1; 29
493; 552; 2; 1; 33
465; 380; 2; 1; 56
534; 400; 2; 1; 73
517; 520; 2; 1; 84
473; 426; 2; 1; 90
411; 364; 2; 1; 92
487; 372; 1; 2; 103
466; 420; 2; 1; 107
499; 546; 2; 1; 108
607; 601; 1; 2; 110
413; 489; 2; 1; 114
414; 490; 1; 2; 114
447; 520; 2; 1; 136
597; 539; 2; 1; 138
519; 378; 2; 1; 141
534; 516; 1; 2; 142
535; 539; 2; 1; 154
460; 468; 2; 1; 157
518; 554; 2; 1; 170
465; 584; 1; 2; 183
599; 440; 2; 1; 202
592; 401; 2; 1; 204
478; 529; 2; 1; 204
507; 431; 1; 2; 205
599; 487; 2; 1; 206
567; 382; 2; 1; 206
419; 390; 1; 2; 211
436; 454; 2; 1; 220
428; 519; 2; 1; 232
412; 468; 1; 2; 234
371; 544; 2; 1; 248
472; 583; 1; 2; 277
549; 446; 1; 2; 290
369; 568; 2; 1; 298
488; 372; 2; 1; 301
552; 592; 2; 1; 312
572; 540; 1; 2; 341
514; 575; 1; 2; 346
525; 601; 2; 1; 347
365; 387; 1; 2; 353
552; 415; 1; 2; 367
440; 554; 2; 1; 367
538; 592; 2; 1; 369
386; 395; 2; 1; 375
361; 378; 1; 2; 378
384; 512; 1; 2; 394
369; 376; 2; 1; 403
406; 493; 2; 1; 411
481; 376; 2; 1; 412
525; 521; 2; 1; 418
609; 407; 2; 1; 426
529; 588; 1; 2; 427
540; 593; 2; 1; 428
555; 519; 2; 1; 428
545; 544; 2; 1; 436
497; 382; 2; 1; 443
384; 552; 2; 1; 454
399; 506; 2; 1; 463
461; 413; 1; 2; 470
455; 572; 1; 2; 472
440; 459; 2; 1; 476
595; 379; 2; 1; 480
363; 443; 1; 2; 486
544; 461; 1; 2; 523
533; 479; 2; 1; 526
521; 544; 2; 1; 531
549; 538; 2; 1; 545
417; 380; 1; 2; 554
556; 510; 2; 1; 554
437; 531; 2; 1; 570
533; 431; 1; 2; 570
473; 356; 2; 1; 577
541; 415; 1; 2; 587
432; 496; 2; 1; 598
526; 451; 1; 2; 618
555; 583; 1; 2; 623
360; 415; 2; 1; 628
518; 609; 2; 1; 631
427; 510; 1; 2; 668
444; 418; 2; 1; 673
451; 407; 2; 1; 677
455; 547; 1; 2; 679
502; 568; 1; 2; 690
400; 552; 1; 2; 711
550; 384; 1; 2; 726
609; 578; 2; 1; 743
468; 557; 1; 2; 750
411; 467; 2; 1; 751
496; 436; 1; 2; 752
564; 576; 2; 1; 758
428; 460; 2; 1; 774
419; 573; 1; 2; 775
586; 590; 1; 2; 776
568; 506; 2; 1; 778
371; 410; 1; 2; 780
479; 546; 1; 2; 784
467; 540; 2; 1; 791
474; 460; 2; 1; 793
514; 528; 2; 1; 797
376; 604; 2; 1; 798
522; 395; 2; 1; 800
573; 522; 2; 1; 802
568; 519; 2; 1; 808
526; 470; 1; 2; 818
508; 353; 2; 1; 822
394; 542; 2; 1; 823
472; 517; 1; 2; 825
563; 484; 1; 2; 826
442; 356; 2; 1; 831
462; 431; 2; 1; 850
521; 439; 1; 2; 853
364; 354; 1; 2; 853
562; 352; 1; 2; 854
469; 443; 1; 2; 855
498; 378; 1; 2; 861
26
4; 1; 20; 3966
13; 1; 6; 5890
21; 1; 34; 5934
20; 1; 8; 8191
8; 1; 18; 13428
23; 1; 48; 13656
3; 1; 33; 14691
1; 1; 47; 15520
0; 1; 33; 22840
5; 1; 26; 24691
2; 1; 46; 25249
7; 1; 19; 31172
14; 1; 26; 32444
9; 1; 5; 35659
19; 1; 16; 36802
22; 1; 1; 37746
16; 1; 41; 38395
25; 1; 24; 38508
18; 1; 16; 40507
24; 1; 29; 41231
15; 1; 6; 43426
6; 1; 12; 44719
10; 1; 30; 46028
17; 1; 17; 50988
11; 1; 21; 51881
12; 1; 20; 53226
