**** 774 ****
120
488; 367; 2; 1; 3
537; 521; 1; 2; 14
377; 419; 1; 2; 19
602; 359; 2; 1; 28
447; 550; 2; 1; 37
469; 583; 2; 1; 38
357; 543; 2; 1; 42
548; 439; 2; 1; 45
508; 499; 1; 2; 50
529; 377; 2; 1; 54
507; 594; 1; 2; 55
389; 390; 1; 2; 57
439; 383; 2; 1; 62
487; 419; 2; 1; 67
586; 535; 2; 1; 67
473; 475; 2; 1; 71
378; 409; 1; 2; 73
408; 514; 2; 1; 79
551; 588; 1; 2; 100
453; 529; 2; 1; 111
457; 392; 1; 2; 130
428; 585; 1; 2; 135
400; 544; 1; 2; 136
509; 353; 2; 1; 142
511; 455; 2; 1; 144
586; 417; 2; 1; 164
376; 477; 2; 1; 181
482; 608; 2; 1; 182
573; 359; 1; 2; 193
579; 372; 2; 1; 195
359; 371; 1; 2; 223
512; 605; 1; 2; 224
465; 418; 2; 1; 244
584; 421; 1; 2; 248
528; 511; 2; 1; 251
387; 588; 2; 1; 277
391; 438; 2; 1; 282
412; 367; 1; 2; 286
351; 437; 1; 2; 288
556; 454; 1; 2; 294
395; 405; 1; 2; 301
393; 521; 2; 1; 302
552; 454; 1; 2; 310
596; 501; 1; 2; 316
542; 432; 1; 2; 327
600; 404; 2; 1; 336
521; 599; 1; 2; 340
477; 452; 1; 2; 348
469; 508; 1; 2; 349
548; 368; 1; 2; 357
415; 499; 2; 1; 362
538; 444; 1; 2; 362
494; 573; 2; 1; 363
593; 556; 1; 2; 376
397; 554; 1; 2; 381
352; 393; 1; 2; 393
526; 504; 1; 2; 398
560; 608; 1; 2; 407
500; 598; 1; 2; 411
367; 583; 2; 1; 412
587; 599; 1; 2; 431
508; 553; 2; 1; 442
603; 367; 1; 2; 459
527; 461; 2; 1; 481
468; 426; 2; 1; 485
444; 525; 1; 2; 489
540; 558; 1; 2; 492
497; 459; 2; 1; 504
597; 513; 1; 2; 505
545; 360; 2; 1; 513
492; 470; 2; 1; 534
549; 463; 2; 1; 549
366; 582; 1; 2; 551
377; 390; 1; 2; 553
508; 397; 1; 2; 557
394; 420; 1; 2; 561
443; 601; 2; 1; 562
449; 443; 2; 1; 567
446; 401; 2; 1; 580
584; 422; 2; 1; 588
386; 583; 1; 2; 599
593; 464; 1; 2; 601
596; 552; 1; 2; 640
356; 566; 2; 1; 646
364; 446; 2; 1; 663
418; 501; 2; 1; 668
373; 573; 1; 2; 669
492; 398; 2; 1; 674
496; 436; 1; 2; 682
521; 453; 1; 2; 686
607; 463; 2; 1; 688
521; 532; 2; 1; 727
436; 466; 1; 2; 729
439; 531; 1; 2; 729
448; 572; 2; 1; 740
380; 522; 2; 1; 741
545; 399; 2; 1; 743
607; 543; 2; 1; 743
498; 390; 2; 1; 744
527; 598; 1; 2; 760
432; 414; 1; 2; 761
487; 596; 1; 2; 769
461; 549; 1; 2; 776
542; 386; 1; 2; 777
362; 517; 1; 2; 778
390; 457; 2; 1; 788
600; 520; 2; 1; 792
422; 373; 1; 2; 793
485; 546; 2; 1; 794
545; 512; 1; 2; 795
588; 390; 1; 2; 796
449; 502; 2; 1; 798
599; 543; 1; 2; 813
427; 470; 1; 2; 838
499; 383; 1; 2; 846
496; 418; 1; 2; 847
421; 471; 1; 2; 853
355; 462; 1; 2; 861
575; 430; 1; 2; 862
545; 481; 1; 2; 872
26
3; 1; 18; 497
22; 1; 22; 3215
16; 1; 25; 6184
25; 1; 11; 6320
11; 1; 20; 7273
19; 1; 36; 7524
13; 1; 13; 8771
5; 1; 14; 10508
10; 1; 42; 13979
14; 1; 44; 22960
18; 1; 2; 31010
23; 1; 8; 33179
9; 1; 33; 35898
20; 1; 11; 39414
21; 1; 12; 40615
6; 1; 44; 40719
24; 1; 2; 42796
17; 1; 32; 42811
12; 1; 49; 47107
8; 1; 48; 49580
0; 1; 34; 50012
15; 1; 44; 51777
1; 1; 30; 53682
2; 1; 41; 56351
4; 1; 49; 57018
7; 1; 49; 58038
