**** 775 ****
120
481; 408; 1; 2; 0
367; 459; 2; 1; 23
420; 533; 1; 2; 28
557; 436; 1; 2; 41
511; 407; 1; 2; 45
489; 531; 1; 2; 51
408; 358; 1; 2; 62
578; 548; 2; 1; 65
604; 506; 2; 1; 65
470; 394; 2; 1; 69
500; 439; 2; 1; 73
468; 543; 1; 2; 95
605; 357; 2; 1; 96
543; 392; 1; 2; 104
456; 359; 1; 2; 106
443; 374; 1; 2; 108
486; 585; 2; 1; 118
576; 382; 2; 1; 131
401; 503; 1; 2; 140
424; 496; 2; 1; 142
555; 431; 1; 2; 165
402; 538; 1; 2; 169
526; 529; 1; 2; 176
467; 394; 2; 1; 179
575; 577; 2; 1; 194
389; 556; 1; 2; 201
519; 461; 1; 2; 205
525; 471; 1; 2; 210
466; 413; 1; 2; 213
436; 536; 2; 1; 225
567; 496; 1; 2; 233
493; 362; 2; 1; 249
389; 596; 2; 1; 253
363; 553; 2; 1; 269
392; 460; 2; 1; 270
435; 527; 1; 2; 273
489; 496; 2; 1; 274
361; 575; 2; 1; 286
399; 599; 1; 2; 288
524; 587; 2; 1; 288
353; 448; 1; 2; 291
595; 461; 2; 1; 301
387; 368; 2; 1; 310
512; 546; 1; 2; 319
527; 393; 1; 2; 320
539; 470; 1; 2; 321
398; 605; 2; 1; 323
435; 485; 2; 1; 325
365; 609; 2; 1; 352
549; 568; 2; 1; 363
427; 351; 2; 1; 364
565; 505; 1; 2; 365
560; 427; 1; 2; 366
502; 355; 2; 1; 381
555; 475; 2; 1; 381
410; 389; 2; 1; 381
490; 512; 1; 2; 401
606; 442; 1; 2; 415
574; 351; 1; 2; 429
451; 561; 2; 1; 458
482; 422; 1; 2; 458
444; 430; 2; 1; 460
427; 371; 1; 2; 473
454; 452; 1; 2; 523
351; 562; 2; 1; 525
592; 351; 2; 1; 530
565; 458; 2; 1; 533
543; 565; 1; 2; 536
370; 352; 2; 1; 538
366; 509; 2; 1; 548
382; 384; 2; 1; 558
362; 555; 1; 2; 561
524; 533; 2; 1; 576
460; 603; 2; 1; 587
557; 358; 2; 1; 592
552; 485; 1; 2; 593
359; 405; 1; 2; 596
365; 515; 2; 1; 616
440; 497; 1; 2; 620
551; 442; 1; 2; 631
550; 600; 2; 1; 635
420; 570; 1; 2; 650
374; 476; 2; 1; 652
503; 402; 2; 1; 653
379; 417; 1; 2; 668
501; 436; 2; 1; 668
509; 545; 1; 2; 676
414; 577; 2; 1; 682
499; 358; 2; 1; 687
476; 446; 2; 1; 687
408; 539; 1; 2; 690
364; 514; 2; 1; 696
440; 492; 2; 1; 710
461; 522; 1; 2; 714
593; 462; 1; 2; 733
584; 513; 1; 2; 759
599; 592; 2; 1; 763
519; 580; 2; 1; 775
454; 515; 1; 2; 777
548; 405; 1; 2; 782
477; 545; 2; 1; 783
380; 352; 1; 2; 792
596; 524; 2; 1; 796
376; 528; 1; 2; 797
581; 402; 2; 1; 806
516; 575; 1; 2; 814
431; 539; 2; 1; 817
558; 550; 2; 1; 825
422; 604; 2; 1; 828
401; 554; 1; 2; 832
606; 416; 2; 1; 835
470; 565; 2; 1; 841
426; 426; 1; 2; 841
564; 607; 2; 1; 844
449; 492; 1; 2; 847
454; 601; 1; 2; 849
504; 536; 1; 2; 849
432; 553; 2; 1; 867
444; 520; 1; 2; 870
400; 492; 2; 1; 870
26
17; 1; 44; 2788
24; 1; 23; 7761
6; 1; 18; 12086
12; 1; 46; 12120
4; 1; 17; 12418
13; 1; 41; 13280
22; 1; 5; 14051
5; 1; 12; 18898
1; 1; 26; 18968
3; 1; 18; 19779
15; 1; 27; 20145
14; 1; 43; 23347
7; 1; 21; 23732
11; 1; 41; 28043
18; 1; 22; 30969
23; 1; 6; 35453
10; 1; 30; 40318
16; 1; 20; 40657
20; 1; 1; 40995
19; 1; 41; 44048
2; 1; 26; 46276
21; 1; 11; 48078
8; 1; 40; 48848
25; 1; 49; 49661
0; 1; 6; 51294
9; 1; 30; 51320
