**** 776 ****
120
386; 459; 2; 1; 4
529; 417; 1; 2; 16
581; 563; 2; 1; 26
566; 389; 2; 1; 34
382; 384; 1; 2; 59
555; 544; 1; 2; 59
451; 548; 2; 1; 66
455; 604; 1; 2; 70
405; 453; 1; 2; 70
552; 417; 1; 2; 84
579; 563; 2; 1; 84
487; 458; 1; 2; 87
528; 430; 1; 2; 88
483; 451; 2; 1; 97
410; 463; 1; 2; 100
451; 473; 2; 1; 104
575; 408; 1; 2; 109
440; 419; 1; 2; 109
354; 375; 1; 2; 109
571; 361; 2; 1; 115
505; 526; 2; 1; 117
360; 555; 2; 1; 118
537; 410; 2; 1; 141
414; 524; 2; 1; 146
380; 416; 1; 2; 148
577; 405; 1; 2; 151
426; 482; 2; 1; 157
527; 461; 1; 2; 178
554; 419; 2; 1; 191
552; 428; 2; 1; 193
396; 457; 2; 1; 196
464; 423; 2; 1; 199
554; 378; 2; 1; 205
434; 512; 1; 2; 208
541; 470; 1; 2; 209
502; 410; 2; 1; 219
415; 543; 1; 2; 227
606; 437; 2; 1; 234
363; 600; 1; 2; 234
540; 371; 1; 2; 235
377; 505; 2; 1; 237
458; 540; 1; 2; 240
425; 445; 2; 1; 241
493; 485; 2; 1; 244
405; 368; 1; 2; 245
492; 608; 1; 2; 246
415; 444; 2; 1; 251
450; 475; 2; 1; 258
406; 505; 1; 2; 272
593; 516; 2; 1; 280
556; 381; 1; 2; 298
525; 561; 2; 1; 304
440; 540; 2; 1; 305
561; 502; 2; 1; 306
600; 498; 2; 1; 311
420; 573; 2; 1; 312
505; 573; 1; 2; 320
448; 474; 1; 2; 323
486; 539; 2; 1; 352
597; 537; 1; 2; 352
428; 534; 1; 2; 356
468; 460; 1; 2; 360
575; 434; 2; 1; 360
435; 461; 1; 2; 361
370; 363; 1; 2; 386
598; 364; 1; 2; 387
443; 424; 2; 1; 393
567; 376; 2; 1; 395
522; 396; 2; 1; 400
531; 438; 1; 2; 402
373; 433; 2; 1; 405
357; 566; 2; 1; 427
597; 487; 2; 1; 451
571; 594; 1; 2; 458
494; 548; 1; 2; 465
488; 501; 1; 2; 507
553; 376; 2; 1; 510
364; 451; 1; 2; 514
437; 381; 1; 2; 521
452; 595; 2; 1; 522
557; 581; 2; 1; 522
420; 366; 2; 1; 541
389; 422; 1; 2; 551
485; 482; 1; 2; 562
464; 552; 1; 2; 575
605; 423; 2; 1; 575
370; 365; 1; 2; 602
565; 352; 2; 1; 636
389; 490; 1; 2; 648
371; 575; 1; 2; 671
462; 480; 1; 2; 671
450; 484; 1; 2; 674
369; 524; 1; 2; 679
507; 414; 2; 1; 694
552; 505; 1; 2; 700
403; 512; 1; 2; 730
527; 593; 2; 1; 734
474; 569; 1; 2; 746
418; 429; 1; 2; 756
424; 447; 1; 2; 759
567; 591; 1; 2; 770
389; 577; 2; 1; 773
549; 573; 2; 1; 780
475; 557; 1; 2; 801
419; 436; 1; 2; 802
461; 565; 1; 2; 806
554; 460; 1; 2; 814
552; 480; 1; 2; 821
428; 552; 2; 1; 832
361; 527; 2; 1; 846
526; 448; 2; 1; 848
400; 380; 1; 2; 851
519; 495; 2; 1; 852
607; 523; 1; 2; 852
366; 358; 1; 2; 854
457; 594; 2; 1; 856
603; 403; 1; 2; 860
426; 398; 1; 2; 861
588; 578; 1; 2; 866
490; 468; 2; 1; 872
26
9; 1; 16; 1150
22; 1; 2; 3200
17; 1; 22; 6400
23; 1; 27; 7670
12; 1; 34; 10667
8; 1; 36; 11383
0; 1; 39; 12285
6; 1; 21; 12822
13; 1; 2; 16852
7; 1; 19; 16955
3; 1; 35; 21463
15; 1; 47; 21539
1; 1; 19; 25358
19; 1; 13; 28227
25; 1; 48; 32799
4; 1; 12; 33399
16; 1; 31; 36908
20; 1; 39; 38650
14; 1; 32; 38771
5; 1; 14; 41622
10; 1; 16; 50152
18; 1; 17; 50276
24; 1; 6; 50847
11; 1; 18; 54890
21; 1; 2; 56100
2; 1; 33; 57647
