**** 777 ****
120
398; 554; 2; 1; 9
400; 491; 1; 2; 23
539; 578; 1; 2; 26
412; 427; 1; 2; 29
557; 483; 2; 1; 30
529; 464; 2; 1; 33
357; 542; 1; 2; 36
453; 483; 1; 2; 61
507; 601; 1; 2; 65
369; 448; 1; 2; 70
541; 454; 1; 2; 75
362; 466; 2; 1; 78
570; 609; 2; 1; 84
404; 417; 1; 2; 106
417; 599; 1; 2; 107
426; 502; 2; 1; 118
503; 462; 2; 1; 128
420; 542; 2; 1; 129
448; 437; 2; 1; 143
437; 445; 2; 1; 152
561; 466; 2; 1; 153
428; 383; 1; 2; 155
498; 408; 2; 1; 157
487; 402; 2; 1; 160
414; 582; 2; 1; 160
477; 465; 1; 2; 160
430; 583; 2; 1; 161
543; 512; 1; 2; 165
593; 530; 1; 2; 184
532; 491; 2; 1; 195
415; 476; 1; 2; 211
478; 496; 2; 1; 211
476; 496; 1; 2; 213
508; 418; 2; 1; 217
362; 556; 1; 2; 220
439; 604; 1; 2; 226
583; 596; 2; 1; 234
421; 559; 2; 1; 252
471; 355; 2; 1; 253
558; 467; 1; 2; 256
604; 573; 2; 1; 268
551; 393; 2; 1; 274
372; 605; 1; 2; 294
552; 371; 2; 1; 296
605; 519; 1; 2; 298
497; 553; 2; 1; 299
418; 354; 1; 2; 302
405; 415; 1; 2; 304
570; 538; 1; 2; 304
579; 469; 1; 2; 311
431; 512; 1; 2; 312
505; 570; 1; 2; 315
588; 560; 2; 1; 322
591; 504; 1; 2; 336
409; 395; 1; 2; 336
494; 543; 2; 1; 339
446; 353; 2; 1; 350
365; 417; 1; 2; 358
593; 422; 2; 1; 363
413; 501; 2; 1; 363
440; 549; 2; 1; 369
435; 469; 1; 2; 371
419; 445; 1; 2; 375
369; 519; 2; 1; 378
487; 507; 2; 1; 384
520; 493; 1; 2; 392
474; 550; 1; 2; 423
381; 501; 1; 2; 425
395; 593; 1; 2; 435
497; 529; 1; 2; 437
581; 351; 2; 1; 444
495; 408; 2; 1; 455
364; 547; 2; 1; 460
524; 577; 2; 1; 468
446; 484; 2; 1; 494
479; 603; 1; 2; 497
387; 542; 2; 1; 503
564; 400; 2; 1; 510
399; 351; 2; 1; 511
575; 592; 1; 2; 512
543; 430; 2; 1; 563
418; 377; 1; 2; 566
373; 519; 1; 2; 573
456; 360; 2; 1; 585
407; 599; 2; 1; 600
519; 481; 1; 2; 604
365; 545; 2; 1; 611
602; 460; 2; 1; 623
571; 579; 1; 2; 625
351; 540; 2; 1; 631
603; 565; 2; 1; 658
398; 420; 1; 2; 666
529; 605; 2; 1; 672
586; 568; 2; 1; 678
461; 485; 2; 1; 688
565; 390; 2; 1; 688
455; 599; 1; 2; 696
606; 362; 2; 1; 702
384; 399; 1; 2; 705
593; 568; 2; 1; 725
545; 414; 1; 2; 741
547; 367; 1; 2; 753
466; 573; 2; 1; 758
588; 532; 1; 2; 760
536; 471; 1; 2; 762
517; 592; 1; 2; 762
425; 509; 2; 1; 763
482; 460; 2; 1; 777
375; 489; 2; 1; 780
601; 576; 2; 1; 783
526; 529; 1; 2; 787
373; 500; 1; 2; 796
586; 604; 2; 1; 805
583; 354; 1; 2; 825
422; 357; 2; 1; 832
600; 431; 1; 2; 846
552; 493; 1; 2; 848
512; 488; 2; 1; 854
396; 521; 2; 1; 859
545; 370; 2; 1; 873
26
2; 1; 6; 180
14; 1; 42; 1998
9; 1; 37; 3001
24; 1; 1; 4599
22; 1; 27; 10111
0; 1; 5; 12267
10; 1; 32; 13141
8; 1; 45; 15464
4; 1; 44; 15782
19; 1; 17; 18581
16; 1; 47; 20899
13; 1; 38; 25385
12; 1; 13; 28514
1; 1; 4; 37491
5; 1; 28; 38122
6; 1; 25; 41632
18; 1; 41; 43274
20; 1; 21; 46445
17; 1; 27; 47551
15; 1; 30; 47776
11; 1; 10; 50015
21; 1; 10; 50624
23; 1; 45; 54692
3; 1; 42; 54947
7; 1; 19; 55092
25; 1; 14; 56396
