**** 778 ****
120
357; 594; 2; 1; 6
435; 363; 1; 2; 10
445; 359; 2; 1; 14
493; 548; 2; 1; 21
471; 410; 1; 2; 26
506; 569; 2; 1; 31
479; 535; 1; 2; 39
576; 514; 1; 2; 43
448; 523; 2; 1; 46
525; 411; 2; 1; 49
454; 404; 2; 1; 51
406; 520; 1; 2; 67
552; 449; 1; 2; 72
406; 429; 1; 2; 75
467; 409; 1; 2; 89
582; 354; 2; 1; 91
460; 522; 1; 2; 92
485; 399; 1; 2; 97
541; 426; 2; 1; 115
515; 534; 1; 2; 121
568; 384; 1; 2; 125
469; 499; 2; 1; 127
433; 386; 1; 2; 129
402; 605; 1; 2; 153
354; 457; 1; 2; 163
424; 607; 2; 1; 163
478; 411; 1; 2; 176
478; 526; 1; 2; 187
385; 470; 2; 1; 200
572; 414; 2; 1; 200
443; 554; 1; 2; 219
579; 415; 1; 2; 239
496; 426; 1; 2; 263
375; 385; 1; 2; 281
519; 374; 2; 1; 304
609; 514; 1; 2; 313
391; 452; 2; 1; 317
467; 368; 1; 2; 321
489; 519; 2; 1; 326
558; 561; 2; 1; 330
376; 427; 2; 1; 332
477; 597; 2; 1; 337
516; 489; 1; 2; 343
437; 511; 2; 1; 350
524; 492; 1; 2; 353
555; 502; 2; 1; 358
480; 372; 1; 2; 359
574; 422; 2; 1; 361
572; 402; 1; 2; 381
422; 539; 1; 2; 391
491; 580; 1; 2; 392
504; 425; 2; 1; 404
570; 592; 1; 2; 427
417; 371; 1; 2; 431
463; 467; 1; 2; 456
553; 404; 1; 2; 473
433; 582; 1; 2; 475
358; 456; 1; 2; 484
386; 379; 2; 1; 488
436; 432; 2; 1; 497
429; 575; 2; 1; 498
402; 388; 1; 2; 498
582; 535; 1; 2; 503
491; 544; 2; 1; 507
470; 354; 1; 2; 512
497; 527; 1; 2; 513
391; 561; 1; 2; 524
558; 601; 2; 1; 532
381; 489; 1; 2; 533
418; 576; 2; 1; 541
565; 609; 1; 2; 547
352; 608; 2; 1; 556
499; 489; 1; 2; 557
378; 608; 2; 1; 573
483; 574; 1; 2; 575
507; 588; 2; 1; 580
507; 367; 1; 2; 585
410; 584; 1; 2; 585
476; 602; 1; 2; 587
600; 589; 2; 1; 589
508; 473; 2; 1; 597
548; 525; 1; 2; 604
584; 383; 1; 2; 606
479; 499; 1; 2; 606
496; 577; 2; 1; 611
511; 514; 1; 2; 620
559; 444; 1; 2; 654
504; 409; 2; 1; 656
548; 481; 2; 1; 659
585; 531; 1; 2; 663
582; 391; 2; 1; 681
459; 519; 1; 2; 685
596; 559; 2; 1; 686
600; 473; 1; 2; 697
414; 412; 2; 1; 709
373; 487; 1; 2; 710
566; 354; 1; 2; 712
590; 520; 2; 1; 719
447; 377; 1; 2; 726
567; 536; 2; 1; 726
446; 449; 2; 1; 732
548; 566; 2; 1; 747
405; 397; 2; 1; 756
480; 492; 1; 2; 765
490; 471; 1; 2; 773
594; 520; 1; 2; 790
451; 364; 2; 1; 790
397; 377; 2; 1; 793
507; 557; 1; 2; 797
561; 546; 2; 1; 816
469; 479; 2; 1; 818
404; 474; 1; 2; 822
428; 444; 1; 2; 826
433; 398; 1; 2; 827
501; 355; 2; 1; 833
574; 603; 2; 1; 851
478; 586; 1; 2; 855
577; 524; 2; 1; 860
604; 597; 2; 1; 867
586; 517; 2; 1; 870
26
16; 1; 9; 353
8; 1; 24; 1071
11; 1; 26; 1127
24; 1; 14; 1886
9; 1; 27; 4691
22; 1; 25; 6014
14; 1; 4; 9082
23; 1; 34; 18272
17; 1; 49; 20243
13; 1; 9; 24973
1; 1; 13; 25105
5; 1; 24; 25946
2; 1; 42; 27530
12; 1; 7; 37595
25; 1; 41; 42293
7; 1; 34; 43560
3; 1; 21; 44766
6; 1; 22; 46406
4; 1; 46; 47340
20; 1; 28; 49165
10; 1; 34; 50460
0; 1; 45; 53111
15; 1; 31; 54580
21; 1; 23; 56798
18; 1; 37; 57355
19; 1; 8; 57489
