**** 779 ****
120
560; 364; 1; 2; 2
472; 520; 2; 1; 28
429; 354; 2; 1; 32
419; 405; 2; 1; 39
454; 362; 1; 2; 42
507; 606; 2; 1; 44
554; 469; 2; 1; 49
415; 456; 2; 1; 62
445; 489; 2; 1; 63
557; 429; 1; 2; 67
506; 521; 1; 2; 71
501; 447; 1; 2; 71
461; 373; 2; 1; 76
447; 515; 1; 2; 79
442; 420; 1; 2; 96
393; 552; 1; 2; 99
541; 526; 2; 1; 104
382; 430; 1; 2; 111
562; 460; 1; 2; 113
516; 401; 1; 2; 130
497; 442; 1; 2; 152
592; 415; 1; 2; 158
568; 503; 1; 2; 163
447; 424; 2; 1; 166
519; 571; 1; 2; 172
397; 552; 1; 2; 194
588; 379; 1; 2; 199
448; 560; 1; 2; 210
476; 529; 1; 2; 212
411; 505; 2; 1; 220
567; 580; 2; 1; 235
477; 446; 1; 2; 244
594; 595; 2; 1; 248
376; 467; 1; 2; 250
503; 595; 2; 1; 257
495; 419; 1; 2; 267
480; 362; 2; 1; 267
360; 428; 1; 2; 270
464; 379; 1; 2; 293
606; 420; 2; 1; 294
602; 580; 1; 2; 308
363; 408; 1; 2; 333
574; 496; 2; 1; 339
576; 452; 2; 1; 362
534; 533; 2; 1; 367
582; 428; 2; 1; 368
590; 482; 2; 1; 385
505; 415; 1; 2; 401
420; 508; 2; 1; 414
582; 507; 1; 2; 430
559; 530; 1; 2; 445
409; 417; 1; 2; 449
438; 535; 1; 2; 458
361; 530; 2; 1; 468
382; 486; 1; 2; 469
424; 560; 1; 2; 480
389; 509; 1; 2; 496
457; 487; 2; 1; 507
573; 580; 2; 1; 507
482; 506; 2; 1; 513
473; 589; 1; 2; 514
460; 561; 2; 1; 515
531; 470; 1; 2; 516
518; 483; 2; 1; 535
532; 528; 2; 1; 539
579; 550; 1; 2; 539
578; 473; 2; 1; 540
552; 488; 2; 1; 542
382; 540; 1; 2; 546
607; 569; 2; 1; 552
568; 545; 1; 2; 552
434; 575; 2; 1; 557
426; 515; 1; 2; 561
556; 392; 1; 2; 564
533; 430; 1; 2; 580
353; 512; 1; 2; 587
495; 469; 2; 1; 597
584; 537; 2; 1; 603
527; 393; 1; 2; 605
527; 567; 2; 1; 607
433; 394; 1; 2; 607
513; 459; 2; 1; 626
375; 414; 1; 2; 629
553; 567; 1; 2; 630
537; 522; 1; 2; 631
430; 428; 1; 2; 632
407; 597; 2; 1; 641
516; 495; 2; 1; 645
367; 552; 2; 1; 649
582; 555; 1; 2; 656
397; 417; 2; 1; 675
607; 380; 1; 2; 677
566; 422; 2; 1; 693
547; 385; 1; 2; 703
423; 479; 1; 2; 705
497; 382; 2; 1; 707
576; 421; 1; 2; 710
487; 361; 1; 2; 714
563; 456; 2; 1; 718
381; 371; 2; 1; 741
458; 548; 1; 2; 743
377; 429; 1; 2; 752
587; 391; 2; 1; 758
528; 526; 1; 2; 775
468; 549; 1; 2; 777
385; 425; 2; 1; 789
456; 559; 1; 2; 801
394; 557; 1; 2; 805
415; 453; 2; 1; 805
460; 430; 1; 2; 805
381; 526; 2; 1; 806
599; 452; 2; 1; 833
464; 538; 2; 1; 850
558; 358; 2; 1; 852
483; 400; 2; 1; 855
389; 426; 1; 2; 859
531; 590; 2; 1; 865
574; 509; 1; 2; 865
504; 461; 2; 1; 866
396; 591; 2; 1; 872
26
15; 1; 17; 334
16; 1; 27; 1840
8; 1; 44; 2617
0; 1; 18; 7134
11; 1; 8; 7323
9; 1; 24; 8491
5; 1; 36; 9148
23; 1; 19; 9946
7; 1; 9; 11629
22; 1; 9; 18943
4; 1; 1; 19906
20; 1; 16; 24578
14; 1; 32; 28741
17; 1; 24; 29436
21; 1; 43; 32610
12; 1; 30; 33664
1; 1; 21; 35364
13; 1; 8; 36696
25; 1; 4; 38033
3; 1; 33; 38590
6; 1; 19; 39091
24; 1; 1; 45053
19; 1; 18; 47652
10; 1; 36; 53105
18; 1; 26; 54459
2; 1; 13; 57858
