**** 78 ****
57
65; 65; 1; 2; 1
42; 72; 2; 1; 2
45; 62; 2; 1; 2
45; 84; 2; 1; 5
70; 45; 1; 2; 9
70; 45; 2; 1; 16
86; 44; 1; 2; 20
39; 66; 1; 2; 22
84; 43; 2; 1; 27
41; 104; 2; 1; 29
105; 72; 1; 2; 35
59; 40; 2; 1; 37
72; 80; 2; 1; 48
59; 67; 1; 2; 48
43; 46; 2; 1; 49
99; 53; 1; 2; 50
56; 66; 2; 1; 67
59; 60; 2; 1; 70
75; 46; 1; 2; 76
47; 66; 2; 1; 79
83; 99; 2; 1; 79
43; 93; 1; 2; 80
89; 37; 2; 1; 80
49; 67; 1; 2; 85
85; 80; 1; 2; 87
64; 46; 1; 2; 89
61; 74; 2; 1; 93
76; 51; 2; 1; 94
94; 72; 2; 1; 95
39; 54; 1; 2; 95
39; 46; 1; 2; 97
93; 64; 2; 1; 98
37; 91; 2; 1; 101
83; 50; 2; 1; 103
38; 85; 1; 2; 105
89; 98; 2; 1; 107
50; 41; 1; 2; 110
96; 85; 1; 2; 111
46; 75; 1; 2; 113
54; 92; 2; 1; 113
86; 56; 2; 1; 117
89; 71; 1; 2; 117
103; 82; 2; 1; 122
45; 81; 2; 1; 122
82; 69; 1; 2; 138
67; 61; 2; 1; 140
105; 52; 2; 1; 140
102; 70; 1; 2; 141
63; 46; 2; 1; 146
37; 65; 2; 1; 155
63; 49; 1; 2; 156
76; 55; 1; 2; 157
63; 89; 1; 2; 158
40; 76; 1; 2; 158
95; 96; 1; 2; 164
60; 62; 1; 2; 173
71; 97; 2; 1; 176
14
2; 1; 18; 503
12; 1; 29; 1132
3; 1; 10; 1294
4; 1; 19; 1359
7; 1; 12; 1522
1; 1; 32; 2133
0; 1; 40; 2238
5; 1; 14; 2286
6; 1; 24; 2660
8; 1; 48; 2816
10; 1; 33; 3019
11; 1; 28; 3466
13; 1; 19; 3496
9; 1; 6; 3640
