**** 780 ****
120
488; 547; 1; 2; 18
459; 468; 2; 1; 21
378; 503; 1; 2; 26
524; 552; 1; 2; 31
400; 558; 1; 2; 41
441; 553; 2; 1; 45
562; 400; 2; 1; 46
461; 423; 2; 1; 51
464; 558; 2; 1; 52
501; 403; 2; 1; 65
501; 433; 2; 1; 80
594; 567; 2; 1; 83
553; 604; 1; 2; 117
538; 380; 2; 1; 124
449; 497; 2; 1; 124
368; 414; 2; 1; 131
596; 572; 2; 1; 138
356; 411; 1; 2; 141
519; 553; 1; 2; 148
382; 476; 2; 1; 153
455; 400; 2; 1; 155
414; 366; 2; 1; 159
558; 423; 2; 1; 164
537; 456; 2; 1; 164
555; 591; 1; 2; 173
407; 589; 2; 1; 186
475; 395; 1; 2; 192
471; 475; 1; 2; 196
590; 453; 2; 1; 204
488; 589; 2; 1; 209
441; 443; 2; 1; 223
532; 359; 1; 2; 231
562; 395; 1; 2; 237
516; 587; 2; 1; 247
377; 381; 1; 2; 247
457; 579; 2; 1; 248
577; 597; 1; 2; 253
601; 485; 2; 1; 253
515; 474; 2; 1; 258
445; 446; 2; 1; 262
393; 504; 1; 2; 268
505; 571; 1; 2; 283
466; 589; 1; 2; 287
535; 434; 1; 2; 288
572; 424; 1; 2; 290
497; 569; 1; 2; 293
571; 471; 2; 1; 311
400; 442; 1; 2; 321
379; 418; 1; 2; 330
438; 409; 1; 2; 333
423; 426; 1; 2; 345
566; 392; 2; 1; 347
530; 356; 2; 1; 351
436; 363; 2; 1; 353
394; 533; 2; 1; 364
584; 391; 1; 2; 374
435; 517; 1; 2; 387
414; 563; 1; 2; 390
442; 409; 1; 2; 394
435; 598; 1; 2; 406
360; 361; 1; 2; 450
583; 575; 2; 1; 451
399; 555; 1; 2; 452
436; 481; 1; 2; 453
545; 402; 1; 2; 459
592; 422; 2; 1; 468
425; 557; 1; 2; 475
363; 360; 2; 1; 480
352; 498; 1; 2; 486
581; 417; 1; 2; 490
525; 391; 1; 2; 492
550; 410; 2; 1; 499
448; 485; 1; 2; 505
447; 593; 1; 2; 521
508; 394; 2; 1; 535
597; 356; 2; 1; 541
437; 491; 1; 2; 545
351; 594; 2; 1; 554
529; 515; 1; 2; 554
377; 352; 2; 1; 571
409; 393; 2; 1; 572
461; 537; 2; 1; 576
448; 355; 1; 2; 580
372; 560; 1; 2; 587
579; 383; 1; 2; 598
589; 394; 2; 1; 600
422; 555; 2; 1; 607
507; 381; 2; 1; 609
509; 433; 1; 2; 613
575; 504; 2; 1; 616
430; 438; 1; 2; 616
363; 510; 1; 2; 621
439; 500; 2; 1; 633
395; 550; 2; 1; 646
502; 394; 1; 2; 646
522; 525; 1; 2; 649
536; 363; 2; 1; 650
553; 467; 1; 2; 656
463; 524; 2; 1; 656
362; 577; 2; 1; 660
594; 590; 1; 2; 664
543; 468; 1; 2; 675
543; 554; 2; 1; 681
381; 566; 2; 1; 684
560; 597; 1; 2; 694
380; 486; 1; 2; 699
396; 500; 1; 2; 699
405; 427; 2; 1; 709
527; 526; 1; 2; 710
601; 374; 2; 1; 712
549; 579; 1; 2; 716
451; 594; 2; 1; 750
466; 412; 2; 1; 756
441; 550; 2; 1; 813
380; 375; 1; 2; 834
471; 463; 2; 1; 834
496; 449; 1; 2; 855
357; 558; 1; 2; 855
450; 589; 1; 2; 875
431; 574; 2; 1; 875
26
11; 1; 49; 278
1; 1; 15; 1540
20; 1; 28; 7740
10; 1; 16; 11239
23; 1; 46; 11768
5; 1; 2; 12712
2; 1; 34; 13645
18; 1; 17; 13681
24; 1; 40; 15419
14; 1; 33; 16183
12; 1; 5; 21977
8; 1; 48; 28267
7; 1; 12; 29056
19; 1; 13; 30551
22; 1; 38; 33364
21; 1; 37; 36186
16; 1; 12; 36840
13; 1; 12; 41290
17; 1; 2; 46680
25; 1; 5; 47501
6; 1; 32; 48157
15; 1; 42; 51089
9; 1; 40; 51286
0; 1; 34; 54065
3; 1; 8; 56537
4; 1; 13; 56736
