**** 781 ****
121
588; 491; 2; 1; 18
437; 485; 1; 2; 18
611; 431; 2; 1; 35
383; 364; 2; 1; 56
464; 506; 1; 2; 69
438; 449; 2; 1; 74
551; 358; 2; 1; 80
408; 494; 2; 1; 86
421; 459; 2; 1; 95
500; 574; 1; 2; 99
387; 402; 2; 1; 105
424; 381; 2; 1; 108
518; 575; 1; 2; 114
416; 601; 2; 1; 132
512; 359; 2; 1; 143
417; 392; 2; 1; 162
484; 549; 1; 2; 162
444; 358; 1; 2; 163
595; 617; 2; 1; 164
371; 433; 2; 1; 185
533; 583; 2; 1; 190
467; 517; 2; 1; 191
498; 432; 1; 2; 191
390; 498; 1; 2; 191
431; 573; 1; 2; 198
392; 490; 2; 1; 205
597; 509; 2; 1; 209
441; 389; 2; 1; 209
483; 546; 2; 1; 215
405; 436; 1; 2; 231
511; 370; 2; 1; 245
459; 431; 2; 1; 249
467; 361; 1; 2; 250
458; 588; 1; 2; 259
525; 554; 2; 1; 267
527; 585; 1; 2; 278
584; 551; 1; 2; 283
525; 376; 1; 2; 286
453; 571; 1; 2; 287
561; 499; 1; 2; 289
506; 460; 1; 2; 294
492; 368; 1; 2; 302
529; 392; 2; 1; 331
463; 383; 1; 2; 350
477; 450; 1; 2; 372
500; 517; 2; 1; 373
476; 498; 1; 2; 381
614; 395; 2; 1; 383
496; 403; 1; 2; 386
615; 534; 1; 2; 390
397; 511; 1; 2; 398
502; 577; 2; 1; 399
502; 604; 2; 1; 403
375; 475; 1; 2; 406
431; 485; 1; 2; 410
423; 429; 2; 1; 423
576; 453; 1; 2; 426
417; 416; 2; 1; 428
405; 416; 1; 2; 436
420; 586; 1; 2; 437
440; 499; 2; 1; 449
477; 416; 1; 2; 454
381; 586; 1; 2; 501
569; 499; 2; 1; 506
450; 402; 1; 2; 508
403; 555; 2; 1; 515
538; 573; 1; 2; 518
549; 422; 2; 1; 537
592; 452; 2; 1; 550
480; 517; 2; 1; 561
550; 500; 2; 1; 564
429; 617; 2; 1; 568
389; 481; 2; 1; 576
532; 532; 2; 1; 585
429; 364; 1; 2; 605
464; 539; 2; 1; 615
593; 593; 2; 1; 616
577; 549; 2; 1; 617
400; 593; 1; 2; 625
406; 517; 1; 2; 634
409; 362; 1; 2; 646
462; 468; 1; 2; 646
548; 490; 2; 1; 647
610; 521; 2; 1; 647
511; 417; 2; 1; 651
558; 614; 2; 1; 653
429; 481; 2; 1; 668
483; 449; 2; 1; 671
589; 390; 1; 2; 672
356; 577; 2; 1; 682
584; 523; 1; 2; 687
483; 448; 2; 1; 691
486; 526; 1; 2; 694
594; 473; 1; 2; 707
461; 551; 1; 2; 713
452; 508; 2; 1; 718
543; 500; 1; 2; 726
380; 413; 2; 1; 732
384; 400; 2; 1; 733
482; 559; 1; 2; 739
391; 427; 2; 1; 742
525; 579; 1; 2; 743
395; 538; 2; 1; 747
521; 595; 2; 1; 757
538; 378; 2; 1; 758
608; 461; 2; 1; 762
384; 370; 2; 1; 770
530; 496; 1; 2; 775
415; 484; 1; 2; 804
614; 501; 2; 1; 811
543; 369; 1; 2; 819
512; 529; 1; 2; 821
364; 407; 1; 2; 822
493; 576; 1; 2; 838
563; 473; 2; 1; 840
371; 448; 2; 1; 842
495; 573; 1; 2; 847
462; 381; 2; 1; 849
551; 515; 1; 2; 849
547; 412; 1; 2; 861
514; 499; 2; 1; 872
27
2; 1; 1; 1867
11; 1; 40; 3246
16; 1; 6; 3888
8; 1; 33; 4292
24; 1; 12; 4335
15; 1; 14; 10764
4; 1; 17; 12076
25; 1; 30; 21695
3; 1; 32; 23610
5; 1; 9; 27994
22; 1; 17; 33375
20; 1; 21; 34160
6; 1; 28; 35752
14; 1; 11; 35886
21; 1; 24; 38655
26; 1; 19; 39422
19; 1; 20; 39482
12; 1; 29; 40065
17; 1; 47; 40222
23; 1; 22; 41812
9; 1; 16; 42202
0; 1; 45; 43412
18; 1; 20; 44010
7; 1; 9; 45255
10; 1; 41; 46459
13; 1; 42; 52513
1; 1; 36; 55485
