**** 782 ****
121
384; 460; 1; 2; 7
463; 499; 1; 2; 7
405; 511; 2; 1; 24
484; 575; 2; 1; 27
444; 532; 1; 2; 40
386; 535; 1; 2; 50
573; 399; 1; 2; 52
455; 437; 2; 1; 52
407; 422; 1; 2; 57
480; 501; 2; 1; 91
595; 474; 1; 2; 107
523; 523; 2; 1; 112
532; 382; 2; 1; 113
457; 531; 1; 2; 121
537; 558; 1; 2; 124
551; 509; 1; 2; 131
484; 498; 1; 2; 133
554; 363; 1; 2; 137
483; 518; 2; 1; 138
498; 464; 1; 2; 138
543; 541; 1; 2; 144
374; 423; 1; 2; 147
610; 609; 1; 2; 148
520; 487; 2; 1; 149
443; 359; 1; 2; 151
465; 520; 1; 2; 152
370; 405; 2; 1; 154
441; 592; 2; 1; 166
587; 447; 1; 2; 190
478; 474; 1; 2; 206
447; 537; 1; 2; 213
525; 562; 2; 1; 214
519; 609; 1; 2; 232
494; 422; 2; 1; 232
593; 575; 2; 1; 244
433; 489; 2; 1; 245
513; 492; 1; 2; 256
540; 526; 2; 1; 265
372; 506; 2; 1; 269
379; 483; 2; 1; 273
467; 437; 1; 2; 275
526; 475; 2; 1; 277
492; 608; 2; 1; 289
600; 526; 1; 2; 299
430; 434; 2; 1; 299
552; 528; 1; 2; 329
538; 428; 2; 1; 331
589; 388; 1; 2; 331
495; 566; 1; 2; 335
391; 426; 1; 2; 338
407; 448; 2; 1; 341
528; 580; 2; 1; 346
525; 503; 2; 1; 347
513; 594; 1; 2; 357
588; 517; 1; 2; 358
373; 363; 1; 2; 387
512; 523; 1; 2; 393
362; 366; 1; 2; 404
513; 522; 2; 1; 426
386; 500; 1; 2; 439
407; 532; 1; 2; 461
554; 389; 1; 2; 465
527; 580; 2; 1; 470
570; 377; 2; 1; 474
520; 394; 1; 2; 479
381; 458; 2; 1; 491
443; 507; 2; 1; 510
401; 419; 1; 2; 525
405; 469; 1; 2; 531
520; 502; 1; 2; 554
575; 379; 1; 2; 557
502; 583; 1; 2; 558
390; 555; 1; 2; 560
492; 390; 2; 1; 567
493; 426; 2; 1; 575
467; 367; 2; 1; 576
360; 423; 1; 2; 590
502; 453; 2; 1; 591
398; 616; 2; 1; 597
524; 480; 2; 1; 600
420; 385; 1; 2; 603
400; 449; 1; 2; 611
531; 369; 2; 1; 640
380; 357; 2; 1; 643
526; 448; 1; 2; 658
417; 443; 2; 1; 666
528; 376; 1; 2; 667
384; 490; 1; 2; 671
460; 359; 2; 1; 672
411; 482; 2; 1; 681
411; 501; 2; 1; 689
479; 463; 1; 2; 692
571; 397; 1; 2; 696
485; 398; 2; 1; 699
370; 416; 2; 1; 702
554; 579; 1; 2; 711
526; 594; 1; 2; 713
559; 413; 2; 1; 718
470; 543; 1; 2; 722
523; 547; 1; 2; 733
537; 383; 1; 2; 743
577; 617; 2; 1; 761
441; 381; 1; 2; 767
566; 416; 1; 2; 775
371; 575; 2; 1; 783
358; 432; 2; 1; 793
439; 382; 2; 1; 808
497; 515; 2; 1; 810
553; 429; 1; 2; 817
516; 419; 1; 2; 825
420; 563; 2; 1; 835
572; 444; 2; 1; 840
359; 611; 2; 1; 841
456; 541; 1; 2; 842
609; 403; 1; 2; 846
384; 582; 2; 1; 848
425; 567; 1; 2; 850
569; 496; 2; 1; 854
546; 427; 2; 1; 857
424; 490; 2; 1; 858
425; 433; 2; 1; 875
27
20; 1; 37; 1494
1; 1; 15; 4628
18; 1; 12; 7231
14; 1; 6; 11351
5; 1; 2; 13178
8; 1; 14; 15007
22; 1; 6; 17796
0; 1; 1; 20194
2; 1; 22; 21349
6; 1; 47; 24904
17; 1; 3; 25586
24; 1; 48; 25830
19; 1; 14; 28722
23; 1; 37; 32259
4; 1; 39; 35228
25; 1; 21; 36631
15; 1; 37; 37983
16; 1; 47; 38384
7; 1; 13; 43224
11; 1; 39; 44312
3; 1; 46; 46310
26; 1; 31; 46451
12; 1; 23; 46622
9; 1; 6; 47863
13; 1; 8; 52214
21; 1; 11; 52671
10; 1; 7; 54244
