**** 783 ****
121
555; 540; 2; 1; 1
537; 463; 2; 1; 5
413; 616; 1; 2; 6
489; 418; 1; 2; 7
429; 372; 1; 2; 8
366; 386; 2; 1; 14
479; 486; 1; 2; 14
359; 582; 2; 1; 32
468; 407; 2; 1; 34
586; 554; 1; 2; 40
585; 500; 1; 2; 44
551; 521; 1; 2; 50
421; 576; 1; 2; 53
584; 519; 1; 2; 60
439; 422; 1; 2; 70
470; 531; 2; 1; 73
435; 493; 2; 1; 80
418; 447; 1; 2; 81
514; 565; 2; 1; 82
359; 358; 1; 2; 84
508; 586; 2; 1; 93
414; 590; 2; 1; 97
558; 364; 1; 2; 148
539; 452; 1; 2; 149
611; 573; 2; 1; 153
602; 429; 2; 1; 183
562; 581; 2; 1; 189
371; 569; 2; 1; 193
498; 528; 1; 2; 207
577; 366; 1; 2; 209
557; 570; 1; 2; 213
432; 430; 2; 1; 223
417; 550; 2; 1; 228
613; 400; 1; 2; 236
497; 523; 2; 1; 260
539; 424; 2; 1; 269
607; 513; 1; 2; 282
489; 492; 2; 1; 282
385; 602; 2; 1; 303
616; 404; 1; 2; 304
431; 459; 1; 2; 305
407; 553; 1; 2; 312
601; 580; 1; 2; 317
572; 417; 2; 1; 322
424; 474; 1; 2; 323
537; 518; 1; 2; 337
554; 416; 1; 2; 344
455; 512; 1; 2; 349
590; 436; 2; 1; 361
477; 554; 1; 2; 362
356; 577; 2; 1; 382
595; 363; 2; 1; 384
361; 368; 1; 2; 390
506; 480; 1; 2; 407
413; 489; 1; 2; 409
363; 403; 1; 2; 416
554; 512; 1; 2; 417
486; 407; 2; 1; 430
467; 421; 1; 2; 432
408; 603; 1; 2; 441
492; 448; 1; 2; 446
546; 533; 2; 1; 454
469; 614; 1; 2; 461
604; 588; 2; 1; 470
506; 538; 2; 1; 478
432; 559; 2; 1; 485
544; 431; 1; 2; 490
495; 452; 2; 1; 495
542; 505; 2; 1; 496
372; 387; 2; 1; 501
378; 383; 2; 1; 505
453; 514; 1; 2; 509
517; 459; 1; 2; 513
591; 492; 1; 2; 515
575; 584; 1; 2; 518
516; 481; 2; 1; 518
405; 457; 1; 2; 528
600; 400; 1; 2; 550
434; 564; 2; 1; 580
605; 364; 2; 1; 604
508; 555; 1; 2; 605
418; 572; 2; 1; 608
530; 510; 2; 1; 609
537; 531; 1; 2; 611
408; 560; 1; 2; 612
359; 603; 1; 2; 642
480; 401; 2; 1; 645
451; 599; 1; 2; 647
356; 446; 1; 2; 650
543; 467; 2; 1; 664
596; 373; 1; 2; 670
450; 585; 1; 2; 670
377; 612; 1; 2; 676
546; 398; 2; 1; 678
366; 370; 1; 2; 688
584; 540; 2; 1; 702
541; 617; 2; 1; 706
585; 534; 2; 1; 710
567; 530; 2; 1; 712
407; 380; 2; 1; 716
526; 555; 1; 2; 720
436; 518; 2; 1; 728
362; 585; 1; 2; 733
473; 451; 2; 1; 736
379; 405; 2; 1; 738
573; 449; 1; 2; 746
447; 490; 1; 2; 747
548; 460; 2; 1; 757
475; 557; 1; 2; 768
601; 543; 1; 2; 770
572; 574; 1; 2; 772
402; 547; 1; 2; 787
579; 414; 2; 1; 808
361; 359; 1; 2; 809
518; 597; 2; 1; 810
609; 598; 2; 1; 811
520; 535; 1; 2; 823
564; 408; 2; 1; 826
388; 575; 1; 2; 831
426; 611; 1; 2; 832
531; 431; 2; 1; 871
27
11; 1; 29; 231
16; 1; 32; 2484
1; 1; 15; 4894
22; 1; 34; 10036
0; 1; 46; 11690
3; 1; 19; 14391
14; 1; 46; 18094
5; 1; 28; 20694
17; 1; 33; 20847
13; 1; 48; 21257
9; 1; 28; 22530
6; 1; 11; 27462
18; 1; 30; 29981
25; 1; 30; 33628
26; 1; 14; 35400
2; 1; 49; 36419
10; 1; 6; 39187
19; 1; 5; 39254
7; 1; 42; 41119
12; 1; 36; 43069
21; 1; 13; 45923
20; 1; 8; 47570
23; 1; 39; 49928
8; 1; 2; 55381
4; 1; 43; 55465
15; 1; 4; 58613
24; 1; 16; 59781
