**** 784 ****
121
448; 562; 1; 2; 9
604; 376; 1; 2; 31
364; 441; 1; 2; 34
444; 489; 2; 1; 51
457; 459; 2; 1; 54
543; 413; 1; 2; 59
372; 409; 1; 2; 65
442; 466; 1; 2; 68
617; 589; 1; 2; 75
533; 597; 2; 1; 89
559; 456; 1; 2; 89
565; 572; 2; 1; 96
450; 506; 1; 2; 108
588; 470; 2; 1; 110
363; 489; 1; 2; 116
474; 453; 2; 1; 117
377; 407; 2; 1; 122
407; 449; 1; 2; 124
468; 446; 1; 2; 127
607; 537; 1; 2; 127
475; 433; 1; 2; 129
430; 534; 1; 2; 133
387; 418; 1; 2; 136
565; 603; 2; 1; 141
361; 424; 2; 1; 141
408; 605; 1; 2; 144
398; 382; 2; 1; 147
518; 374; 2; 1; 147
558; 457; 2; 1; 153
529; 556; 1; 2; 159
496; 356; 1; 2; 166
448; 404; 1; 2; 173
541; 464; 2; 1; 184
470; 476; 2; 1; 184
433; 418; 2; 1; 185
472; 535; 2; 1; 190
393; 460; 1; 2; 196
471; 370; 2; 1; 197
589; 587; 2; 1; 219
380; 603; 2; 1; 226
409; 582; 2; 1; 238
372; 438; 1; 2; 250
434; 362; 1; 2; 251
357; 551; 2; 1; 254
493; 469; 2; 1; 269
541; 515; 2; 1; 275
591; 448; 2; 1; 279
616; 416; 1; 2; 295
379; 391; 1; 2; 304
420; 367; 2; 1; 310
416; 401; 2; 1; 313
563; 521; 1; 2; 315
428; 447; 2; 1; 324
445; 463; 2; 1; 327
575; 418; 2; 1; 335
462; 413; 1; 2; 337
518; 517; 1; 2; 370
416; 518; 2; 1; 373
444; 441; 2; 1; 398
372; 614; 2; 1; 400
606; 559; 2; 1; 400
591; 612; 2; 1; 404
443; 609; 1; 2; 405
522; 608; 1; 2; 406
527; 609; 2; 1; 411
357; 373; 1; 2; 416
435; 505; 2; 1; 433
540; 480; 2; 1; 436
510; 599; 1; 2; 442
509; 467; 1; 2; 445
410; 549; 1; 2; 448
426; 596; 2; 1; 456
484; 393; 2; 1; 474
574; 445; 1; 2; 487
569; 475; 1; 2; 495
456; 383; 2; 1; 524
589; 462; 2; 1; 541
455; 532; 1; 2; 541
397; 595; 2; 1; 548
389; 380; 1; 2; 562
607; 370; 1; 2; 566
492; 469; 2; 1; 572
565; 457; 1; 2; 573
544; 584; 1; 2; 573
504; 459; 2; 1; 581
528; 566; 1; 2; 585
557; 500; 1; 2; 592
467; 419; 1; 2; 593
400; 517; 2; 1; 593
538; 573; 2; 1; 595
375; 423; 2; 1; 595
554; 492; 2; 1; 604
493; 464; 1; 2; 606
532; 526; 2; 1; 630
376; 608; 2; 1; 630
556; 410; 2; 1; 635
483; 391; 2; 1; 636
411; 538; 1; 2; 645
457; 397; 2; 1; 661
600; 366; 2; 1; 666
501; 417; 2; 1; 670
445; 463; 1; 2; 671
542; 577; 2; 1; 681
543; 602; 1; 2; 683
558; 476; 2; 1; 697
546; 475; 2; 1; 716
542; 429; 1; 2; 740
576; 408; 2; 1; 744
576; 415; 1; 2; 744
381; 448; 1; 2; 748
597; 502; 1; 2; 750
481; 443; 2; 1; 755
607; 490; 2; 1; 759
557; 604; 2; 1; 773
566; 454; 2; 1; 787
476; 525; 2; 1; 791
613; 431; 2; 1; 810
537; 497; 2; 1; 814
432; 545; 1; 2; 846
598; 520; 1; 2; 850
408; 394; 2; 1; 858
27
10; 1; 23; 282
16; 1; 16; 2237
19; 1; 15; 3530
4; 1; 31; 5022
12; 1; 46; 7066
24; 1; 31; 10317
2; 1; 32; 13975
5; 1; 39; 17617
15; 1; 46; 21201
3; 1; 37; 21581
7; 1; 33; 23356
13; 1; 38; 27311
14; 1; 1; 31025
18; 1; 1; 31130
25; 1; 14; 33356
0; 1; 7; 35590
26; 1; 33; 35734
17; 1; 34; 36689
20; 1; 28; 36796
23; 1; 20; 36914
21; 1; 23; 43024
6; 1; 36; 47061
8; 1; 32; 51306
11; 1; 15; 51925
1; 1; 12; 53351
9; 1; 34; 57485
22; 1; 48; 59549
