**** 785 ****
121
393; 488; 1; 2; 19
446; 435; 1; 2; 20
555; 544; 1; 2; 32
445; 393; 1; 2; 35
428; 384; 2; 1; 39
381; 579; 1; 2; 49
578; 414; 1; 2; 51
568; 604; 1; 2; 54
442; 599; 2; 1; 63
568; 611; 1; 2; 80
613; 457; 1; 2; 85
533; 402; 1; 2; 86
547; 544; 2; 1; 88
568; 481; 2; 1; 91
534; 533; 1; 2; 92
613; 581; 1; 2; 105
495; 465; 2; 1; 111
412; 423; 1; 2; 120
458; 417; 2; 1; 128
373; 407; 1; 2; 143
564; 576; 1; 2; 147
494; 389; 1; 2; 161
516; 407; 2; 1; 166
424; 519; 1; 2; 186
436; 445; 1; 2; 189
583; 381; 2; 1; 191
555; 549; 1; 2; 192
437; 582; 1; 2; 195
454; 467; 1; 2; 196
405; 473; 2; 1; 213
442; 455; 2; 1; 219
547; 468; 1; 2; 246
402; 423; 2; 1; 249
512; 390; 1; 2; 250
483; 418; 1; 2; 253
385; 538; 2; 1; 257
435; 617; 2; 1; 273
493; 607; 1; 2; 280
521; 570; 2; 1; 282
422; 396; 1; 2; 285
439; 529; 2; 1; 286
373; 425; 2; 1; 286
456; 441; 2; 1; 314
539; 560; 2; 1; 320
561; 550; 2; 1; 337
484; 445; 2; 1; 337
572; 467; 1; 2; 343
486; 392; 1; 2; 346
465; 379; 2; 1; 355
609; 584; 2; 1; 373
577; 420; 1; 2; 392
513; 519; 2; 1; 394
565; 391; 2; 1; 396
395; 371; 1; 2; 401
397; 365; 2; 1; 409
548; 534; 2; 1; 409
598; 575; 1; 2; 411
581; 541; 1; 2; 413
599; 470; 2; 1; 414
404; 444; 1; 2; 415
356; 600; 1; 2; 426
422; 558; 2; 1; 430
490; 545; 1; 2; 453
404; 613; 2; 1; 453
481; 515; 2; 1; 454
617; 590; 2; 1; 465
554; 427; 2; 1; 467
403; 427; 2; 1; 468
442; 425; 2; 1; 495
408; 425; 1; 2; 524
398; 492; 1; 2; 537
466; 606; 1; 2; 544
473; 533; 2; 1; 558
541; 373; 2; 1; 566
469; 469; 1; 2; 574
566; 364; 1; 2; 584
603; 452; 2; 1; 590
376; 519; 2; 1; 593
420; 590; 1; 2; 606
396; 393; 1; 2; 619
394; 420; 2; 1; 622
378; 582; 2; 1; 630
363; 379; 1; 2; 632
377; 615; 1; 2; 640
612; 433; 2; 1; 646
522; 459; 2; 1; 646
555; 493; 1; 2; 654
516; 586; 1; 2; 672
534; 543; 2; 1; 676
420; 357; 2; 1; 681
541; 493; 2; 1; 693
453; 358; 2; 1; 694
521; 598; 1; 2; 697
557; 560; 1; 2; 725
533; 586; 1; 2; 726
401; 578; 2; 1; 732
401; 605; 2; 1; 732
533; 440; 2; 1; 737
611; 505; 1; 2; 749
583; 548; 2; 1; 752
366; 558; 2; 1; 756
615; 430; 1; 2; 758
572; 441; 1; 2; 765
493; 560; 2; 1; 779
558; 441; 1; 2; 779
357; 578; 1; 2; 786
390; 516; 1; 2; 790
541; 462; 1; 2; 792
357; 459; 2; 1; 796
493; 408; 2; 1; 799
485; 408; 1; 2; 800
420; 391; 2; 1; 806
421; 461; 1; 2; 811
379; 361; 1; 2; 814
462; 498; 1; 2; 822
445; 470; 1; 2; 830
580; 423; 1; 2; 833
365; 617; 2; 1; 841
372; 453; 1; 2; 851
579; 368; 1; 2; 856
499; 550; 1; 2; 861
27
4; 1; 43; 2830
0; 1; 4; 3578
18; 1; 37; 4136
9; 1; 2; 6040
7; 1; 19; 6660
3; 1; 45; 8064
2; 1; 9; 9659
14; 1; 12; 11555
25; 1; 48; 11998
5; 1; 30; 14019
21; 1; 22; 16220
24; 1; 8; 22148
1; 1; 5; 23380
15; 1; 22; 28484
8; 1; 28; 36441
20; 1; 49; 38826
19; 1; 41; 39644
11; 1; 3; 43559
12; 1; 21; 43606
23; 1; 38; 46052
22; 1; 41; 48325
17; 1; 22; 51515
6; 1; 20; 52375
13; 1; 26; 54116
16; 1; 32; 56057
26; 1; 11; 56929
10; 1; 7; 58587
