**** 786 ****
121
373; 426; 1; 2; 1
357; 367; 2; 1; 14
492; 510; 1; 2; 16
357; 521; 2; 1; 29
574; 384; 2; 1; 35
369; 500; 2; 1; 41
424; 387; 2; 1; 53
444; 592; 1; 2; 67
412; 478; 1; 2; 76
499; 426; 1; 2; 97
614; 561; 2; 1; 99
610; 541; 1; 2; 105
496; 531; 1; 2; 136
540; 362; 1; 2; 146
532; 564; 1; 2; 156
403; 523; 2; 1; 168
456; 388; 2; 1; 169
429; 449; 2; 1; 170
603; 381; 1; 2; 175
442; 487; 1; 2; 179
549; 488; 1; 2; 181
499; 426; 2; 1; 182
553; 455; 1; 2; 202
449; 413; 2; 1; 222
364; 503; 1; 2; 228
478; 451; 2; 1; 245
525; 431; 1; 2; 252
523; 476; 2; 1; 263
382; 505; 2; 1; 266
491; 412; 2; 1; 268
518; 568; 1; 2; 268
442; 440; 1; 2; 279
365; 426; 1; 2; 283
607; 493; 1; 2; 310
393; 469; 2; 1; 310
359; 435; 1; 2; 311
489; 457; 2; 1; 324
391; 422; 1; 2; 328
520; 541; 2; 1; 331
409; 419; 1; 2; 336
465; 453; 2; 1; 345
556; 387; 1; 2; 347
462; 383; 2; 1; 348
463; 510; 1; 2; 350
470; 384; 1; 2; 366
591; 505; 2; 1; 368
581; 367; 2; 1; 383
589; 497; 1; 2; 384
528; 582; 2; 1; 386
580; 402; 1; 2; 394
404; 396; 1; 2; 415
571; 503; 2; 1; 420
474; 433; 1; 2; 426
604; 584; 1; 2; 433
482; 434; 2; 1; 451
446; 493; 2; 1; 457
535; 507; 1; 2; 464
532; 389; 1; 2; 473
547; 511; 2; 1; 474
502; 487; 1; 2; 491
470; 471; 2; 1; 498
432; 544; 1; 2; 503
603; 441; 2; 1; 507
360; 546; 1; 2; 507
555; 500; 2; 1; 517
459; 614; 1; 2; 541
579; 479; 1; 2; 545
519; 506; 2; 1; 555
503; 533; 1; 2; 556
470; 535; 1; 2; 566
363; 424; 2; 1; 569
416; 607; 1; 2; 569
441; 389; 1; 2; 578
617; 463; 1; 2; 579
455; 510; 2; 1; 584
387; 450; 1; 2; 587
554; 360; 1; 2; 587
451; 473; 1; 2; 593
603; 590; 2; 1; 610
403; 386; 1; 2; 619
610; 546; 2; 1; 621
482; 365; 2; 1; 624
473; 492; 2; 1; 624
513; 519; 1; 2; 626
405; 502; 1; 2; 633
492; 405; 2; 1; 634
397; 422; 2; 1; 640
424; 600; 1; 2; 651
536; 545; 2; 1; 655
520; 482; 1; 2; 663
468; 431; 2; 1; 677
474; 451; 2; 1; 686
578; 586; 2; 1; 691
563; 483; 1; 2; 698
507; 415; 1; 2; 717
417; 524; 2; 1; 728
363; 601; 1; 2; 735
500; 523; 1; 2; 737
397; 382; 1; 2; 762
361; 361; 2; 1; 767
407; 600; 1; 2; 780
519; 487; 1; 2; 790
372; 545; 1; 2; 790
375; 516; 2; 1; 793
468; 507; 2; 1; 793
498; 442; 2; 1; 796
386; 540; 2; 1; 802
553; 421; 1; 2; 830
520; 367; 1; 2; 835
612; 522; 2; 1; 839
530; 519; 2; 1; 840
463; 481; 1; 2; 842
437; 422; 2; 1; 850
572; 496; 2; 1; 854
539; 451; 1; 2; 858
526; 531; 1; 2; 859
526; 592; 2; 1; 868
615; 403; 1; 2; 874
593; 552; 2; 1; 878
528; 556; 2; 1; 879
403; 455; 2; 1; 880
27
22; 1; 8; 6
4; 1; 5; 5378
15; 1; 9; 5910
10; 1; 36; 6967
6; 1; 32; 8537
20; 1; 36; 8885
13; 1; 37; 9550
19; 1; 16; 15444
18; 1; 18; 15468
9; 1; 9; 16239
11; 1; 34; 23885
21; 1; 8; 26758
8; 1; 41; 30349
2; 1; 5; 32983
7; 1; 42; 33969
16; 1; 20; 35710
5; 1; 44; 35953
12; 1; 29; 36494
25; 1; 23; 41403
23; 1; 46; 42269
24; 1; 43; 44525
0; 1; 3; 47218
17; 1; 22; 48053
26; 1; 21; 50457
1; 1; 15; 52987
3; 1; 41; 54712
14; 1; 32; 58305
