**** 787 ****
121
441; 505; 1; 2; 15
577; 492; 2; 1; 21
550; 555; 1; 2; 25
383; 489; 2; 1; 42
569; 556; 2; 1; 45
617; 486; 1; 2; 47
412; 463; 1; 2; 49
452; 489; 2; 1; 52
427; 576; 2; 1; 53
594; 556; 2; 1; 62
394; 562; 2; 1; 74
466; 565; 1; 2; 76
502; 363; 2; 1; 78
538; 598; 1; 2; 80
359; 368; 2; 1; 81
524; 451; 1; 2; 87
571; 465; 1; 2; 97
423; 412; 1; 2; 99
536; 589; 1; 2; 106
433; 509; 1; 2; 113
460; 579; 2; 1; 123
365; 398; 2; 1; 128
427; 362; 2; 1; 133
417; 507; 1; 2; 152
517; 361; 2; 1; 158
523; 599; 2; 1; 186
449; 572; 2; 1; 192
590; 483; 1; 2; 214
617; 459; 1; 2; 216
613; 605; 2; 1; 223
467; 410; 1; 2; 230
367; 483; 2; 1; 241
455; 577; 1; 2; 252
549; 453; 1; 2; 252
358; 498; 2; 1; 257
491; 465; 2; 1; 259
605; 390; 1; 2; 262
417; 523; 1; 2; 266
617; 575; 2; 1; 269
429; 438; 1; 2; 280
402; 434; 1; 2; 290
512; 579; 1; 2; 295
605; 570; 2; 1; 312
563; 383; 2; 1; 315
466; 512; 2; 1; 326
597; 458; 1; 2; 337
602; 569; 2; 1; 342
433; 486; 2; 1; 347
490; 465; 1; 2; 352
366; 507; 1; 2; 359
437; 463; 1; 2; 376
423; 427; 1; 2; 389
527; 612; 2; 1; 390
463; 401; 1; 2; 396
484; 440; 2; 1; 398
407; 448; 2; 1; 431
500; 470; 2; 1; 433
571; 370; 2; 1; 439
368; 590; 1; 2; 447
532; 578; 1; 2; 461
419; 420; 2; 1; 477
479; 371; 1; 2; 480
385; 420; 1; 2; 481
386; 423; 2; 1; 493
395; 458; 1; 2; 494
583; 496; 1; 2; 499
459; 571; 1; 2; 507
603; 569; 2; 1; 508
542; 435; 1; 2; 514
538; 451; 1; 2; 522
605; 448; 1; 2; 533
552; 395; 2; 1; 533
379; 511; 2; 1; 535
459; 444; 2; 1; 561
370; 520; 1; 2; 566
448; 423; 2; 1; 566
443; 508; 2; 1; 574
506; 519; 1; 2; 574
379; 456; 1; 2; 595
599; 494; 2; 1; 617
615; 579; 1; 2; 618
418; 504; 2; 1; 637
510; 475; 2; 1; 638
616; 569; 2; 1; 639
444; 486; 2; 1; 644
565; 365; 1; 2; 653
545; 500; 1; 2; 662
525; 364; 1; 2; 666
457; 516; 2; 1; 666
430; 462; 1; 2; 674
491; 584; 2; 1; 691
465; 379; 1; 2; 692
501; 356; 1; 2; 703
394; 565; 1; 2; 704
446; 489; 2; 1; 722
562; 361; 2; 1; 724
592; 507; 1; 2; 744
481; 366; 1; 2; 747
427; 541; 2; 1; 756
573; 485; 1; 2; 780
469; 459; 1; 2; 789
607; 524; 1; 2; 792
444; 582; 2; 1; 794
607; 379; 2; 1; 795
602; 457; 1; 2; 799
528; 472; 2; 1; 804
531; 555; 2; 1; 805
456; 360; 2; 1; 807
430; 357; 1; 2; 811
490; 598; 1; 2; 816
613; 416; 2; 1; 818
581; 460; 2; 1; 820
374; 565; 1; 2; 827
604; 420; 2; 1; 836
572; 461; 1; 2; 838
470; 464; 2; 1; 852
516; 603; 2; 1; 865
398; 442; 1; 2; 867
475; 559; 2; 1; 876
431; 585; 2; 1; 878
401; 597; 2; 1; 881
27
17; 1; 1; 4205
4; 1; 14; 6000
8; 1; 37; 7791
25; 1; 10; 8169
3; 1; 1; 8514
16; 1; 14; 14518
2; 1; 21; 22407
0; 1; 8; 25012
6; 1; 34; 27812
24; 1; 36; 31855
11; 1; 7; 33355
12; 1; 9; 34225
10; 1; 29; 44438
9; 1; 37; 47502
7; 1; 26; 48745
21; 1; 18; 49170
22; 1; 13; 49612
20; 1; 4; 49758
18; 1; 17; 51540
14; 1; 2; 52154
19; 1; 8; 52862
23; 1; 38; 53037
1; 1; 10; 53680
26; 1; 15; 55691
13; 1; 32; 56599
15; 1; 48; 56830
5; 1; 43; 58289
