**** 788 ****
121
386; 491; 2; 1; 2
365; 382; 1; 2; 7
474; 495; 2; 1; 8
551; 416; 1; 2; 16
399; 442; 1; 2; 17
584; 391; 2; 1; 24
530; 610; 1; 2; 26
617; 574; 1; 2; 34
521; 466; 2; 1; 35
573; 586; 1; 2; 36
512; 615; 1; 2; 38
454; 442; 1; 2; 45
422; 361; 2; 1; 45
609; 404; 2; 1; 71
566; 408; 1; 2; 74
475; 514; 1; 2; 86
402; 580; 2; 1; 97
529; 563; 1; 2; 101
485; 386; 1; 2; 107
502; 482; 1; 2; 114
442; 428; 2; 1; 115
366; 577; 2; 1; 117
364; 592; 2; 1; 122
600; 419; 1; 2; 128
560; 436; 1; 2; 138
544; 438; 2; 1; 140
470; 520; 2; 1; 140
570; 588; 1; 2; 147
586; 568; 1; 2; 159
432; 388; 1; 2; 164
415; 396; 1; 2; 169
487; 518; 1; 2; 182
468; 469; 2; 1; 188
374; 557; 2; 1; 196
453; 472; 2; 1; 221
411; 536; 1; 2; 231
363; 572; 1; 2; 246
470; 477; 2; 1; 256
404; 514; 2; 1; 258
400; 485; 2; 1; 259
499; 449; 1; 2; 272
391; 559; 2; 1; 274
612; 549; 2; 1; 347
481; 482; 1; 2; 352
405; 409; 2; 1; 357
389; 617; 2; 1; 359
419; 595; 1; 2; 359
489; 423; 1; 2; 368
397; 448; 2; 1; 381
500; 594; 1; 2; 392
612; 563; 2; 1; 394
412; 359; 2; 1; 403
567; 497; 2; 1; 418
415; 481; 2; 1; 420
429; 364; 1; 2; 423
469; 459; 2; 1; 424
459; 426; 1; 2; 426
552; 544; 2; 1; 439
441; 443; 1; 2; 441
359; 439; 1; 2; 444
449; 427; 2; 1; 446
520; 593; 2; 1; 447
598; 360; 1; 2; 448
547; 450; 2; 1; 457
561; 422; 2; 1; 459
489; 491; 1; 2; 465
521; 516; 2; 1; 471
570; 385; 1; 2; 486
357; 524; 1; 2; 496
587; 492; 2; 1; 496
361; 593; 2; 1; 500
537; 565; 1; 2; 502
582; 482; 1; 2; 502
525; 458; 2; 1; 513
420; 469; 2; 1; 516
409; 495; 1; 2; 516
398; 513; 2; 1; 517
549; 416; 1; 2; 518
589; 431; 2; 1; 528
569; 615; 1; 2; 535
493; 376; 1; 2; 544
418; 581; 2; 1; 559
510; 582; 1; 2; 597
545; 492; 2; 1; 611
544; 596; 2; 1; 618
462; 416; 1; 2; 625
391; 398; 2; 1; 629
460; 443; 1; 2; 634
457; 359; 2; 1; 645
468; 456; 1; 2; 646
551; 599; 2; 1; 648
410; 385; 2; 1; 657
371; 610; 1; 2; 665
382; 603; 1; 2; 670
595; 578; 2; 1; 672
599; 614; 1; 2; 690
611; 374; 1; 2; 692
460; 576; 1; 2; 703
535; 517; 2; 1; 737
579; 466; 1; 2; 750
495; 583; 1; 2; 756
571; 431; 1; 2; 764
406; 566; 2; 1; 778
581; 358; 1; 2; 780
607; 492; 1; 2; 782
509; 389; 1; 2; 788
356; 527; 1; 2; 793
598; 450; 2; 1; 797
537; 586; 1; 2; 797
413; 365; 1; 2; 800
596; 501; 1; 2; 803
419; 583; 1; 2; 808
489; 540; 2; 1; 820
358; 394; 1; 2; 825
534; 462; 2; 1; 831
540; 472; 2; 1; 837
481; 586; 2; 1; 847
538; 551; 2; 1; 862
383; 593; 1; 2; 878
508; 506; 1; 2; 879
579; 492; 1; 2; 885
27
15; 1; 1; 3007
17; 1; 23; 3019
23; 1; 35; 4189
4; 1; 37; 5167
22; 1; 5; 8381
26; 1; 9; 9634
21; 1; 14; 20841
19; 1; 4; 26178
25; 1; 26; 27712
8; 1; 20; 29723
2; 1; 38; 34090
13; 1; 35; 34576
11; 1; 28; 35275
24; 1; 49; 38620
18; 1; 31; 41210
3; 1; 26; 42328
12; 1; 35; 42933
1; 1; 36; 43196
0; 1; 25; 44114
6; 1; 47; 45526
10; 1; 39; 47378
16; 1; 29; 50108
14; 1; 3; 50912
7; 1; 13; 52326
5; 1; 19; 53243
9; 1; 21; 53373
20; 1; 35; 57525
