**** 789 ****
121
465; 444; 1; 2; 12
482; 611; 2; 1; 22
382; 593; 1; 2; 24
357; 456; 1; 2; 24
610; 471; 1; 2; 26
529; 598; 2; 1; 43
359; 498; 2; 1; 49
454; 586; 2; 1; 53
592; 588; 2; 1; 54
388; 482; 1; 2; 89
438; 520; 2; 1; 96
467; 546; 2; 1; 100
472; 565; 2; 1; 104
584; 575; 2; 1; 104
576; 453; 2; 1; 115
549; 555; 2; 1; 136
435; 425; 1; 2; 141
443; 356; 2; 1; 148
366; 493; 2; 1; 162
515; 515; 1; 2; 170
455; 437; 1; 2; 175
518; 425; 1; 2; 182
439; 386; 2; 1; 183
361; 441; 2; 1; 190
483; 615; 2; 1; 208
446; 481; 2; 1; 210
534; 358; 2; 1; 222
599; 451; 2; 1; 226
360; 557; 2; 1; 226
430; 576; 2; 1; 226
615; 530; 2; 1; 239
500; 434; 1; 2; 249
480; 393; 1; 2; 252
366; 510; 2; 1; 267
582; 528; 2; 1; 269
496; 408; 1; 2; 275
459; 482; 1; 2; 291
454; 562; 2; 1; 294
373; 398; 2; 1; 299
377; 503; 1; 2; 302
432; 429; 2; 1; 302
413; 508; 1; 2; 304
421; 372; 2; 1; 322
588; 509; 2; 1; 326
423; 572; 1; 2; 330
364; 456; 2; 1; 339
601; 563; 1; 2; 340
498; 479; 1; 2; 351
617; 400; 2; 1; 353
499; 359; 1; 2; 357
470; 446; 1; 2; 369
404; 480; 2; 1; 377
522; 492; 2; 1; 389
448; 490; 1; 2; 391
515; 368; 1; 2; 405
382; 461; 1; 2; 418
534; 478; 2; 1; 434
431; 526; 2; 1; 440
378; 544; 1; 2; 441
466; 503; 2; 1; 449
486; 559; 1; 2; 452
568; 439; 1; 2; 477
589; 380; 1; 2; 479
505; 566; 2; 1; 492
435; 589; 2; 1; 493
532; 410; 2; 1; 494
425; 476; 2; 1; 523
447; 411; 2; 1; 525
479; 520; 1; 2; 542
591; 412; 1; 2; 546
552; 401; 1; 2; 548
523; 458; 2; 1; 552
521; 592; 1; 2; 561
602; 397; 2; 1; 565
551; 418; 1; 2; 567
410; 589; 2; 1; 568
387; 436; 1; 2; 574
512; 393; 2; 1; 575
572; 392; 2; 1; 577
419; 543; 1; 2; 586
356; 423; 2; 1; 592
491; 468; 1; 2; 593
543; 449; 1; 2; 608
576; 492; 1; 2; 612
451; 469; 2; 1; 616
398; 377; 2; 1; 620
422; 400; 1; 2; 628
547; 430; 1; 2; 636
487; 444; 2; 1; 657
420; 499; 2; 1; 660
444; 498; 2; 1; 676
422; 359; 1; 2; 680
391; 438; 2; 1; 683
397; 372; 2; 1; 688
440; 613; 2; 1; 703
582; 595; 2; 1; 710
456; 362; 1; 2; 725
413; 413; 2; 1; 727
429; 548; 2; 1; 729
520; 493; 2; 1; 731
505; 556; 1; 2; 739
386; 594; 1; 2; 740
386; 592; 2; 1; 741
474; 499; 1; 2; 752
468; 416; 1; 2; 758
608; 562; 2; 1; 762
433; 469; 2; 1; 770
461; 481; 1; 2; 777
426; 467; 1; 2; 783
421; 513; 2; 1; 785
464; 380; 1; 2; 787
428; 478; 2; 1; 791
482; 503; 2; 1; 795
468; 509; 2; 1; 805
363; 608; 2; 1; 815
478; 490; 2; 1; 821
367; 372; 1; 2; 824
491; 362; 1; 2; 846
523; 558; 2; 1; 848
570; 455; 2; 1; 860
501; 456; 2; 1; 869
27
26; 1; 46; 3215
3; 1; 13; 4774
25; 1; 27; 5502
8; 1; 25; 10203
17; 1; 26; 12001
5; 1; 49; 12408
15; 1; 15; 17573
9; 1; 25; 19899
22; 1; 19; 21389
11; 1; 7; 22289
24; 1; 38; 22640
23; 1; 22; 24225
13; 1; 18; 25736
7; 1; 24; 25898
4; 1; 7; 27181
18; 1; 48; 34514
2; 1; 4; 38606
0; 1; 19; 38737
16; 1; 30; 40852
6; 1; 9; 43036
14; 1; 34; 44423
21; 1; 29; 48020
12; 1; 49; 48871
1; 1; 4; 49271
19; 1; 12; 53498
20; 1; 17; 55073
10; 1; 7; 57113
