**** 79 ****
57
75; 55; 1; 2; 0
97; 51; 2; 1; 0
102; 75; 1; 2; 3
44; 95; 1; 2; 7
98; 41; 2; 1; 8
43; 67; 1; 2; 12
75; 75; 1; 2; 13
41; 45; 2; 1; 15
59; 44; 2; 1; 19
79; 53; 1; 2; 22
62; 42; 2; 1; 22
68; 83; 2; 1; 26
52; 98; 2; 1; 28
95; 72; 2; 1; 29
72; 49; 2; 1; 32
95; 97; 2; 1; 32
103; 90; 2; 1; 33
49; 95; 1; 2; 41
103; 77; 2; 1; 47
40; 46; 2; 1; 50
56; 78; 2; 1; 52
56; 91; 1; 2; 53
84; 84; 2; 1; 54
53; 100; 1; 2; 55
82; 105; 2; 1; 59
41; 62; 2; 1; 59
91; 88; 2; 1; 76
89; 61; 1; 2; 78
92; 89; 1; 2; 82
88; 89; 2; 1; 82
91; 45; 1; 2; 87
86; 40; 1; 2; 87
84; 75; 2; 1; 92
65; 69; 2; 1; 94
58; 59; 1; 2; 100
44; 41; 2; 1; 105
72; 74; 2; 1; 106
100; 88; 1; 2; 111
70; 63; 2; 1; 114
71; 68; 1; 2; 114
97; 51; 1; 2; 120
50; 82; 2; 1; 121
61; 49; 2; 1; 121
69; 50; 2; 1; 122
38; 41; 2; 1; 123
62; 87; 1; 2; 130
51; 48; 2; 1; 130
78; 46; 2; 1; 135
95; 86; 1; 2; 136
51; 75; 1; 2; 139
56; 96; 2; 1; 143
51; 69; 1; 2; 145
63; 38; 1; 2; 148
72; 58; 1; 2; 149
78; 44; 2; 1; 150
62; 98; 2; 1; 153
74; 55; 2; 1; 155
14
5; 1; 10; 154
6; 1; 13; 176
4; 1; 2; 368
9; 1; 34; 1021
11; 1; 13; 1342
10; 1; 25; 1591
2; 1; 25; 1858
13; 1; 1; 2073
0; 1; 6; 2180
12; 1; 31; 2427
1; 1; 2; 2669
7; 1; 32; 2683
8; 1; 11; 2921
3; 1; 28; 3933
