**** 790 ****
121
581; 542; 1; 2; 4
441; 575; 2; 1; 7
575; 522; 2; 1; 12
590; 426; 2; 1; 14
501; 593; 2; 1; 31
379; 561; 1; 2; 38
602; 383; 1; 2; 55
613; 407; 2; 1; 72
447; 604; 2; 1; 95
393; 485; 2; 1; 99
430; 417; 1; 2; 102
433; 379; 1; 2; 105
491; 381; 2; 1; 107
371; 491; 1; 2; 115
366; 361; 1; 2; 115
596; 531; 2; 1; 122
488; 513; 1; 2; 129
484; 439; 1; 2; 141
495; 356; 1; 2; 145
363; 432; 2; 1; 158
533; 494; 1; 2; 199
545; 526; 2; 1; 208
367; 375; 1; 2; 214
393; 450; 2; 1; 227
557; 402; 1; 2; 234
588; 460; 2; 1; 237
592; 556; 2; 1; 244
380; 573; 1; 2; 256
404; 466; 2; 1; 262
585; 417; 1; 2; 269
370; 531; 1; 2; 280
445; 538; 1; 2; 291
379; 603; 1; 2; 302
440; 477; 1; 2; 329
610; 439; 2; 1; 329
480; 397; 2; 1; 330
603; 596; 2; 1; 331
381; 483; 1; 2; 335
560; 616; 2; 1; 351
510; 535; 1; 2; 364
388; 574; 2; 1; 364
518; 358; 1; 2; 365
511; 535; 1; 2; 376
484; 594; 1; 2; 382
551; 522; 1; 2; 391
363; 441; 2; 1; 393
415; 536; 2; 1; 394
577; 450; 1; 2; 395
484; 588; 1; 2; 400
401; 468; 1; 2; 413
381; 528; 1; 2; 413
380; 401; 1; 2; 414
370; 509; 1; 2; 422
560; 598; 1; 2; 427
563; 592; 1; 2; 429
460; 392; 2; 1; 432
529; 398; 2; 1; 436
451; 434; 2; 1; 449
512; 390; 2; 1; 465
432; 508; 1; 2; 465
597; 587; 1; 2; 470
440; 373; 2; 1; 472
549; 499; 1; 2; 473
416; 391; 2; 1; 481
428; 592; 1; 2; 482
516; 497; 1; 2; 488
549; 547; 2; 1; 500
403; 465; 1; 2; 507
545; 435; 2; 1; 512
538; 543; 1; 2; 528
513; 595; 1; 2; 530
577; 419; 1; 2; 561
477; 610; 2; 1; 573
362; 425; 2; 1; 580
370; 429; 1; 2; 583
383; 377; 2; 1; 589
397; 396; 1; 2; 593
492; 430; 1; 2; 594
394; 602; 1; 2; 605
601; 407; 1; 2; 617
399; 559; 2; 1; 624
517; 589; 1; 2; 625
480; 519; 2; 1; 626
450; 572; 1; 2; 631
375; 562; 2; 1; 635
481; 527; 1; 2; 637
370; 476; 1; 2; 672
450; 391; 1; 2; 679
476; 418; 2; 1; 681
358; 606; 1; 2; 695
579; 443; 1; 2; 706
472; 518; 1; 2; 714
597; 446; 2; 1; 715
530; 552; 1; 2; 716
489; 616; 2; 1; 720
491; 573; 2; 1; 725
439; 563; 2; 1; 735
544; 573; 2; 1; 739
517; 383; 1; 2; 742
371; 617; 1; 2; 755
511; 411; 2; 1; 761
419; 512; 1; 2; 782
383; 379; 2; 1; 790
611; 507; 1; 2; 795
415; 527; 2; 1; 800
588; 424; 1; 2; 802
445; 506; 1; 2; 805
373; 534; 1; 2; 809
396; 560; 1; 2; 810
617; 616; 1; 2; 819
490; 432; 1; 2; 830
535; 514; 2; 1; 838
526; 458; 1; 2; 838
405; 583; 1; 2; 840
484; 563; 2; 1; 840
388; 554; 2; 1; 851
613; 543; 1; 2; 858
422; 532; 2; 1; 862
528; 395; 1; 2; 873
615; 372; 1; 2; 884
522; 499; 2; 1; 885
27
26; 1; 16; 4642
0; 1; 17; 4779
12; 1; 38; 7351
15; 1; 11; 9469
18; 1; 21; 9568
20; 1; 37; 10938
17; 1; 8; 16392
13; 1; 4; 16486
22; 1; 9; 16500
11; 1; 38; 22899
2; 1; 41; 23046
25; 1; 14; 27571
10; 1; 35; 28075
7; 1; 49; 30898
21; 1; 49; 31312
1; 1; 17; 32673
9; 1; 28; 37987
24; 1; 2; 38888
14; 1; 44; 41127
3; 1; 39; 43404
6; 1; 26; 43892
4; 1; 43; 44485
19; 1; 28; 45529
8; 1; 25; 46930
5; 1; 23; 48456
16; 1; 29; 49461
23; 1; 29; 53108
