**** 791 ****
121
477; 394; 2; 1; 0
439; 356; 1; 2; 17
486; 556; 2; 1; 24
462; 518; 1; 2; 29
594; 578; 2; 1; 31
605; 502; 1; 2; 39
358; 610; 1; 2; 47
494; 549; 1; 2; 47
483; 549; 2; 1; 48
448; 375; 1; 2; 50
476; 561; 1; 2; 64
513; 469; 2; 1; 70
515; 511; 2; 1; 78
546; 549; 2; 1; 82
534; 534; 1; 2; 83
601; 606; 1; 2; 84
378; 434; 1; 2; 98
373; 484; 2; 1; 100
362; 527; 2; 1; 105
359; 561; 2; 1; 110
468; 441; 2; 1; 112
400; 401; 1; 2; 115
477; 458; 1; 2; 136
408; 494; 1; 2; 139
478; 388; 2; 1; 149
384; 401; 1; 2; 158
418; 481; 1; 2; 161
367; 428; 1; 2; 163
530; 532; 2; 1; 167
587; 575; 1; 2; 168
443; 362; 1; 2; 170
507; 594; 2; 1; 185
498; 518; 2; 1; 191
526; 452; 1; 2; 194
364; 425; 1; 2; 194
417; 601; 1; 2; 208
548; 613; 2; 1; 212
468; 462; 2; 1; 222
471; 356; 1; 2; 227
457; 450; 2; 1; 234
494; 452; 2; 1; 237
569; 368; 2; 1; 242
615; 561; 1; 2; 251
475; 480; 2; 1; 269
537; 408; 2; 1; 270
483; 472; 1; 2; 271
439; 512; 2; 1; 287
379; 393; 2; 1; 308
398; 452; 2; 1; 318
552; 565; 2; 1; 321
534; 482; 2; 1; 333
393; 519; 2; 1; 337
465; 511; 2; 1; 338
598; 442; 2; 1; 348
610; 387; 2; 1; 371
380; 508; 1; 2; 383
522; 542; 2; 1; 386
535; 559; 2; 1; 387
616; 489; 2; 1; 403
581; 496; 2; 1; 406
515; 598; 2; 1; 429
423; 617; 2; 1; 446
381; 467; 1; 2; 455
567; 365; 1; 2; 458
592; 477; 2; 1; 475
371; 380; 1; 2; 477
381; 501; 1; 2; 478
567; 358; 1; 2; 479
523; 360; 1; 2; 487
551; 570; 2; 1; 489
609; 515; 2; 1; 496
444; 536; 2; 1; 505
558; 472; 1; 2; 508
371; 582; 2; 1; 515
399; 406; 1; 2; 521
501; 523; 2; 1; 535
545; 542; 2; 1; 536
422; 439; 2; 1; 539
547; 470; 2; 1; 551
467; 358; 1; 2; 552
553; 502; 2; 1; 565
582; 371; 2; 1; 566
446; 612; 2; 1; 570
399; 589; 2; 1; 577
385; 474; 1; 2; 580
446; 433; 2; 1; 605
379; 480; 1; 2; 624
587; 396; 1; 2; 636
432; 582; 1; 2; 671
560; 445; 2; 1; 680
495; 525; 1; 2; 686
362; 367; 2; 1; 706
570; 362; 2; 1; 709
432; 425; 2; 1; 715
511; 430; 2; 1; 718
421; 416; 2; 1; 726
572; 485; 1; 2; 728
608; 589; 2; 1; 729
382; 442; 1; 2; 746
600; 601; 1; 2; 751
547; 608; 1; 2; 769
533; 437; 1; 2; 771
357; 382; 2; 1; 773
391; 400; 1; 2; 777
567; 544; 2; 1; 780
490; 540; 2; 1; 782
461; 468; 2; 1; 785
404; 561; 2; 1; 789
506; 473; 2; 1; 822
385; 356; 1; 2; 826
617; 479; 1; 2; 829
548; 461; 1; 2; 844
593; 488; 1; 2; 848
410; 532; 2; 1; 854
518; 391; 2; 1; 856
557; 505; 1; 2; 856
437; 421; 1; 2; 858
491; 564; 2; 1; 860
425; 583; 2; 1; 863
444; 470; 2; 1; 873
521; 616; 1; 2; 882
27
24; 1; 17; 1054
15; 1; 48; 2081
23; 1; 2; 3084
8; 1; 27; 3352
3; 1; 32; 3591
10; 1; 30; 17233
19; 1; 4; 17496
22; 1; 22; 18299
25; 1; 6; 19264
12; 1; 27; 22699
9; 1; 40; 22770
4; 1; 11; 23169
6; 1; 28; 23295
18; 1; 45; 23880
0; 1; 27; 30101
13; 1; 27; 31445
14; 1; 49; 34104
7; 1; 29; 36572
20; 1; 36; 40184
16; 1; 21; 42484
17; 1; 37; 46362
1; 1; 20; 46925
5; 1; 4; 50071
11; 1; 5; 52341
21; 1; 34; 52494
2; 1; 21; 53218
26; 1; 12; 57737
