**** 792 ****
122
478; 411; 1; 2; 5
489; 398; 2; 1; 7
540; 502; 1; 2; 7
583; 436; 2; 1; 10
434; 541; 1; 2; 15
431; 500; 2; 1; 20
528; 413; 2; 1; 31
447; 562; 2; 1; 33
559; 521; 1; 2; 34
372; 622; 2; 1; 41
448; 584; 1; 2; 59
505; 414; 2; 1; 64
411; 581; 2; 1; 97
368; 495; 1; 2; 101
419; 479; 2; 1; 120
551; 536; 2; 1; 139
564; 521; 1; 2; 144
425; 450; 2; 1; 162
555; 435; 2; 1; 175
513; 512; 2; 1; 178
440; 530; 1; 2; 184
615; 436; 1; 2; 191
559; 586; 2; 1; 203
491; 460; 2; 1; 230
428; 396; 1; 2; 238
479; 519; 1; 2; 252
537; 512; 1; 2; 259
400; 482; 2; 1; 262
566; 475; 2; 1; 267
555; 406; 2; 1; 278
568; 557; 2; 1; 285
566; 501; 2; 1; 290
381; 365; 1; 2; 297
624; 431; 2; 1; 302
381; 544; 2; 1; 306
595; 366; 2; 1; 307
623; 453; 1; 2; 307
419; 437; 1; 2; 315
385; 417; 1; 2; 316
541; 421; 2; 1; 320
503; 411; 2; 1; 322
621; 412; 2; 1; 373
418; 459; 1; 2; 373
409; 623; 1; 2; 373
425; 489; 1; 2; 384
623; 533; 2; 1; 386
397; 589; 1; 2; 391
499; 488; 1; 2; 394
538; 558; 1; 2; 394
530; 504; 2; 1; 396
531; 489; 2; 1; 407
531; 575; 2; 1; 409
415; 474; 2; 1; 412
597; 414; 1; 2; 421
607; 607; 2; 1; 430
363; 412; 1; 2; 446
468; 371; 1; 2; 451
378; 494; 1; 2; 456
431; 616; 2; 1; 462
370; 380; 1; 2; 478
602; 509; 2; 1; 479
543; 550; 1; 2; 487
445; 452; 1; 2; 497
413; 488; 2; 1; 501
530; 514; 2; 1; 511
510; 420; 1; 2; 528
553; 565; 2; 1; 532
431; 365; 1; 2; 532
486; 550; 1; 2; 539
559; 586; 2; 1; 542
442; 560; 1; 2; 547
451; 428; 2; 1; 589
542; 531; 1; 2; 593
621; 471; 1; 2; 599
577; 465; 2; 1; 602
524; 364; 2; 1; 603
366; 524; 1; 2; 619
394; 604; 2; 1; 623
606; 517; 1; 2; 624
556; 579; 1; 2; 630
455; 367; 1; 2; 638
508; 513; 2; 1; 638
547; 497; 2; 1; 648
623; 398; 2; 1; 652
453; 539; 1; 2; 653
408; 406; 1; 2; 661
615; 570; 2; 1; 664
362; 426; 2; 1; 667
479; 431; 2; 1; 673
412; 621; 2; 1; 692
597; 417; 2; 1; 700
547; 538; 2; 1; 705
591; 480; 1; 2; 711
469; 450; 2; 1; 714
385; 568; 2; 1; 714
564; 588; 2; 1; 722
445; 435; 2; 1; 726
406; 555; 1; 2; 732
509; 601; 2; 1; 737
408; 416; 2; 1; 738
395; 601; 1; 2; 742
573; 486; 1; 2; 751
614; 506; 1; 2; 757
553; 589; 1; 2; 764
443; 548; 1; 2; 764
473; 557; 2; 1; 780
577; 563; 1; 2; 785
547; 608; 1; 2; 793
504; 390; 1; 2; 802
562; 493; 1; 2; 805
413; 545; 2; 1; 816
533; 491; 2; 1; 824
511; 379; 2; 1; 825
476; 615; 1; 2; 828
492; 440; 1; 2; 838
492; 577; 1; 2; 842
622; 490; 2; 1; 848
402; 488; 2; 1; 856
475; 386; 2; 1; 862
437; 474; 1; 2; 866
610; 578; 2; 1; 867
591; 502; 1; 2; 874
27
3; 1; 39; 2611
1; 1; 20; 5802
20; 1; 18; 7098
12; 1; 33; 14846
24; 1; 4; 25295
2; 1; 1; 27275
22; 1; 41; 28013
21; 1; 24; 30395
17; 1; 31; 32189
19; 1; 3; 32826
23; 1; 5; 33082
4; 1; 16; 33184
5; 1; 2; 34173
16; 1; 13; 35752
18; 1; 48; 35816
8; 1; 32; 39300
11; 1; 26; 43726
9; 1; 13; 44513
6; 1; 7; 45589
10; 1; 25; 46540
26; 1; 31; 50004
25; 1; 6; 54859
7; 1; 28; 55028
0; 1; 4; 55499
14; 1; 32; 56426
13; 1; 2; 58371
15; 1; 22; 60467
