**** 793 ****
122
404; 588; 2; 1; 0
517; 618; 2; 1; 1
584; 565; 1; 2; 5
616; 528; 2; 1; 6
525; 474; 1; 2; 8
381; 464; 1; 2; 13
566; 578; 2; 1; 21
482; 614; 2; 1; 26
590; 582; 1; 2; 29
562; 557; 1; 2; 29
503; 406; 1; 2; 43
409; 363; 2; 1; 44
526; 497; 2; 1; 54
397; 598; 2; 1; 60
382; 566; 1; 2; 62
388; 486; 1; 2; 78
376; 455; 2; 1; 86
617; 562; 2; 1; 86
570; 372; 2; 1; 97
556; 442; 1; 2; 97
415; 501; 1; 2; 98
432; 383; 1; 2; 98
442; 568; 2; 1; 106
605; 434; 2; 1; 138
450; 616; 2; 1; 148
546; 522; 2; 1; 149
554; 585; 1; 2; 154
393; 472; 2; 1; 163
441; 603; 2; 1; 164
585; 577; 1; 2; 165
495; 587; 2; 1; 170
562; 435; 1; 2; 170
515; 522; 2; 1; 171
527; 557; 2; 1; 171
544; 445; 2; 1; 171
369; 530; 2; 1; 173
511; 438; 1; 2; 181
591; 531; 1; 2; 182
388; 484; 1; 2; 182
439; 531; 1; 2; 187
464; 557; 1; 2; 207
570; 440; 1; 2; 213
491; 446; 2; 1; 215
532; 369; 2; 1; 215
541; 558; 2; 1; 217
534; 544; 2; 1; 223
380; 388; 1; 2; 225
418; 395; 1; 2; 233
616; 603; 2; 1; 248
483; 450; 1; 2; 272
453; 598; 1; 2; 298
482; 367; 2; 1; 302
475; 482; 2; 1; 318
440; 495; 1; 2; 336
493; 554; 2; 1; 360
417; 477; 2; 1; 363
485; 497; 1; 2; 372
618; 520; 2; 1; 374
499; 403; 1; 2; 401
542; 541; 1; 2; 401
527; 621; 2; 1; 408
543; 525; 2; 1; 433
534; 492; 1; 2; 436
489; 417; 1; 2; 439
424; 530; 1; 2; 439
601; 411; 2; 1; 442
437; 508; 1; 2; 463
390; 481; 1; 2; 463
364; 500; 2; 1; 464
400; 620; 2; 1; 464
500; 378; 2; 1; 470
378; 538; 2; 1; 470
401; 488; 2; 1; 473
602; 590; 2; 1; 475
428; 405; 1; 2; 485
532; 406; 2; 1; 503
558; 461; 2; 1; 524
432; 483; 2; 1; 529
515; 398; 2; 1; 536
510; 373; 1; 2; 539
407; 573; 1; 2; 539
413; 601; 2; 1; 564
434; 617; 1; 2; 571
507; 588; 2; 1; 585
492; 501; 2; 1; 595
472; 379; 2; 1; 599
532; 471; 1; 2; 602
619; 454; 1; 2; 603
577; 513; 2; 1; 604
574; 362; 1; 2; 610
542; 447; 2; 1; 633
472; 388; 1; 2; 638
493; 456; 1; 2; 660
436; 374; 2; 1; 663
439; 382; 2; 1; 665
406; 503; 2; 1; 667
577; 362; 2; 1; 671
512; 433; 1; 2; 681
618; 431; 2; 1; 695
451; 505; 2; 1; 717
419; 414; 2; 1; 719
554; 593; 2; 1; 722
502; 566; 1; 2; 733
608; 482; 1; 2; 733
537; 383; 1; 2; 750
400; 496; 1; 2; 751
371; 536; 1; 2; 772
433; 417; 2; 1; 774
618; 539; 2; 1; 782
502; 612; 2; 1; 796
507; 616; 2; 1; 804
518; 556; 2; 1; 809
373; 558; 2; 1; 810
566; 501; 1; 2; 817
541; 434; 1; 2; 829
384; 384; 1; 2; 831
403; 621; 1; 2; 831
583; 404; 2; 1; 849
569; 441; 1; 2; 857
443; 371; 1; 2; 858
553; 451; 2; 1; 877
403; 361; 1; 2; 888
27
24; 1; 16; 866
8; 1; 24; 4624
22; 1; 13; 8308
17; 1; 37; 10160
10; 1; 38; 16973
1; 1; 4; 21064
16; 1; 32; 24048
0; 1; 37; 26533
13; 1; 16; 27741
2; 1; 27; 28170
5; 1; 35; 28649
21; 1; 38; 31098
14; 1; 14; 32569
18; 1; 16; 33680
20; 1; 21; 34882
23; 1; 24; 34927
6; 1; 46; 36434
3; 1; 26; 39271
4; 1; 48; 41070
19; 1; 45; 42395
12; 1; 9; 43185
25; 1; 28; 44303
7; 1; 14; 46317
11; 1; 32; 53385
15; 1; 16; 55752
26; 1; 29; 55845
9; 1; 18; 59307
