**** 794 ****
122
395; 400; 1; 2; 3
459; 544; 1; 2; 8
580; 400; 1; 2; 22
600; 605; 2; 1; 22
468; 461; 2; 1; 25
560; 464; 2; 1; 25
426; 494; 2; 1; 35
390; 533; 2; 1; 36
488; 425; 1; 2; 36
548; 413; 2; 1; 49
466; 529; 2; 1; 53
414; 482; 1; 2; 53
367; 601; 1; 2; 70
421; 555; 1; 2; 71
430; 560; 1; 2; 81
385; 379; 1; 2; 87
476; 609; 2; 1; 87
624; 445; 2; 1; 95
504; 524; 2; 1; 117
543; 387; 1; 2; 125
429; 585; 2; 1; 131
416; 470; 1; 2; 133
610; 621; 1; 2; 148
476; 533; 2; 1; 163
579; 513; 2; 1; 163
588; 581; 2; 1; 164
531; 482; 2; 1; 165
369; 516; 2; 1; 167
574; 514; 1; 2; 168
433; 489; 1; 2; 179
615; 445; 2; 1; 180
467; 613; 2; 1; 183
379; 432; 2; 1; 183
553; 480; 1; 2; 192
452; 515; 2; 1; 193
533; 562; 2; 1; 194
386; 566; 2; 1; 201
403; 544; 1; 2; 201
530; 362; 2; 1; 207
497; 603; 2; 1; 211
585; 518; 1; 2; 215
510; 549; 1; 2; 221
502; 438; 1; 2; 245
412; 569; 1; 2; 256
404; 423; 1; 2; 264
566; 495; 1; 2; 291
543; 430; 1; 2; 310
375; 366; 2; 1; 314
581; 480; 1; 2; 316
424; 540; 1; 2; 317
383; 610; 2; 1; 319
430; 548; 1; 2; 329
483; 592; 1; 2; 333
414; 598; 1; 2; 336
408; 519; 1; 2; 337
418; 599; 2; 1; 339
404; 598; 2; 1; 347
599; 532; 2; 1; 353
486; 531; 1; 2; 360
581; 390; 2; 1; 372
564; 609; 2; 1; 377
544; 461; 2; 1; 381
583; 622; 1; 2; 402
384; 366; 1; 2; 410
607; 424; 1; 2; 437
408; 431; 1; 2; 441
578; 590; 1; 2; 441
365; 368; 1; 2; 452
521; 523; 1; 2; 453
588; 447; 1; 2; 467
509; 600; 2; 1; 480
422; 534; 1; 2; 484
543; 509; 2; 1; 490
472; 528; 2; 1; 502
451; 409; 2; 1; 502
414; 413; 1; 2; 519
403; 523; 2; 1; 539
526; 530; 1; 2; 541
554; 479; 2; 1; 542
532; 611; 2; 1; 547
525; 601; 2; 1; 549
498; 615; 2; 1; 572
505; 622; 1; 2; 577
419; 399; 2; 1; 578
437; 440; 1; 2; 581
560; 459; 1; 2; 586
567; 419; 2; 1; 603
462; 445; 2; 1; 604
503; 399; 1; 2; 611
493; 575; 1; 2; 624
489; 537; 2; 1; 629
410; 598; 1; 2; 634
434; 429; 1; 2; 636
549; 521; 2; 1; 641
364; 362; 1; 2; 641
557; 390; 2; 1; 642
479; 510; 1; 2; 652
516; 449; 2; 1; 659
443; 363; 1; 2; 664
393; 502; 1; 2; 665
431; 553; 2; 1; 674
491; 375; 1; 2; 694
367; 600; 2; 1; 714
610; 395; 1; 2; 717
502; 596; 1; 2; 721
527; 480; 2; 1; 740
458; 544; 2; 1; 742
555; 391; 1; 2; 757
551; 503; 2; 1; 783
469; 561; 2; 1; 787
385; 519; 1; 2; 798
394; 564; 2; 1; 799
567; 616; 2; 1; 810
418; 376; 2; 1; 836
406; 417; 2; 1; 837
396; 610; 2; 1; 851
578; 408; 2; 1; 859
521; 592; 1; 2; 864
471; 574; 1; 2; 865
601; 463; 1; 2; 869
441; 454; 2; 1; 872
511; 533; 2; 1; 892
27
25; 1; 20; 147
24; 1; 45; 5342
18; 1; 6; 5823
6; 1; 16; 6330
17; 1; 19; 8023
0; 1; 7; 9250
4; 1; 22; 10117
23; 1; 24; 11641
5; 1; 37; 14552
1; 1; 30; 15689
7; 1; 45; 18232
11; 1; 30; 19394
19; 1; 26; 19553
22; 1; 16; 19594
13; 1; 19; 20242
9; 1; 9; 23247
15; 1; 21; 27237
26; 1; 11; 27544
20; 1; 44; 29211
14; 1; 40; 35327
12; 1; 31; 37701
3; 1; 10; 39532
16; 1; 18; 41357
21; 1; 18; 41989
2; 1; 27; 44006
8; 1; 42; 49355
10; 1; 21; 55168
