**** 795 ****
122
394; 553; 2; 1; 5
407; 457; 1; 2; 20
382; 556; 1; 2; 32
606; 381; 2; 1; 36
512; 581; 1; 2; 81
463; 509; 2; 1; 89
422; 544; 1; 2; 96
455; 475; 2; 1; 111
552; 405; 2; 1; 116
605; 514; 1; 2; 117
566; 546; 1; 2; 120
583; 597; 2; 1; 124
510; 548; 1; 2; 128
426; 399; 2; 1; 149
597; 554; 1; 2; 152
523; 605; 1; 2; 163
516; 565; 1; 2; 171
564; 425; 2; 1; 177
368; 543; 1; 2; 178
453; 381; 2; 1; 180
518; 462; 2; 1; 180
502; 363; 2; 1; 183
567; 485; 2; 1; 187
437; 481; 2; 1; 194
602; 464; 2; 1; 208
370; 363; 1; 2; 209
466; 575; 2; 1; 217
530; 419; 2; 1; 234
558; 393; 1; 2; 236
404; 540; 2; 1; 237
589; 437; 2; 1; 243
593; 504; 2; 1; 246
530; 397; 2; 1; 247
386; 624; 1; 2; 247
446; 386; 2; 1; 261
557; 405; 1; 2; 266
408; 442; 1; 2; 273
543; 422; 2; 1; 277
472; 361; 1; 2; 277
538; 500; 2; 1; 280
386; 448; 1; 2; 281
625; 424; 1; 2; 292
595; 442; 2; 1; 302
621; 477; 1; 2; 310
460; 585; 2; 1; 320
530; 382; 2; 1; 325
444; 598; 1; 2; 326
429; 611; 2; 1; 329
456; 480; 1; 2; 335
393; 523; 1; 2; 339
445; 561; 1; 2; 345
553; 388; 1; 2; 350
476; 617; 2; 1; 351
467; 481; 1; 2; 352
606; 404; 1; 2; 363
372; 488; 2; 1; 381
587; 497; 1; 2; 381
487; 420; 2; 1; 401
535; 385; 1; 2; 418
489; 588; 1; 2; 443
597; 580; 1; 2; 447
526; 379; 1; 2; 472
521; 515; 2; 1; 474
507; 520; 1; 2; 480
452; 475; 1; 2; 483
485; 500; 1; 2; 499
615; 478; 2; 1; 499
376; 478; 2; 1; 500
407; 524; 2; 1; 501
447; 411; 2; 1; 505
587; 419; 1; 2; 520
530; 368; 2; 1; 528
393; 386; 1; 2; 531
368; 411; 1; 2; 531
509; 537; 1; 2; 531
474; 461; 1; 2; 548
532; 396; 2; 1; 552
417; 574; 1; 2; 562
550; 536; 1; 2; 585
431; 536; 1; 2; 588
531; 389; 1; 2; 590
470; 367; 2; 1; 594
511; 375; 2; 1; 595
468; 619; 2; 1; 608
553; 466; 1; 2; 613
595; 440; 2; 1; 621
584; 495; 1; 2; 627
445; 465; 2; 1; 630
446; 388; 2; 1; 632
494; 530; 1; 2; 634
533; 531; 2; 1; 634
533; 548; 1; 2; 646
596; 579; 1; 2; 652
455; 595; 1; 2; 663
558; 538; 2; 1; 668
373; 523; 1; 2; 669
374; 501; 2; 1; 677
411; 600; 2; 1; 693
374; 585; 1; 2; 695
580; 456; 1; 2; 725
459; 553; 2; 1; 734
380; 621; 2; 1; 739
558; 452; 2; 1; 748
439; 521; 1; 2; 751
570; 522; 1; 2; 757
551; 418; 2; 1; 775
621; 418; 1; 2; 779
448; 612; 2; 1; 787
399; 377; 1; 2; 790
472; 624; 1; 2; 790
458; 600; 1; 2; 798
592; 544; 2; 1; 798
527; 600; 2; 1; 808
411; 468; 2; 1; 833
415; 567; 1; 2; 838
450; 576; 2; 1; 839
621; 388; 1; 2; 849
491; 575; 2; 1; 849
489; 432; 2; 1; 853
426; 573; 2; 1; 857
616; 454; 1; 2; 867
378; 454; 1; 2; 886
27
26; 1; 26; 319
15; 1; 22; 3270
14; 1; 32; 3952
0; 1; 31; 4373
10; 1; 18; 9750
21; 1; 12; 11521
6; 1; 42; 12541
18; 1; 49; 14862
13; 1; 40; 15394
25; 1; 47; 17680
7; 1; 6; 19055
2; 1; 48; 24738
3; 1; 39; 27189
19; 1; 26; 27344
11; 1; 4; 28010
22; 1; 47; 30655
16; 1; 19; 38680
1; 1; 4; 41159
23; 1; 47; 43487
20; 1; 31; 44096
8; 1; 31; 44218
17; 1; 11; 45742
9; 1; 10; 54561
24; 1; 45; 54793
4; 1; 13; 59239
12; 1; 20; 59317
5; 1; 35; 59706
