**** 796 ****
122
546; 507; 1; 2; 34
555; 623; 1; 2; 35
459; 466; 1; 2; 36
419; 563; 1; 2; 37
376; 383; 1; 2; 47
446; 576; 2; 1; 51
426; 540; 1; 2; 52
414; 365; 1; 2; 64
550; 482; 1; 2; 65
510; 361; 2; 1; 68
404; 369; 2; 1; 72
483; 379; 2; 1; 84
541; 379; 2; 1; 85
408; 525; 2; 1; 92
427; 521; 2; 1; 94
525; 478; 2; 1; 102
395; 390; 1; 2; 130
565; 431; 2; 1; 133
505; 484; 2; 1; 137
416; 393; 2; 1; 140
390; 521; 1; 2; 151
498; 453; 1; 2; 154
445; 497; 2; 1; 184
503; 414; 1; 2; 187
405; 561; 2; 1; 191
561; 569; 2; 1; 197
411; 625; 1; 2; 201
483; 619; 1; 2; 202
583; 374; 1; 2; 206
378; 562; 1; 2; 207
479; 550; 1; 2; 209
566; 497; 1; 2; 241
450; 460; 2; 1; 246
429; 496; 1; 2; 258
544; 451; 1; 2; 266
521; 521; 2; 1; 266
425; 606; 2; 1; 269
618; 413; 1; 2; 277
557; 609; 2; 1; 277
475; 417; 2; 1; 285
485; 421; 1; 2; 299
542; 591; 2; 1; 304
394; 602; 2; 1; 307
553; 472; 2; 1; 309
477; 451; 1; 2; 329
536; 488; 1; 2; 333
484; 526; 1; 2; 334
525; 601; 1; 2; 341
530; 532; 2; 1; 341
417; 372; 1; 2; 344
522; 445; 1; 2; 347
585; 546; 2; 1; 358
595; 440; 2; 1; 393
542; 529; 2; 1; 394
367; 517; 1; 2; 407
581; 474; 2; 1; 418
430; 472; 1; 2; 426
512; 500; 1; 2; 435
379; 361; 1; 2; 446
425; 500; 2; 1; 461
606; 533; 1; 2; 464
451; 368; 1; 2; 477
471; 563; 2; 1; 481
540; 586; 1; 2; 488
546; 581; 1; 2; 489
434; 488; 2; 1; 499
519; 545; 2; 1; 507
398; 515; 1; 2; 524
503; 586; 2; 1; 528
472; 457; 2; 1; 530
373; 530; 1; 2; 541
391; 387; 2; 1; 543
547; 583; 1; 2; 544
479; 391; 1; 2; 548
600; 374; 2; 1; 557
522; 490; 1; 2; 565
549; 379; 1; 2; 578
493; 616; 1; 2; 580
538; 488; 1; 2; 584
495; 586; 1; 2; 595
576; 368; 1; 2; 597
503; 443; 2; 1; 600
565; 406; 2; 1; 610
380; 503; 1; 2; 616
613; 481; 2; 1; 618
484; 474; 2; 1; 628
449; 521; 1; 2; 630
609; 516; 1; 2; 637
555; 436; 2; 1; 650
458; 555; 1; 2; 659
606; 586; 1; 2; 669
562; 625; 2; 1; 674
531; 470; 1; 2; 682
434; 442; 1; 2; 689
595; 622; 2; 1; 714
535; 429; 2; 1; 722
488; 506; 1; 2; 730
476; 382; 1; 2; 735
586; 444; 1; 2; 736
495; 529; 1; 2; 740
601; 433; 2; 1; 741
534; 548; 2; 1; 744
378; 623; 2; 1; 746
547; 514; 1; 2; 750
451; 462; 2; 1; 756
370; 537; 2; 1; 777
585; 428; 2; 1; 777
448; 479; 2; 1; 781
549; 379; 1; 2; 788
539; 624; 2; 1; 792
527; 541; 2; 1; 812
510; 621; 1; 2; 813
449; 470; 1; 2; 816
535; 394; 2; 1; 822
418; 575; 2; 1; 832
573; 428; 1; 2; 844
389; 412; 1; 2; 845
521; 521; 1; 2; 850
418; 372; 2; 1; 852
523; 572; 1; 2; 875
452; 598; 1; 2; 886
510; 574; 1; 2; 889
27
19; 1; 26; 10344
26; 1; 22; 10639
4; 1; 45; 14867
21; 1; 13; 16610
17; 1; 23; 17513
22; 1; 29; 20072
16; 1; 27; 20508
8; 1; 33; 24062
1; 1; 21; 28561
6; 1; 34; 29013
0; 1; 33; 30139
12; 1; 28; 30528
14; 1; 19; 32799
3; 1; 11; 38196
18; 1; 23; 41602
20; 1; 42; 41943
24; 1; 16; 43619
7; 1; 43; 44423
9; 1; 8; 45394
15; 1; 44; 45505
5; 1; 41; 46156
25; 1; 17; 47431
2; 1; 30; 48804
10; 1; 14; 49614
23; 1; 37; 49739
11; 1; 37; 55236
13; 1; 32; 60625
