**** 797 ****
122
421; 372; 2; 1; 2
609; 429; 1; 2; 4
615; 500; 1; 2; 6
461; 586; 2; 1; 15
517; 407; 1; 2; 26
409; 496; 2; 1; 32
563; 485; 1; 2; 55
472; 455; 1; 2; 55
451; 462; 2; 1; 60
559; 411; 1; 2; 60
433; 585; 1; 2; 72
455; 467; 1; 2; 74
530; 511; 2; 1; 80
374; 499; 2; 1; 92
391; 485; 1; 2; 100
555; 429; 2; 1; 103
625; 393; 1; 2; 110
576; 568; 1; 2; 122
393; 498; 2; 1; 122
597; 523; 2; 1; 144
384; 381; 1; 2; 145
439; 458; 2; 1; 146
501; 435; 1; 2; 149
371; 613; 1; 2; 167
484; 555; 1; 2; 184
602; 407; 2; 1; 191
534; 604; 2; 1; 194
486; 454; 1; 2; 197
541; 411; 2; 1; 211
576; 389; 1; 2; 212
529; 477; 2; 1; 222
576; 372; 1; 2; 226
459; 583; 2; 1; 232
517; 464; 1; 2; 244
503; 483; 1; 2; 247
436; 403; 1; 2; 261
394; 446; 2; 1; 271
457; 601; 1; 2; 275
364; 617; 2; 1; 285
525; 583; 2; 1; 300
401; 505; 2; 1; 300
570; 501; 2; 1; 326
432; 396; 1; 2; 339
469; 618; 2; 1; 344
567; 411; 1; 2; 347
543; 381; 1; 2; 351
425; 573; 2; 1; 367
484; 509; 1; 2; 370
509; 538; 2; 1; 374
578; 392; 1; 2; 378
605; 476; 2; 1; 386
416; 470; 2; 1; 389
417; 367; 2; 1; 403
466; 363; 1; 2; 405
577; 452; 1; 2; 431
602; 524; 1; 2; 432
613; 523; 1; 2; 438
605; 471; 1; 2; 440
432; 534; 2; 1; 447
444; 550; 1; 2; 465
364; 424; 1; 2; 466
477; 430; 1; 2; 471
514; 479; 2; 1; 474
384; 569; 2; 1; 478
549; 451; 2; 1; 479
581; 528; 2; 1; 484
565; 554; 2; 1; 490
474; 597; 2; 1; 503
367; 550; 1; 2; 512
404; 450; 2; 1; 542
394; 525; 1; 2; 549
526; 466; 2; 1; 559
500; 545; 1; 2; 567
492; 466; 2; 1; 574
589; 528; 2; 1; 584
428; 363; 1; 2; 585
425; 437; 1; 2; 627
452; 437; 1; 2; 627
438; 527; 1; 2; 641
562; 370; 2; 1; 660
537; 402; 2; 1; 660
485; 485; 2; 1; 661
408; 608; 2; 1; 663
364; 621; 2; 1; 668
459; 604; 1; 2; 684
548; 538; 2; 1; 685
361; 465; 1; 2; 698
449; 468; 1; 2; 702
384; 422; 1; 2; 705
529; 430; 1; 2; 708
533; 552; 1; 2; 713
562; 370; 1; 2; 714
386; 454; 1; 2; 724
618; 436; 2; 1; 732
498; 380; 2; 1; 734
497; 566; 2; 1; 735
443; 487; 2; 1; 739
570; 420; 2; 1; 739
425; 428; 2; 1; 751
566; 520; 1; 2; 754
530; 587; 1; 2; 755
615; 464; 1; 2; 763
425; 441; 2; 1; 774
438; 516; 1; 2; 775
554; 474; 2; 1; 795
608; 548; 1; 2; 798
575; 476; 2; 1; 803
571; 406; 1; 2; 807
576; 473; 2; 1; 820
520; 607; 2; 1; 841
522; 521; 1; 2; 847
514; 378; 1; 2; 850
579; 397; 1; 2; 851
447; 460; 1; 2; 853
540; 601; 1; 2; 872
569; 434; 1; 2; 876
367; 563; 1; 2; 877
552; 461; 2; 1; 881
532; 537; 2; 1; 884
500; 508; 2; 1; 885
623; 566; 2; 1; 888
442; 408; 2; 1; 890
27
5; 1; 15; 3629
11; 1; 43; 4788
3; 1; 3; 8173
4; 1; 13; 16564
15; 1; 6; 20231
0; 1; 24; 20521
14; 1; 40; 20616
22; 1; 31; 23681
10; 1; 24; 33783
2; 1; 1; 33812
21; 1; 39; 38830
24; 1; 41; 39173
20; 1; 7; 39510
13; 1; 15; 43118
25; 1; 49; 44215
7; 1; 49; 46154
12; 1; 4; 46999
17; 1; 5; 47961
6; 1; 18; 48970
1; 1; 10; 49736
8; 1; 43; 51539
16; 1; 39; 52966
9; 1; 41; 55229
26; 1; 30; 56675
19; 1; 6; 56977
23; 1; 45; 59061
18; 1; 26; 59665
