**** 798 ****
122
532; 406; 1; 2; 4
599; 461; 2; 1; 4
483; 617; 1; 2; 6
469; 487; 2; 1; 15
366; 442; 2; 1; 24
383; 559; 1; 2; 40
625; 374; 2; 1; 46
620; 599; 2; 1; 66
437; 616; 1; 2; 73
550; 362; 2; 1; 75
560; 381; 2; 1; 81
597; 519; 1; 2; 86
389; 437; 2; 1; 87
616; 504; 1; 2; 96
599; 562; 2; 1; 120
561; 596; 1; 2; 130
544; 515; 1; 2; 131
485; 396; 2; 1; 145
510; 393; 2; 1; 152
375; 524; 1; 2; 158
604; 584; 2; 1; 169
472; 402; 1; 2; 173
535; 408; 2; 1; 179
559; 533; 1; 2; 186
502; 465; 1; 2; 186
601; 483; 1; 2; 187
547; 615; 2; 1; 189
610; 569; 1; 2; 209
602; 509; 2; 1; 218
429; 602; 2; 1; 221
619; 489; 1; 2; 224
410; 503; 1; 2; 245
398; 491; 2; 1; 251
582; 523; 1; 2; 253
624; 565; 1; 2; 253
625; 458; 2; 1; 254
602; 468; 1; 2; 255
584; 453; 2; 1; 262
446; 533; 2; 1; 275
542; 458; 1; 2; 284
412; 568; 2; 1; 294
505; 554; 1; 2; 316
605; 386; 1; 2; 317
531; 409; 1; 2; 323
454; 510; 1; 2; 326
536; 614; 1; 2; 327
369; 362; 1; 2; 327
571; 555; 2; 1; 342
555; 576; 2; 1; 345
475; 602; 1; 2; 351
546; 615; 2; 1; 364
364; 614; 1; 2; 368
416; 437; 1; 2; 369
368; 407; 2; 1; 369
413; 509; 2; 1; 376
405; 535; 1; 2; 379
527; 521; 1; 2; 399
403; 376; 1; 2; 412
534; 590; 2; 1; 417
470; 547; 2; 1; 419
587; 549; 2; 1; 421
429; 619; 1; 2; 421
399; 612; 2; 1; 428
401; 613; 2; 1; 430
447; 380; 2; 1; 432
390; 391; 2; 1; 457
601; 614; 1; 2; 461
463; 456; 2; 1; 465
605; 559; 2; 1; 475
428; 390; 2; 1; 483
492; 566; 2; 1; 491
577; 524; 2; 1; 499
502; 624; 2; 1; 502
402; 393; 2; 1; 516
467; 489; 1; 2; 564
379; 601; 1; 2; 572
381; 586; 2; 1; 576
526; 521; 2; 1; 584
614; 566; 1; 2; 587
468; 481; 2; 1; 589
581; 452; 2; 1; 590
403; 620; 2; 1; 596
370; 397; 1; 2; 606
625; 392; 2; 1; 608
567; 535; 1; 2; 622
588; 551; 2; 1; 623
495; 598; 1; 2; 637
578; 478; 2; 1; 644
407; 464; 2; 1; 651
574; 590; 1; 2; 664
598; 575; 2; 1; 667
438; 435; 2; 1; 671
555; 394; 1; 2; 672
432; 507; 2; 1; 673
434; 608; 2; 1; 686
465; 466; 2; 1; 692
537; 487; 2; 1; 700
371; 447; 2; 1; 702
537; 595; 2; 1; 710
490; 437; 1; 2; 725
395; 498; 2; 1; 725
574; 519; 1; 2; 735
395; 616; 2; 1; 746
480; 373; 2; 1; 752
389; 471; 2; 1; 756
369; 480; 2; 1; 760
490; 542; 1; 2; 771
540; 487; 2; 1; 780
505; 540; 1; 2; 788
489; 550; 2; 1; 789
529; 533; 2; 1; 804
439; 481; 2; 1; 819
624; 464; 1; 2; 820
530; 386; 2; 1; 825
444; 568; 1; 2; 833
433; 422; 1; 2; 837
396; 452; 1; 2; 839
404; 530; 1; 2; 840
596; 410; 1; 2; 841
363; 415; 1; 2; 855
606; 416; 1; 2; 863
372; 481; 2; 1; 872
27
16; 1; 40; 5418
21; 1; 36; 8298
2; 1; 41; 9435
19; 1; 8; 10385
12; 1; 32; 11408
25; 1; 6; 14265
14; 1; 2; 14928
8; 1; 5; 15806
15; 1; 23; 20306
23; 1; 30; 20483
5; 1; 9; 22651
4; 1; 37; 22965
9; 1; 40; 25165
22; 1; 31; 26171
1; 1; 42; 29149
17; 1; 27; 30615
24; 1; 11; 38432
6; 1; 10; 39494
13; 1; 38; 42827
3; 1; 45; 44285
0; 1; 19; 45995
18; 1; 30; 46978
20; 1; 31; 48910
26; 1; 34; 50381
11; 1; 43; 50456
10; 1; 9; 56100
7; 1; 2; 59606
