**** 799 ****
122
533; 515; 1; 2; 7
519; 550; 1; 2; 26
451; 397; 1; 2; 38
404; 398; 2; 1; 38
379; 435; 2; 1; 51
523; 561; 2; 1; 53
491; 532; 2; 1; 63
505; 616; 2; 1; 71
414; 425; 1; 2; 81
482; 553; 2; 1; 97
409; 369; 2; 1; 97
525; 442; 2; 1; 100
419; 583; 2; 1; 105
527; 592; 1; 2; 114
499; 361; 1; 2; 116
450; 554; 1; 2; 124
405; 446; 2; 1; 145
581; 590; 2; 1; 147
498; 570; 2; 1; 148
618; 447; 2; 1; 152
562; 482; 2; 1; 157
599; 623; 1; 2; 174
551; 443; 1; 2; 180
478; 553; 2; 1; 181
435; 462; 2; 1; 185
548; 439; 2; 1; 188
490; 426; 2; 1; 204
479; 529; 1; 2; 210
406; 533; 2; 1; 237
444; 553; 1; 2; 258
394; 514; 2; 1; 261
515; 553; 2; 1; 289
421; 534; 2; 1; 326
455; 497; 1; 2; 327
467; 434; 1; 2; 329
462; 449; 2; 1; 339
621; 605; 1; 2; 339
600; 611; 2; 1; 347
585; 594; 1; 2; 375
526; 537; 1; 2; 385
569; 445; 2; 1; 386
596; 367; 1; 2; 387
617; 367; 1; 2; 402
591; 466; 1; 2; 407
617; 518; 1; 2; 407
381; 541; 2; 1; 410
479; 604; 1; 2; 416
363; 485; 1; 2; 417
622; 502; 1; 2; 420
616; 530; 1; 2; 422
522; 425; 1; 2; 422
361; 570; 1; 2; 436
483; 539; 2; 1; 436
381; 501; 1; 2; 440
526; 616; 1; 2; 447
534; 383; 1; 2; 450
448; 575; 1; 2; 460
611; 394; 1; 2; 461
462; 603; 2; 1; 465
487; 611; 2; 1; 487
572; 469; 2; 1; 502
576; 423; 1; 2; 503
469; 452; 1; 2; 505
375; 412; 1; 2; 512
443; 407; 1; 2; 524
499; 396; 2; 1; 536
470; 500; 1; 2; 538
397; 371; 2; 1; 547
471; 464; 2; 1; 549
485; 424; 2; 1; 555
432; 513; 2; 1; 558
605; 423; 1; 2; 564
444; 539; 1; 2; 566
525; 572; 2; 1; 586
509; 521; 2; 1; 616
580; 454; 1; 2; 629
462; 505; 1; 2; 637
471; 600; 2; 1; 656
453; 601; 1; 2; 659
370; 587; 2; 1; 662
620; 559; 1; 2; 666
591; 400; 1; 2; 666
540; 549; 1; 2; 668
535; 561; 1; 2; 672
544; 513; 2; 1; 680
497; 607; 1; 2; 683
599; 619; 1; 2; 687
402; 386; 2; 1; 702
527; 374; 1; 2; 706
585; 538; 2; 1; 728
612; 420; 1; 2; 729
375; 595; 1; 2; 749
514; 397; 1; 2; 752
599; 536; 1; 2; 752
430; 589; 2; 1; 764
453; 600; 2; 1; 765
467; 432; 1; 2; 775
405; 417; 1; 2; 783
394; 489; 2; 1; 792
415; 399; 2; 1; 794
584; 478; 2; 1; 794
442; 545; 1; 2; 799
509; 604; 1; 2; 800
621; 510; 2; 1; 808
538; 418; 2; 1; 808
521; 508; 2; 1; 809
427; 609; 2; 1; 814
369; 491; 1; 2; 821
456; 481; 2; 1; 835
512; 392; 2; 1; 838
375; 386; 2; 1; 839
585; 375; 2; 1; 847
527; 459; 2; 1; 853
607; 552; 2; 1; 855
458; 444; 1; 2; 859
456; 517; 2; 1; 861
442; 457; 2; 1; 865
453; 527; 1; 2; 868
413; 542; 2; 1; 869
463; 470; 2; 1; 879
397; 603; 2; 1; 880
523; 454; 1; 2; 889
27
1; 1; 34; 2574
13; 1; 15; 5156
11; 1; 45; 7046
5; 1; 34; 7344
19; 1; 43; 8082
0; 1; 43; 8139
15; 1; 11; 10419
7; 1; 41; 12498
17; 1; 38; 16313
6; 1; 24; 17578
12; 1; 44; 17702
21; 1; 42; 17764
16; 1; 44; 17826
2; 1; 45; 23977
24; 1; 33; 26650
3; 1; 29; 27458
8; 1; 3; 30969
10; 1; 27; 34015
26; 1; 10; 40489
22; 1; 17; 40613
4; 1; 23; 44851
14; 1; 2; 48172
23; 1; 15; 48188
18; 1; 38; 48760
20; 1; 32; 56458
9; 1; 11; 59531
25; 1; 8; 59549
