**** 8 ****
50
33; 11; 2; 1; 7
44; 27; 2; 1; 9
25; 15; 1; 2; 10
5; 14; 1; 2; 12
34; 22; 1; 2; 13
28; 30; 1; 2; 14
32; 17; 1; 2; 14
18; 42; 2; 1; 15
7; 16; 2; 1; 17
47; 46; 1; 2; 23
13; 26; 1; 2; 24
20; 9; 2; 1; 25
5; 18; 2; 1; 26
4; 48; 1; 2; 27
27; 34; 2; 1; 30
20; 37; 1; 2; 33
40; 3; 2; 1; 37
34; 3; 1; 2; 37
19; 31; 2; 1; 38
41; 37; 1; 2; 41
21; 49; 1; 2; 41
38; 19; 2; 1; 46
41; 19; 2; 1; 47
3; 6; 2; 1; 48
49; 22; 2; 1; 52
20; 49; 1; 2; 52
22; 47; 2; 1; 55
14; 1; 1; 2; 58
22; 32; 2; 1; 59
42; 7; 2; 1; 65
12; 2; 1; 2; 66
44; 49; 1; 2; 66
8; 34; 1; 2; 71
19; 41; 1; 2; 71
17; 34; 2; 1; 74
32; 13; 1; 2; 74
44; 12; 2; 1; 77
31; 4; 2; 1; 81
12; 16; 1; 2; 81
17; 29; 2; 1; 84
1; 25; 2; 1; 84
24; 30; 2; 1; 84
32; 1; 2; 1; 89
22; 28; 1; 2; 94
6; 18; 2; 1; 97
7; 3; 1; 2; 99
43; 5; 1; 2; 101
41; 30; 1; 2; 102
12; 4; 2; 1; 102
5; 11; 2; 1; 103
12
2; 1; 24; 213
0; 1; 17; 315
5; 1; 27; 455
6; 1; 24; 600
4; 1; 8; 640
8; 1; 36; 661
9; 1; 37; 949
7; 1; 11; 1002
10; 1; 1; 1043
11; 1; 24; 1056
3; 1; 43; 1113
1; 1; 47; 1233
