**** 80 ****
57
39; 102; 1; 2; 8
82; 96; 1; 2; 11
99; 53; 1; 2; 14
102; 92; 1; 2; 15
38; 57; 2; 1; 19
38; 93; 1; 2; 24
79; 86; 2; 1; 29
48; 62; 2; 1; 35
76; 99; 2; 1; 46
67; 47; 1; 2; 47
55; 74; 2; 1; 51
48; 64; 1; 2; 54
102; 93; 2; 1; 55
57; 78; 2; 1; 60
86; 82; 1; 2; 61
52; 92; 2; 1; 63
70; 85; 1; 2; 67
67; 38; 1; 2; 73
70; 78; 1; 2; 73
76; 62; 2; 1; 73
99; 50; 2; 1; 74
90; 48; 2; 1; 80
38; 93; 2; 1; 82
50; 37; 2; 1; 85
88; 38; 2; 1; 86
76; 94; 2; 1; 89
102; 40; 2; 1; 93
75; 59; 2; 1; 99
55; 89; 1; 2; 100
36; 47; 2; 1; 106
53; 90; 1; 2; 111
41; 103; 2; 1; 112
71; 93; 1; 2; 113
57; 83; 1; 2; 117
57; 52; 2; 1; 120
89; 49; 2; 1; 124
38; 43; 2; 1; 127
80; 54; 2; 1; 130
87; 36; 2; 1; 130
46; 80; 2; 1; 133
73; 63; 2; 1; 133
62; 44; 1; 2; 135
41; 100; 1; 2; 137
48; 50; 2; 1; 139
103; 70; 1; 2; 141
63; 48; 1; 2; 144
77; 83; 1; 2; 149
48; 66; 1; 2; 154
61; 99; 2; 1; 158
87; 90; 1; 2; 158
69; 46; 1; 2; 161
93; 82; 1; 2; 161
84; 103; 1; 2; 161
76; 68; 2; 1; 164
43; 68; 2; 1; 165
83; 37; 2; 1; 168
76; 64; 1; 2; 173
14
1; 1; 31; 758
4; 1; 11; 793
7; 1; 45; 1109
0; 1; 24; 1820
6; 1; 22; 1882
5; 1; 43; 2450
8; 1; 44; 2531
3; 1; 31; 2743
11; 1; 11; 3477
2; 1; 40; 3644
10; 1; 46; 3737
13; 1; 8; 3971
12; 1; 20; 4028
9; 1; 30; 4073
