**** 800 ****
122
460; 553; 2; 1; 1
543; 544; 2; 1; 10
412; 625; 1; 2; 12
595; 513; 1; 2; 15
579; 566; 2; 1; 21
537; 518; 1; 2; 50
612; 391; 2; 1; 52
574; 583; 2; 1; 54
594; 367; 2; 1; 58
590; 578; 2; 1; 58
384; 402; 2; 1; 75
423; 397; 1; 2; 77
614; 443; 2; 1; 111
479; 586; 2; 1; 121
379; 556; 2; 1; 121
487; 557; 2; 1; 122
575; 455; 1; 2; 135
582; 608; 2; 1; 136
425; 436; 1; 2; 175
623; 617; 2; 1; 177
600; 444; 2; 1; 182
562; 591; 1; 2; 186
513; 508; 1; 2; 186
565; 362; 2; 1; 187
559; 399; 1; 2; 192
366; 581; 1; 2; 196
451; 417; 2; 1; 243
469; 544; 2; 1; 246
393; 480; 1; 2; 250
534; 565; 1; 2; 257
495; 376; 2; 1; 261
618; 394; 2; 1; 261
508; 616; 2; 1; 265
614; 493; 1; 2; 271
380; 524; 1; 2; 277
553; 546; 1; 2; 290
605; 524; 1; 2; 291
374; 501; 1; 2; 292
400; 509; 2; 1; 292
620; 404; 2; 1; 295
453; 365; 2; 1; 297
570; 388; 2; 1; 309
452; 508; 1; 2; 310
561; 582; 1; 2; 317
401; 446; 1; 2; 318
553; 524; 2; 1; 319
584; 459; 2; 1; 331
618; 573; 2; 1; 344
542; 624; 2; 1; 358
529; 484; 2; 1; 364
382; 376; 2; 1; 397
512; 510; 2; 1; 409
461; 421; 2; 1; 422
522; 441; 2; 1; 422
449; 624; 1; 2; 434
479; 476; 1; 2; 437
420; 476; 1; 2; 446
482; 403; 2; 1; 455
447; 572; 1; 2; 458
619; 464; 2; 1; 465
443; 582; 1; 2; 469
548; 560; 2; 1; 503
374; 431; 1; 2; 509
365; 445; 1; 2; 517
397; 434; 1; 2; 526
406; 438; 1; 2; 526
472; 581; 1; 2; 527
380; 554; 1; 2; 528
373; 371; 1; 2; 533
607; 564; 2; 1; 537
429; 512; 1; 2; 580
501; 547; 2; 1; 586
595; 524; 2; 1; 595
625; 457; 2; 1; 606
368; 368; 2; 1; 608
469; 394; 1; 2; 611
595; 369; 2; 1; 612
576; 571; 1; 2; 618
536; 430; 1; 2; 624
432; 556; 1; 2; 628
464; 527; 2; 1; 635
583; 377; 1; 2; 636
362; 395; 2; 1; 636
616; 378; 2; 1; 646
410; 361; 2; 1; 648
446; 538; 2; 1; 649
585; 475; 2; 1; 655
602; 376; 1; 2; 669
610; 522; 1; 2; 676
589; 498; 1; 2; 684
391; 374; 2; 1; 698
584; 461; 2; 1; 719
391; 417; 2; 1; 732
520; 464; 2; 1; 739
412; 560; 1; 2; 743
399; 476; 1; 2; 744
477; 429; 2; 1; 752
576; 472; 2; 1; 754
561; 498; 2; 1; 756
593; 594; 2; 1; 762
529; 583; 2; 1; 779
544; 380; 1; 2; 780
586; 580; 1; 2; 782
435; 590; 2; 1; 795
602; 545; 1; 2; 795
556; 465; 2; 1; 797
546; 526; 1; 2; 802
514; 603; 2; 1; 808
605; 388; 2; 1; 810
364; 418; 2; 1; 819
502; 409; 1; 2; 821
566; 387; 1; 2; 832
552; 481; 2; 1; 837
426; 409; 2; 1; 840
371; 574; 1; 2; 843
580; 454; 2; 1; 858
597; 498; 1; 2; 859
508; 572; 2; 1; 861
585; 429; 1; 2; 864
547; 440; 2; 1; 886
560; 561; 1; 2; 893
369; 511; 2; 1; 898
27
17; 1; 31; 6441
20; 1; 37; 7144
11; 1; 30; 7922
5; 1; 44; 10010
16; 1; 31; 15571
24; 1; 38; 15716
12; 1; 36; 18327
25; 1; 48; 18750
21; 1; 14; 19589
26; 1; 18; 22964
19; 1; 29; 23218
8; 1; 14; 24062
15; 1; 49; 26130
6; 1; 10; 31178
3; 1; 29; 33374
14; 1; 43; 36326
23; 1; 37; 37070
4; 1; 40; 37168
18; 1; 37; 41613
0; 1; 32; 41724
7; 1; 10; 45221
1; 1; 10; 45255
22; 1; 17; 46533
10; 1; 44; 47554
2; 1; 43; 48353
13; 1; 32; 49751
9; 1; 40; 51995
