**** 801 ****
122
395; 377; 2; 1; 12
470; 519; 1; 2; 14
513; 368; 2; 1; 23
523; 585; 2; 1; 24
415; 453; 2; 1; 29
545; 523; 2; 1; 37
463; 531; 1; 2; 48
612; 391; 2; 1; 50
504; 387; 2; 1; 77
544; 587; 2; 1; 80
495; 592; 1; 2; 84
548; 582; 1; 2; 89
548; 538; 1; 2; 91
429; 608; 1; 2; 91
566; 554; 2; 1; 93
393; 442; 2; 1; 131
544; 603; 1; 2; 133
487; 593; 1; 2; 134
423; 517; 1; 2; 140
515; 534; 2; 1; 169
611; 604; 2; 1; 173
471; 450; 1; 2; 180
551; 497; 1; 2; 191
367; 415; 1; 2; 192
409; 601; 2; 1; 193
381; 591; 1; 2; 213
492; 560; 1; 2; 219
421; 484; 1; 2; 236
413; 594; 1; 2; 242
400; 564; 2; 1; 245
498; 434; 2; 1; 252
592; 572; 1; 2; 257
440; 579; 1; 2; 258
571; 582; 2; 1; 261
397; 606; 2; 1; 263
512; 467; 2; 1; 266
415; 621; 1; 2; 274
471; 499; 1; 2; 275
543; 442; 1; 2; 278
526; 534; 1; 2; 280
475; 485; 2; 1; 307
508; 407; 2; 1; 318
375; 529; 1; 2; 319
377; 374; 1; 2; 327
587; 505; 2; 1; 350
377; 551; 2; 1; 351
485; 395; 2; 1; 351
565; 589; 2; 1; 353
572; 363; 1; 2; 353
414; 605; 1; 2; 371
428; 616; 1; 2; 373
545; 374; 1; 2; 378
530; 419; 1; 2; 389
519; 620; 2; 1; 395
596; 425; 2; 1; 398
385; 462; 2; 1; 400
589; 545; 2; 1; 408
522; 546; 1; 2; 410
435; 438; 1; 2; 412
378; 361; 1; 2; 422
413; 574; 2; 1; 440
479; 494; 1; 2; 441
619; 509; 2; 1; 455
527; 597; 1; 2; 468
436; 383; 1; 2; 474
576; 526; 1; 2; 483
371; 576; 2; 1; 487
453; 549; 2; 1; 490
405; 424; 2; 1; 500
514; 421; 2; 1; 506
610; 443; 2; 1; 518
528; 479; 2; 1; 525
568; 462; 1; 2; 532
487; 523; 1; 2; 538
604; 585; 2; 1; 557
389; 503; 1; 2; 575
454; 492; 1; 2; 593
549; 442; 1; 2; 595
411; 458; 2; 1; 601
469; 398; 1; 2; 604
524; 441; 1; 2; 608
506; 539; 1; 2; 611
415; 548; 2; 1; 612
462; 460; 2; 1; 615
440; 475; 2; 1; 617
518; 518; 1; 2; 620
386; 383; 2; 1; 628
509; 375; 1; 2; 637
464; 366; 1; 2; 637
478; 547; 1; 2; 646
608; 618; 2; 1; 656
558; 581; 1; 2; 658
395; 561; 2; 1; 677
608; 536; 1; 2; 686
396; 483; 1; 2; 687
624; 510; 1; 2; 689
486; 464; 2; 1; 692
469; 513; 2; 1; 693
622; 605; 1; 2; 697
471; 446; 1; 2; 701
530; 370; 2; 1; 708
498; 373; 1; 2; 709
369; 438; 1; 2; 710
610; 622; 1; 2; 714
559; 452; 1; 2; 722
507; 606; 2; 1; 735
523; 539; 2; 1; 743
482; 451; 2; 1; 755
523; 459; 2; 1; 764
442; 587; 1; 2; 767
409; 517; 2; 1; 780
382; 544; 2; 1; 781
500; 436; 2; 1; 798
561; 441; 2; 1; 826
378; 597; 2; 1; 833
390; 539; 1; 2; 844
492; 444; 1; 2; 846
525; 507; 2; 1; 846
366; 381; 2; 1; 854
525; 503; 1; 2; 865
586; 514; 1; 2; 882
589; 524; 2; 1; 886
27
5; 1; 24; 995
4; 1; 24; 1487
17; 1; 20; 2114
13; 1; 20; 3396
19; 1; 31; 3444
2; 1; 15; 3783
6; 1; 42; 7641
11; 1; 44; 7855
12; 1; 38; 8627
25; 1; 25; 17325
23; 1; 6; 23382
10; 1; 47; 24966
24; 1; 30; 26578
15; 1; 32; 26875
14; 1; 14; 29191
18; 1; 18; 29917
22; 1; 42; 31872
7; 1; 28; 32749
1; 1; 29; 35813
21; 1; 15; 36951
26; 1; 2; 39579
0; 1; 16; 47135
3; 1; 45; 48700
9; 1; 11; 50634
16; 1; 15; 52059
20; 1; 46; 53595
8; 1; 10; 56609
