**** 802 ****
122
421; 389; 1; 2; 10
420; 480; 2; 1; 12
395; 477; 1; 2; 18
526; 401; 2; 1; 20
467; 384; 2; 1; 20
479; 480; 2; 1; 20
579; 368; 1; 2; 22
621; 603; 2; 1; 30
382; 616; 2; 1; 67
403; 366; 2; 1; 74
490; 525; 2; 1; 77
495; 613; 1; 2; 86
507; 567; 2; 1; 89
578; 495; 2; 1; 95
463; 565; 1; 2; 100
478; 525; 1; 2; 100
404; 407; 1; 2; 102
611; 428; 2; 1; 111
546; 458; 2; 1; 130
400; 575; 2; 1; 142
485; 598; 2; 1; 149
470; 365; 1; 2; 154
624; 616; 1; 2; 166
527; 425; 1; 2; 168
562; 410; 1; 2; 168
389; 473; 1; 2; 178
545; 498; 2; 1; 179
605; 515; 2; 1; 185
508; 437; 1; 2; 187
561; 602; 2; 1; 200
458; 562; 2; 1; 204
495; 572; 1; 2; 214
511; 590; 1; 2; 226
607; 555; 2; 1; 233
466; 409; 2; 1; 249
519; 405; 2; 1; 249
502; 405; 2; 1; 253
369; 542; 1; 2; 254
526; 406; 2; 1; 261
593; 581; 1; 2; 271
547; 554; 1; 2; 280
507; 388; 2; 1; 308
617; 474; 2; 1; 311
443; 390; 2; 1; 315
491; 412; 1; 2; 315
501; 376; 2; 1; 320
405; 491; 1; 2; 320
454; 488; 2; 1; 323
429; 446; 1; 2; 324
572; 471; 2; 1; 326
571; 371; 2; 1; 360
623; 374; 2; 1; 382
516; 550; 2; 1; 411
554; 597; 1; 2; 421
469; 509; 1; 2; 425
464; 434; 1; 2; 436
567; 416; 1; 2; 440
625; 364; 2; 1; 444
581; 492; 1; 2; 447
367; 557; 1; 2; 457
416; 408; 1; 2; 465
567; 582; 2; 1; 468
571; 438; 2; 1; 469
364; 549; 2; 1; 487
617; 437; 1; 2; 491
517; 465; 2; 1; 492
567; 488; 1; 2; 503
557; 528; 1; 2; 519
550; 617; 1; 2; 520
452; 604; 1; 2; 527
555; 374; 1; 2; 528
542; 387; 1; 2; 551
455; 514; 1; 2; 564
396; 595; 1; 2; 582
560; 465; 1; 2; 599
509; 398; 2; 1; 605
566; 475; 2; 1; 624
542; 486; 1; 2; 630
409; 550; 1; 2; 635
569; 390; 1; 2; 638
546; 408; 2; 1; 647
490; 484; 1; 2; 662
444; 419; 2; 1; 667
593; 469; 2; 1; 670
547; 477; 2; 1; 673
553; 491; 2; 1; 674
399; 379; 2; 1; 674
405; 496; 1; 2; 676
380; 555; 2; 1; 678
525; 426; 1; 2; 684
490; 395; 2; 1; 692
573; 402; 2; 1; 695
384; 547; 1; 2; 739
603; 590; 1; 2; 745
438; 582; 2; 1; 753
403; 368; 1; 2; 754
604; 507; 1; 2; 760
370; 587; 2; 1; 765
562; 414; 2; 1; 768
607; 395; 2; 1; 774
533; 514; 1; 2; 777
465; 368; 1; 2; 816
476; 449; 1; 2; 820
590; 507; 1; 2; 823
569; 566; 1; 2; 823
573; 403; 2; 1; 824
602; 415; 1; 2; 829
526; 421; 1; 2; 831
493; 520; 2; 1; 831
591; 522; 1; 2; 834
375; 411; 2; 1; 837
444; 536; 1; 2; 839
557; 461; 1; 2; 849
516; 457; 2; 1; 855
443; 435; 1; 2; 860
471; 412; 2; 1; 861
499; 622; 2; 1; 865
415; 619; 2; 1; 879
580; 490; 2; 1; 882
362; 592; 2; 1; 891
436; 448; 1; 2; 897
477; 606; 2; 1; 898
27
4; 1; 31; 5294
13; 1; 27; 8655
5; 1; 17; 12040
1; 1; 42; 12721
20; 1; 41; 14458
19; 1; 19; 15096
8; 1; 1; 17239
14; 1; 9; 17320
25; 1; 31; 18768
23; 1; 4; 20186
10; 1; 18; 26371
21; 1; 6; 27200
24; 1; 9; 28432
7; 1; 13; 29775
17; 1; 24; 33504
18; 1; 21; 37599
15; 1; 26; 38113
16; 1; 43; 44482
3; 1; 9; 49815
0; 1; 28; 52221
11; 1; 13; 53144
2; 1; 8; 53218
26; 1; 9; 53265
6; 1; 21; 59144
22; 1; 3; 59577
12; 1; 24; 60104
9; 1; 2; 61466
