**** 803 ****
123
627; 430; 2; 1; 2
560; 595; 2; 1; 22
459; 489; 1; 2; 23
571; 536; 2; 1; 31
372; 628; 1; 2; 37
465; 429; 2; 1; 41
520; 599; 1; 2; 82
599; 609; 1; 2; 85
617; 489; 1; 2; 89
494; 516; 1; 2; 92
591; 378; 2; 1; 99
393; 625; 1; 2; 100
570; 483; 1; 2; 108
391; 447; 2; 1; 117
472; 447; 1; 2; 120
608; 533; 2; 1; 122
487; 401; 1; 2; 123
443; 415; 2; 1; 125
546; 388; 2; 1; 147
599; 413; 2; 1; 148
413; 422; 2; 1; 154
591; 542; 2; 1; 162
461; 565; 1; 2; 165
391; 479; 1; 2; 176
425; 554; 1; 2; 182
515; 610; 1; 2; 207
441; 552; 1; 2; 210
432; 519; 2; 1; 261
397; 572; 1; 2; 267
616; 615; 1; 2; 268
469; 577; 1; 2; 274
498; 481; 2; 1; 275
508; 549; 1; 2; 296
502; 469; 1; 2; 304
580; 538; 2; 1; 313
482; 418; 1; 2; 315
597; 374; 1; 2; 328
440; 442; 1; 2; 329
380; 501; 2; 1; 330
520; 530; 2; 1; 335
441; 624; 1; 2; 348
481; 449; 2; 1; 353
463; 476; 2; 1; 360
382; 500; 1; 2; 362
380; 509; 2; 1; 366
574; 526; 1; 2; 383
433; 507; 1; 2; 397
581; 562; 2; 1; 424
457; 432; 2; 1; 439
542; 442; 2; 1; 445
603; 504; 1; 2; 449
585; 426; 1; 2; 476
445; 532; 1; 2; 478
444; 600; 2; 1; 487
410; 506; 2; 1; 487
529; 476; 1; 2; 492
389; 399; 1; 2; 495
374; 413; 1; 2; 501
559; 485; 1; 2; 507
513; 595; 1; 2; 512
559; 478; 2; 1; 517
448; 400; 2; 1; 522
367; 539; 2; 1; 536
526; 539; 1; 2; 550
511; 547; 2; 1; 558
428; 508; 2; 1; 563
570; 509; 2; 1; 579
561; 591; 2; 1; 582
513; 384; 2; 1; 584
396; 496; 2; 1; 586
392; 442; 1; 2; 603
433; 520; 1; 2; 605
504; 434; 2; 1; 605
615; 598; 2; 1; 609
582; 633; 2; 1; 612
526; 439; 2; 1; 622
406; 398; 1; 2; 633
629; 367; 1; 2; 635
432; 490; 1; 2; 647
394; 494; 2; 1; 649
595; 531; 2; 1; 653
405; 591; 2; 1; 662
561; 470; 2; 1; 670
595; 567; 1; 2; 680
432; 501; 1; 2; 709
369; 396; 1; 2; 711
557; 532; 2; 1; 718
385; 600; 2; 1; 718
429; 497; 2; 1; 721
581; 620; 2; 1; 721
490; 593; 1; 2; 730
465; 582; 2; 1; 730
394; 387; 1; 2; 732
441; 418; 1; 2; 737
429; 519; 2; 1; 746
386; 409; 2; 1; 747
629; 577; 1; 2; 754
439; 507; 2; 1; 778
452; 478; 1; 2; 784
465; 370; 1; 2; 789
398; 414; 1; 2; 793
436; 500; 2; 1; 805
599; 603; 2; 1; 813
589; 599; 1; 2; 816
613; 540; 2; 1; 816
561; 405; 1; 2; 817
444; 477; 2; 1; 818
544; 513; 2; 1; 827
504; 480; 1; 2; 838
495; 585; 1; 2; 845
567; 423; 2; 1; 847
606; 423; 2; 1; 851
404; 565; 2; 1; 852
409; 502; 2; 1; 857
595; 430; 1; 2; 861
536; 491; 2; 1; 865
589; 413; 2; 1; 866
452; 512; 1; 2; 868
514; 519; 1; 2; 868
609; 536; 2; 1; 869
607; 557; 1; 2; 869
471; 528; 1; 2; 883
562; 445; 1; 2; 899
27
0; 1; 21; 1766
1; 1; 14; 5238
17; 1; 10; 5873
22; 1; 15; 6526
26; 1; 30; 6945
24; 1; 15; 10053
15; 1; 15; 12655
23; 1; 8; 13726
18; 1; 48; 14966
2; 1; 45; 20015
13; 1; 2; 20400
12; 1; 11; 23604
3; 1; 33; 25564
14; 1; 4; 27931
5; 1; 32; 33378
21; 1; 44; 33499
6; 1; 33; 33762
20; 1; 3; 35643
9; 1; 12; 38788
8; 1; 9; 41653
11; 1; 8; 48354
4; 1; 48; 49237
10; 1; 10; 50146
7; 1; 3; 52820
19; 1; 20; 55196
16; 1; 36; 55433
25; 1; 19; 55683
