**** 804 ****
123
402; 554; 1; 2; 8
604; 553; 1; 2; 14
507; 452; 2; 1; 15
548; 595; 1; 2; 17
471; 502; 1; 2; 25
423; 575; 1; 2; 39
524; 596; 1; 2; 44
565; 411; 1; 2; 68
527; 609; 1; 2; 70
569; 513; 2; 1; 73
480; 457; 2; 1; 80
397; 499; 1; 2; 91
402; 392; 2; 1; 102
615; 399; 2; 1; 103
587; 449; 2; 1; 105
456; 496; 1; 2; 113
405; 394; 1; 2; 124
511; 405; 1; 2; 124
512; 550; 1; 2; 126
417; 550; 1; 2; 151
471; 579; 1; 2; 153
432; 597; 1; 2; 153
474; 626; 2; 1; 175
602; 434; 2; 1; 181
553; 529; 1; 2; 196
523; 432; 1; 2; 214
512; 390; 1; 2; 218
489; 378; 2; 1; 233
470; 627; 1; 2; 235
533; 463; 2; 1; 241
597; 624; 1; 2; 246
378; 578; 2; 1; 268
537; 531; 1; 2; 272
511; 516; 1; 2; 280
574; 555; 1; 2; 298
375; 559; 1; 2; 298
621; 486; 1; 2; 299
532; 506; 2; 1; 300
625; 368; 2; 1; 304
406; 407; 2; 1; 307
536; 591; 1; 2; 314
605; 551; 2; 1; 314
446; 406; 2; 1; 317
452; 500; 2; 1; 333
463; 392; 2; 1; 347
502; 450; 1; 2; 356
610; 398; 1; 2; 378
454; 366; 1; 2; 383
475; 420; 2; 1; 386
505; 411; 1; 2; 393
518; 374; 1; 2; 419
381; 402; 1; 2; 422
454; 521; 2; 1; 426
573; 536; 1; 2; 435
523; 390; 1; 2; 440
515; 621; 2; 1; 453
373; 491; 1; 2; 458
601; 630; 2; 1; 469
620; 398; 1; 2; 481
528; 428; 1; 2; 496
441; 525; 2; 1; 499
511; 537; 1; 2; 499
482; 491; 2; 1; 518
591; 625; 1; 2; 527
562; 384; 1; 2; 548
516; 381; 1; 2; 553
431; 569; 1; 2; 560
376; 540; 1; 2; 564
437; 475; 2; 1; 566
426; 463; 2; 1; 568
422; 544; 1; 2; 571
465; 529; 2; 1; 578
490; 387; 2; 1; 579
606; 553; 2; 1; 584
443; 466; 1; 2; 601
504; 552; 2; 1; 609
482; 470; 2; 1; 613
401; 375; 1; 2; 631
493; 488; 2; 1; 632
555; 432; 2; 1; 633
385; 551; 2; 1; 636
578; 395; 1; 2; 646
556; 600; 1; 2; 654
584; 417; 1; 2; 654
611; 542; 2; 1; 655
427; 500; 2; 1; 663
448; 506; 2; 1; 668
553; 574; 1; 2; 674
414; 417; 2; 1; 675
585; 627; 2; 1; 675
394; 487; 1; 2; 683
489; 562; 1; 2; 684
452; 591; 1; 2; 689
534; 604; 2; 1; 690
489; 380; 1; 2; 696
585; 524; 1; 2; 698
619; 546; 2; 1; 708
535; 522; 2; 1; 720
403; 571; 1; 2; 725
489; 440; 2; 1; 736
565; 555; 1; 2; 758
606; 602; 1; 2; 765
537; 410; 2; 1; 767
488; 426; 2; 1; 772
536; 522; 1; 2; 775
370; 598; 2; 1; 777
390; 572; 2; 1; 807
452; 575; 2; 1; 810
392; 446; 2; 1; 815
522; 483; 1; 2; 819
607; 461; 1; 2; 822
523; 592; 2; 1; 830
487; 389; 2; 1; 833
551; 375; 1; 2; 837
596; 525; 2; 1; 848
468; 428; 1; 2; 849
396; 614; 2; 1; 861
428; 610; 2; 1; 870
589; 583; 1; 2; 875
448; 433; 1; 2; 891
430; 530; 2; 1; 891
416; 470; 2; 1; 894
599; 621; 2; 1; 896
27
0; 1; 27; 4226
15; 1; 11; 13016
24; 1; 35; 14555
22; 1; 24; 16291
12; 1; 44; 17043
21; 1; 37; 19030
14; 1; 32; 19784
7; 1; 28; 23451
2; 1; 38; 23945
3; 1; 17; 25083
5; 1; 8; 28920
16; 1; 31; 32748
23; 1; 20; 34626
11; 1; 33; 34760
1; 1; 7; 44191
19; 1; 5; 47787
13; 1; 16; 49609
9; 1; 25; 50033
26; 1; 35; 50420
10; 1; 11; 51226
4; 1; 6; 52471
18; 1; 19; 53220
6; 1; 21; 54804
17; 1; 36; 56833
25; 1; 4; 59227
8; 1; 48; 59428
20; 1; 48; 60704
