**** 805 ****
123
576; 598; 2; 1; 3
515; 400; 1; 2; 19
439; 425; 1; 2; 24
428; 409; 2; 1; 29
433; 384; 1; 2; 30
387; 570; 1; 2; 36
367; 599; 1; 2; 48
508; 376; 2; 1; 58
498; 425; 2; 1; 63
602; 406; 2; 1; 80
455; 557; 1; 2; 89
599; 374; 1; 2; 94
377; 455; 2; 1; 99
391; 529; 1; 2; 105
409; 489; 2; 1; 105
520; 606; 2; 1; 113
452; 544; 1; 2; 126
475; 568; 1; 2; 126
426; 475; 2; 1; 130
405; 398; 2; 1; 132
535; 526; 1; 2; 136
544; 556; 1; 2; 139
534; 480; 2; 1; 151
545; 558; 1; 2; 152
433; 373; 1; 2; 167
491; 388; 1; 2; 175
456; 567; 1; 2; 178
475; 515; 2; 1; 185
476; 474; 1; 2; 185
626; 627; 2; 1; 196
397; 585; 2; 1; 198
569; 613; 1; 2; 204
441; 580; 1; 2; 221
389; 432; 1; 2; 241
591; 485; 2; 1; 248
384; 510; 2; 1; 254
481; 421; 2; 1; 257
411; 505; 1; 2; 268
553; 543; 1; 2; 275
391; 472; 1; 2; 280
552; 504; 1; 2; 307
616; 621; 1; 2; 308
529; 603; 1; 2; 313
454; 562; 1; 2; 316
435; 387; 2; 1; 318
435; 451; 1; 2; 331
531; 444; 2; 1; 335
509; 408; 2; 1; 337
607; 573; 1; 2; 346
445; 489; 2; 1; 354
616; 505; 2; 1; 362
384; 532; 1; 2; 395
368; 421; 1; 2; 403
631; 404; 1; 2; 404
422; 599; 2; 1; 406
448; 514; 2; 1; 409
413; 456; 1; 2; 409
402; 564; 1; 2; 409
457; 568; 1; 2; 411
505; 503; 1; 2; 413
530; 553; 1; 2; 414
598; 421; 1; 2; 449
373; 515; 1; 2; 453
527; 572; 2; 1; 466
489; 435; 2; 1; 467
575; 588; 1; 2; 474
514; 504; 2; 1; 483
568; 582; 1; 2; 488
544; 514; 2; 1; 507
582; 505; 2; 1; 523
477; 374; 1; 2; 523
587; 395; 1; 2; 528
611; 615; 2; 1; 543
442; 564; 2; 1; 566
390; 535; 2; 1; 572
537; 536; 1; 2; 579
567; 622; 2; 1; 589
522; 623; 1; 2; 595
610; 435; 2; 1; 603
584; 584; 2; 1; 605
390; 402; 2; 1; 622
502; 490; 1; 2; 627
595; 511; 1; 2; 631
626; 534; 1; 2; 631
469; 566; 1; 2; 635
496; 433; 1; 2; 639
414; 435; 2; 1; 647
426; 403; 1; 2; 655
595; 521; 2; 1; 673
533; 529; 1; 2; 674
454; 414; 1; 2; 690
626; 526; 2; 1; 698
423; 555; 1; 2; 699
556; 628; 2; 1; 700
456; 549; 1; 2; 711
611; 377; 2; 1; 712
379; 397; 1; 2; 732
559; 613; 1; 2; 739
384; 414; 2; 1; 739
500; 508; 1; 2; 741
492; 569; 1; 2; 742
533; 439; 1; 2; 743
439; 508; 2; 1; 745
433; 423; 2; 1; 751
394; 445; 1; 2; 756
429; 432; 2; 1; 764
413; 395; 2; 1; 784
398; 391; 1; 2; 786
430; 487; 1; 2; 789
496; 511; 1; 2; 789
418; 461; 1; 2; 796
608; 445; 2; 1; 798
431; 579; 1; 2; 798
574; 553; 2; 1; 807
560; 538; 1; 2; 809
566; 594; 2; 1; 840
605; 543; 1; 2; 864
404; 454; 1; 2; 864
519; 631; 2; 1; 868
397; 383; 2; 1; 875
610; 512; 1; 2; 883
544; 522; 1; 2; 887
520; 551; 1; 2; 899
27
5; 1; 19; 230
2; 1; 6; 2560
25; 1; 28; 6351
23; 1; 29; 8212
15; 1; 15; 11832
19; 1; 31; 15130
10; 1; 8; 18833
22; 1; 11; 19192
0; 1; 5; 19348
8; 1; 7; 21964
14; 1; 21; 25390
1; 1; 43; 26177
18; 1; 18; 28681
4; 1; 21; 33723
16; 1; 28; 33847
3; 1; 19; 34525
11; 1; 4; 36023
6; 1; 16; 36260
12; 1; 41; 38480
26; 1; 31; 40805
24; 1; 35; 42445
21; 1; 45; 42549
17; 1; 26; 43751
7; 1; 13; 46446
20; 1; 39; 52272
9; 1; 34; 54881
13; 1; 28; 60775
