**** 806 ****
123
534; 429; 2; 1; 12
573; 438; 2; 1; 16
622; 508; 1; 2; 16
434; 597; 2; 1; 20
583; 481; 1; 2; 24
443; 448; 1; 2; 30
507; 415; 1; 2; 30
594; 541; 1; 2; 70
535; 454; 1; 2; 78
504; 607; 1; 2; 78
391; 462; 2; 1; 81
446; 374; 1; 2; 82
389; 613; 1; 2; 85
495; 375; 1; 2; 88
451; 443; 1; 2; 89
537; 493; 2; 1; 97
563; 509; 1; 2; 105
379; 605; 2; 1; 111
493; 485; 1; 2; 116
502; 427; 2; 1; 124
524; 512; 2; 1; 138
535; 414; 2; 1; 152
472; 447; 1; 2; 153
422; 518; 1; 2; 165
523; 468; 2; 1; 169
474; 497; 2; 1; 198
417; 497; 1; 2; 201
412; 548; 2; 1; 205
529; 535; 2; 1; 206
379; 624; 2; 1; 214
568; 486; 2; 1; 224
416; 611; 1; 2; 226
618; 442; 2; 1; 235
430; 401; 1; 2; 239
476; 461; 1; 2; 242
544; 439; 2; 1; 245
530; 427; 2; 1; 252
426; 448; 1; 2; 255
566; 371; 2; 1; 257
427; 377; 1; 2; 263
564; 438; 2; 1; 264
561; 616; 2; 1; 272
460; 589; 1; 2; 276
471; 432; 1; 2; 293
585; 371; 1; 2; 294
448; 613; 2; 1; 297
464; 465; 2; 1; 324
375; 401; 2; 1; 325
631; 586; 1; 2; 327
471; 440; 1; 2; 331
388; 372; 2; 1; 342
419; 374; 2; 1; 342
595; 541; 1; 2; 343
391; 407; 1; 2; 352
428; 564; 1; 2; 365
578; 425; 2; 1; 379
570; 585; 1; 2; 379
626; 566; 1; 2; 404
458; 445; 2; 1; 407
540; 445; 2; 1; 414
531; 543; 1; 2; 432
545; 420; 2; 1; 432
541; 529; 1; 2; 434
494; 546; 1; 2; 435
575; 557; 2; 1; 444
590; 581; 2; 1; 446
426; 549; 2; 1; 455
430; 425; 2; 1; 472
546; 421; 2; 1; 474
570; 437; 1; 2; 480
375; 454; 2; 1; 497
479; 477; 2; 1; 502
406; 520; 2; 1; 513
599; 520; 1; 2; 520
460; 563; 2; 1; 523
472; 612; 2; 1; 542
445; 449; 2; 1; 546
550; 460; 2; 1; 553
500; 560; 1; 2; 557
571; 627; 2; 1; 559
503; 458; 1; 2; 582
558; 494; 1; 2; 582
513; 629; 2; 1; 587
606; 495; 2; 1; 597
578; 448; 1; 2; 611
378; 549; 2; 1; 620
475; 509; 1; 2; 622
413; 598; 2; 1; 632
570; 509; 2; 1; 649
499; 549; 2; 1; 651
547; 554; 2; 1; 660
552; 559; 2; 1; 685
562; 586; 1; 2; 688
553; 508; 1; 2; 689
546; 495; 2; 1; 690
388; 625; 1; 2; 700
495; 380; 2; 1; 705
500; 602; 1; 2; 716
394; 375; 1; 2; 739
403; 383; 2; 1; 744
583; 596; 1; 2; 747
461; 427; 2; 1; 754
505; 483; 2; 1; 755
588; 575; 1; 2; 763
429; 379; 1; 2; 775
407; 536; 1; 2; 782
474; 453; 1; 2; 785
539; 575; 2; 1; 793
608; 516; 2; 1; 797
570; 405; 2; 1; 802
619; 620; 2; 1; 816
590; 632; 2; 1; 826
478; 572; 1; 2; 845
399; 389; 1; 2; 846
518; 419; 1; 2; 855
514; 514; 2; 1; 858
487; 501; 2; 1; 864
369; 493; 2; 1; 867
535; 596; 1; 2; 870
505; 481; 2; 1; 875
526; 548; 2; 1; 880
531; 446; 1; 2; 885
382; 449; 1; 2; 891
27
12; 1; 4; 1488
19; 1; 28; 2346
26; 1; 2; 5979
18; 1; 16; 6919
3; 1; 36; 7973
20; 1; 11; 12538
13; 1; 24; 13152
7; 1; 27; 16751
22; 1; 8; 19112
23; 1; 6; 20039
24; 1; 37; 23856
4; 1; 10; 28014
16; 1; 24; 36020
9; 1; 35; 37786
21; 1; 5; 40689
2; 1; 9; 41717
5; 1; 1; 41867
14; 1; 8; 42087
1; 1; 21; 44910
0; 1; 28; 45115
15; 1; 43; 47608
25; 1; 48; 48102
6; 1; 32; 49365
11; 1; 3; 53126
10; 1; 12; 53360
8; 1; 46; 59890
17; 1; 11; 61047
