**** 807 ****
123
542; 418; 2; 1; 46
408; 524; 1; 2; 60
427; 382; 1; 2; 90
442; 564; 2; 1; 91
525; 498; 1; 2; 102
533; 496; 1; 2; 106
629; 627; 2; 1; 107
380; 381; 2; 1; 112
513; 436; 1; 2; 132
519; 431; 1; 2; 132
605; 494; 2; 1; 133
571; 408; 1; 2; 143
552; 612; 1; 2; 155
464; 515; 1; 2; 165
431; 398; 1; 2; 177
410; 580; 1; 2; 185
618; 452; 1; 2; 196
435; 632; 2; 1; 198
421; 482; 2; 1; 202
416; 453; 1; 2; 229
612; 520; 1; 2; 236
414; 617; 1; 2; 238
376; 439; 1; 2; 261
534; 584; 1; 2; 277
488; 400; 2; 1; 279
612; 585; 2; 1; 282
566; 369; 2; 1; 285
577; 585; 2; 1; 293
519; 422; 1; 2; 298
398; 466; 1; 2; 305
581; 412; 2; 1; 318
532; 507; 2; 1; 347
541; 551; 2; 1; 350
621; 503; 1; 2; 351
623; 372; 2; 1; 371
433; 391; 2; 1; 373
541; 402; 1; 2; 382
515; 508; 1; 2; 386
620; 573; 1; 2; 389
518; 400; 1; 2; 408
420; 555; 2; 1; 419
525; 514; 1; 2; 425
425; 382; 2; 1; 428
601; 388; 1; 2; 434
628; 366; 1; 2; 439
526; 618; 1; 2; 440
614; 504; 1; 2; 447
534; 472; 1; 2; 455
379; 450; 1; 2; 456
392; 602; 2; 1; 459
394; 538; 2; 1; 466
400; 373; 2; 1; 470
418; 512; 1; 2; 478
376; 420; 1; 2; 482
583; 537; 1; 2; 500
552; 522; 1; 2; 519
625; 563; 2; 1; 521
584; 624; 2; 1; 526
509; 401; 2; 1; 528
546; 543; 1; 2; 539
413; 474; 1; 2; 549
533; 423; 2; 1; 551
410; 408; 1; 2; 552
553; 467; 1; 2; 561
524; 613; 2; 1; 565
622; 607; 1; 2; 568
471; 419; 2; 1; 568
516; 416; 2; 1; 577
486; 544; 1; 2; 584
626; 602; 1; 2; 588
395; 466; 1; 2; 589
563; 524; 2; 1; 589
572; 514; 1; 2; 591
626; 555; 1; 2; 600
496; 600; 2; 1; 602
373; 601; 1; 2; 617
478; 374; 2; 1; 619
383; 369; 1; 2; 648
556; 412; 2; 1; 651
374; 462; 2; 1; 661
412; 448; 1; 2; 662
558; 409; 1; 2; 672
545; 521; 2; 1; 673
495; 564; 2; 1; 677
524; 584; 1; 2; 680
371; 374; 2; 1; 687
623; 620; 2; 1; 705
373; 590; 2; 1; 709
395; 410; 2; 1; 726
629; 494; 1; 2; 730
590; 417; 1; 2; 731
377; 558; 2; 1; 735
493; 392; 1; 2; 738
436; 633; 1; 2; 740
530; 555; 2; 1; 743
618; 574; 2; 1; 743
430; 591; 1; 2; 749
425; 593; 2; 1; 749
508; 396; 2; 1; 760
480; 568; 1; 2; 770
398; 448; 2; 1; 778
479; 562; 1; 2; 782
437; 541; 1; 2; 791
577; 495; 2; 1; 803
419; 560; 2; 1; 811
396; 468; 2; 1; 821
542; 468; 2; 1; 821
373; 381; 2; 1; 824
590; 533; 2; 1; 828
544; 569; 2; 1; 835
618; 610; 2; 1; 835
381; 416; 2; 1; 844
535; 530; 2; 1; 853
390; 565; 1; 2; 860
448; 575; 1; 2; 866
494; 577; 1; 2; 867
515; 381; 1; 2; 869
434; 554; 1; 2; 872
629; 606; 1; 2; 882
392; 378; 2; 1; 883
482; 423; 1; 2; 889
389; 566; 2; 1; 896
578; 562; 2; 1; 897
27
16; 1; 17; 108
18; 1; 49; 179
12; 1; 10; 1094
5; 1; 42; 3618
4; 1; 8; 4371
0; 1; 48; 5349
20; 1; 1; 6257
2; 1; 34; 14005
24; 1; 27; 16265
8; 1; 36; 20463
6; 1; 3; 26602
22; 1; 13; 32916
9; 1; 7; 33364
11; 1; 22; 34016
25; 1; 38; 37364
23; 1; 34; 39506
3; 1; 41; 42161
15; 1; 19; 42546
13; 1; 43; 42764
1; 1; 37; 42960
14; 1; 24; 45882
26; 1; 5; 47053
19; 1; 2; 47455
7; 1; 25; 48113
10; 1; 32; 52507
17; 1; 35; 53026
21; 1; 37; 58148
