**** 808 ****
123
631; 573; 1; 2; 15
456; 375; 1; 2; 36
409; 416; 1; 2; 46
471; 463; 1; 2; 51
423; 593; 1; 2; 55
414; 410; 2; 1; 60
465; 442; 2; 1; 72
438; 547; 2; 1; 80
435; 626; 2; 1; 88
407; 368; 2; 1; 91
401; 377; 2; 1; 95
440; 549; 1; 2; 107
627; 611; 2; 1; 107
378; 371; 1; 2; 113
458; 570; 2; 1; 128
414; 473; 2; 1; 138
398; 599; 2; 1; 140
498; 550; 1; 2; 156
504; 392; 2; 1; 162
443; 539; 2; 1; 188
531; 381; 1; 2; 200
627; 459; 2; 1; 204
621; 617; 1; 2; 213
552; 430; 2; 1; 228
446; 536; 2; 1; 243
516; 628; 1; 2; 261
538; 427; 2; 1; 262
439; 524; 1; 2; 264
372; 412; 1; 2; 280
537; 618; 1; 2; 283
378; 559; 1; 2; 292
604; 623; 2; 1; 298
401; 483; 2; 1; 300
439; 433; 2; 1; 303
604; 480; 1; 2; 306
567; 557; 1; 2; 307
525; 508; 1; 2; 308
574; 603; 1; 2; 315
586; 618; 2; 1; 317
393; 629; 2; 1; 320
431; 422; 2; 1; 329
480; 367; 2; 1; 364
396; 462; 2; 1; 366
514; 483; 1; 2; 377
397; 378; 2; 1; 384
447; 526; 1; 2; 398
615; 615; 2; 1; 404
395; 557; 1; 2; 405
573; 535; 1; 2; 411
524; 387; 1; 2; 417
524; 594; 2; 1; 430
456; 426; 2; 1; 430
533; 536; 2; 1; 452
376; 555; 2; 1; 455
618; 615; 2; 1; 459
616; 455; 2; 1; 460
436; 584; 1; 2; 460
538; 589; 2; 1; 462
621; 404; 1; 2; 478
596; 506; 1; 2; 481
381; 447; 1; 2; 482
534; 572; 2; 1; 486
394; 571; 1; 2; 489
491; 604; 2; 1; 499
570; 550; 1; 2; 524
608; 528; 2; 1; 527
625; 389; 2; 1; 537
404; 457; 1; 2; 546
437; 392; 1; 2; 557
627; 527; 2; 1; 562
505; 506; 2; 1; 571
538; 546; 2; 1; 572
614; 415; 2; 1; 577
399; 505; 2; 1; 581
546; 442; 2; 1; 582
506; 488; 1; 2; 588
624; 555; 2; 1; 601
444; 380; 2; 1; 616
415; 549; 2; 1; 620
492; 478; 2; 1; 622
619; 457; 1; 2; 627
413; 557; 1; 2; 660
560; 412; 2; 1; 670
405; 433; 2; 1; 681
470; 458; 1; 2; 689
386; 391; 1; 2; 689
619; 631; 1; 2; 699
498; 441; 1; 2; 716
625; 504; 2; 1; 736
633; 520; 1; 2; 742
599; 564; 1; 2; 742
605; 425; 2; 1; 744
605; 587; 1; 2; 749
511; 510; 1; 2; 751
632; 530; 2; 1; 754
518; 621; 2; 1; 756
564; 477; 2; 1; 774
436; 446; 1; 2; 779
593; 521; 1; 2; 781
416; 393; 2; 1; 782
556; 583; 1; 2; 793
465; 553; 2; 1; 795
534; 505; 2; 1; 810
402; 547; 1; 2; 813
403; 614; 2; 1; 831
558; 437; 1; 2; 832
460; 503; 1; 2; 835
368; 447; 2; 1; 835
459; 530; 2; 1; 835
624; 426; 1; 2; 836
466; 384; 2; 1; 837
449; 553; 2; 1; 840
397; 554; 2; 1; 849
596; 571; 1; 2; 857
368; 383; 2; 1; 872
446; 475; 2; 1; 873
443; 581; 1; 2; 877
625; 505; 2; 1; 885
437; 622; 1; 2; 885
393; 404; 2; 1; 888
381; 504; 1; 2; 892
461; 444; 2; 1; 896
513; 602; 2; 1; 902
27
15; 1; 25; 2853
0; 1; 25; 4923
7; 1; 47; 5354
18; 1; 29; 7221
10; 1; 3; 11772
11; 1; 3; 13375
3; 1; 12; 13453
6; 1; 14; 14266
12; 1; 21; 14636
20; 1; 42; 15071
17; 1; 20; 17665
24; 1; 47; 18619
13; 1; 28; 23365
19; 1; 14; 24671
1; 1; 4; 25320
23; 1; 30; 25967
2; 1; 15; 28062
21; 1; 12; 29771
5; 1; 6; 30925
26; 1; 13; 31458
8; 1; 10; 31779
22; 1; 26; 32501
9; 1; 15; 42422
14; 1; 43; 48718
4; 1; 43; 51118
16; 1; 4; 58650
25; 1; 46; 60357
