**** 809 ****
123
560; 443; 1; 2; 7
626; 580; 1; 2; 11
442; 486; 1; 2; 12
546; 434; 2; 1; 25
553; 380; 2; 1; 29
530; 566; 2; 1; 31
395; 594; 2; 1; 41
469; 556; 1; 2; 44
378; 405; 2; 1; 59
601; 591; 1; 2; 69
379; 383; 1; 2; 71
436; 423; 1; 2; 75
413; 369; 2; 1; 76
562; 435; 1; 2; 94
584; 474; 1; 2; 103
444; 588; 1; 2; 103
536; 479; 2; 1; 105
422; 549; 1; 2; 107
378; 479; 1; 2; 118
420; 407; 2; 1; 118
624; 368; 2; 1; 127
517; 602; 2; 1; 130
625; 622; 1; 2; 133
578; 607; 2; 1; 138
583; 515; 1; 2; 155
380; 565; 2; 1; 157
628; 497; 1; 2; 169
534; 620; 2; 1; 184
560; 528; 1; 2; 205
594; 457; 1; 2; 227
367; 429; 1; 2; 236
627; 435; 1; 2; 252
605; 482; 1; 2; 259
520; 511; 1; 2; 263
508; 446; 1; 2; 279
617; 443; 2; 1; 282
437; 587; 2; 1; 286
591; 564; 1; 2; 296
388; 537; 1; 2; 297
369; 513; 1; 2; 299
477; 424; 1; 2; 306
566; 379; 1; 2; 307
373; 444; 2; 1; 312
581; 444; 2; 1; 336
484; 499; 1; 2; 343
630; 587; 2; 1; 353
520; 399; 2; 1; 357
492; 379; 1; 2; 366
519; 366; 2; 1; 368
623; 373; 1; 2; 371
500; 491; 2; 1; 375
402; 418; 2; 1; 399
494; 506; 1; 2; 415
469; 517; 2; 1; 417
541; 521; 2; 1; 417
617; 488; 2; 1; 429
479; 442; 1; 2; 431
442; 420; 1; 2; 436
508; 592; 2; 1; 446
446; 393; 2; 1; 450
481; 467; 1; 2; 475
582; 596; 1; 2; 479
596; 422; 2; 1; 483
502; 595; 1; 2; 487
589; 431; 2; 1; 490
596; 589; 1; 2; 493
378; 529; 2; 1; 493
369; 396; 1; 2; 496
404; 511; 1; 2; 497
564; 552; 1; 2; 500
607; 610; 1; 2; 511
520; 493; 1; 2; 511
459; 425; 2; 1; 513
564; 605; 2; 1; 528
548; 526; 2; 1; 533
581; 492; 1; 2; 533
439; 589; 1; 2; 537
615; 559; 1; 2; 541
387; 585; 2; 1; 541
630; 504; 1; 2; 546
435; 602; 1; 2; 549
386; 584; 2; 1; 569
515; 580; 1; 2; 579
437; 543; 1; 2; 579
396; 620; 1; 2; 582
375; 474; 1; 2; 595
567; 436; 1; 2; 601
466; 440; 2; 1; 608
577; 619; 1; 2; 618
413; 423; 1; 2; 630
455; 431; 2; 1; 666
624; 510; 2; 1; 673
437; 553; 1; 2; 677
565; 496; 2; 1; 690
593; 441; 2; 1; 690
472; 599; 2; 1; 692
551; 620; 2; 1; 705
531; 469; 1; 2; 719
564; 514; 1; 2; 719
433; 445; 2; 1; 719
592; 466; 1; 2; 730
577; 557; 1; 2; 736
468; 570; 2; 1; 739
476; 484; 2; 1; 742
393; 500; 1; 2; 753
376; 463; 2; 1; 753
496; 411; 1; 2; 787
376; 625; 2; 1; 806
406; 440; 2; 1; 807
420; 451; 1; 2; 807
398; 390; 2; 1; 818
497; 539; 2; 1; 819
524; 369; 1; 2; 845
370; 528; 1; 2; 846
494; 457; 2; 1; 850
616; 371; 2; 1; 851
632; 566; 2; 1; 860
397; 444; 2; 1; 861
499; 432; 1; 2; 872
517; 499; 2; 1; 882
456; 429; 2; 1; 883
421; 617; 1; 2; 903
375; 425; 1; 2; 905
27
16; 1; 6; 3684
14; 1; 14; 6129
20; 1; 48; 6501
6; 1; 10; 6748
2; 1; 19; 7172
13; 1; 45; 7408
23; 1; 1; 7822
10; 1; 9; 10912
25; 1; 43; 12746
11; 1; 47; 16488
18; 1; 44; 17756
21; 1; 34; 19637
0; 1; 32; 20509
26; 1; 2; 30356
7; 1; 13; 32991
3; 1; 28; 35361
12; 1; 14; 35908
4; 1; 31; 39109
22; 1; 23; 40106
1; 1; 7; 40188
8; 1; 39; 42910
19; 1; 30; 46089
9; 1; 38; 52457
5; 1; 20; 53864
24; 1; 30; 56063
17; 1; 26; 59190
15; 1; 1; 61643
