**** 81 ****
57
80; 48; 2; 1; 0
54; 58; 2; 1; 0
43; 76; 2; 1; 10
96; 59; 1; 2; 14
64; 93; 2; 1; 21
90; 56; 2; 1; 29
90; 63; 2; 1; 31
70; 67; 2; 1; 32
49; 47; 2; 1; 33
71; 57; 1; 2; 38
47; 50; 2; 1; 40
82; 94; 1; 2; 40
49; 87; 2; 1; 42
43; 37; 1; 2; 44
75; 94; 2; 1; 49
83; 50; 2; 1; 49
88; 36; 1; 2; 51
99; 46; 1; 2; 51
90; 97; 1; 2; 52
59; 104; 2; 1; 57
100; 90; 1; 2; 58
44; 36; 2; 1; 63
102; 61; 2; 1; 63
71; 66; 1; 2; 63
40; 82; 1; 2; 64
61; 105; 2; 1; 64
66; 87; 2; 1; 72
86; 38; 2; 1; 72
72; 99; 1; 2; 73
71; 98; 2; 1; 74
80; 99; 2; 1; 78
54; 68; 1; 2; 95
85; 90; 2; 1; 97
44; 48; 1; 2; 98
86; 61; 2; 1; 98
98; 105; 2; 1; 99
47; 98; 1; 2; 100
105; 75; 2; 1; 109
90; 105; 2; 1; 110
100; 79; 2; 1; 111
55; 74; 1; 2; 111
100; 80; 2; 1; 114
59; 73; 2; 1; 115
101; 52; 2; 1; 115
102; 65; 1; 2; 125
78; 61; 2; 1; 130
89; 64; 2; 1; 137
56; 83; 2; 1; 144
68; 95; 1; 2; 145
96; 46; 2; 1; 150
97; 43; 1; 2; 152
74; 82; 2; 1; 156
89; 44; 1; 2; 160
36; 78; 1; 2; 161
52; 58; 1; 2; 163
64; 93; 1; 2; 173
36; 84; 1; 2; 176
14
11; 1; 47; 569
8; 1; 31; 870
10; 1; 42; 1207
4; 1; 2; 1589
12; 1; 10; 1717
5; 1; 44; 1760
2; 1; 2; 2051
7; 1; 31; 2477
0; 1; 25; 2644
6; 1; 33; 3146
3; 1; 22; 3730
13; 1; 23; 3771
1; 1; 30; 4194
9; 1; 43; 4301
