**** 810 ****
123
533; 598; 1; 2; 0
585; 518; 1; 2; 11
367; 447; 1; 2; 13
473; 533; 1; 2; 15
421; 522; 1; 2; 18
474; 467; 1; 2; 20
482; 489; 2; 1; 24
547; 632; 1; 2; 34
585; 570; 1; 2; 42
478; 419; 1; 2; 44
467; 475; 1; 2; 49
458; 549; 2; 1; 57
413; 383; 2; 1; 57
570; 565; 1; 2; 72
620; 439; 1; 2; 72
626; 496; 1; 2; 80
475; 606; 2; 1; 86
501; 496; 1; 2; 88
542; 430; 2; 1; 96
603; 527; 1; 2; 102
501; 434; 2; 1; 103
591; 428; 1; 2; 116
392; 566; 2; 1; 117
378; 618; 1; 2; 119
608; 476; 2; 1; 132
434; 557; 1; 2; 140
603; 482; 1; 2; 143
384; 502; 2; 1; 149
576; 523; 2; 1; 149
411; 374; 2; 1; 154
412; 557; 1; 2; 163
518; 569; 1; 2; 165
459; 524; 2; 1; 191
526; 397; 1; 2; 199
625; 532; 2; 1; 210
572; 376; 2; 1; 221
374; 445; 1; 2; 225
403; 593; 1; 2; 227
376; 428; 1; 2; 261
600; 498; 1; 2; 267
415; 617; 1; 2; 272
578; 443; 2; 1; 279
455; 542; 2; 1; 280
527; 435; 2; 1; 281
508; 523; 1; 2; 287
437; 435; 2; 1; 293
443; 445; 2; 1; 295
513; 458; 2; 1; 304
559; 544; 1; 2; 311
522; 438; 2; 1; 328
541; 533; 2; 1; 330
453; 508; 1; 2; 335
524; 596; 1; 2; 352
416; 391; 1; 2; 356
399; 562; 1; 2; 369
609; 591; 1; 2; 376
493; 619; 2; 1; 400
578; 411; 1; 2; 418
419; 630; 1; 2; 422
387; 395; 1; 2; 426
516; 514; 2; 1; 428
419; 546; 1; 2; 441
406; 396; 1; 2; 446
417; 627; 1; 2; 470
445; 407; 1; 2; 476
404; 393; 1; 2; 478
500; 482; 1; 2; 481
601; 514; 1; 2; 493
614; 585; 2; 1; 511
554; 575; 2; 1; 518
526; 551; 2; 1; 519
486; 479; 2; 1; 547
493; 582; 1; 2; 561
621; 462; 2; 1; 573
501; 381; 2; 1; 586
498; 510; 2; 1; 587
587; 543; 1; 2; 589
569; 543; 1; 2; 593
554; 601; 1; 2; 602
426; 525; 2; 1; 618
517; 507; 1; 2; 628
507; 459; 1; 2; 629
608; 513; 1; 2; 633
581; 457; 1; 2; 644
588; 531; 2; 1; 669
454; 494; 2; 1; 673
551; 400; 2; 1; 682
561; 597; 1; 2; 702
452; 428; 2; 1; 705
527; 460; 1; 2; 709
606; 570; 2; 1; 716
460; 369; 2; 1; 733
595; 442; 1; 2; 733
461; 373; 2; 1; 734
597; 452; 2; 1; 737
418; 408; 2; 1; 737
497; 512; 1; 2; 742
496; 471; 1; 2; 755
400; 379; 2; 1; 764
574; 423; 2; 1; 765
410; 372; 1; 2; 766
389; 384; 1; 2; 768
561; 632; 2; 1; 771
631; 437; 1; 2; 788
478; 494; 2; 1; 809
629; 542; 2; 1; 810
514; 586; 1; 2; 816
459; 396; 2; 1; 821
413; 517; 2; 1; 825
575; 609; 1; 2; 830
494; 522; 1; 2; 834
399; 461; 2; 1; 834
566; 407; 1; 2; 838
507; 526; 2; 1; 844
483; 512; 1; 2; 847
576; 422; 2; 1; 858
600; 607; 1; 2; 867
551; 484; 2; 1; 887
577; 628; 1; 2; 889
453; 618; 2; 1; 893
544; 487; 1; 2; 896
524; 575; 1; 2; 901
586; 591; 2; 1; 905
27
3; 1; 33; 1705
14; 1; 7; 4023
0; 1; 12; 5293
1; 1; 49; 7006
4; 1; 12; 7435
24; 1; 11; 8114
20; 1; 2; 12915
11; 1; 2; 20948
26; 1; 15; 21054
5; 1; 39; 21618
23; 1; 11; 23915
9; 1; 40; 26884
2; 1; 47; 27279
6; 1; 23; 31656
22; 1; 9; 31910
12; 1; 28; 33023
15; 1; 7; 36391
21; 1; 41; 36756
10; 1; 9; 37307
25; 1; 24; 38044
18; 1; 14; 42586
19; 1; 16; 46980
13; 1; 32; 47277
16; 1; 31; 51399
8; 1; 34; 54771
7; 1; 9; 55979
17; 1; 2; 59061
