**** 811 ****
123
569; 399; 1; 2; 1
422; 455; 2; 1; 2
504; 378; 2; 1; 7
633; 586; 2; 1; 12
541; 490; 1; 2; 20
509; 385; 2; 1; 20
493; 633; 2; 1; 24
434; 425; 2; 1; 25
534; 395; 2; 1; 29
530; 404; 2; 1; 35
398; 402; 2; 1; 36
407; 572; 2; 1; 55
607; 521; 1; 2; 58
376; 508; 1; 2; 60
489; 570; 1; 2; 64
549; 381; 1; 2; 70
507; 423; 2; 1; 74
580; 604; 1; 2; 81
437; 460; 1; 2; 82
471; 628; 2; 1; 101
565; 378; 2; 1; 102
556; 527; 1; 2; 104
461; 410; 2; 1; 106
527; 492; 1; 2; 135
421; 384; 1; 2; 164
458; 626; 1; 2; 171
524; 423; 1; 2; 185
398; 426; 1; 2; 193
435; 391; 2; 1; 200
403; 582; 2; 1; 203
613; 601; 2; 1; 207
589; 581; 2; 1; 208
564; 420; 1; 2; 213
457; 603; 2; 1; 214
434; 404; 1; 2; 215
579; 427; 2; 1; 217
424; 595; 2; 1; 227
604; 445; 1; 2; 232
598; 530; 1; 2; 239
605; 607; 2; 1; 250
499; 603; 1; 2; 259
466; 569; 2; 1; 267
580; 584; 2; 1; 277
629; 633; 2; 1; 282
466; 374; 2; 1; 303
558; 606; 2; 1; 304
465; 425; 2; 1; 318
481; 518; 1; 2; 319
391; 499; 1; 2; 330
484; 510; 2; 1; 335
424; 448; 2; 1; 338
496; 524; 1; 2; 342
388; 547; 1; 2; 356
382; 504; 2; 1; 356
516; 548; 1; 2; 389
632; 403; 1; 2; 397
536; 618; 2; 1; 398
608; 419; 1; 2; 399
476; 597; 2; 1; 403
563; 369; 2; 1; 407
458; 412; 2; 1; 417
567; 552; 2; 1; 420
397; 597; 1; 2; 421
550; 450; 2; 1; 422
514; 614; 1; 2; 451
468; 433; 1; 2; 455
500; 597; 2; 1; 458
378; 396; 1; 2; 463
527; 592; 2; 1; 477
388; 576; 2; 1; 486
434; 542; 2; 1; 491
619; 629; 1; 2; 491
541; 405; 2; 1; 502
551; 612; 2; 1; 504
405; 571; 1; 2; 505
371; 437; 1; 2; 512
505; 548; 1; 2; 517
448; 614; 2; 1; 521
476; 627; 2; 1; 540
587; 514; 2; 1; 542
411; 581; 1; 2; 572
417; 546; 1; 2; 574
501; 446; 1; 2; 575
388; 613; 1; 2; 577
395; 544; 1; 2; 585
602; 464; 1; 2; 588
568; 413; 2; 1; 588
388; 540; 1; 2; 601
489; 518; 2; 1; 601
553; 602; 1; 2; 607
549; 537; 2; 1; 629
535; 449; 2; 1; 636
478; 595; 2; 1; 640
530; 392; 2; 1; 647
546; 534; 1; 2; 649
394; 544; 1; 2; 652
575; 591; 1; 2; 653
374; 412; 1; 2; 653
401; 500; 2; 1; 656
464; 504; 2; 1; 662
400; 576; 2; 1; 683
387; 560; 1; 2; 690
512; 381; 1; 2; 697
387; 590; 1; 2; 713
593; 370; 1; 2; 722
421; 400; 2; 1; 724
570; 518; 1; 2; 737
484; 567; 1; 2; 738
619; 491; 1; 2; 789
420; 511; 1; 2; 807
604; 588; 2; 1; 808
392; 397; 2; 1; 811
400; 434; 2; 1; 817
381; 463; 1; 2; 856
499; 452; 1; 2; 864
414; 593; 1; 2; 866
529; 620; 1; 2; 867
464; 510; 2; 1; 868
594; 484; 2; 1; 887
392; 387; 1; 2; 891
476; 403; 2; 1; 898
574; 392; 1; 2; 898
529; 527; 1; 2; 904
27
3; 1; 26; 4444
15; 1; 48; 10023
19; 1; 3; 10073
20; 1; 7; 10279
16; 1; 8; 13431
24; 1; 33; 15519
7; 1; 33; 15859
13; 1; 8; 17087
14; 1; 44; 21947
22; 1; 6; 25402
2; 1; 30; 27915
4; 1; 23; 29163
12; 1; 2; 29579
26; 1; 43; 31382
5; 1; 28; 31749
8; 1; 5; 31952
1; 1; 25; 32170
0; 1; 40; 32686
11; 1; 8; 43127
21; 1; 38; 43353
10; 1; 36; 43878
6; 1; 35; 45089
23; 1; 31; 45380
18; 1; 14; 49390
17; 1; 11; 49516
25; 1; 27; 53543
9; 1; 5; 57184
