**** 812 ****
123
552; 470; 1; 2; 21
371; 390; 2; 1; 23
420; 547; 2; 1; 29
421; 550; 2; 1; 36
531; 481; 2; 1; 44
473; 442; 1; 2; 52
418; 406; 1; 2; 54
523; 584; 1; 2; 62
509; 383; 2; 1; 63
458; 460; 2; 1; 74
366; 480; 2; 1; 74
491; 582; 1; 2; 80
411; 609; 2; 1; 83
366; 617; 1; 2; 84
398; 601; 2; 1; 84
526; 454; 1; 2; 89
477; 568; 1; 2; 95
632; 457; 2; 1; 118
491; 482; 1; 2; 144
583; 513; 2; 1; 145
523; 596; 1; 2; 147
456; 598; 2; 1; 150
589; 498; 1; 2; 158
371; 469; 1; 2; 163
620; 577; 2; 1; 175
548; 452; 2; 1; 175
372; 458; 2; 1; 190
466; 561; 2; 1; 193
383; 599; 1; 2; 203
631; 418; 1; 2; 214
608; 602; 1; 2; 218
543; 376; 1; 2; 220
504; 426; 1; 2; 244
471; 411; 1; 2; 248
417; 501; 1; 2; 256
510; 630; 1; 2; 263
489; 402; 2; 1; 270
474; 385; 2; 1; 283
391; 467; 1; 2; 306
371; 631; 2; 1; 324
523; 417; 2; 1; 345
490; 629; 1; 2; 348
621; 616; 2; 1; 348
514; 541; 2; 1; 356
402; 447; 2; 1; 376
375; 607; 2; 1; 403
454; 508; 1; 2; 410
427; 448; 1; 2; 424
604; 379; 2; 1; 428
402; 487; 2; 1; 429
426; 403; 1; 2; 431
547; 417; 2; 1; 444
532; 513; 1; 2; 453
475; 403; 2; 1; 461
427; 580; 2; 1; 463
532; 470; 2; 1; 480
397; 494; 1; 2; 486
513; 533; 2; 1; 491
452; 492; 1; 2; 495
475; 457; 2; 1; 498
400; 593; 2; 1; 498
555; 600; 2; 1; 502
414; 564; 1; 2; 507
573; 392; 2; 1; 509
576; 567; 2; 1; 510
626; 617; 2; 1; 516
476; 460; 2; 1; 522
588; 482; 1; 2; 522
589; 546; 1; 2; 523
565; 378; 2; 1; 530
507; 495; 1; 2; 533
579; 617; 1; 2; 555
390; 537; 1; 2; 558
608; 618; 1; 2; 567
616; 499; 2; 1; 573
559; 599; 1; 2; 577
625; 415; 2; 1; 586
583; 556; 1; 2; 588
535; 620; 2; 1; 588
572; 426; 1; 2; 596
409; 369; 1; 2; 597
384; 624; 2; 1; 604
581; 618; 1; 2; 604
549; 587; 2; 1; 617
538; 489; 1; 2; 631
549; 560; 1; 2; 633
430; 531; 2; 1; 635
462; 391; 1; 2; 636
496; 484; 2; 1; 648
632; 534; 1; 2; 650
598; 583; 2; 1; 670
367; 594; 2; 1; 680
523; 472; 1; 2; 691
448; 525; 2; 1; 699
402; 483; 2; 1; 701
528; 562; 2; 1; 729
426; 501; 2; 1; 740
411; 397; 1; 2; 740
398; 544; 2; 1; 743
633; 622; 2; 1; 766
430; 439; 1; 2; 774
621; 478; 1; 2; 785
619; 473; 1; 2; 789
626; 391; 2; 1; 790
523; 388; 1; 2; 795
424; 592; 2; 1; 796
400; 492; 1; 2; 806
576; 596; 1; 2; 811
599; 401; 1; 2; 820
444; 566; 2; 1; 823
459; 580; 2; 1; 829
367; 394; 1; 2; 849
483; 396; 2; 1; 851
633; 508; 1; 2; 852
405; 621; 1; 2; 852
551; 398; 2; 1; 854
631; 434; 2; 1; 861
420; 420; 2; 1; 862
508; 568; 2; 1; 873
453; 405; 1; 2; 873
566; 557; 1; 2; 879
600; 466; 2; 1; 894
562; 562; 1; 2; 906
27
11; 1; 40; 527
4; 1; 40; 2124
20; 1; 19; 4784
15; 1; 3; 8592
1; 1; 47; 16472
8; 1; 24; 23996
21; 1; 36; 24054
23; 1; 22; 28730
24; 1; 24; 28987
0; 1; 32; 32567
5; 1; 46; 34605
16; 1; 13; 35864
25; 1; 9; 36130
14; 1; 22; 36359
26; 1; 9; 37791
3; 1; 27; 44111
13; 1; 35; 45244
17; 1; 7; 45517
10; 1; 20; 46793
18; 1; 40; 47405
7; 1; 31; 47843
9; 1; 11; 50441
19; 1; 5; 53234
12; 1; 12; 55074
2; 1; 42; 55432
22; 1; 23; 55934
6; 1; 12; 56255
