**** 813 ****
123
556; 609; 1; 2; 13
623; 407; 2; 1; 15
455; 466; 1; 2; 18
622; 550; 2; 1; 21
486; 603; 2; 1; 23
407; 412; 1; 2; 25
442; 585; 1; 2; 26
556; 570; 1; 2; 36
459; 518; 1; 2; 44
587; 496; 1; 2; 61
574; 585; 2; 1; 63
420; 600; 1; 2; 64
401; 615; 2; 1; 69
600; 537; 1; 2; 75
484; 564; 1; 2; 86
489; 544; 1; 2; 91
572; 577; 1; 2; 94
373; 589; 1; 2; 94
388; 597; 1; 2; 94
392; 603; 2; 1; 99
561; 579; 2; 1; 105
493; 378; 1; 2; 111
527; 598; 1; 2; 117
576; 413; 2; 1; 127
382; 606; 1; 2; 131
410; 561; 1; 2; 141
530; 497; 2; 1; 144
537; 418; 1; 2; 151
383; 393; 1; 2; 151
622; 473; 1; 2; 160
404; 440; 2; 1; 166
573; 499; 1; 2; 193
516; 385; 1; 2; 202
618; 479; 2; 1; 215
473; 444; 2; 1; 224
455; 487; 1; 2; 225
527; 490; 1; 2; 253
587; 536; 1; 2; 263
571; 400; 2; 1; 275
391; 480; 2; 1; 276
571; 369; 2; 1; 279
445; 538; 1; 2; 297
553; 628; 1; 2; 306
417; 487; 1; 2; 343
475; 539; 1; 2; 345
383; 477; 2; 1; 349
436; 578; 2; 1; 359
487; 374; 2; 1; 359
399; 455; 1; 2; 385
432; 597; 1; 2; 388
525; 522; 2; 1; 390
596; 406; 2; 1; 390
486; 609; 1; 2; 396
483; 595; 1; 2; 412
492; 407; 2; 1; 413
460; 493; 2; 1; 427
622; 508; 1; 2; 440
412; 420; 1; 2; 443
461; 476; 2; 1; 446
388; 530; 2; 1; 449
539; 552; 2; 1; 451
507; 454; 2; 1; 452
451; 469; 1; 2; 453
404; 369; 1; 2; 458
577; 516; 1; 2; 480
449; 592; 2; 1; 483
545; 450; 1; 2; 485
624; 446; 1; 2; 505
608; 519; 1; 2; 512
619; 478; 1; 2; 514
515; 368; 2; 1; 516
547; 498; 1; 2; 533
532; 484; 2; 1; 533
539; 459; 1; 2; 539
495; 407; 2; 1; 543
537; 597; 2; 1; 562
517; 571; 1; 2; 569
530; 631; 1; 2; 578
511; 482; 2; 1; 580
577; 450; 1; 2; 595
603; 399; 1; 2; 607
403; 451; 1; 2; 610
633; 578; 2; 1; 614
620; 428; 1; 2; 614
631; 474; 1; 2; 615
366; 519; 1; 2; 616
400; 382; 2; 1; 620
543; 465; 1; 2; 630
569; 462; 2; 1; 642
379; 513; 2; 1; 650
543; 382; 2; 1; 654
367; 380; 2; 1; 658
494; 527; 1; 2; 659
598; 455; 2; 1; 671
518; 483; 1; 2; 673
568; 400; 1; 2; 684
521; 582; 2; 1; 702
468; 534; 2; 1; 736
369; 452; 2; 1; 757
560; 391; 1; 2; 767
371; 518; 2; 1; 774
500; 420; 2; 1; 781
630; 633; 2; 1; 782
598; 537; 1; 2; 785
434; 378; 2; 1; 785
463; 540; 2; 1; 791
579; 585; 2; 1; 794
568; 387; 2; 1; 803
380; 464; 1; 2; 817
509; 517; 2; 1; 821
370; 431; 1; 2; 825
580; 586; 2; 1; 845
509; 395; 1; 2; 857
554; 615; 2; 1; 862
409; 578; 1; 2; 864
463; 535; 1; 2; 871
588; 375; 2; 1; 878
605; 505; 1; 2; 880
493; 508; 1; 2; 881
633; 409; 1; 2; 888
537; 372; 2; 1; 897
466; 504; 2; 1; 905
618; 472; 1; 2; 907
27
19; 1; 17; 2246
22; 1; 45; 3127
8; 1; 17; 3343
1; 1; 33; 3897
20; 1; 20; 6141
9; 1; 29; 11602
4; 1; 45; 12791
7; 1; 11; 14766
6; 1; 5; 19344
0; 1; 47; 23162
5; 1; 25; 25029
15; 1; 48; 31157
23; 1; 46; 31877
13; 1; 43; 35015
21; 1; 36; 40106
24; 1; 29; 41618
26; 1; 24; 42964
17; 1; 28; 43824
10; 1; 24; 43861
2; 1; 46; 44123
25; 1; 8; 45919
16; 1; 26; 47345
11; 1; 40; 52269
3; 1; 35; 55537
18; 1; 41; 56075
14; 1; 39; 57202
12; 1; 5; 58357
