**** 814 ****
124
542; 472; 2; 1; 0
380; 631; 2; 1; 5
553; 454; 1; 2; 22
585; 593; 1; 2; 27
450; 493; 2; 1; 64
578; 469; 2; 1; 68
398; 506; 1; 2; 70
578; 607; 2; 1; 77
582; 393; 1; 2; 77
505; 435; 1; 2; 88
639; 425; 1; 2; 90
596; 407; 2; 1; 97
612; 489; 2; 1; 103
380; 573; 2; 1; 104
595; 499; 2; 1; 107
506; 453; 2; 1; 126
479; 443; 1; 2; 138
573; 446; 2; 1; 148
524; 517; 2; 1; 153
430; 592; 2; 1; 154
544; 462; 2; 1; 155
499; 386; 2; 1; 166
479; 475; 1; 2; 167
631; 517; 2; 1; 177
581; 460; 2; 1; 180
501; 394; 2; 1; 188
421; 563; 2; 1; 192
518; 528; 1; 2; 200
382; 640; 2; 1; 204
433; 520; 2; 1; 206
572; 465; 1; 2; 207
450; 638; 2; 1; 208
421; 572; 1; 2; 211
470; 631; 1; 2; 220
499; 518; 1; 2; 225
601; 594; 1; 2; 234
467; 427; 2; 1; 248
607; 458; 2; 1; 250
371; 626; 2; 1; 262
444; 441; 2; 1; 268
639; 399; 2; 1; 272
501; 635; 1; 2; 274
373; 560; 1; 2; 275
469; 479; 1; 2; 285
531; 461; 1; 2; 285
474; 428; 2; 1; 288
394; 385; 1; 2; 293
606; 496; 1; 2; 303
619; 534; 2; 1; 312
525; 386; 2; 1; 325
607; 451; 1; 2; 329
582; 433; 2; 1; 330
577; 554; 2; 1; 330
458; 592; 2; 1; 332
548; 533; 1; 2; 373
414; 386; 1; 2; 375
541; 394; 1; 2; 383
410; 483; 2; 1; 387
451; 461; 1; 2; 394
592; 406; 1; 2; 403
384; 498; 1; 2; 411
383; 627; 1; 2; 419
437; 597; 2; 1; 431
591; 552; 2; 1; 432
536; 499; 2; 1; 433
526; 496; 2; 1; 457
463; 419; 2; 1; 461
567; 433; 1; 2; 463
520; 569; 2; 1; 476
430; 385; 1; 2; 493
402; 549; 2; 1; 500
588; 479; 1; 2; 510
567; 518; 1; 2; 538
620; 398; 2; 1; 547
596; 375; 2; 1; 551
372; 609; 2; 1; 551
592; 378; 1; 2; 559
458; 411; 2; 1; 586
487; 636; 2; 1; 589
570; 633; 1; 2; 598
639; 515; 2; 1; 599
479; 380; 2; 1; 611
529; 395; 2; 1; 620
576; 640; 2; 1; 621
561; 490; 2; 1; 623
524; 572; 1; 2; 629
574; 605; 1; 2; 634
432; 519; 2; 1; 634
503; 500; 2; 1; 651
467; 555; 1; 2; 655
596; 624; 2; 1; 672
533; 475; 1; 2; 697
527; 485; 2; 1; 706
488; 640; 2; 1; 713
469; 431; 1; 2; 716
373; 409; 1; 2; 721
506; 449; 1; 2; 729
408; 521; 2; 1; 750
483; 636; 2; 1; 750
414; 608; 1; 2; 752
487; 498; 2; 1; 756
487; 555; 1; 2; 760
547; 390; 2; 1; 762
595; 632; 1; 2; 767
424; 426; 1; 2; 771
371; 398; 1; 2; 777
516; 580; 1; 2; 780
487; 620; 1; 2; 780
575; 463; 2; 1; 784
379; 501; 1; 2; 785
606; 384; 2; 1; 788
490; 375; 1; 2; 790
616; 568; 1; 2; 818
475; 568; 2; 1; 819
433; 577; 1; 2; 838
631; 465; 2; 1; 853
507; 416; 2; 1; 853
386; 524; 2; 1; 855
596; 397; 1; 2; 859
445; 513; 2; 1; 868
431; 628; 1; 2; 896
597; 635; 2; 1; 896
411; 444; 1; 2; 896
387; 599; 2; 1; 908
27
19; 1; 7; 664
0; 1; 28; 1201
23; 1; 28; 12937
20; 1; 47; 17053
18; 1; 15; 18498
25; 1; 2; 23617
6; 1; 27; 24786
14; 1; 32; 24892
17; 1; 3; 25243
7; 1; 41; 25656
15; 1; 12; 25915
4; 1; 24; 26079
11; 1; 17; 30627
21; 1; 6; 33549
5; 1; 5; 33901
13; 1; 44; 33951
1; 1; 31; 35938
2; 1; 23; 39924
12; 1; 40; 42764
16; 1; 13; 47252
8; 1; 31; 48257
10; 1; 23; 50094
3; 1; 15; 55403
24; 1; 11; 58034
9; 1; 49; 58794
26; 1; 15; 59588
22; 1; 19; 63253
