**** 815 ****
124
415; 388; 1; 2; 4
627; 481; 2; 1; 6
460; 528; 1; 2; 12
551; 499; 2; 1; 14
410; 522; 1; 2; 16
468; 417; 1; 2; 24
618; 440; 2; 1; 40
544; 623; 2; 1; 48
526; 401; 1; 2; 50
610; 549; 2; 1; 59
619; 399; 1; 2; 76
564; 636; 1; 2; 77
574; 386; 2; 1; 83
482; 382; 2; 1; 101
551; 454; 2; 1; 126
405; 616; 2; 1; 128
534; 428; 1; 2; 134
607; 407; 1; 2; 148
508; 448; 1; 2; 153
500; 519; 2; 1; 157
417; 485; 1; 2; 166
500; 476; 2; 1; 182
540; 519; 2; 1; 198
524; 514; 1; 2; 212
426; 593; 2; 1; 219
514; 499; 1; 2; 220
462; 442; 2; 1; 226
507; 567; 1; 2; 232
555; 378; 1; 2; 237
636; 508; 2; 1; 249
374; 529; 1; 2; 249
513; 641; 2; 1; 251
524; 491; 2; 1; 263
523; 513; 2; 1; 267
456; 456; 2; 1; 277
565; 592; 2; 1; 278
461; 596; 1; 2; 278
519; 574; 2; 1; 291
521; 515; 1; 2; 295
527; 376; 1; 2; 311
386; 620; 2; 1; 312
463; 387; 2; 1; 322
631; 565; 1; 2; 329
563; 378; 2; 1; 341
405; 617; 1; 2; 360
580; 535; 1; 2; 368
480; 564; 1; 2; 369
415; 535; 2; 1; 395
510; 616; 2; 1; 404
396; 608; 1; 2; 438
460; 501; 2; 1; 453
404; 383; 1; 2; 454
609; 632; 2; 1; 471
410; 568; 2; 1; 476
526; 583; 2; 1; 482
613; 473; 1; 2; 484
441; 425; 1; 2; 492
449; 564; 1; 2; 494
442; 552; 1; 2; 496
610; 533; 2; 1; 500
408; 627; 2; 1; 502
521; 397; 2; 1; 504
505; 574; 1; 2; 508
375; 567; 1; 2; 512
477; 591; 2; 1; 517
410; 443; 1; 2; 520
505; 556; 1; 2; 533
578; 535; 2; 1; 563
639; 504; 2; 1; 572
398; 641; 2; 1; 604
405; 590; 2; 1; 604
470; 519; 2; 1; 608
418; 425; 2; 1; 613
469; 413; 2; 1; 614
527; 591; 1; 2; 614
576; 385; 2; 1; 615
567; 524; 1; 2; 637
627; 534; 2; 1; 647
423; 377; 2; 1; 678
546; 581; 2; 1; 679
605; 505; 1; 2; 689
503; 382; 1; 2; 690
399; 521; 2; 1; 693
619; 465; 2; 1; 696
556; 634; 1; 2; 701
396; 404; 2; 1; 711
572; 429; 2; 1; 716
378; 514; 2; 1; 728
597; 379; 2; 1; 741
463; 441; 2; 1; 745
443; 458; 2; 1; 748
404; 404; 1; 2; 748
526; 438; 1; 2; 758
428; 526; 1; 2; 760
499; 375; 1; 2; 764
511; 418; 2; 1; 771
440; 379; 1; 2; 778
405; 504; 2; 1; 792
608; 602; 1; 2; 797
427; 436; 2; 1; 798
597; 482; 1; 2; 804
469; 497; 1; 2; 815
593; 533; 1; 2; 815
389; 499; 1; 2; 817
629; 385; 2; 1; 817
373; 411; 1; 2; 825
515; 531; 1; 2; 827
623; 522; 1; 2; 830
516; 472; 2; 1; 830
571; 377; 1; 2; 835
464; 491; 2; 1; 845
534; 415; 1; 2; 852
594; 447; 2; 1; 865
594; 399; 2; 1; 869
567; 496; 2; 1; 876
464; 628; 1; 2; 881
628; 391; 1; 2; 886
450; 384; 2; 1; 892
495; 545; 2; 1; 894
539; 523; 2; 1; 896
431; 448; 2; 1; 900
565; 567; 1; 2; 901
394; 607; 1; 2; 903
420; 636; 1; 2; 910
27
3; 1; 41; 220
22; 1; 35; 1532
2; 1; 22; 2914
16; 1; 36; 6388
5; 1; 23; 7487
1; 1; 21; 8247
9; 1; 13; 12099
13; 1; 45; 12609
24; 1; 35; 14448
7; 1; 43; 15845
4; 1; 28; 17335
12; 1; 28; 17542
6; 1; 10; 18001
14; 1; 49; 24962
0; 1; 32; 33931
25; 1; 11; 36644
19; 1; 27; 37886
8; 1; 15; 40844
17; 1; 9; 44691
21; 1; 15; 50700
20; 1; 48; 52596
11; 1; 43; 54129
15; 1; 14; 54449
26; 1; 10; 54469
23; 1; 19; 56917
10; 1; 35; 57780
18; 1; 22; 62896
