**** 816 ****
124
471; 373; 1; 2; 47
479; 477; 2; 1; 52
380; 622; 1; 2; 56
373; 575; 1; 2; 57
521; 478; 2; 1; 62
464; 608; 2; 1; 67
461; 467; 1; 2; 73
408; 573; 1; 2; 75
575; 375; 1; 2; 80
530; 553; 1; 2; 83
421; 603; 2; 1; 91
560; 573; 2; 1; 93
629; 522; 1; 2; 98
453; 518; 1; 2; 99
463; 520; 1; 2; 104
586; 377; 2; 1; 106
604; 544; 1; 2; 118
621; 627; 2; 1; 133
544; 423; 2; 1; 134
398; 518; 1; 2; 137
476; 468; 2; 1; 145
559; 527; 1; 2; 156
461; 415; 1; 2; 167
515; 426; 1; 2; 192
457; 463; 2; 1; 194
591; 448; 1; 2; 198
513; 449; 2; 1; 202
380; 626; 1; 2; 205
385; 612; 1; 2; 206
385; 512; 2; 1; 218
489; 602; 1; 2; 219
454; 395; 1; 2; 223
373; 388; 1; 2; 225
498; 590; 1; 2; 228
639; 417; 1; 2; 251
632; 639; 2; 1; 252
426; 401; 1; 2; 264
579; 641; 1; 2; 268
424; 469; 2; 1; 272
402; 381; 1; 2; 293
502; 408; 1; 2; 294
632; 414; 1; 2; 306
385; 460; 1; 2; 313
416; 548; 1; 2; 325
511; 540; 1; 2; 330
590; 504; 2; 1; 344
382; 538; 2; 1; 347
567; 622; 2; 1; 348
631; 506; 1; 2; 348
470; 401; 1; 2; 357
526; 606; 1; 2; 360
640; 409; 1; 2; 368
593; 556; 1; 2; 380
547; 604; 1; 2; 386
510; 551; 2; 1; 408
569; 480; 2; 1; 410
524; 615; 2; 1; 414
404; 614; 2; 1; 417
514; 479; 2; 1; 434
584; 486; 2; 1; 434
387; 384; 2; 1; 445
637; 527; 1; 2; 449
448; 419; 1; 2; 454
498; 452; 2; 1; 456
575; 373; 1; 2; 457
599; 545; 2; 1; 459
511; 373; 2; 1; 460
517; 449; 2; 1; 469
434; 465; 2; 1; 471
393; 483; 2; 1; 477
487; 582; 1; 2; 485
373; 549; 1; 2; 487
372; 462; 1; 2; 515
627; 418; 2; 1; 533
535; 477; 1; 2; 543
422; 618; 2; 1; 543
442; 532; 1; 2; 545
552; 627; 2; 1; 563
402; 508; 2; 1; 566
575; 434; 2; 1; 575
605; 603; 1; 2; 577
496; 478; 2; 1; 581
596; 542; 1; 2; 582
375; 546; 1; 2; 585
372; 459; 2; 1; 598
601; 568; 2; 1; 600
621; 447; 1; 2; 611
555; 414; 1; 2; 614
609; 454; 2; 1; 637
538; 463; 1; 2; 641
404; 482; 1; 2; 652
422; 527; 2; 1; 656
408; 421; 2; 1; 660
403; 411; 2; 1; 663
512; 437; 1; 2; 675
567; 557; 2; 1; 687
506; 616; 1; 2; 687
418; 404; 1; 2; 692
495; 610; 2; 1; 703
480; 513; 2; 1; 703
617; 418; 1; 2; 717
640; 527; 2; 1; 736
420; 378; 1; 2; 737
437; 502; 2; 1; 738
474; 606; 1; 2; 739
538; 470; 2; 1; 740
619; 416; 2; 1; 744
388; 617; 1; 2; 750
564; 569; 2; 1; 754
509; 564; 1; 2; 766
400; 564; 1; 2; 767
451; 637; 1; 2; 774
594; 377; 1; 2; 784
406; 565; 1; 2; 786
551; 617; 1; 2; 799
393; 468; 1; 2; 809
394; 405; 2; 1; 827
638; 422; 2; 1; 830
578; 455; 2; 1; 863
564; 522; 2; 1; 863
454; 441; 2; 1; 887
570; 437; 1; 2; 906
582; 582; 1; 2; 908
585; 545; 2; 1; 913
27
13; 1; 34; 973
21; 1; 22; 4129
6; 1; 49; 4305
8; 1; 30; 5000
17; 1; 40; 10116
3; 1; 33; 12563
0; 1; 19; 15505
9; 1; 5; 16065
16; 1; 43; 24318
11; 1; 2; 27295
15; 1; 42; 29825
1; 1; 14; 31731
23; 1; 25; 33666
26; 1; 5; 34791
10; 1; 21; 35008
24; 1; 7; 37416
18; 1; 11; 41328
7; 1; 11; 41877
22; 1; 9; 43241
20; 1; 20; 43510
4; 1; 12; 49114
12; 1; 24; 49624
2; 1; 18; 57354
19; 1; 46; 58097
14; 1; 12; 59519
5; 1; 6; 60979
25; 1; 49; 61094
