**** 817 ****
124
436; 604; 2; 1; 12
414; 566; 2; 1; 14
590; 590; 1; 2; 32
532; 589; 1; 2; 46
637; 397; 2; 1; 52
415; 386; 1; 2; 63
537; 421; 1; 2; 72
446; 521; 1; 2; 87
396; 585; 2; 1; 91
371; 586; 1; 2; 99
401; 513; 2; 1; 101
586; 567; 2; 1; 105
446; 491; 1; 2; 106
468; 375; 2; 1; 117
414; 469; 1; 2; 125
508; 614; 2; 1; 126
565; 632; 1; 2; 129
630; 528; 2; 1; 132
599; 449; 1; 2; 138
572; 541; 1; 2; 138
488; 511; 1; 2; 144
385; 448; 2; 1; 147
640; 478; 1; 2; 149
569; 563; 2; 1; 171
510; 603; 1; 2; 178
462; 573; 1; 2; 191
619; 501; 1; 2; 191
525; 579; 1; 2; 201
585; 624; 1; 2; 202
388; 510; 2; 1; 211
530; 421; 1; 2; 218
637; 479; 2; 1; 220
550; 546; 1; 2; 232
403; 423; 1; 2; 234
601; 555; 1; 2; 238
545; 469; 2; 1; 245
471; 452; 2; 1; 250
463; 475; 2; 1; 274
385; 406; 2; 1; 277
474; 617; 1; 2; 301
500; 545; 2; 1; 309
555; 406; 2; 1; 314
399; 502; 1; 2; 319
507; 408; 2; 1; 327
576; 494; 1; 2; 340
444; 488; 2; 1; 342
580; 568; 1; 2; 348
402; 440; 2; 1; 355
398; 616; 2; 1; 381
621; 391; 1; 2; 382
442; 479; 2; 1; 387
610; 609; 1; 2; 392
447; 371; 2; 1; 398
437; 549; 2; 1; 411
454; 547; 1; 2; 416
505; 638; 2; 1; 420
520; 592; 1; 2; 424
419; 434; 2; 1; 425
389; 539; 2; 1; 428
394; 524; 1; 2; 429
418; 601; 1; 2; 435
639; 615; 2; 1; 436
638; 417; 2; 1; 436
638; 614; 1; 2; 442
573; 493; 2; 1; 442
463; 561; 2; 1; 457
432; 633; 2; 1; 459
410; 425; 1; 2; 464
563; 520; 1; 2; 468
557; 632; 2; 1; 468
440; 503; 2; 1; 474
519; 640; 1; 2; 477
503; 622; 1; 2; 477
550; 474; 2; 1; 478
439; 488; 2; 1; 481
414; 450; 1; 2; 507
507; 428; 2; 1; 510
541; 513; 1; 2; 512
601; 625; 2; 1; 520
617; 374; 1; 2; 524
510; 382; 1; 2; 530
634; 618; 2; 1; 532
612; 615; 1; 2; 534
471; 613; 1; 2; 543
434; 640; 2; 1; 543
455; 415; 1; 2; 547
374; 489; 2; 1; 550
505; 449; 1; 2; 557
635; 441; 1; 2; 563
422; 413; 2; 1; 568
427; 519; 1; 2; 578
471; 374; 1; 2; 582
503; 443; 1; 2; 589
635; 548; 2; 1; 590
446; 509; 2; 1; 597
595; 607; 2; 1; 605
474; 552; 1; 2; 609
464; 507; 1; 2; 611
486; 507; 2; 1; 628
421; 497; 1; 2; 652
417; 476; 2; 1; 676
511; 607; 1; 2; 677
568; 470; 2; 1; 682
595; 395; 2; 1; 710
470; 617; 1; 2; 725
484; 417; 1; 2; 751
551; 604; 1; 2; 755
596; 470; 1; 2; 761
479; 519; 1; 2; 768
405; 482; 2; 1; 774
586; 476; 1; 2; 784
518; 575; 2; 1; 806
454; 557; 1; 2; 818
552; 574; 2; 1; 824
601; 538; 1; 2; 829
522; 552; 2; 1; 835
516; 533; 1; 2; 840
451; 528; 1; 2; 844
488; 549; 2; 1; 848
466; 444; 1; 2; 864
582; 517; 1; 2; 871
569; 381; 2; 1; 904
579; 500; 1; 2; 905
468; 568; 1; 2; 908
27
24; 1; 35; 220
5; 1; 41; 1378
7; 1; 34; 6267
6; 1; 3; 6979
13; 1; 25; 13773
1; 1; 21; 18721
8; 1; 4; 22539
2; 1; 18; 23913
10; 1; 9; 26759
25; 1; 26; 28237
20; 1; 31; 29966
14; 1; 12; 31288
22; 1; 33; 32439
3; 1; 45; 32792
23; 1; 10; 33058
0; 1; 39; 33930
26; 1; 7; 34272
16; 1; 29; 35486
21; 1; 35; 42816
19; 1; 16; 43039
15; 1; 2; 49244
12; 1; 6; 53080
4; 1; 17; 53207
9; 1; 16; 57257
17; 1; 26; 57745
18; 1; 22; 61180
11; 1; 34; 61214
