**** 818 ****
124
395; 377; 2; 1; 2
578; 425; 2; 1; 5
595; 508; 1; 2; 10
493; 470; 2; 1; 17
499; 464; 1; 2; 18
493; 425; 2; 1; 19
521; 420; 2; 1; 21
539; 484; 2; 1; 26
554; 622; 2; 1; 48
558; 516; 2; 1; 57
617; 436; 2; 1; 59
466; 607; 1; 2; 66
497; 640; 1; 2; 70
636; 482; 2; 1; 89
487; 377; 2; 1; 90
457; 498; 1; 2; 93
375; 483; 1; 2; 93
559; 381; 1; 2; 110
439; 601; 2; 1; 117
384; 440; 1; 2; 132
395; 616; 2; 1; 143
606; 439; 2; 1; 148
561; 485; 2; 1; 152
634; 422; 1; 2; 157
535; 527; 1; 2; 168
499; 609; 1; 2; 171
453; 621; 1; 2; 175
468; 404; 1; 2; 194
521; 564; 2; 1; 201
554; 526; 1; 2; 202
615; 403; 2; 1; 210
432; 438; 1; 2; 211
547; 575; 1; 2; 217
560; 398; 1; 2; 223
622; 497; 1; 2; 227
413; 488; 2; 1; 244
594; 381; 2; 1; 249
481; 486; 2; 1; 253
439; 635; 1; 2; 259
518; 596; 2; 1; 259
499; 502; 2; 1; 259
615; 519; 2; 1; 267
613; 607; 1; 2; 272
548; 483; 2; 1; 275
390; 411; 2; 1; 276
408; 447; 1; 2; 285
377; 482; 1; 2; 299
592; 621; 1; 2; 310
402; 453; 1; 2; 312
587; 583; 2; 1; 319
569; 394; 1; 2; 320
527; 457; 2; 1; 322
568; 613; 2; 1; 324
511; 517; 2; 1; 325
547; 609; 1; 2; 346
481; 609; 1; 2; 347
554; 615; 1; 2; 349
614; 435; 2; 1; 358
576; 380; 2; 1; 360
373; 574; 1; 2; 375
550; 619; 2; 1; 396
603; 639; 1; 2; 400
549; 630; 1; 2; 409
496; 505; 1; 2; 413
383; 561; 1; 2; 413
640; 391; 2; 1; 429
388; 540; 1; 2; 432
634; 468; 1; 2; 441
596; 398; 2; 1; 451
468; 376; 1; 2; 452
555; 604; 2; 1; 452
635; 596; 1; 2; 456
413; 384; 2; 1; 458
620; 544; 1; 2; 461
630; 623; 2; 1; 511
511; 428; 1; 2; 526
493; 402; 1; 2; 539
391; 639; 2; 1; 544
534; 533; 1; 2; 556
446; 619; 1; 2; 556
383; 540; 1; 2; 568
451; 421; 1; 2; 572
493; 580; 1; 2; 574
462; 616; 2; 1; 574
615; 641; 1; 2; 577
569; 617; 1; 2; 605
444; 417; 1; 2; 606
495; 510; 2; 1; 608
429; 405; 2; 1; 623
495; 429; 1; 2; 630
624; 458; 2; 1; 644
415; 389; 2; 1; 655
613; 464; 1; 2; 658
596; 633; 2; 1; 671
558; 382; 1; 2; 673
627; 582; 2; 1; 681
533; 559; 1; 2; 702
380; 533; 1; 2; 703
556; 592; 1; 2; 709
527; 577; 1; 2; 711
395; 469; 1; 2; 732
409; 543; 1; 2; 746
617; 412; 1; 2; 747
559; 570; 1; 2; 753
443; 582; 2; 1; 758
514; 441; 2; 1; 779
520; 601; 2; 1; 804
550; 400; 2; 1; 814
528; 617; 2; 1; 815
612; 514; 2; 1; 819
435; 495; 1; 2; 829
534; 414; 2; 1; 838
598; 476; 1; 2; 838
493; 563; 1; 2; 842
479; 616; 2; 1; 843
568; 373; 1; 2; 850
593; 559; 2; 1; 864
481; 453; 1; 2; 869
417; 464; 2; 1; 877
629; 455; 2; 1; 878
463; 627; 2; 1; 884
413; 564; 2; 1; 887
450; 412; 1; 2; 908
467; 390; 1; 2; 916
27
4; 1; 40; 3167
14; 1; 41; 4876
0; 1; 49; 5678
1; 1; 6; 6628
7; 1; 11; 9871
22; 1; 6; 10210
21; 1; 11; 13139
20; 1; 12; 13941
8; 1; 36; 15164
18; 1; 27; 16594
26; 1; 15; 18027
23; 1; 1; 20072
19; 1; 33; 21180
2; 1; 44; 21231
5; 1; 22; 22787
16; 1; 14; 28875
13; 1; 42; 29173
3; 1; 4; 33380
10; 1; 6; 42283
6; 1; 10; 45137
9; 1; 11; 45403
24; 1; 21; 49028
15; 1; 23; 50342
12; 1; 20; 52314
11; 1; 4; 56724
25; 1; 17; 58861
17; 1; 17; 59178
