**** 819 ****
124
588; 526; 2; 1; 3
405; 637; 2; 1; 8
499; 408; 1; 2; 8
639; 461; 1; 2; 22
609; 621; 1; 2; 26
483; 381; 2; 1; 29
377; 558; 2; 1; 32
514; 452; 2; 1; 33
641; 376; 2; 1; 46
451; 571; 2; 1; 67
439; 382; 1; 2; 79
410; 519; 2; 1; 80
464; 636; 1; 2; 81
547; 528; 2; 1; 84
608; 449; 2; 1; 91
470; 631; 1; 2; 92
471; 487; 1; 2; 110
617; 519; 2; 1; 113
640; 553; 1; 2; 127
542; 607; 2; 1; 137
631; 433; 2; 1; 142
471; 544; 2; 1; 150
630; 626; 1; 2; 154
455; 614; 1; 2; 157
621; 581; 1; 2; 167
394; 489; 2; 1; 168
630; 597; 2; 1; 173
457; 581; 1; 2; 183
541; 625; 2; 1; 198
494; 541; 2; 1; 208
411; 553; 2; 1; 211
596; 460; 1; 2; 215
440; 589; 2; 1; 218
487; 610; 2; 1; 222
577; 426; 1; 2; 222
499; 377; 2; 1; 227
524; 510; 1; 2; 228
468; 567; 1; 2; 232
501; 484; 2; 1; 242
545; 494; 2; 1; 255
440; 606; 2; 1; 265
512; 584; 2; 1; 268
540; 537; 1; 2; 281
381; 379; 1; 2; 287
376; 409; 1; 2; 290
533; 611; 2; 1; 291
581; 610; 1; 2; 293
382; 510; 2; 1; 293
502; 522; 1; 2; 299
519; 619; 2; 1; 316
519; 548; 1; 2; 317
385; 535; 2; 1; 325
438; 493; 2; 1; 328
460; 396; 1; 2; 331
629; 591; 2; 1; 343
451; 588; 1; 2; 351
389; 527; 1; 2; 371
516; 607; 1; 2; 396
499; 374; 1; 2; 415
490; 503; 2; 1; 425
566; 377; 2; 1; 436
390; 567; 2; 1; 445
571; 373; 2; 1; 450
406; 621; 2; 1; 462
578; 441; 2; 1; 471
434; 517; 2; 1; 481
403; 497; 2; 1; 481
562; 621; 1; 2; 511
623; 431; 1; 2; 523
428; 441; 1; 2; 526
408; 417; 1; 2; 536
521; 505; 1; 2; 540
636; 445; 1; 2; 549
453; 610; 1; 2; 550
458; 591; 2; 1; 553
599; 506; 2; 1; 554
470; 614; 1; 2; 556
535; 422; 2; 1; 557
423; 592; 2; 1; 558
446; 459; 2; 1; 564
499; 599; 1; 2; 572
505; 623; 2; 1; 577
616; 397; 2; 1; 580
416; 392; 1; 2; 582
414; 623; 2; 1; 592
397; 610; 1; 2; 602
412; 383; 2; 1; 614
525; 469; 1; 2; 622
619; 488; 1; 2; 624
625; 556; 1; 2; 625
616; 582; 2; 1; 625
617; 389; 1; 2; 628
455; 480; 1; 2; 637
518; 469; 2; 1; 640
546; 598; 1; 2; 643
512; 538; 1; 2; 648
387; 636; 2; 1; 669
375; 377; 1; 2; 678
608; 445; 1; 2; 684
443; 519; 1; 2; 699
540; 464; 1; 2; 710
629; 485; 1; 2; 711
483; 481; 2; 1; 716
639; 426; 2; 1; 726
577; 538; 2; 1; 732
517; 463; 2; 1; 733
491; 453; 2; 1; 760
415; 456; 1; 2; 764
418; 601; 1; 2; 770
513; 610; 1; 2; 780
541; 456; 2; 1; 792
586; 455; 2; 1; 808
442; 630; 2; 1; 816
570; 627; 1; 2; 818
456; 541; 2; 1; 820
463; 488; 1; 2; 821
568; 636; 2; 1; 829
421; 405; 1; 2; 839
536; 640; 1; 2; 855
623; 476; 2; 1; 870
471; 461; 1; 2; 891
623; 399; 1; 2; 902
633; 578; 1; 2; 906
479; 585; 2; 1; 910
27
23; 1; 5; 630
11; 1; 9; 4625
8; 1; 36; 6750
13; 1; 45; 7546
2; 1; 9; 7698
12; 1; 14; 9194
5; 1; 24; 9515
7; 1; 3; 10331
18; 1; 42; 11756
21; 1; 2; 11949
10; 1; 8; 14008
20; 1; 13; 26336
1; 1; 22; 27127
3; 1; 5; 35080
6; 1; 34; 35818
0; 1; 10; 38438
19; 1; 43; 40282
9; 1; 16; 40668
25; 1; 25; 44863
14; 1; 38; 45575
15; 1; 41; 50458
26; 1; 31; 54928
17; 1; 49; 56254
16; 1; 22; 58296
4; 1; 36; 58932
24; 1; 33; 61789
22; 1; 41; 62110
