**** 82 ****
57
64; 104; 2; 1; 6
74; 67; 1; 2; 6
44; 40; 1; 2; 7
83; 52; 2; 1; 7
78; 44; 1; 2; 8
37; 49; 1; 2; 9
38; 37; 2; 1; 11
78; 59; 2; 1; 11
56; 92; 2; 1; 11
38; 56; 2; 1; 11
61; 50; 1; 2; 11
62; 59; 1; 2; 12
47; 101; 2; 1; 13
74; 85; 2; 1; 17
83; 61; 2; 1; 18
57; 79; 2; 1; 20
51; 57; 2; 1; 21
72; 65; 1; 2; 21
69; 37; 2; 1; 26
69; 85; 1; 2; 34
60; 84; 2; 1; 39
97; 68; 1; 2; 40
45; 38; 2; 1; 45
69; 57; 1; 2; 52
53; 58; 1; 2; 53
41; 65; 2; 1; 55
90; 68; 1; 2; 57
87; 93; 1; 2; 58
105; 75; 1; 2; 68
65; 92; 1; 2; 72
40; 84; 2; 1; 79
88; 37; 2; 1; 82
81; 48; 1; 2; 87
46; 51; 2; 1; 101
79; 56; 2; 1; 103
49; 78; 2; 1; 104
104; 65; 2; 1; 106
36; 71; 1; 2; 107
68; 63; 1; 2; 107
77; 96; 2; 1; 110
58; 45; 2; 1; 112
100; 61; 1; 2; 113
91; 87; 1; 2; 131
71; 63; 2; 1; 131
42; 41; 1; 2; 136
52; 76; 2; 1; 138
89; 97; 2; 1; 150
66; 59; 1; 2; 150
71; 73; 1; 2; 150
71; 102; 1; 2; 152
52; 82; 2; 1; 158
83; 54; 2; 1; 164
95; 51; 1; 2; 167
67; 94; 1; 2; 175
71; 79; 2; 1; 177
86; 90; 2; 1; 178
97; 88; 2; 1; 178
14
9; 1; 30; 56
4; 1; 41; 412
0; 1; 48; 552
10; 1; 14; 611
12; 1; 8; 1355
5; 1; 3; 1461
8; 1; 4; 1467
13; 1; 27; 1666
7; 1; 40; 2138
6; 1; 5; 2380
1; 1; 7; 2901
11; 1; 32; 3054
3; 1; 43; 3465
2; 1; 17; 3803
