**** 820 ****
124
415; 626; 1; 2; 4
496; 459; 2; 1; 27
630; 458; 2; 1; 51
633; 558; 2; 1; 61
557; 490; 1; 2; 63
544; 525; 1; 2; 66
553; 509; 1; 2; 68
633; 542; 2; 1; 76
533; 625; 1; 2; 83
500; 406; 1; 2; 99
538; 533; 1; 2; 102
395; 527; 1; 2; 114
598; 389; 2; 1; 137
416; 487; 2; 1; 143
632; 451; 2; 1; 143
551; 427; 1; 2; 146
502; 598; 2; 1; 146
430; 601; 1; 2; 173
580; 393; 1; 2; 174
578; 430; 2; 1; 178
390; 618; 1; 2; 194
413; 451; 1; 2; 200
533; 591; 1; 2; 202
626; 415; 2; 1; 203
532; 633; 1; 2; 210
507; 436; 2; 1; 210
580; 516; 1; 2; 212
504; 501; 2; 1; 213
617; 489; 1; 2; 217
635; 635; 2; 1; 222
506; 455; 1; 2; 226
556; 577; 2; 1; 236
608; 538; 2; 1; 242
579; 537; 2; 1; 250
530; 530; 2; 1; 252
536; 519; 1; 2; 252
404; 476; 1; 2; 269
380; 393; 2; 1; 272
518; 537; 1; 2; 282
394; 601; 2; 1; 285
414; 569; 1; 2; 303
446; 377; 2; 1; 314
618; 600; 2; 1; 320
517; 579; 1; 2; 322
592; 608; 2; 1; 333
404; 465; 2; 1; 359
447; 463; 1; 2; 372
492; 372; 1; 2; 379
625; 372; 2; 1; 380
492; 410; 1; 2; 381
442; 388; 2; 1; 387
396; 407; 1; 2; 399
414; 433; 1; 2; 400
532; 523; 1; 2; 405
451; 442; 1; 2; 410
391; 565; 2; 1; 412
635; 570; 1; 2; 412
608; 549; 2; 1; 425
464; 631; 1; 2; 426
457; 619; 2; 1; 434
588; 558; 2; 1; 443
467; 403; 1; 2; 445
594; 565; 1; 2; 462
432; 375; 2; 1; 471
638; 448; 1; 2; 475
516; 618; 2; 1; 477
585; 582; 2; 1; 480
535; 382; 2; 1; 482
394; 378; 2; 1; 500
580; 455; 2; 1; 506
583; 462; 1; 2; 511
571; 440; 1; 2; 518
622; 398; 1; 2; 533
557; 616; 2; 1; 541
387; 479; 1; 2; 551
575; 517; 2; 1; 555
412; 474; 2; 1; 558
576; 467; 1; 2; 572
543; 411; 2; 1; 581
407; 426; 1; 2; 582
613; 613; 2; 1; 589
570; 560; 1; 2; 591
473; 460; 2; 1; 610
438; 372; 2; 1; 626
395; 530; 1; 2; 629
473; 582; 2; 1; 643
504; 376; 2; 1; 644
376; 467; 2; 1; 652
390; 574; 1; 2; 654
625; 555; 2; 1; 670
526; 608; 2; 1; 670
516; 420; 2; 1; 680
626; 375; 2; 1; 698
419; 455; 1; 2; 698
444; 525; 2; 1; 699
371; 393; 2; 1; 711
570; 482; 1; 2; 714
407; 626; 1; 2; 717
439; 532; 2; 1; 718
626; 389; 1; 2; 719
476; 386; 1; 2; 726
544; 521; 1; 2; 729
583; 579; 2; 1; 736
434; 504; 1; 2; 736
469; 641; 1; 2; 755
436; 487; 1; 2; 763
463; 389; 1; 2; 778
609; 610; 2; 1; 786
579; 460; 2; 1; 801
418; 602; 1; 2; 804
467; 405; 1; 2; 809
496; 609; 2; 1; 825
403; 577; 1; 2; 826
631; 530; 1; 2; 827
406; 390; 1; 2; 829
455; 627; 1; 2; 833
522; 553; 1; 2; 846
554; 463; 2; 1; 872
502; 536; 2; 1; 873
634; 531; 1; 2; 878
573; 598; 1; 2; 894
473; 467; 2; 1; 896
407; 383; 2; 1; 910
424; 510; 1; 2; 911
27
23; 1; 1; 407
8; 1; 10; 3847
1; 1; 25; 4032
21; 1; 6; 4092
19; 1; 8; 4581
13; 1; 33; 8726
0; 1; 30; 8991
26; 1; 43; 11160
24; 1; 24; 13978
6; 1; 34; 15455
9; 1; 19; 22024
12; 1; 23; 22650
17; 1; 16; 26234
4; 1; 28; 27337
10; 1; 15; 40761
7; 1; 9; 43005
15; 1; 2; 44224
16; 1; 28; 44824
22; 1; 31; 46503
5; 1; 49; 47560
20; 1; 9; 48502
11; 1; 49; 49681
2; 1; 24; 50248
3; 1; 43; 53591
25; 1; 21; 53931
18; 1; 27; 61375
14; 1; 16; 63345
