**** 821 ****
124
496; 608; 2; 1; 5
563; 496; 2; 1; 7
376; 578; 1; 2; 16
633; 506; 1; 2; 17
568; 425; 2; 1; 18
458; 422; 2; 1; 20
382; 484; 2; 1; 25
641; 517; 2; 1; 28
485; 499; 2; 1; 35
411; 527; 1; 2; 37
413; 559; 1; 2; 42
597; 502; 2; 1; 45
512; 594; 2; 1; 47
608; 523; 2; 1; 49
613; 603; 2; 1; 51
393; 525; 2; 1; 60
609; 433; 2; 1; 63
555; 623; 1; 2; 65
551; 396; 1; 2; 75
457; 605; 1; 2; 76
424; 393; 1; 2; 102
429; 507; 1; 2; 110
408; 567; 1; 2; 119
501; 512; 1; 2; 121
466; 453; 1; 2; 122
408; 466; 1; 2; 127
503; 535; 1; 2; 134
584; 469; 2; 1; 138
436; 596; 1; 2; 138
460; 525; 2; 1; 139
638; 454; 2; 1; 152
413; 550; 2; 1; 161
522; 475; 2; 1; 162
562; 529; 2; 1; 168
620; 388; 1; 2; 172
453; 405; 2; 1; 178
411; 478; 2; 1; 203
483; 621; 1; 2; 208
554; 635; 1; 2; 214
414; 457; 1; 2; 215
518; 534; 2; 1; 261
547; 416; 1; 2; 263
487; 422; 1; 2; 264
475; 601; 2; 1; 265
464; 641; 1; 2; 266
570; 525; 2; 1; 267
391; 615; 1; 2; 268
625; 629; 1; 2; 268
507; 510; 2; 1; 270
605; 445; 2; 1; 274
414; 380; 1; 2; 278
407; 397; 2; 1; 286
401; 600; 2; 1; 286
388; 625; 2; 1; 289
398; 405; 2; 1; 298
566; 399; 2; 1; 307
559; 486; 1; 2; 310
429; 417; 2; 1; 313
469; 612; 1; 2; 327
390; 474; 1; 2; 334
589; 433; 1; 2; 348
376; 520; 1; 2; 410
502; 406; 1; 2; 416
491; 441; 1; 2; 420
502; 418; 1; 2; 420
496; 631; 2; 1; 421
545; 404; 2; 1; 431
562; 405; 1; 2; 444
451; 468; 1; 2; 445
541; 396; 2; 1; 460
585; 396; 2; 1; 463
559; 436; 2; 1; 463
589; 522; 1; 2; 469
539; 551; 1; 2; 476
633; 493; 2; 1; 484
569; 494; 1; 2; 486
500; 378; 2; 1; 495
400; 375; 2; 1; 511
456; 449; 2; 1; 515
490; 545; 1; 2; 534
622; 619; 1; 2; 536
622; 537; 1; 2; 541
562; 544; 1; 2; 546
506; 566; 1; 2; 558
543; 384; 1; 2; 566
640; 506; 2; 1; 572
636; 443; 2; 1; 574
586; 458; 1; 2; 595
628; 515; 2; 1; 600
614; 545; 1; 2; 600
382; 497; 2; 1; 612
503; 617; 2; 1; 642
415; 393; 1; 2; 648
395; 385; 2; 1; 660
468; 371; 1; 2; 671
405; 570; 2; 1; 672
515; 579; 2; 1; 676
619; 603; 1; 2; 682
577; 395; 2; 1; 689
427; 452; 1; 2; 690
477; 618; 2; 1; 706
490; 508; 1; 2; 725
502; 384; 1; 2; 731
509; 454; 1; 2; 744
588; 525; 1; 2; 747
522; 436; 1; 2; 752
620; 621; 2; 1; 757
413; 585; 2; 1; 771
573; 411; 1; 2; 775
406; 420; 2; 1; 777
391; 512; 1; 2; 789
441; 564; 2; 1; 790
494; 544; 1; 2; 800
460; 562; 1; 2; 829
490; 511; 2; 1; 834
446; 373; 1; 2; 858
550; 551; 1; 2; 862
452; 599; 1; 2; 873
569; 548; 2; 1; 883
410; 629; 2; 1; 892
584; 488; 2; 1; 901
595; 455; 2; 1; 904
389; 398; 2; 1; 904
588; 482; 2; 1; 909
27
6; 1; 46; 312
18; 1; 8; 4497
21; 1; 28; 9159
14; 1; 41; 10044
1; 1; 45; 13364
7; 1; 35; 24678
2; 1; 25; 25940
22; 1; 32; 28064
25; 1; 13; 32200
17; 1; 44; 34659
3; 1; 27; 34939
9; 1; 12; 36599
8; 1; 26; 37476
13; 1; 32; 38982
19; 1; 17; 41743
10; 1; 14; 41948
15; 1; 12; 42178
12; 1; 31; 44851
20; 1; 23; 46523
16; 1; 13; 47003
5; 1; 45; 52057
11; 1; 44; 52555
4; 1; 6; 54618
24; 1; 8; 54935
0; 1; 33; 57670
23; 1; 42; 60681
26; 1; 46; 61789
