**** 822 ****
124
544; 520; 2; 1; 4
386; 638; 2; 1; 8
395; 427; 2; 1; 9
504; 438; 2; 1; 11
556; 443; 1; 2; 11
527; 577; 1; 2; 12
441; 489; 1; 2; 12
581; 567; 1; 2; 16
512; 436; 2; 1; 22
540; 595; 1; 2; 25
592; 621; 2; 1; 33
564; 436; 2; 1; 35
544; 613; 1; 2; 47
524; 619; 1; 2; 59
394; 582; 2; 1; 61
484; 466; 1; 2; 83
455; 634; 2; 1; 83
577; 461; 2; 1; 94
489; 496; 1; 2; 99
508; 494; 2; 1; 99
489; 609; 1; 2; 116
447; 513; 2; 1; 120
485; 480; 1; 2; 125
390; 631; 1; 2; 129
566; 391; 1; 2; 132
385; 373; 2; 1; 152
425; 381; 2; 1; 162
469; 510; 1; 2; 164
431; 598; 1; 2; 164
535; 532; 1; 2; 168
513; 472; 2; 1; 176
631; 530; 1; 2; 184
534; 641; 1; 2; 190
552; 640; 1; 2; 194
637; 439; 2; 1; 197
590; 591; 2; 1; 199
412; 381; 1; 2; 218
495; 475; 2; 1; 222
460; 535; 2; 1; 248
457; 514; 1; 2; 260
494; 494; 2; 1; 272
447; 616; 1; 2; 278
447; 607; 2; 1; 282
546; 541; 2; 1; 283
458; 466; 2; 1; 317
521; 630; 1; 2; 326
573; 425; 2; 1; 331
518; 566; 2; 1; 336
476; 446; 1; 2; 342
484; 411; 1; 2; 344
586; 614; 2; 1; 352
466; 446; 2; 1; 355
582; 472; 1; 2; 368
627; 434; 2; 1; 372
402; 601; 2; 1; 374
588; 550; 2; 1; 378
417; 459; 1; 2; 400
459; 538; 1; 2; 408
592; 494; 2; 1; 412
385; 585; 2; 1; 416
542; 624; 1; 2; 443
624; 524; 1; 2; 446
616; 459; 2; 1; 464
414; 411; 1; 2; 465
471; 641; 2; 1; 476
514; 453; 2; 1; 479
404; 419; 1; 2; 483
414; 390; 1; 2; 483
556; 638; 2; 1; 484
637; 627; 1; 2; 500
500; 384; 2; 1; 509
635; 532; 2; 1; 512
467; 388; 2; 1; 516
488; 498; 1; 2; 521
428; 631; 1; 2; 541
466; 472; 2; 1; 543
513; 418; 2; 1; 549
381; 455; 2; 1; 579
425; 394; 1; 2; 615
622; 471; 1; 2; 622
578; 519; 2; 1; 628
527; 577; 1; 2; 635
562; 449; 1; 2; 638
437; 468; 1; 2; 639
385; 402; 2; 1; 650
632; 538; 1; 2; 652
529; 395; 1; 2; 653
413; 454; 1; 2; 654
542; 478; 2; 1; 672
477; 623; 1; 2; 674
568; 438; 1; 2; 677
401; 421; 2; 1; 678
390; 555; 1; 2; 680
562; 445; 2; 1; 694
572; 596; 1; 2; 695
561; 404; 2; 1; 703
459; 462; 2; 1; 709
555; 447; 1; 2; 719
499; 613; 2; 1; 722
416; 546; 1; 2; 728
623; 630; 2; 1; 730
598; 451; 1; 2; 731
603; 449; 2; 1; 738
526; 542; 1; 2; 753
551; 593; 2; 1; 782
524; 471; 1; 2; 789
638; 613; 2; 1; 790
513; 559; 2; 1; 790
412; 566; 1; 2; 800
571; 532; 1; 2; 832
598; 556; 2; 1; 844
435; 514; 2; 1; 855
577; 472; 2; 1; 857
535; 531; 1; 2; 871
452; 497; 1; 2; 876
483; 614; 2; 1; 878
524; 620; 1; 2; 890
614; 437; 2; 1; 891
486; 633; 2; 1; 893
424; 399; 2; 1; 895
517; 629; 1; 2; 903
373; 411; 2; 1; 905
481; 406; 2; 1; 905
592; 447; 1; 2; 916
27
24; 1; 47; 297
1; 1; 48; 4822
2; 1; 3; 11426
3; 1; 28; 12746
16; 1; 4; 14063
4; 1; 42; 14775
5; 1; 25; 15043
8; 1; 37; 17360
12; 1; 27; 19425
25; 1; 24; 23354
7; 1; 44; 25196
6; 1; 47; 25490
0; 1; 15; 26739
10; 1; 37; 27950
19; 1; 27; 29071
20; 1; 29; 29551
14; 1; 36; 30769
26; 1; 29; 30833
17; 1; 9; 31529
18; 1; 37; 32086
23; 1; 14; 35328
11; 1; 18; 43456
22; 1; 42; 50249
21; 1; 49; 51171
9; 1; 23; 53399
15; 1; 47; 54402
13; 1; 28; 56942
