**** 823 ****
124
634; 435; 2; 1; 7
459; 639; 2; 1; 16
596; 600; 1; 2; 18
496; 375; 2; 1; 34
393; 627; 1; 2; 38
390; 389; 2; 1; 51
612; 495; 1; 2; 53
553; 418; 1; 2; 58
528; 452; 2; 1; 84
506; 614; 1; 2; 98
496; 389; 2; 1; 105
453; 399; 2; 1; 108
490; 427; 1; 2; 110
557; 468; 2; 1; 112
569; 436; 1; 2; 121
608; 488; 1; 2; 123
488; 440; 1; 2; 125
628; 444; 1; 2; 143
416; 556; 2; 1; 152
514; 572; 1; 2; 158
604; 635; 1; 2; 160
563; 402; 1; 2; 174
567; 597; 2; 1; 184
476; 555; 1; 2; 184
454; 499; 2; 1; 187
411; 622; 2; 1; 188
515; 391; 2; 1; 199
460; 545; 2; 1; 209
503; 446; 2; 1; 210
384; 384; 1; 2; 211
393; 489; 1; 2; 232
427; 443; 1; 2; 237
496; 430; 2; 1; 249
508; 614; 1; 2; 250
595; 552; 2; 1; 253
524; 566; 1; 2; 266
609; 544; 2; 1; 274
491; 396; 1; 2; 281
497; 560; 1; 2; 288
382; 516; 1; 2; 289
641; 440; 1; 2; 289
627; 600; 1; 2; 290
483; 437; 2; 1; 294
622; 444; 1; 2; 296
627; 600; 1; 2; 297
386; 517; 1; 2; 308
591; 491; 2; 1; 311
591; 570; 1; 2; 312
506; 605; 2; 1; 315
494; 596; 1; 2; 321
505; 559; 1; 2; 335
503; 592; 2; 1; 336
619; 398; 2; 1; 345
603; 553; 1; 2; 356
401; 589; 2; 1; 373
618; 509; 2; 1; 389
453; 491; 1; 2; 400
491; 558; 2; 1; 403
559; 440; 2; 1; 413
473; 502; 2; 1; 419
620; 484; 2; 1; 420
395; 410; 2; 1; 423
559; 499; 2; 1; 431
599; 386; 2; 1; 433
383; 427; 2; 1; 446
421; 626; 2; 1; 456
404; 376; 1; 2; 463
619; 591; 1; 2; 464
471; 425; 1; 2; 474
630; 524; 2; 1; 484
378; 525; 1; 2; 487
557; 467; 1; 2; 491
388; 561; 1; 2; 500
608; 616; 2; 1; 522
508; 617; 1; 2; 540
373; 481; 1; 2; 542
460; 606; 1; 2; 557
547; 462; 1; 2; 563
456; 561; 2; 1; 572
583; 405; 1; 2; 586
539; 444; 2; 1; 590
581; 428; 1; 2; 604
475; 400; 1; 2; 608
587; 420; 2; 1; 609
627; 429; 2; 1; 621
397; 466; 2; 1; 626
435; 493; 1; 2; 626
560; 574; 1; 2; 628
395; 465; 1; 2; 654
597; 380; 2; 1; 657
396; 504; 1; 2; 667
427; 485; 2; 1; 667
626; 553; 1; 2; 669
493; 583; 2; 1; 670
546; 519; 1; 2; 670
471; 418; 1; 2; 674
410; 502; 1; 2; 676
514; 375; 2; 1; 678
479; 373; 2; 1; 699
489; 506; 1; 2; 702
590; 606; 2; 1; 707
598; 471; 1; 2; 731
531; 488; 1; 2; 741
439; 376; 2; 1; 765
603; 577; 1; 2; 770
447; 629; 1; 2; 780
549; 604; 1; 2; 787
391; 458; 2; 1; 787
429; 567; 1; 2; 814
397; 565; 2; 1; 819
551; 612; 2; 1; 819
560; 575; 2; 1; 820
461; 454; 1; 2; 838
376; 454; 1; 2; 841
600; 630; 2; 1; 844
463; 467; 1; 2; 852
547; 505; 1; 2; 855
515; 547; 2; 1; 858
478; 415; 1; 2; 861
468; 441; 2; 1; 862
399; 626; 2; 1; 873
597; 432; 2; 1; 906
545; 571; 1; 2; 907
500; 555; 1; 2; 921
27
17; 1; 21; 146
22; 1; 47; 1748
23; 1; 6; 9143
5; 1; 30; 9563
20; 1; 45; 12990
21; 1; 18; 15083
12; 1; 42; 15352
19; 1; 40; 19054
4; 1; 39; 20996
16; 1; 27; 21198
24; 1; 2; 23352
25; 1; 30; 29269
13; 1; 41; 38306
10; 1; 35; 39372
18; 1; 27; 39870
6; 1; 46; 40590
0; 1; 28; 41386
14; 1; 49; 44431
26; 1; 31; 44758
3; 1; 45; 48195
9; 1; 48; 48366
1; 1; 6; 49065
11; 1; 5; 50003
7; 1; 38; 52966
2; 1; 19; 57710
15; 1; 45; 58929
8; 1; 45; 59823
