**** 824 ****
124
467; 587; 2; 1; 11
456; 402; 2; 1; 22
388; 372; 1; 2; 24
548; 599; 2; 1; 34
557; 632; 1; 2; 49
587; 403; 2; 1; 55
585; 626; 2; 1; 57
373; 525; 1; 2; 67
490; 394; 2; 1; 67
459; 600; 1; 2; 69
396; 605; 2; 1; 76
420; 516; 2; 1; 76
617; 544; 2; 1; 88
552; 455; 1; 2; 91
475; 579; 1; 2; 94
400; 464; 1; 2; 94
486; 575; 1; 2; 95
432; 580; 1; 2; 102
386; 639; 2; 1; 124
582; 553; 1; 2; 136
412; 477; 2; 1; 140
479; 641; 2; 1; 140
558; 388; 2; 1; 146
618; 470; 2; 1; 147
621; 611; 1; 2; 153
564; 447; 1; 2; 162
519; 586; 2; 1; 173
397; 438; 1; 2; 177
427; 464; 2; 1; 178
407; 550; 2; 1; 182
460; 466; 2; 1; 200
491; 557; 2; 1; 203
547; 386; 1; 2; 212
401; 411; 1; 2; 215
605; 416; 1; 2; 220
492; 588; 1; 2; 236
449; 395; 2; 1; 252
377; 559; 2; 1; 261
380; 599; 2; 1; 285
427; 438; 1; 2; 288
445; 541; 1; 2; 295
442; 439; 2; 1; 312
419; 533; 2; 1; 316
500; 443; 1; 2; 317
404; 452; 2; 1; 330
485; 623; 1; 2; 343
382; 379; 1; 2; 348
503; 640; 1; 2; 354
483; 551; 1; 2; 358
486; 552; 1; 2; 367
582; 574; 1; 2; 368
409; 639; 1; 2; 388
416; 620; 1; 2; 396
521; 392; 1; 2; 401
523; 540; 2; 1; 420
528; 399; 2; 1; 422
630; 414; 1; 2; 424
371; 632; 2; 1; 451
597; 632; 1; 2; 464
448; 422; 2; 1; 471
477; 464; 1; 2; 473
497; 556; 2; 1; 481
493; 378; 2; 1; 483
526; 604; 1; 2; 485
410; 615; 2; 1; 485
378; 427; 1; 2; 493
538; 505; 2; 1; 498
464; 435; 1; 2; 509
605; 424; 2; 1; 515
412; 633; 1; 2; 529
640; 473; 2; 1; 532
391; 628; 2; 1; 535
508; 406; 2; 1; 535
451; 558; 2; 1; 535
627; 466; 1; 2; 538
494; 544; 2; 1; 540
478; 435; 2; 1; 549
385; 400; 2; 1; 550
547; 640; 1; 2; 550
594; 398; 2; 1; 551
609; 429; 1; 2; 560
602; 424; 1; 2; 563
471; 504; 1; 2; 563
440; 417; 1; 2; 572
537; 426; 2; 1; 584
550; 451; 2; 1; 586
596; 417; 1; 2; 590
552; 483; 1; 2; 592
566; 521; 1; 2; 593
626; 473; 2; 1; 621
616; 631; 2; 1; 626
498; 615; 1; 2; 633
565; 638; 2; 1; 641
588; 499; 1; 2; 646
505; 451; 2; 1; 659
404; 512; 2; 1; 664
485; 545; 2; 1; 669
396; 483; 1; 2; 670
566; 619; 1; 2; 671
576; 629; 2; 1; 674
519; 641; 2; 1; 715
547; 435; 2; 1; 746
626; 536; 2; 1; 747
614; 450; 1; 2; 751
629; 425; 1; 2; 752
530; 426; 1; 2; 753
490; 398; 1; 2; 755
446; 550; 2; 1; 775
496; 544; 2; 1; 784
442; 372; 2; 1; 790
585; 599; 1; 2; 793
495; 506; 1; 2; 795
440; 444; 1; 2; 810
428; 531; 1; 2; 842
513; 507; 2; 1; 852
492; 571; 2; 1; 854
546; 470; 2; 1; 854
518; 393; 1; 2; 855
381; 547; 1; 2; 857
406; 565; 1; 2; 874
457; 498; 2; 1; 875
400; 498; 1; 2; 897
624; 487; 2; 1; 910
499; 532; 1; 2; 919
27
7; 1; 8; 3174
2; 1; 10; 5071
4; 1; 11; 6463
1; 1; 23; 7275
0; 1; 6; 7536
25; 1; 41; 7582
19; 1; 37; 12794
20; 1; 37; 13884
12; 1; 18; 14545
23; 1; 42; 14807
17; 1; 16; 16143
10; 1; 32; 19893
5; 1; 3; 29996
14; 1; 47; 31131
15; 1; 15; 36066
16; 1; 48; 36261
6; 1; 29; 39688
24; 1; 14; 44155
26; 1; 41; 45878
11; 1; 14; 46318
8; 1; 29; 52599
13; 1; 25; 52946
22; 1; 43; 53023
9; 1; 15; 53689
3; 1; 41; 55379
21; 1; 14; 57742
18; 1; 39; 59722
