**** 825 ****
125
627; 623; 2; 1; 0
430; 498; 1; 2; 22
620; 414; 2; 1; 28
384; 508; 1; 2; 55
403; 418; 2; 1; 59
480; 411; 2; 1; 60
400; 620; 1; 2; 60
597; 527; 1; 2; 65
508; 587; 1; 2; 66
505; 518; 1; 2; 75
609; 472; 2; 1; 82
434; 643; 2; 1; 87
485; 584; 1; 2; 96
560; 515; 1; 2; 98
631; 546; 2; 1; 109
552; 640; 1; 2; 110
392; 579; 1; 2; 111
570; 603; 1; 2; 111
595; 383; 2; 1; 116
436; 612; 1; 2; 123
633; 546; 2; 1; 125
447; 604; 2; 1; 135
429; 443; 2; 1; 136
504; 442; 2; 1; 144
584; 611; 2; 1; 145
389; 520; 1; 2; 148
637; 409; 1; 2; 148
415; 385; 2; 1; 155
599; 622; 1; 2; 160
551; 638; 1; 2; 176
512; 614; 1; 2; 179
567; 436; 2; 1; 212
606; 467; 1; 2; 214
424; 614; 1; 2; 227
534; 556; 2; 1; 228
395; 586; 1; 2; 231
521; 558; 1; 2; 243
637; 428; 1; 2; 257
448; 384; 2; 1; 261
531; 435; 1; 2; 263
475; 518; 2; 1; 296
645; 624; 2; 1; 297
612; 455; 2; 1; 298
473; 457; 2; 1; 313
387; 608; 2; 1; 338
489; 413; 1; 2; 343
634; 530; 1; 2; 350
564; 603; 1; 2; 351
403; 380; 1; 2; 355
541; 439; 2; 1; 357
563; 481; 2; 1; 361
482; 483; 1; 2; 382
491; 391; 1; 2; 389
404; 483; 1; 2; 391
613; 428; 2; 1; 397
549; 525; 1; 2; 405
523; 478; 2; 1; 415
508; 487; 1; 2; 424
404; 436; 1; 2; 435
432; 578; 1; 2; 438
425; 605; 2; 1; 445
507; 414; 1; 2; 447
516; 608; 2; 1; 447
565; 576; 1; 2; 452
569; 485; 2; 1; 461
568; 494; 1; 2; 467
466; 618; 1; 2; 467
520; 408; 2; 1; 472
403; 544; 2; 1; 476
551; 382; 1; 2; 479
547; 440; 2; 1; 480
588; 398; 2; 1; 487
401; 461; 2; 1; 488
491; 459; 1; 2; 495
608; 433; 1; 2; 499
640; 457; 2; 1; 507
468; 392; 1; 2; 508
440; 504; 1; 2; 518
480; 614; 1; 2; 524
551; 538; 1; 2; 534
552; 450; 1; 2; 548
497; 491; 2; 1; 550
570; 400; 1; 2; 551
460; 400; 2; 1; 589
642; 500; 1; 2; 594
562; 628; 1; 2; 595
628; 439; 1; 2; 603
494; 581; 1; 2; 612
389; 515; 1; 2; 627
416; 515; 1; 2; 627
601; 382; 1; 2; 640
446; 503; 1; 2; 642
380; 443; 2; 1; 642
519; 620; 2; 1; 667
480; 601; 1; 2; 675
484; 509; 2; 1; 678
476; 447; 1; 2; 679
517; 478; 2; 1; 684
506; 633; 2; 1; 686
580; 593; 1; 2; 689
442; 382; 2; 1; 690
620; 410; 2; 1; 695
499; 649; 2; 1; 701
469; 637; 2; 1; 704
543; 433; 2; 1; 708
563; 414; 2; 1; 717
488; 586; 2; 1; 743
477; 644; 1; 2; 789
510; 638; 1; 2; 791
451; 534; 1; 2; 795
475; 550; 1; 2; 805
433; 561; 1; 2; 807
572; 629; 2; 1; 813
576; 457; 2; 1; 818
645; 578; 1; 2; 826
402; 607; 2; 1; 851
576; 552; 2; 1; 855
557; 598; 2; 1; 862
385; 444; 1; 2; 863
428; 648; 1; 2; 869
381; 389; 1; 2; 890
624; 471; 2; 1; 890
585; 444; 2; 1; 897
556; 575; 2; 1; 912
526; 575; 1; 2; 923
27
3; 1; 27; 1812
8; 1; 23; 6698
16; 1; 6; 7050
13; 1; 46; 10481
19; 1; 19; 17664
7; 1; 47; 17891
20; 1; 20; 19830
2; 1; 40; 23977
21; 1; 16; 24766
0; 1; 37; 25524
18; 1; 20; 25933
14; 1; 32; 26184
6; 1; 24; 28298
23; 1; 5; 31992
26; 1; 31; 34945
11; 1; 14; 36013
15; 1; 42; 40424
9; 1; 13; 45369
17; 1; 3; 49624
25; 1; 38; 52257
1; 1; 12; 53679
12; 1; 10; 54496
5; 1; 46; 55625
4; 1; 46; 56181
10; 1; 29; 57390
22; 1; 1; 61088
24; 1; 38; 61823
