**** 826 ****
125
600; 451; 1; 2; 23
465; 484; 1; 2; 27
420; 414; 2; 1; 34
648; 400; 2; 1; 37
491; 537; 2; 1; 55
406; 459; 2; 1; 72
445; 405; 2; 1; 80
624; 513; 2; 1; 96
478; 610; 1; 2; 99
481; 577; 2; 1; 105
501; 609; 2; 1; 105
389; 422; 2; 1; 107
436; 385; 2; 1; 113
524; 520; 2; 1; 118
532; 384; 2; 1; 123
593; 607; 2; 1; 135
546; 414; 2; 1; 139
381; 519; 2; 1; 146
610; 613; 2; 1; 156
458; 622; 1; 2; 163
449; 424; 1; 2; 170
520; 549; 2; 1; 188
473; 386; 2; 1; 195
381; 452; 2; 1; 199
468; 594; 2; 1; 202
589; 577; 1; 2; 205
546; 446; 2; 1; 206
579; 379; 1; 2; 221
564; 611; 1; 2; 223
539; 486; 1; 2; 229
623; 377; 2; 1; 230
467; 622; 2; 1; 232
435; 453; 1; 2; 256
639; 476; 2; 1; 259
533; 492; 2; 1; 262
438; 431; 1; 2; 288
621; 524; 2; 1; 310
570; 627; 1; 2; 313
472; 491; 1; 2; 322
403; 645; 2; 1; 324
530; 414; 1; 2; 327
388; 610; 1; 2; 327
509; 413; 2; 1; 345
623; 540; 1; 2; 346
640; 574; 1; 2; 351
422; 492; 1; 2; 361
518; 412; 2; 1; 362
468; 421; 2; 1; 373
429; 419; 1; 2; 377
399; 465; 1; 2; 381
470; 481; 1; 2; 398
510; 555; 2; 1; 403
417; 572; 1; 2; 407
492; 515; 2; 1; 420
554; 455; 1; 2; 432
579; 567; 1; 2; 457
618; 422; 2; 1; 457
497; 597; 1; 2; 470
516; 519; 1; 2; 471
563; 596; 2; 1; 474
551; 616; 1; 2; 478
499; 392; 2; 1; 486
624; 567; 1; 2; 503
475; 410; 2; 1; 514
469; 620; 1; 2; 514
627; 495; 1; 2; 516
515; 630; 1; 2; 523
416; 639; 2; 1; 528
489; 437; 1; 2; 540
382; 398; 1; 2; 547
395; 541; 2; 1; 547
596; 571; 1; 2; 552
594; 496; 2; 1; 553
527; 475; 2; 1; 586
419; 427; 2; 1; 608
519; 507; 1; 2; 611
378; 649; 2; 1; 615
556; 428; 1; 2; 616
647; 429; 1; 2; 617
570; 501; 1; 2; 632
381; 558; 2; 1; 632
557; 420; 2; 1; 636
624; 595; 2; 1; 637
410; 498; 1; 2; 645
446; 381; 1; 2; 655
616; 611; 2; 1; 659
639; 426; 1; 2; 662
432; 479; 1; 2; 663
390; 450; 1; 2; 687
428; 542; 1; 2; 690
541; 379; 2; 1; 706
408; 573; 1; 2; 706
415; 454; 1; 2; 710
407; 633; 2; 1; 711
533; 541; 2; 1; 712
443; 624; 2; 1; 717
395; 601; 2; 1; 723
641; 563; 2; 1; 744
589; 549; 2; 1; 750
526; 376; 1; 2; 750
384; 518; 1; 2; 752
456; 386; 2; 1; 770
502; 395; 1; 2; 773
565; 576; 1; 2; 774
432; 466; 1; 2; 774
627; 412; 1; 2; 778
473; 539; 1; 2; 785
442; 647; 2; 1; 805
520; 480; 1; 2; 811
638; 523; 1; 2; 815
392; 623; 2; 1; 827
466; 575; 1; 2; 828
457; 527; 1; 2; 837
538; 406; 1; 2; 839
537; 474; 1; 2; 854
433; 559; 2; 1; 865
649; 427; 1; 2; 867
532; 432; 2; 1; 871
498; 590; 2; 1; 876
527; 429; 1; 2; 887
630; 448; 1; 2; 897
560; 632; 1; 2; 898
416; 538; 2; 1; 901
573; 483; 1; 2; 920
594; 430; 1; 2; 922
27
24; 1; 6; 3141
1; 1; 17; 6450
0; 1; 39; 6969
19; 1; 24; 7751
7; 1; 35; 10346
20; 1; 34; 16113
5; 1; 46; 17710
3; 1; 21; 18196
17; 1; 5; 18419
22; 1; 43; 19782
26; 1; 29; 21708
14; 1; 40; 24180
10; 1; 9; 26091
25; 1; 25; 28800
8; 1; 12; 29794
12; 1; 6; 31312
16; 1; 22; 34409
18; 1; 41; 37423
13; 1; 29; 43950
21; 1; 6; 47122
4; 1; 47; 48568
9; 1; 40; 49402
2; 1; 1; 50492
6; 1; 17; 54343
23; 1; 24; 55972
11; 1; 49; 59039
15; 1; 19; 61147
