**** 827 ****
125
415; 397; 2; 1; 4
467; 405; 2; 1; 21
615; 634; 1; 2; 32
521; 591; 2; 1; 49
391; 509; 1; 2; 73
599; 442; 2; 1; 79
579; 643; 2; 1; 83
513; 454; 2; 1; 88
395; 505; 1; 2; 100
555; 538; 1; 2; 100
464; 536; 2; 1; 101
388; 617; 2; 1; 106
616; 628; 1; 2; 116
642; 532; 2; 1; 117
459; 499; 2; 1; 142
624; 451; 1; 2; 153
641; 589; 2; 1; 157
417; 384; 1; 2; 177
430; 436; 2; 1; 178
510; 648; 1; 2; 185
525; 570; 1; 2; 216
557; 399; 1; 2; 221
513; 520; 1; 2; 240
485; 491; 2; 1; 240
586; 645; 1; 2; 255
557; 416; 2; 1; 259
599; 503; 2; 1; 259
410; 582; 2; 1; 265
424; 381; 1; 2; 290
630; 399; 2; 1; 316
480; 603; 2; 1; 319
546; 624; 1; 2; 321
418; 586; 2; 1; 325
413; 442; 1; 2; 333
421; 513; 2; 1; 340
634; 483; 2; 1; 344
623; 419; 1; 2; 355
420; 597; 2; 1; 359
428; 430; 1; 2; 366
406; 564; 2; 1; 373
504; 492; 1; 2; 374
552; 571; 2; 1; 374
488; 523; 2; 1; 379
378; 413; 2; 1; 386
605; 456; 1; 2; 387
505; 395; 2; 1; 402
422; 438; 2; 1; 405
487; 527; 1; 2; 414
508; 386; 2; 1; 415
505; 412; 2; 1; 421
641; 413; 1; 2; 428
550; 607; 2; 1; 430
575; 569; 2; 1; 432
388; 443; 2; 1; 446
604; 415; 2; 1; 447
597; 489; 1; 2; 451
533; 551; 2; 1; 453
506; 506; 2; 1; 462
500; 584; 1; 2; 468
467; 586; 1; 2; 468
498; 485; 1; 2; 468
524; 432; 1; 2; 469
544; 422; 1; 2; 470
646; 633; 2; 1; 473
378; 405; 2; 1; 476
509; 570; 1; 2; 499
580; 510; 1; 2; 502
400; 569; 1; 2; 509
589; 575; 2; 1; 512
440; 537; 1; 2; 516
542; 628; 1; 2; 518
384; 622; 1; 2; 521
588; 600; 1; 2; 525
551; 592; 2; 1; 528
499; 391; 1; 2; 551
380; 607; 1; 2; 554
508; 586; 2; 1; 554
574; 580; 1; 2; 564
613; 472; 2; 1; 564
615; 492; 2; 1; 574
456; 469; 1; 2; 593
575; 422; 1; 2; 605
647; 500; 1; 2; 612
473; 598; 2; 1; 616
481; 494; 2; 1; 624
459; 566; 1; 2; 630
481; 384; 2; 1; 633
430; 462; 2; 1; 643
576; 380; 2; 1; 673
592; 536; 2; 1; 686
539; 582; 1; 2; 687
521; 455; 1; 2; 699
624; 543; 1; 2; 700
588; 413; 2; 1; 702
503; 435; 1; 2; 705
627; 575; 2; 1; 712
524; 614; 1; 2; 714
583; 384; 2; 1; 720
405; 381; 1; 2; 727
488; 457; 1; 2; 730
540; 600; 2; 1; 733
542; 645; 1; 2; 740
472; 412; 2; 1; 741
382; 626; 1; 2; 742
531; 382; 2; 1; 747
631; 486; 2; 1; 754
544; 540; 1; 2; 754
608; 590; 1; 2; 770
570; 451; 2; 1; 775
456; 550; 2; 1; 779
443; 402; 2; 1; 787
534; 508; 2; 1; 795
409; 577; 2; 1; 796
609; 427; 1; 2; 803
537; 456; 1; 2; 839
603; 444; 1; 2; 845
590; 601; 2; 1; 850
384; 485; 2; 1; 862
513; 446; 2; 1; 869
444; 612; 2; 1; 875
510; 632; 1; 2; 882
419; 493; 2; 1; 903
459; 581; 2; 1; 916
474; 566; 1; 2; 921
648; 627; 1; 2; 925
27
2; 1; 29; 3219
16; 1; 16; 3637
14; 1; 45; 8730
26; 1; 41; 15850
3; 1; 10; 17767
6; 1; 35; 18691
12; 1; 36; 20360
21; 1; 17; 23127
18; 1; 13; 23631
23; 1; 24; 27013
24; 1; 15; 28721
4; 1; 10; 37194
20; 1; 27; 40308
5; 1; 8; 40515
0; 1; 38; 41757
15; 1; 31; 45811
22; 1; 1; 46647
8; 1; 20; 47157
13; 1; 42; 48613
9; 1; 33; 49250
17; 1; 1; 55398
10; 1; 1; 55587
1; 1; 48; 55616
11; 1; 17; 56307
25; 1; 23; 59412
19; 1; 6; 60837
7; 1; 32; 63471
