**** 828 ****
125
574; 532; 2; 1; 0
576; 544; 2; 1; 7
509; 642; 1; 2; 10
468; 486; 2; 1; 15
488; 518; 2; 1; 18
465; 607; 2; 1; 37
506; 590; 1; 2; 37
623; 555; 2; 1; 42
434; 553; 2; 1; 52
438; 472; 1; 2; 56
617; 444; 1; 2; 63
617; 453; 1; 2; 64
524; 624; 1; 2; 64
606; 453; 1; 2; 67
399; 571; 2; 1; 74
540; 398; 1; 2; 89
597; 625; 1; 2; 97
580; 467; 2; 1; 122
509; 568; 1; 2; 137
546; 435; 1; 2; 141
410; 436; 1; 2; 142
582; 460; 2; 1; 143
432; 621; 2; 1; 146
474; 592; 1; 2; 170
612; 439; 2; 1; 170
447; 426; 2; 1; 177
597; 455; 1; 2; 177
585; 604; 2; 1; 178
449; 456; 2; 1; 184
643; 576; 2; 1; 189
601; 448; 1; 2; 200
637; 493; 1; 2; 208
575; 524; 1; 2; 210
391; 557; 1; 2; 214
390; 613; 1; 2; 221
409; 623; 1; 2; 223
588; 605; 1; 2; 225
536; 466; 1; 2; 226
514; 543; 2; 1; 229
598; 562; 2; 1; 231
383; 433; 2; 1; 248
510; 387; 2; 1; 251
531; 514; 1; 2; 258
630; 535; 1; 2; 264
635; 395; 2; 1; 265
457; 468; 2; 1; 266
580; 588; 2; 1; 270
618; 512; 2; 1; 276
553; 463; 1; 2; 276
649; 471; 2; 1; 293
514; 450; 1; 2; 293
494; 531; 1; 2; 297
554; 564; 2; 1; 316
530; 485; 2; 1; 316
505; 593; 2; 1; 316
586; 386; 1; 2; 319
502; 613; 2; 1; 336
451; 623; 2; 1; 340
568; 613; 2; 1; 341
568; 624; 2; 1; 346
396; 435; 1; 2; 352
533; 519; 1; 2; 353
515; 469; 2; 1; 363
594; 490; 2; 1; 367
548; 378; 2; 1; 390
574; 548; 1; 2; 395
476; 633; 1; 2; 402
441; 524; 1; 2; 407
578; 388; 2; 1; 412
493; 428; 2; 1; 430
487; 577; 1; 2; 440
641; 480; 2; 1; 441
409; 480; 1; 2; 446
386; 392; 2; 1; 486
615; 579; 2; 1; 487
605; 604; 1; 2; 490
422; 432; 1; 2; 499
504; 637; 2; 1; 504
500; 505; 2; 1; 515
426; 463; 2; 1; 527
404; 627; 1; 2; 554
434; 522; 1; 2; 562
536; 513; 1; 2; 565
626; 481; 1; 2; 567
572; 488; 2; 1; 569
625; 641; 2; 1; 579
648; 379; 1; 2; 581
489; 642; 1; 2; 586
603; 440; 2; 1; 586
464; 620; 2; 1; 597
527; 614; 2; 1; 628
405; 494; 1; 2; 636
509; 613; 2; 1; 641
482; 423; 1; 2; 643
504; 569; 1; 2; 644
510; 601; 1; 2; 656
520; 505; 1; 2; 659
432; 389; 1; 2; 663
405; 575; 1; 2; 667
641; 415; 2; 1; 682
649; 497; 2; 1; 710
443; 388; 2; 1; 714
380; 460; 2; 1; 716
561; 575; 2; 1; 723
536; 552; 1; 2; 724
531; 611; 2; 1; 757
505; 442; 2; 1; 759
455; 434; 1; 2; 765
377; 529; 1; 2; 768
586; 420; 1; 2; 783
491; 527; 2; 1; 787
564; 402; 1; 2; 787
573; 607; 1; 2; 791
502; 461; 1; 2; 804
547; 485; 2; 1; 813
649; 435; 2; 1; 818
423; 462; 2; 1; 837
474; 571; 2; 1; 845
399; 533; 1; 2; 854
425; 401; 1; 2; 863
503; 520; 1; 2; 878
631; 575; 2; 1; 890
550; 641; 2; 1; 908
546; 504; 2; 1; 911
497; 547; 1; 2; 916
27
13; 1; 21; 8126
7; 1; 12; 9781
25; 1; 47; 11580
0; 1; 27; 11634
8; 1; 39; 14430
12; 1; 43; 16562
19; 1; 1; 20034
2; 1; 29; 20505
11; 1; 37; 21124
15; 1; 36; 22432
3; 1; 49; 24006
4; 1; 16; 30626
5; 1; 8; 35781
10; 1; 17; 36379
14; 1; 12; 37793
16; 1; 42; 47103
22; 1; 27; 47234
1; 1; 19; 47535
18; 1; 27; 47723
9; 1; 28; 48027
17; 1; 40; 48356
24; 1; 25; 53046
20; 1; 47; 57306
21; 1; 22; 60660
6; 1; 17; 63376
23; 1; 34; 63421
26; 1; 29; 64848
