**** 829 ****
125
642; 491; 2; 1; 7
530; 643; 2; 1; 25
553; 509; 1; 2; 38
638; 419; 1; 2; 43
486; 571; 2; 1; 45
546; 421; 1; 2; 49
579; 614; 1; 2; 54
533; 549; 2; 1; 60
420; 521; 2; 1; 67
619; 627; 2; 1; 76
414; 580; 1; 2; 77
464; 407; 2; 1; 84
481; 474; 1; 2; 96
392; 611; 1; 2; 99
550; 503; 2; 1; 102
471; 559; 1; 2; 102
467; 568; 1; 2; 102
485; 509; 1; 2; 104
619; 480; 2; 1; 107
440; 581; 1; 2; 113
396; 522; 2; 1; 142
584; 405; 1; 2; 157
627; 391; 2; 1; 166
613; 638; 2; 1; 176
441; 468; 1; 2; 179
631; 607; 1; 2; 182
575; 627; 1; 2; 202
435; 419; 1; 2; 209
646; 568; 2; 1; 216
469; 567; 1; 2; 218
542; 426; 1; 2; 244
410; 585; 1; 2; 251
469; 502; 2; 1; 259
556; 545; 1; 2; 260
404; 447; 1; 2; 260
493; 546; 1; 2; 264
493; 496; 1; 2; 266
559; 485; 2; 1; 270
480; 395; 2; 1; 275
555; 617; 2; 1; 277
602; 420; 1; 2; 279
525; 378; 2; 1; 295
413; 642; 2; 1; 297
625; 379; 1; 2; 298
394; 386; 2; 1; 303
396; 388; 2; 1; 307
498; 546; 2; 1; 311
448; 587; 2; 1; 317
417; 560; 2; 1; 323
497; 484; 2; 1; 329
418; 406; 2; 1; 339
454; 488; 2; 1; 348
634; 560; 2; 1; 361
474; 401; 1; 2; 368
501; 463; 1; 2; 379
478; 551; 1; 2; 432
515; 391; 2; 1; 436
524; 621; 1; 2; 443
552; 589; 2; 1; 445
395; 446; 1; 2; 463
488; 536; 2; 1; 465
468; 584; 2; 1; 480
464; 417; 1; 2; 488
616; 524; 1; 2; 489
545; 457; 2; 1; 502
441; 553; 2; 1; 515
591; 649; 1; 2; 516
426; 625; 2; 1; 517
452; 422; 2; 1; 521
648; 559; 2; 1; 530
550; 530; 2; 1; 531
415; 581; 2; 1; 532
604; 598; 1; 2; 535
447; 548; 1; 2; 546
637; 567; 2; 1; 562
377; 625; 2; 1; 568
408; 439; 2; 1; 572
429; 432; 2; 1; 574
539; 559; 2; 1; 574
440; 496; 1; 2; 599
623; 485; 2; 1; 609
613; 386; 1; 2; 612
559; 617; 2; 1; 615
461; 483; 2; 1; 617
461; 558; 2; 1; 619
443; 401; 2; 1; 628
613; 410; 2; 1; 632
407; 403; 1; 2; 649
532; 581; 2; 1; 654
574; 469; 1; 2; 655
406; 557; 1; 2; 661
454; 518; 1; 2; 666
611; 561; 1; 2; 666
524; 552; 2; 1; 679
380; 557; 2; 1; 680
378; 580; 1; 2; 687
574; 413; 2; 1; 703
577; 580; 2; 1; 703
465; 460; 1; 2; 704
576; 610; 2; 1; 711
436; 538; 1; 2; 734
546; 420; 1; 2; 734
555; 591; 2; 1; 737
418; 397; 1; 2; 745
582; 460; 2; 1; 759
489; 598; 2; 1; 763
578; 633; 1; 2; 765
542; 522; 1; 2; 771
523; 440; 2; 1; 776
450; 502; 2; 1; 782
580; 530; 1; 2; 783
576; 611; 2; 1; 812
625; 526; 2; 1; 821
525; 585; 2; 1; 843
508; 518; 2; 1; 853
481; 464; 2; 1; 855
415; 575; 1; 2; 858
649; 424; 1; 2; 860
432; 505; 2; 1; 867
575; 613; 2; 1; 891
554; 587; 1; 2; 895
518; 533; 1; 2; 900
586; 536; 1; 2; 903
441; 642; 2; 1; 922
427; 440; 2; 1; 926
27
3; 1; 48; 5614
20; 1; 2; 6180
18; 1; 29; 6987
9; 1; 47; 7921
15; 1; 26; 8839
14; 1; 2; 10982
24; 1; 4; 14342
10; 1; 22; 21951
0; 1; 27; 22639
6; 1; 7; 27479
21; 1; 35; 29607
26; 1; 35; 30482
1; 1; 4; 31078
8; 1; 33; 31966
16; 1; 17; 32137
7; 1; 29; 33011
23; 1; 9; 34236
25; 1; 44; 39730
13; 1; 22; 39888
4; 1; 12; 44871
2; 1; 36; 48121
17; 1; 12; 48356
12; 1; 20; 50427
11; 1; 16; 51348
5; 1; 10; 58330
22; 1; 34; 61051
19; 1; 45; 64011
