**** 83 ****
57
90; 82; 1; 2; 14
65; 79; 1; 2; 15
68; 46; 2; 1; 17
100; 79; 1; 2; 18
76; 90; 1; 2; 21
101; 77; 1; 2; 21
62; 66; 2; 1; 21
58; 101; 2; 1; 23
44; 75; 2; 1; 30
62; 59; 2; 1; 30
66; 96; 1; 2; 32
67; 67; 2; 1; 36
55; 48; 1; 2; 43
58; 48; 2; 1; 44
40; 97; 2; 1; 46
88; 44; 2; 1; 47
76; 88; 1; 2; 50
51; 91; 2; 1; 53
103; 41; 1; 2; 53
50; 75; 1; 2; 56
71; 63; 1; 2; 71
48; 37; 2; 1; 73
74; 94; 1; 2; 83
66; 44; 1; 2; 84
48; 104; 2; 1; 87
100; 54; 2; 1; 90
84; 94; 2; 1; 94
100; 62; 1; 2; 96
49; 68; 2; 1; 97
69; 104; 2; 1; 99
36; 104; 2; 1; 104
87; 89; 1; 2; 104
82; 61; 2; 1; 106
64; 77; 2; 1; 111
68; 68; 1; 2; 112
105; 89; 1; 2; 113
61; 71; 2; 1; 114
46; 88; 1; 2; 114
83; 62; 2; 1; 115
72; 61; 1; 2; 115
71; 58; 2; 1; 120
71; 74; 2; 1; 127
78; 52; 1; 2; 131
69; 53; 1; 2; 135
69; 71; 1; 2; 141
88; 39; 1; 2; 145
73; 88; 2; 1; 156
82; 103; 1; 2; 158
74; 86; 2; 1; 161
57; 64; 2; 1; 163
74; 42; 1; 2; 172
52; 39; 1; 2; 174
103; 72; 2; 1; 178
67; 80; 1; 2; 178
39; 60; 1; 2; 179
36; 36; 2; 1; 180
103; 69; 2; 1; 180
14
2; 1; 9; 675
5; 1; 3; 946
10; 1; 32; 1131
3; 1; 35; 1268
7; 1; 37; 1312
1; 1; 10; 1751
6; 1; 1; 2319
4; 1; 26; 2547
9; 1; 22; 2574
0; 1; 30; 3005
8; 1; 44; 3226
12; 1; 30; 3340
11; 1; 34; 3594
13; 1; 23; 3981
