**** 830 ****
125
612; 442; 2; 1; 3
410; 482; 1; 2; 6
627; 549; 1; 2; 8
466; 380; 1; 2; 13
529; 409; 1; 2; 16
449; 483; 1; 2; 17
476; 635; 2; 1; 37
579; 646; 2; 1; 38
504; 618; 1; 2; 46
402; 644; 1; 2; 52
465; 522; 2; 1; 67
442; 609; 1; 2; 73
490; 533; 2; 1; 82
613; 401; 2; 1; 89
397; 606; 2; 1; 91
546; 395; 1; 2; 100
513; 397; 2; 1; 116
473; 547; 1; 2; 133
485; 490; 2; 1; 134
607; 475; 2; 1; 137
499; 643; 2; 1; 142
431; 633; 1; 2; 146
637; 378; 1; 2; 156
619; 468; 1; 2; 170
602; 428; 2; 1; 176
627; 384; 1; 2; 178
612; 623; 2; 1; 179
622; 566; 1; 2; 184
613; 376; 2; 1; 187
473; 412; 1; 2; 197
623; 492; 1; 2; 199
476; 402; 2; 1; 203
432; 450; 2; 1; 208
498; 454; 1; 2; 211
443; 616; 2; 1; 218
623; 575; 2; 1; 219
489; 548; 2; 1; 228
579; 457; 2; 1; 235
541; 646; 2; 1; 238
503; 496; 2; 1; 239
426; 463; 2; 1; 244
535; 605; 2; 1; 245
551; 376; 1; 2; 246
627; 492; 1; 2; 251
430; 609; 1; 2; 251
444; 633; 2; 1; 252
580; 504; 1; 2; 254
495; 526; 2; 1; 268
589; 623; 2; 1; 269
405; 642; 2; 1; 271
589; 443; 1; 2; 276
479; 438; 2; 1; 286
563; 433; 2; 1; 301
435; 564; 1; 2; 308
470; 560; 2; 1; 309
540; 525; 2; 1; 313
556; 577; 2; 1; 337
612; 543; 1; 2; 345
524; 469; 2; 1; 348
463; 595; 1; 2; 350
611; 640; 1; 2; 363
436; 601; 1; 2; 369
591; 415; 2; 1; 374
467; 415; 1; 2; 380
517; 586; 1; 2; 380
464; 570; 2; 1; 396
439; 495; 1; 2; 399
397; 633; 2; 1; 416
383; 627; 2; 1; 419
381; 583; 1; 2; 427
633; 541; 2; 1; 432
547; 543; 2; 1; 439
540; 483; 2; 1; 466
578; 456; 1; 2; 468
413; 618; 2; 1; 468
609; 532; 1; 2; 469
458; 603; 2; 1; 469
525; 377; 2; 1; 482
516; 435; 2; 1; 483
582; 417; 1; 2; 490
481; 460; 2; 1; 493
599; 466; 2; 1; 493
557; 557; 1; 2; 509
540; 617; 1; 2; 531
410; 408; 1; 2; 558
395; 485; 1; 2; 569
600; 628; 2; 1; 585
648; 467; 1; 2; 608
512; 574; 2; 1; 620
387; 508; 2; 1; 626
596; 497; 1; 2; 629
502; 444; 1; 2; 631
384; 401; 1; 2; 632
411; 440; 1; 2; 632
462; 586; 1; 2; 652
512; 494; 1; 2; 654
501; 599; 2; 1; 689
505; 471; 2; 1; 692
437; 538; 2; 1; 695
399; 424; 2; 1; 700
451; 400; 2; 1; 700
409; 494; 2; 1; 706
642; 430; 2; 1; 708
584; 646; 1; 2; 714
385; 555; 2; 1; 724
649; 522; 1; 2; 730
477; 573; 2; 1; 734
637; 609; 1; 2; 751
629; 593; 1; 2; 752
378; 413; 2; 1; 760
379; 432; 1; 2; 765
382; 595; 2; 1; 803
582; 498; 1; 2; 815
592; 599; 1; 2; 839
452; 565; 1; 2; 852
430; 423; 1; 2; 852
603; 435; 2; 1; 860
501; 572; 2; 1; 866
584; 564; 1; 2; 898
641; 384; 2; 1; 899
475; 441; 1; 2; 906
635; 609; 2; 1; 913
415; 636; 1; 2; 917
619; 467; 1; 2; 918
398; 627; 2; 1; 922
27
9; 1; 48; 683
6; 1; 11; 862
24; 1; 15; 3511
12; 1; 26; 3715
25; 1; 22; 6297
13; 1; 40; 16341
7; 1; 36; 18495
23; 1; 17; 21141
20; 1; 8; 22603
19; 1; 12; 27884
0; 1; 16; 28542
3; 1; 40; 30336
5; 1; 22; 31570
22; 1; 34; 31909
1; 1; 10; 32308
26; 1; 29; 33404
8; 1; 40; 33434
4; 1; 6; 33477
18; 1; 20; 34998
2; 1; 25; 35695
21; 1; 2; 39427
11; 1; 36; 41721
16; 1; 15; 42521
14; 1; 44; 43854
15; 1; 32; 44403
10; 1; 33; 48538
17; 1; 49; 63854
