**** 831 ****
125
400; 507; 2; 1; 7
596; 541; 1; 2; 17
506; 449; 2; 1; 23
497; 392; 1; 2; 37
459; 519; 2; 1; 44
420; 574; 1; 2; 57
630; 594; 1; 2; 59
497; 392; 2; 1; 70
382; 540; 1; 2; 73
470; 385; 2; 1; 81
464; 506; 1; 2; 88
459; 550; 2; 1; 91
559; 572; 1; 2; 92
388; 621; 1; 2; 102
395; 481; 2; 1; 117
573; 592; 2; 1; 123
605; 526; 2; 1; 125
481; 387; 2; 1; 132
587; 445; 1; 2; 133
515; 519; 2; 1; 144
622; 535; 1; 2; 160
379; 389; 1; 2; 162
600; 460; 1; 2; 164
558; 432; 2; 1; 165
545; 440; 1; 2; 166
617; 623; 2; 1; 170
459; 542; 1; 2; 177
535; 451; 1; 2; 182
645; 420; 1; 2; 186
470; 419; 2; 1; 193
457; 620; 1; 2; 198
385; 494; 1; 2; 205
643; 549; 2; 1; 209
484; 588; 1; 2; 215
415; 499; 1; 2; 219
546; 534; 1; 2; 225
387; 640; 2; 1; 231
473; 389; 1; 2; 231
421; 485; 2; 1; 237
496; 503; 2; 1; 245
553; 626; 1; 2; 248
447; 457; 1; 2; 264
630; 478; 1; 2; 271
507; 635; 2; 1; 273
560; 421; 1; 2; 277
648; 574; 1; 2; 280
636; 574; 2; 1; 285
568; 620; 2; 1; 289
629; 400; 1; 2; 292
505; 385; 1; 2; 304
513; 467; 1; 2; 326
390; 627; 2; 1; 330
578; 546; 2; 1; 331
407; 409; 1; 2; 332
406; 401; 1; 2; 332
398; 506; 1; 2; 348
388; 552; 1; 2; 357
428; 536; 1; 2; 358
547; 621; 2; 1; 363
547; 600; 1; 2; 365
511; 619; 2; 1; 377
452; 391; 1; 2; 388
410; 630; 1; 2; 397
642; 484; 2; 1; 413
481; 456; 1; 2; 416
412; 471; 1; 2; 417
646; 561; 2; 1; 450
595; 526; 2; 1; 459
509; 625; 2; 1; 462
598; 580; 1; 2; 471
597; 523; 2; 1; 476
646; 620; 2; 1; 482
554; 449; 2; 1; 500
486; 477; 2; 1; 546
643; 418; 2; 1; 550
577; 579; 2; 1; 570
533; 499; 2; 1; 572
614; 425; 2; 1; 586
401; 385; 1; 2; 596
623; 397; 1; 2; 598
547; 390; 1; 2; 614
417; 561; 1; 2; 621
604; 496; 2; 1; 645
601; 615; 2; 1; 659
584; 481; 2; 1; 666
432; 623; 1; 2; 673
399; 590; 1; 2; 673
497; 488; 2; 1; 683
401; 461; 2; 1; 684
488; 429; 2; 1; 684
630; 393; 1; 2; 694
462; 588; 2; 1; 706
558; 448; 1; 2; 711
382; 518; 1; 2; 711
513; 599; 1; 2; 712
486; 512; 1; 2; 751
506; 466; 1; 2; 757
522; 583; 2; 1; 768
542; 482; 2; 1; 771
483; 601; 2; 1; 787
416; 634; 2; 1; 789
512; 596; 1; 2; 791
590; 543; 2; 1; 796
606; 637; 2; 1; 802
483; 565; 2; 1; 816
584; 596; 1; 2; 824
382; 510; 2; 1; 830
538; 493; 2; 1; 831
552; 422; 2; 1; 832
619; 622; 1; 2; 835
443; 649; 1; 2; 839
495; 553; 1; 2; 854
490; 620; 2; 1; 854
601; 461; 1; 2; 861
569; 402; 1; 2; 863
541; 574; 1; 2; 864
491; 525; 1; 2; 867
536; 506; 2; 1; 871
612; 461; 2; 1; 878
417; 500; 2; 1; 882
392; 614; 2; 1; 885
422; 510; 2; 1; 885
410; 425; 1; 2; 885
543; 541; 1; 2; 895
600; 498; 1; 2; 924
27
19; 1; 44; 1376
18; 1; 23; 3718
10; 1; 13; 4374
2; 1; 19; 7895
0; 1; 48; 9703
5; 1; 4; 10758
8; 1; 32; 11158
1; 1; 16; 12031
9; 1; 31; 13861
3; 1; 34; 14330
13; 1; 23; 15365
26; 1; 5; 19023
12; 1; 32; 21256
15; 1; 24; 21670
22; 1; 34; 40515
20; 1; 16; 41481
11; 1; 21; 41766
17; 1; 8; 43252
24; 1; 19; 45664
16; 1; 29; 45863
4; 1; 38; 48450
25; 1; 10; 54362
23; 1; 15; 54566
21; 1; 46; 56011
6; 1; 3; 56119
7; 1; 10; 57636
14; 1; 47; 59798
