**** 832 ****
125
649; 543; 2; 1; 4
602; 405; 1; 2; 8
486; 598; 2; 1; 24
466; 613; 2; 1; 38
382; 503; 1; 2; 40
564; 381; 2; 1; 40
582; 441; 2; 1; 51
608; 521; 2; 1; 57
433; 601; 1; 2; 59
632; 520; 1; 2; 70
636; 396; 1; 2; 75
575; 622; 1; 2; 91
535; 451; 2; 1; 93
598; 520; 2; 1; 100
421; 496; 1; 2; 107
420; 606; 2; 1; 109
559; 414; 2; 1; 121
582; 635; 1; 2; 136
576; 391; 2; 1; 139
629; 619; 2; 1; 146
534; 648; 2; 1; 146
446; 398; 2; 1; 158
411; 463; 1; 2; 163
521; 648; 2; 1; 169
627; 481; 1; 2; 175
525; 534; 2; 1; 180
522; 529; 2; 1; 191
638; 442; 2; 1; 224
434; 403; 1; 2; 226
559; 398; 2; 1; 232
560; 496; 2; 1; 234
486; 474; 1; 2; 241
429; 482; 2; 1; 264
419; 558; 2; 1; 270
567; 447; 2; 1; 271
388; 390; 2; 1; 272
402; 597; 1; 2; 275
594; 563; 1; 2; 281
524; 390; 1; 2; 284
544; 513; 1; 2; 286
503; 402; 1; 2; 303
629; 630; 2; 1; 308
585; 458; 2; 1; 318
633; 558; 1; 2; 326
473; 635; 2; 1; 326
386; 514; 1; 2; 332
575; 621; 2; 1; 337
560; 600; 2; 1; 345
464; 533; 2; 1; 364
529; 453; 1; 2; 373
440; 441; 2; 1; 392
569; 628; 2; 1; 399
621; 530; 2; 1; 402
448; 479; 1; 2; 408
493; 579; 1; 2; 425
468; 404; 1; 2; 430
479; 412; 1; 2; 435
424; 492; 1; 2; 441
623; 481; 2; 1; 452
485; 515; 2; 1; 464
401; 419; 1; 2; 467
566; 634; 1; 2; 477
550; 420; 2; 1; 485
536; 636; 2; 1; 487
514; 387; 2; 1; 492
426; 622; 1; 2; 496
613; 456; 2; 1; 505
544; 538; 2; 1; 535
570; 492; 2; 1; 542
496; 400; 2; 1; 545
464; 618; 1; 2; 551
628; 580; 1; 2; 554
382; 461; 1; 2; 555
562; 627; 2; 1; 559
490; 618; 2; 1; 564
416; 527; 2; 1; 570
566; 574; 1; 2; 580
419; 391; 2; 1; 587
586; 387; 1; 2; 592
519; 642; 2; 1; 599
555; 537; 1; 2; 604
611; 492; 2; 1; 607
525; 526; 1; 2; 615
513; 435; 2; 1; 632
620; 458; 1; 2; 640
573; 595; 2; 1; 645
473; 506; 2; 1; 648
413; 496; 1; 2; 657
592; 407; 1; 2; 657
523; 497; 1; 2; 662
561; 478; 2; 1; 666
434; 462; 2; 1; 668
594; 627; 2; 1; 682
422; 603; 2; 1; 686
574; 633; 2; 1; 689
620; 551; 1; 2; 693
517; 581; 1; 2; 694
439; 408; 2; 1; 709
537; 539; 1; 2; 709
646; 522; 1; 2; 712
600; 441; 2; 1; 731
538; 409; 1; 2; 756
649; 501; 1; 2; 771
450; 556; 2; 1; 777
393; 649; 1; 2; 783
410; 580; 1; 2; 790
559; 641; 1; 2; 798
384; 543; 1; 2; 799
450; 452; 2; 1; 805
586; 557; 2; 1; 815
443; 524; 2; 1; 819
632; 573; 2; 1; 820
544; 559; 2; 1; 820
515; 510; 2; 1; 829
600; 391; 1; 2; 836
450; 536; 1; 2; 837
538; 493; 2; 1; 839
625; 532; 1; 2; 864
566; 643; 1; 2; 884
644; 591; 1; 2; 887
630; 432; 2; 1; 887
496; 596; 2; 1; 890
480; 619; 1; 2; 893
543; 644; 2; 1; 893
421; 471; 2; 1; 900
27
15; 1; 7; 584
2; 1; 13; 1174
10; 1; 42; 1678
6; 1; 15; 6569
9; 1; 9; 9149
18; 1; 37; 11901
20; 1; 40; 18074
13; 1; 39; 18899
24; 1; 27; 27264
14; 1; 34; 31250
12; 1; 46; 32997
25; 1; 21; 38205
22; 1; 4; 39498
26; 1; 16; 40520
19; 1; 19; 41927
5; 1; 3; 43327
1; 1; 45; 44263
0; 1; 16; 44587
7; 1; 49; 46134
3; 1; 8; 46880
8; 1; 36; 47603
23; 1; 14; 49524
17; 1; 12; 52602
4; 1; 39; 53494
16; 1; 20; 59027
21; 1; 11; 60457
11; 1; 18; 64799
