**** 833 ****
125
614; 610; 2; 1; 5
376; 380; 2; 1; 12
458; 520; 1; 2; 23
400; 461; 1; 2; 23
480; 581; 2; 1; 30
414; 479; 2; 1; 54
493; 501; 1; 2; 54
525; 460; 1; 2; 57
472; 415; 1; 2; 70
599; 477; 2; 1; 73
379; 516; 1; 2; 96
531; 648; 2; 1; 102
532; 511; 2; 1; 102
388; 566; 2; 1; 107
505; 401; 1; 2; 110
598; 459; 2; 1; 120
640; 483; 2; 1; 121
631; 587; 2; 1; 129
636; 400; 1; 2; 132
395; 488; 1; 2; 158
452; 511; 2; 1; 168
634; 601; 2; 1; 169
577; 447; 2; 1; 195
641; 475; 2; 1; 213
522; 418; 2; 1; 218
498; 482; 1; 2; 226
393; 558; 2; 1; 228
397; 376; 2; 1; 233
594; 592; 1; 2; 247
404; 589; 2; 1; 252
522; 598; 2; 1; 255
634; 544; 1; 2; 256
436; 472; 1; 2; 264
543; 444; 1; 2; 280
536; 525; 1; 2; 280
605; 607; 1; 2; 290
424; 517; 1; 2; 295
505; 514; 2; 1; 295
459; 539; 1; 2; 311
562; 560; 2; 1; 321
428; 611; 1; 2; 325
438; 393; 2; 1; 332
489; 472; 2; 1; 348
604; 470; 1; 2; 359
533; 529; 1; 2; 364
450; 571; 2; 1; 373
554; 431; 2; 1; 394
496; 386; 2; 1; 402
526; 648; 1; 2; 402
641; 424; 2; 1; 405
597; 622; 2; 1; 414
584; 519; 1; 2; 420
464; 478; 2; 1; 420
636; 520; 1; 2; 423
384; 535; 2; 1; 428
622; 546; 2; 1; 438
556; 388; 1; 2; 445
451; 568; 1; 2; 467
614; 551; 1; 2; 479
451; 464; 1; 2; 491
610; 576; 2; 1; 495
607; 440; 2; 1; 505
603; 422; 2; 1; 507
522; 578; 2; 1; 507
636; 517; 1; 2; 510
526; 585; 1; 2; 516
530; 415; 2; 1; 516
592; 392; 1; 2; 517
459; 549; 1; 2; 523
423; 427; 1; 2; 532
528; 602; 1; 2; 534
540; 383; 2; 1; 535
424; 381; 2; 1; 541
566; 480; 2; 1; 546
454; 470; 2; 1; 574
424; 550; 1; 2; 574
510; 406; 1; 2; 587
520; 583; 2; 1; 589
564; 586; 1; 2; 617
414; 543; 1; 2; 637
464; 569; 1; 2; 649
444; 596; 2; 1; 656
500; 463; 2; 1; 660
410; 402; 1; 2; 668
472; 524; 1; 2; 675
570; 559; 2; 1; 680
478; 557; 2; 1; 682
593; 467; 1; 2; 690
502; 637; 2; 1; 693
586; 601; 2; 1; 703
488; 487; 2; 1; 709
628; 410; 2; 1; 715
494; 522; 1; 2; 722
561; 575; 1; 2; 738
548; 571; 1; 2; 739
627; 544; 2; 1; 742
501; 409; 2; 1; 757
440; 559; 1; 2; 764
472; 619; 2; 1; 786
606; 472; 2; 1; 794
545; 568; 1; 2; 797
380; 487; 1; 2; 804
623; 598; 1; 2; 809
448; 434; 2; 1; 810
424; 458; 1; 2; 821
475; 611; 1; 2; 833
496; 567; 2; 1; 856
433; 427; 1; 2; 868
608; 467; 1; 2; 886
376; 465; 1; 2; 888
561; 490; 2; 1; 892
497; 449; 1; 2; 893
550; 594; 1; 2; 896
522; 545; 1; 2; 896
522; 503; 1; 2; 905
399; 379; 1; 2; 905
591; 640; 1; 2; 907
536; 508; 2; 1; 914
526; 496; 1; 2; 916
400; 624; 2; 1; 916
638; 376; 2; 1; 921
621; 508; 1; 2; 921
501; 641; 1; 2; 923
572; 527; 1; 2; 926
628; 594; 2; 1; 930
27
23; 1; 12; 525
22; 1; 20; 1312
3; 1; 6; 2516
15; 1; 9; 3943
4; 1; 14; 7029
12; 1; 43; 9176
18; 1; 31; 10192
2; 1; 13; 11487
5; 1; 9; 13900
9; 1; 38; 14575
20; 1; 1; 18540
16; 1; 25; 29068
11; 1; 4; 30348
17; 1; 10; 32423
10; 1; 34; 34070
1; 1; 14; 34418
26; 1; 20; 43625
8; 1; 38; 44079
0; 1; 42; 49982
21; 1; 13; 51805
7; 1; 26; 52099
6; 1; 49; 53207
25; 1; 32; 54068
24; 1; 4; 56936
13; 1; 26; 60568
19; 1; 19; 63177
14; 1; 15; 64458
