**** 834 ****
125
413; 640; 1; 2; 1
521; 589; 2; 1; 12
414; 602; 1; 2; 14
379; 443; 1; 2; 44
644; 556; 1; 2; 46
438; 382; 1; 2; 47
561; 446; 1; 2; 55
395; 552; 2; 1; 58
439; 522; 2; 1; 60
421; 401; 1; 2; 65
601; 395; 1; 2; 69
583; 495; 2; 1; 73
456; 402; 1; 2; 82
409; 547; 2; 1; 113
632; 478; 2; 1; 116
418; 432; 2; 1; 117
550; 446; 1; 2; 119
514; 478; 2; 1; 137
548; 603; 1; 2; 143
380; 533; 1; 2; 144
505; 488; 1; 2; 155
482; 622; 1; 2; 157
621; 514; 2; 1; 174
417; 603; 1; 2; 192
412; 447; 2; 1; 199
644; 606; 1; 2; 202
611; 590; 2; 1; 206
384; 411; 2; 1; 213
417; 499; 1; 2; 214
494; 511; 1; 2; 220
598; 547; 1; 2; 222
546; 432; 2; 1; 237
455; 574; 1; 2; 239
508; 587; 1; 2; 246
584; 628; 1; 2; 250
412; 622; 1; 2; 251
393; 454; 2; 1; 252
424; 431; 1; 2; 254
575; 501; 1; 2; 269
463; 479; 1; 2; 274
492; 378; 1; 2; 275
617; 515; 1; 2; 284
498; 595; 2; 1; 294
649; 463; 1; 2; 300
610; 397; 2; 1; 306
495; 418; 2; 1; 307
566; 615; 2; 1; 307
531; 468; 1; 2; 313
630; 475; 1; 2; 314
450; 643; 2; 1; 317
627; 509; 1; 2; 318
557; 536; 2; 1; 324
401; 442; 1; 2; 345
594; 568; 2; 1; 348
390; 379; 2; 1; 349
478; 632; 1; 2; 369
435; 412; 2; 1; 382
586; 415; 2; 1; 393
614; 410; 1; 2; 399
458; 615; 1; 2; 413
609; 389; 1; 2; 414
536; 599; 2; 1; 416
437; 395; 1; 2; 434
489; 398; 2; 1; 448
645; 415; 1; 2; 448
564; 626; 1; 2; 451
530; 639; 2; 1; 453
424; 476; 2; 1; 460
521; 539; 2; 1; 477
417; 397; 2; 1; 487
641; 582; 2; 1; 502
462; 389; 1; 2; 532
409; 505; 1; 2; 533
413; 532; 1; 2; 538
560; 466; 1; 2; 547
445; 601; 1; 2; 553
527; 484; 1; 2; 561
420; 460; 2; 1; 563
618; 607; 2; 1; 566
397; 486; 2; 1; 574
600; 542; 2; 1; 594
435; 456; 2; 1; 598
563; 557; 1; 2; 601
584; 644; 1; 2; 604
458; 618; 1; 2; 607
497; 493; 1; 2; 608
533; 526; 1; 2; 612
434; 574; 2; 1; 634
594; 422; 1; 2; 646
636; 461; 2; 1; 659
500; 506; 1; 2; 661
452; 389; 2; 1; 664
543; 376; 2; 1; 664
385; 519; 1; 2; 687
396; 390; 2; 1; 690
415; 422; 1; 2; 694
528; 626; 2; 1; 707
558; 568; 1; 2; 712
619; 558; 1; 2; 728
649; 526; 1; 2; 730
479; 462; 1; 2; 731
560; 405; 2; 1; 732
545; 465; 1; 2; 735
564; 641; 2; 1; 743
377; 404; 1; 2; 760
585; 547; 2; 1; 775
421; 403; 2; 1; 782
564; 633; 2; 1; 795
574; 446; 1; 2; 802
619; 475; 1; 2; 803
423; 639; 1; 2; 818
505; 623; 1; 2; 820
409; 574; 2; 1; 824
632; 602; 1; 2; 824
392; 624; 2; 1; 836
514; 476; 1; 2; 855
533; 601; 2; 1; 856
616; 559; 1; 2; 860
407; 395; 1; 2; 865
627; 501; 2; 1; 866
494; 575; 1; 2; 869
514; 547; 2; 1; 883
464; 513; 2; 1; 895
547; 552; 2; 1; 918
611; 494; 2; 1; 926
27
18; 1; 7; 786
11; 1; 13; 3256
12; 1; 21; 3373
10; 1; 3; 4333
4; 1; 10; 5901
7; 1; 33; 7973
23; 1; 5; 8189
14; 1; 18; 14019
21; 1; 2; 14805
6; 1; 18; 15733
26; 1; 48; 16371
9; 1; 8; 17505
8; 1; 10; 21364
22; 1; 9; 22743
15; 1; 11; 23724
0; 1; 28; 27782
19; 1; 6; 39261
17; 1; 10; 40459
5; 1; 37; 41575
2; 1; 30; 42189
13; 1; 11; 45665
16; 1; 5; 47257
20; 1; 25; 49679
1; 1; 2; 52507
3; 1; 49; 57488
24; 1; 17; 58478
25; 1; 11; 59651
