**** 835 ****
125
524; 471; 1; 2; 7
480; 566; 1; 2; 24
587; 483; 2; 1; 29
630; 483; 2; 1; 32
533; 429; 1; 2; 32
551; 387; 2; 1; 33
529; 406; 1; 2; 43
429; 476; 1; 2; 49
430; 494; 2; 1; 50
627; 400; 2; 1; 59
564; 381; 1; 2; 60
628; 609; 2; 1; 72
436; 489; 2; 1; 85
545; 443; 1; 2; 90
399; 489; 1; 2; 105
466; 647; 2; 1; 109
445; 472; 2; 1; 112
597; 595; 2; 1; 132
588; 502; 1; 2; 135
627; 394; 1; 2; 144
380; 525; 1; 2; 151
429; 557; 2; 1; 157
625; 478; 2; 1; 158
483; 503; 2; 1; 172
567; 642; 2; 1; 179
434; 435; 2; 1; 186
505; 575; 2; 1; 202
376; 449; 2; 1; 208
511; 590; 1; 2; 217
630; 387; 2; 1; 225
621; 624; 2; 1; 253
558; 514; 2; 1; 253
584; 457; 1; 2; 258
516; 443; 2; 1; 278
420; 556; 2; 1; 285
474; 487; 2; 1; 295
545; 566; 1; 2; 296
543; 390; 1; 2; 298
466; 458; 1; 2; 313
621; 525; 1; 2; 339
552; 648; 1; 2; 348
468; 598; 2; 1; 348
609; 549; 2; 1; 349
439; 608; 1; 2; 351
604; 648; 2; 1; 353
449; 378; 2; 1; 363
491; 448; 2; 1; 365
437; 498; 1; 2; 385
498; 617; 1; 2; 398
583; 507; 2; 1; 412
556; 443; 1; 2; 416
407; 380; 1; 2; 424
490; 577; 2; 1; 425
623; 386; 1; 2; 433
538; 450; 2; 1; 448
458; 555; 1; 2; 453
452; 388; 1; 2; 461
596; 487; 1; 2; 479
589; 611; 1; 2; 480
470; 591; 1; 2; 480
390; 386; 1; 2; 488
648; 480; 1; 2; 492
380; 553; 1; 2; 493
549; 602; 2; 1; 497
453; 644; 1; 2; 508
629; 539; 2; 1; 529
519; 552; 2; 1; 542
427; 572; 1; 2; 546
635; 545; 2; 1; 549
622; 514; 1; 2; 551
648; 398; 2; 1; 553
431; 540; 2; 1; 561
419; 459; 2; 1; 569
463; 475; 2; 1; 571
413; 509; 1; 2; 573
486; 420; 1; 2; 575
566; 399; 1; 2; 576
489; 575; 1; 2; 592
516; 449; 2; 1; 603
407; 614; 1; 2; 605
437; 548; 1; 2; 609
565; 497; 2; 1; 613
640; 648; 2; 1; 619
460; 589; 2; 1; 619
564; 420; 2; 1; 620
393; 541; 2; 1; 621
404; 397; 2; 1; 621
379; 615; 2; 1; 629
537; 518; 1; 2; 640
517; 379; 1; 2; 642
517; 449; 1; 2; 648
466; 612; 1; 2; 655
578; 530; 2; 1; 665
580; 479; 1; 2; 666
383; 617; 1; 2; 669
590; 500; 1; 2; 673
460; 527; 2; 1; 674
647; 563; 2; 1; 677
578; 576; 1; 2; 702
622; 498; 1; 2; 709
513; 598; 1; 2; 715
540; 426; 2; 1; 723
433; 434; 1; 2; 727
432; 381; 1; 2; 729
586; 615; 1; 2; 732
395; 432; 1; 2; 742
486; 450; 1; 2; 772
532; 574; 1; 2; 785
503; 541; 2; 1; 785
476; 411; 2; 1; 787
439; 570; 1; 2; 792
499; 611; 2; 1; 793
499; 395; 2; 1; 806
417; 556; 1; 2; 808
495; 389; 1; 2; 812
517; 480; 2; 1; 819
380; 626; 2; 1; 819
508; 387; 1; 2; 845
492; 511; 2; 1; 860
384; 437; 1; 2; 864
481; 391; 1; 2; 888
415; 471; 1; 2; 892
647; 642; 1; 2; 898
496; 418; 2; 1; 907
524; 563; 1; 2; 911
27
17; 1; 48; 3248
4; 1; 36; 6569
9; 1; 22; 7581
15; 1; 28; 8611
18; 1; 38; 9673
10; 1; 42; 15283
6; 1; 41; 19328
26; 1; 17; 19977
23; 1; 45; 21174
0; 1; 42; 25559
3; 1; 42; 28606
21; 1; 26; 28918
16; 1; 30; 29339
5; 1; 24; 35158
13; 1; 12; 36397
11; 1; 11; 36531
20; 1; 26; 42711
24; 1; 12; 43635
2; 1; 8; 46995
1; 1; 4; 49208
25; 1; 44; 51704
8; 1; 49; 52393
19; 1; 10; 53621
7; 1; 11; 54137
22; 1; 37; 54167
14; 1; 23; 62934
12; 1; 22; 63385
