**** 836 ****
126
648; 414; 2; 1; 3
469; 478; 1; 2; 3
630; 602; 2; 1; 10
384; 415; 2; 1; 53
402; 631; 2; 1; 75
389; 639; 1; 2; 89
649; 531; 1; 2; 98
389; 404; 1; 2; 102
633; 391; 1; 2; 115
639; 511; 1; 2; 123
649; 388; 1; 2; 126
567; 481; 2; 1; 132
461; 518; 1; 2; 136
473; 612; 2; 1; 144
586; 517; 1; 2; 145
439; 466; 2; 1; 145
566; 537; 1; 2; 145
455; 499; 2; 1; 149
436; 472; 2; 1; 186
477; 634; 2; 1; 187
513; 624; 2; 1; 196
524; 643; 1; 2; 198
401; 639; 1; 2; 204
411; 515; 2; 1; 212
605; 645; 2; 1; 232
564; 546; 2; 1; 238
398; 428; 2; 1; 238
500; 570; 1; 2; 240
443; 463; 1; 2; 250
527; 550; 1; 2; 251
464; 502; 1; 2; 257
603; 549; 2; 1; 260
490; 616; 1; 2; 267
480; 569; 2; 1; 268
556; 442; 1; 2; 269
527; 424; 1; 2; 274
594; 638; 2; 1; 288
461; 485; 2; 1; 294
642; 454; 1; 2; 297
423; 513; 2; 1; 299
499; 438; 2; 1; 305
636; 404; 2; 1; 307
486; 577; 2; 1; 314
538; 544; 2; 1; 316
466; 548; 2; 1; 338
461; 538; 2; 1; 344
471; 497; 1; 2; 345
581; 594; 1; 2; 346
518; 508; 1; 2; 352
636; 418; 2; 1; 356
451; 656; 2; 1; 358
609; 653; 1; 2; 361
384; 387; 1; 2; 377
449; 513; 1; 2; 397
564; 395; 1; 2; 399
629; 649; 1; 2; 401
635; 457; 2; 1; 402
546; 522; 2; 1; 405
543; 647; 1; 2; 407
454; 520; 1; 2; 408
494; 437; 2; 1; 414
456; 530; 1; 2; 421
641; 487; 2; 1; 421
574; 390; 2; 1; 425
618; 589; 1; 2; 443
487; 561; 1; 2; 464
650; 568; 1; 2; 473
427; 533; 2; 1; 492
436; 594; 1; 2; 493
384; 627; 2; 1; 495
431; 388; 1; 2; 513
516; 436; 2; 1; 517
441; 598; 1; 2; 535
568; 534; 1; 2; 538
533; 404; 1; 2; 584
517; 424; 2; 1; 587
641; 639; 1; 2; 589
414; 427; 2; 1; 590
520; 473; 1; 2; 597
412; 453; 2; 1; 599
473; 601; 2; 1; 606
421; 514; 1; 2; 613
533; 411; 1; 2; 615
488; 496; 2; 1; 621
525; 635; 2; 1; 626
585; 465; 1; 2; 631
458; 494; 2; 1; 632
610; 524; 2; 1; 638
415; 476; 1; 2; 649
606; 588; 1; 2; 652
437; 485; 2; 1; 666
393; 599; 2; 1; 693
475; 461; 2; 1; 702
603; 516; 2; 1; 703
505; 572; 1; 2; 704
419; 472; 1; 2; 705
570; 498; 1; 2; 725
505; 514; 1; 2; 739
410; 486; 1; 2; 739
611; 610; 1; 2; 741
407; 463; 1; 2; 747
522; 608; 2; 1; 750
585; 615; 2; 1; 759
522; 415; 1; 2; 761
424; 639; 1; 2; 764
491; 527; 2; 1; 769
482; 596; 2; 1; 772
639; 447; 2; 1; 801
441; 576; 2; 1; 814
602; 538; 2; 1; 824
383; 440; 1; 2; 826
399; 467; 1; 2; 831
573; 569; 2; 1; 857
540; 618; 2; 1; 861
558; 393; 1; 2; 868
569; 459; 1; 2; 875
597; 657; 2; 1; 879
600; 604; 1; 2; 885
396; 398; 1; 2; 889
618; 613; 2; 1; 898
428; 414; 2; 1; 905
519; 417; 1; 2; 910
505; 454; 1; 2; 913
537; 638; 2; 1; 915
430; 556; 2; 1; 916
396; 580; 1; 2; 921
28
21; 1; 37; 87
17; 1; 16; 358
25; 1; 34; 1233
19; 1; 19; 10558
8; 1; 20; 11111
1; 1; 16; 11566
12; 1; 34; 17005
16; 1; 45; 26167
7; 1; 34; 26601
20; 1; 5; 27877
27; 1; 30; 28021
11; 1; 48; 28936
2; 1; 26; 31653
23; 1; 20; 34747
26; 1; 3; 35902
18; 1; 27; 36375
14; 1; 1; 36608
4; 1; 47; 40798
22; 1; 40; 41211
5; 1; 33; 41462
0; 1; 48; 43686
24; 1; 3; 46794
3; 1; 27; 48210
10; 1; 45; 50604
15; 1; 7; 52392
6; 1; 10; 52933
13; 1; 1; 55356
9; 1; 36; 60428
