**** 837 ****
126
592; 655; 1; 2; 1
442; 544; 2; 1; 3
400; 386; 1; 2; 14
416; 624; 2; 1; 26
480; 531; 2; 1; 28
532; 485; 2; 1; 30
551; 410; 2; 1; 35
447; 396; 2; 1; 48
612; 500; 2; 1; 70
435; 629; 1; 2; 81
546; 437; 1; 2; 89
397; 455; 1; 2; 91
645; 563; 2; 1; 108
506; 493; 1; 2; 113
397; 413; 2; 1; 122
497; 598; 2; 1; 139
534; 480; 2; 1; 150
421; 399; 1; 2; 151
430; 500; 2; 1; 154
428; 486; 1; 2; 156
479; 573; 2; 1; 162
644; 454; 2; 1; 168
507; 516; 2; 1; 169
613; 450; 1; 2; 172
447; 458; 1; 2; 172
573; 389; 1; 2; 174
492; 539; 1; 2; 177
550; 650; 1; 2; 177
621; 580; 2; 1; 183
401; 528; 2; 1; 187
580; 438; 2; 1; 200
562; 468; 1; 2; 200
607; 635; 1; 2; 202
563; 573; 1; 2; 202
450; 400; 1; 2; 214
530; 542; 1; 2; 219
571; 551; 1; 2; 223
383; 651; 2; 1; 225
585; 450; 1; 2; 236
458; 400; 2; 1; 237
506; 586; 1; 2; 245
524; 417; 2; 1; 255
606; 601; 2; 1; 258
483; 520; 1; 2; 260
501; 382; 1; 2; 264
387; 610; 1; 2; 265
621; 512; 2; 1; 275
524; 451; 1; 2; 278
564; 524; 2; 1; 278
419; 497; 2; 1; 288
435; 488; 2; 1; 289
527; 503; 1; 2; 300
591; 482; 1; 2; 316
576; 636; 1; 2; 337
434; 424; 1; 2; 341
575; 591; 1; 2; 342
590; 600; 2; 1; 355
545; 492; 1; 2; 357
528; 421; 2; 1; 359
573; 636; 2; 1; 377
617; 597; 2; 1; 390
657; 601; 2; 1; 397
614; 643; 2; 1; 404
561; 515; 2; 1; 407
505; 624; 1; 2; 413
384; 409; 1; 2; 423
497; 580; 1; 2; 443
544; 569; 2; 1; 448
461; 540; 2; 1; 458
552; 553; 2; 1; 460
640; 555; 2; 1; 460
511; 515; 2; 1; 465
603; 623; 2; 1; 470
428; 596; 1; 2; 472
608; 398; 2; 1; 472
529; 519; 2; 1; 476
600; 466; 1; 2; 479
425; 629; 2; 1; 483
442; 551; 2; 1; 484
473; 411; 2; 1; 494
607; 480; 2; 1; 502
634; 500; 1; 2; 510
609; 624; 1; 2; 515
512; 616; 2; 1; 535
429; 437; 1; 2; 540
615; 559; 2; 1; 548
537; 394; 1; 2; 559
625; 464; 1; 2; 576
546; 585; 2; 1; 589
505; 437; 2; 1; 615
470; 393; 2; 1; 625
588; 606; 2; 1; 636
502; 606; 1; 2; 663
495; 563; 2; 1; 663
447; 549; 1; 2; 674
543; 410; 2; 1; 680
435; 646; 1; 2; 684
517; 604; 1; 2; 706
645; 610; 2; 1; 733
527; 389; 2; 1; 747
510; 399; 1; 2; 747
655; 649; 1; 2; 752
394; 513; 1; 2; 767
573; 557; 2; 1; 798
609; 474; 1; 2; 798
382; 425; 2; 1; 809
600; 561; 1; 2; 809
635; 551; 2; 1; 814
570; 609; 1; 2; 818
568; 639; 1; 2; 818
650; 442; 2; 1; 824
413; 624; 2; 1; 829
614; 398; 2; 1; 848
410; 391; 2; 1; 853
657; 635; 1; 2; 877
622; 427; 2; 1; 888
589; 427; 2; 1; 890
562; 616; 2; 1; 902
429; 645; 2; 1; 906
429; 590; 2; 1; 910
604; 614; 1; 2; 911
530; 656; 1; 2; 912
651; 440; 1; 2; 914
551; 440; 1; 2; 926
381; 614; 1; 2; 932
427; 512; 1; 2; 935
28
27; 1; 32; 627
3; 1; 30; 2264
16; 1; 15; 5475
25; 1; 35; 6090
8; 1; 26; 11162
10; 1; 6; 18474
2; 1; 30; 20852
21; 1; 32; 21985
17; 1; 45; 25780
7; 1; 1; 28051
4; 1; 9; 28751
0; 1; 2; 33093
13; 1; 42; 33618
6; 1; 2; 34572
5; 1; 48; 36735
24; 1; 2; 45681
19; 1; 10; 47827
23; 1; 10; 50558
14; 1; 7; 52236
18; 1; 20; 52449
15; 1; 47; 52846
11; 1; 13; 55190
9; 1; 24; 59721
26; 1; 32; 60240
12; 1; 41; 62726
20; 1; 31; 63639
22; 1; 42; 65075
1; 1; 11; 66272
