**** 838 ****
126
475; 654; 1; 2; 1
623; 657; 1; 2; 20
567; 409; 1; 2; 22
427; 621; 1; 2; 25
541; 649; 1; 2; 34
433; 538; 1; 2; 35
559; 397; 1; 2; 56
440; 526; 1; 2; 71
558; 462; 2; 1; 77
557; 636; 2; 1; 83
498; 456; 1; 2; 91
631; 617; 2; 1; 102
557; 553; 2; 1; 104
544; 547; 2; 1; 116
590; 457; 1; 2; 129
441; 579; 1; 2; 140
541; 566; 2; 1; 148
457; 475; 1; 2; 154
557; 516; 1; 2; 163
434; 645; 2; 1; 201
443; 527; 2; 1; 212
482; 597; 1; 2; 215
639; 622; 2; 1; 220
443; 524; 1; 2; 224
500; 618; 2; 1; 227
566; 645; 2; 1; 242
457; 475; 1; 2; 258
525; 586; 1; 2; 262
619; 607; 1; 2; 264
513; 563; 1; 2; 269
401; 584; 1; 2; 288
547; 467; 1; 2; 288
451; 582; 2; 1; 289
526; 591; 1; 2; 289
607; 479; 2; 1; 293
601; 540; 1; 2; 299
653; 601; 1; 2; 300
397; 385; 1; 2; 301
389; 413; 2; 1; 308
499; 494; 2; 1; 316
646; 603; 2; 1; 326
455; 436; 2; 1; 333
494; 393; 2; 1; 342
412; 528; 1; 2; 344
408; 514; 1; 2; 345
645; 424; 2; 1; 350
584; 499; 2; 1; 355
445; 406; 1; 2; 357
532; 476; 1; 2; 357
462; 633; 2; 1; 373
550; 544; 1; 2; 381
587; 442; 1; 2; 389
449; 437; 2; 1; 390
548; 470; 1; 2; 409
602; 647; 2; 1; 412
564; 560; 2; 1; 417
498; 577; 1; 2; 445
625; 644; 1; 2; 454
570; 386; 2; 1; 458
502; 599; 1; 2; 473
487; 626; 2; 1; 473
563; 482; 2; 1; 475
418; 521; 2; 1; 475
538; 442; 1; 2; 490
436; 638; 1; 2; 501
490; 579; 1; 2; 503
468; 576; 2; 1; 505
624; 404; 1; 2; 527
576; 479; 1; 2; 528
404; 468; 1; 2; 536
536; 509; 1; 2; 539
499; 624; 2; 1; 561
426; 574; 1; 2; 564
483; 477; 1; 2; 570
645; 422; 2; 1; 573
433; 489; 1; 2; 585
499; 581; 1; 2; 596
438; 497; 1; 2; 605
650; 451; 1; 2; 606
618; 517; 1; 2; 639
418; 439; 2; 1; 654
555; 463; 2; 1; 662
657; 616; 1; 2; 665
447; 498; 1; 2; 666
621; 557; 1; 2; 670
474; 533; 1; 2; 677
573; 569; 2; 1; 684
653; 395; 2; 1; 685
625; 485; 2; 1; 687
455; 566; 1; 2; 689
462; 381; 1; 2; 700
456; 485; 1; 2; 700
640; 579; 2; 1; 707
610; 490; 2; 1; 725
627; 441; 1; 2; 739
632; 584; 1; 2; 756
424; 633; 2; 1; 760
512; 569; 1; 2; 763
417; 384; 2; 1; 766
522; 470; 2; 1; 778
402; 566; 1; 2; 780
627; 519; 2; 1; 789
386; 524; 2; 1; 791
489; 410; 1; 2; 794
425; 524; 1; 2; 800
648; 622; 1; 2; 824
459; 582; 2; 1; 829
469; 400; 2; 1; 832
621; 500; 1; 2; 841
627; 383; 1; 2; 852
519; 547; 2; 1; 855
488; 523; 2; 1; 858
387; 511; 1; 2; 861
631; 474; 1; 2; 873
420; 466; 2; 1; 876
573; 408; 2; 1; 894
480; 533; 1; 2; 910
622; 578; 1; 2; 912
403; 587; 1; 2; 913
598; 530; 1; 2; 917
547; 570; 1; 2; 918
639; 584; 1; 2; 923
430; 641; 2; 1; 927
648; 485; 2; 1; 930
546; 396; 2; 1; 934
402; 386; 1; 2; 936
28
4; 1; 17; 621
0; 1; 33; 5147
23; 1; 23; 6040
18; 1; 27; 9072
1; 1; 13; 9926
8; 1; 12; 11474
15; 1; 29; 11769
14; 1; 4; 12293
2; 1; 35; 13191
24; 1; 26; 14763
7; 1; 7; 22238
3; 1; 48; 24923
19; 1; 49; 25688
11; 1; 43; 26592
26; 1; 31; 29973
17; 1; 15; 31505
21; 1; 4; 31521
6; 1; 20; 32920
27; 1; 1; 34103
9; 1; 36; 34637
22; 1; 20; 36112
12; 1; 10; 38468
20; 1; 43; 41439
13; 1; 8; 43942
5; 1; 13; 44850
10; 1; 39; 50058
16; 1; 26; 54671
25; 1; 42; 58295
