**** 839 ****
126
503; 386; 2; 1; 15
535; 618; 2; 1; 23
475; 648; 1; 2; 27
615; 402; 1; 2; 32
606; 542; 2; 1; 38
405; 641; 2; 1; 40
405; 572; 1; 2; 47
398; 452; 1; 2; 51
403; 610; 1; 2; 62
441; 571; 1; 2; 79
422; 618; 2; 1; 84
623; 441; 1; 2; 86
504; 394; 2; 1; 87
606; 650; 1; 2; 87
629; 616; 2; 1; 88
492; 498; 1; 2; 109
645; 506; 1; 2; 114
437; 582; 1; 2; 116
628; 521; 1; 2; 118
609; 466; 1; 2; 119
510; 421; 2; 1; 130
625; 448; 1; 2; 138
491; 400; 2; 1; 142
522; 386; 2; 1; 143
471; 460; 2; 1; 144
385; 511; 2; 1; 153
412; 561; 1; 2; 156
414; 616; 2; 1; 162
522; 644; 1; 2; 177
560; 385; 2; 1; 188
571; 404; 2; 1; 198
481; 485; 1; 2; 206
620; 527; 1; 2; 209
471; 623; 1; 2; 209
472; 467; 1; 2; 233
610; 546; 1; 2; 234
511; 617; 1; 2; 239
539; 419; 1; 2; 241
572; 476; 1; 2; 243
480; 489; 2; 1; 246
589; 505; 1; 2; 246
627; 637; 2; 1; 251
649; 638; 1; 2; 267
503; 511; 2; 1; 276
609; 437; 2; 1; 282
455; 460; 2; 1; 283
545; 495; 1; 2; 291
510; 420; 2; 1; 294
462; 614; 1; 2; 299
423; 521; 2; 1; 300
519; 500; 1; 2; 317
639; 501; 1; 2; 318
515; 525; 2; 1; 337
405; 467; 1; 2; 341
510; 473; 2; 1; 379
406; 652; 1; 2; 389
385; 418; 2; 1; 401
480; 558; 1; 2; 418
525; 381; 2; 1; 429
581; 504; 1; 2; 429
600; 552; 1; 2; 434
600; 431; 1; 2; 448
435; 485; 1; 2; 448
654; 632; 1; 2; 451
434; 480; 2; 1; 457
657; 514; 1; 2; 460
563; 426; 1; 2; 478
530; 428; 1; 2; 479
471; 563; 1; 2; 499
449; 620; 2; 1; 500
444; 480; 1; 2; 507
617; 600; 1; 2; 509
477; 517; 1; 2; 526
393; 594; 2; 1; 534
444; 607; 2; 1; 544
486; 425; 1; 2; 551
549; 532; 2; 1; 553
486; 589; 1; 2; 556
640; 577; 1; 2; 565
632; 564; 1; 2; 567
639; 574; 1; 2; 585
614; 401; 1; 2; 586
632; 572; 1; 2; 593
424; 637; 1; 2; 602
486; 649; 1; 2; 611
432; 587; 1; 2; 613
539; 646; 1; 2; 618
601; 513; 2; 1; 630
560; 451; 1; 2; 643
638; 647; 2; 1; 655
507; 647; 2; 1; 660
458; 474; 1; 2; 663
424; 622; 1; 2; 666
479; 494; 2; 1; 676
642; 615; 2; 1; 684
470; 530; 2; 1; 701
609; 512; 2; 1; 701
654; 409; 2; 1; 712
430; 550; 2; 1; 742
639; 633; 1; 2; 749
588; 636; 2; 1; 762
509; 392; 1; 2; 788
592; 507; 2; 1; 791
463; 420; 1; 2; 795
455; 455; 2; 1; 798
483; 424; 2; 1; 815
495; 470; 1; 2; 824
652; 386; 2; 1; 824
423; 442; 2; 1; 826
426; 408; 2; 1; 836
575; 395; 1; 2; 838
589; 510; 1; 2; 848
527; 638; 2; 1; 849
421; 584; 2; 1; 851
628; 428; 1; 2; 852
456; 389; 2; 1; 869
438; 616; 1; 2; 869
648; 545; 2; 1; 879
418; 549; 2; 1; 886
646; 488; 2; 1; 886
443; 636; 2; 1; 888
399; 488; 2; 1; 892
382; 646; 1; 2; 902
641; 441; 2; 1; 911
530; 634; 1; 2; 919
502; 430; 2; 1; 922
28
1; 1; 5; 1104
14; 1; 32; 1917
16; 1; 27; 6562
5; 1; 43; 8367
4; 1; 16; 9632
24; 1; 42; 9911
15; 1; 41; 10685
25; 1; 26; 11263
0; 1; 32; 18798
23; 1; 38; 18895
22; 1; 40; 21767
10; 1; 19; 21880
12; 1; 41; 22506
9; 1; 8; 23972
27; 1; 20; 26155
6; 1; 14; 27718
17; 1; 24; 29933
11; 1; 42; 30589
7; 1; 46; 32847
3; 1; 15; 34145
26; 1; 37; 34709
19; 1; 32; 40545
20; 1; 49; 50071
2; 1; 22; 51597
8; 1; 27; 54479
13; 1; 2; 59146
21; 1; 24; 64039
18; 1; 5; 65799
