**** 84 ****
57
80; 45; 1; 2; 1
102; 74; 1; 2; 1
98; 46; 1; 2; 1
82; 83; 2; 1; 5
38; 40; 1; 2; 5
36; 80; 1; 2; 6
67; 83; 2; 1; 6
50; 72; 1; 2; 7
95; 105; 1; 2; 7
39; 50; 2; 1; 18
74; 64; 1; 2; 19
101; 60; 1; 2; 20
57; 101; 1; 2; 20
105; 68; 2; 1; 24
91; 84; 2; 1; 26
45; 58; 2; 1; 27
81; 52; 1; 2; 32
45; 93; 1; 2; 33
61; 37; 2; 1; 33
105; 75; 1; 2; 39
42; 80; 2; 1; 45
74; 78; 1; 2; 45
48; 57; 2; 1; 48
50; 48; 1; 2; 49
47; 82; 1; 2; 55
61; 76; 1; 2; 59
85; 57; 2; 1; 59
76; 68; 2; 1; 60
36; 48; 1; 2; 61
39; 76; 1; 2; 68
57; 36; 1; 2; 70
101; 93; 2; 1; 73
48; 37; 2; 1; 86
48; 95; 2; 1; 93
52; 56; 1; 2; 95
64; 65; 1; 2; 101
76; 61; 1; 2; 102
45; 65; 2; 1; 110
37; 49; 1; 2; 113
53; 52; 1; 2; 115
43; 40; 2; 1; 117
78; 62; 1; 2; 126
88; 102; 1; 2; 132
104; 77; 1; 2; 133
84; 47; 1; 2; 136
67; 52; 1; 2; 137
65; 59; 2; 1; 147
55; 94; 2; 1; 148
43; 94; 1; 2; 151
64; 55; 1; 2; 152
78; 45; 2; 1; 154
90; 97; 1; 2; 158
75; 94; 1; 2; 160
67; 94; 1; 2; 164
85; 50; 1; 2; 164
76; 44; 2; 1; 167
44; 42; 2; 1; 167
14
10; 1; 13; 85
1; 1; 20; 758
9; 1; 10; 1564
6; 1; 33; 1596
12; 1; 7; 2019
0; 1; 1; 2226
4; 1; 5; 2427
2; 1; 12; 2483
8; 1; 16; 2677
3; 1; 11; 2828
5; 1; 23; 3800
13; 1; 10; 3824
7; 1; 42; 3859
11; 1; 30; 3907
