**** 840 ****
126
584; 383; 2; 1; 3
428; 599; 1; 2; 8
435; 554; 2; 1; 9
508; 566; 2; 1; 16
578; 517; 1; 2; 24
525; 649; 2; 1; 28
478; 408; 2; 1; 34
381; 618; 2; 1; 35
541; 440; 2; 1; 70
572; 550; 2; 1; 77
627; 587; 2; 1; 78
487; 408; 1; 2; 82
416; 476; 2; 1; 92
502; 471; 1; 2; 116
417; 450; 1; 2; 117
562; 493; 2; 1; 118
404; 396; 1; 2; 126
584; 470; 2; 1; 129
523; 581; 1; 2; 133
476; 558; 2; 1; 141
484; 388; 2; 1; 172
552; 510; 2; 1; 179
637; 466; 1; 2; 197
578; 437; 2; 1; 208
598; 402; 1; 2; 211
402; 455; 2; 1; 227
475; 565; 1; 2; 231
443; 454; 1; 2; 235
397; 550; 1; 2; 236
466; 518; 1; 2; 237
555; 581; 1; 2; 263
423; 386; 1; 2; 267
557; 529; 2; 1; 279
560; 421; 2; 1; 289
655; 457; 2; 1; 291
603; 487; 1; 2; 296
470; 611; 1; 2; 303
405; 517; 2; 1; 324
504; 408; 1; 2; 325
629; 437; 1; 2; 332
655; 542; 1; 2; 332
533; 492; 2; 1; 343
437; 412; 1; 2; 355
515; 556; 2; 1; 364
549; 457; 1; 2; 366
414; 509; 2; 1; 366
565; 518; 1; 2; 367
433; 539; 2; 1; 369
417; 415; 1; 2; 372
580; 530; 1; 2; 374
623; 408; 2; 1; 379
463; 489; 2; 1; 400
544; 405; 2; 1; 401
431; 467; 2; 1; 402
511; 422; 1; 2; 412
616; 431; 1; 2; 418
573; 484; 1; 2; 420
481; 493; 2; 1; 434
638; 640; 1; 2; 439
543; 574; 1; 2; 442
610; 411; 1; 2; 444
566; 656; 1; 2; 457
567; 464; 1; 2; 465
560; 593; 1; 2; 480
437; 480; 2; 1; 485
494; 506; 2; 1; 491
458; 541; 1; 2; 497
485; 606; 1; 2; 498
653; 602; 1; 2; 502
549; 436; 1; 2; 504
488; 437; 1; 2; 504
471; 480; 1; 2; 509
506; 564; 2; 1; 511
520; 451; 2; 1; 516
515; 578; 2; 1; 519
502; 590; 1; 2; 524
463; 613; 2; 1; 530
581; 484; 2; 1; 532
551; 517; 2; 1; 542
614; 564; 1; 2; 555
527; 650; 1; 2; 556
591; 423; 1; 2; 566
505; 599; 1; 2; 569
451; 391; 2; 1; 574
602; 532; 2; 1; 598
443; 390; 2; 1; 624
428; 572; 2; 1; 624
509; 655; 2; 1; 637
637; 393; 2; 1; 639
517; 577; 2; 1; 641
496; 394; 1; 2; 649
504; 468; 1; 2; 650
497; 615; 1; 2; 656
479; 556; 1; 2; 668
389; 516; 1; 2; 681
594; 546; 1; 2; 682
593; 464; 1; 2; 701
637; 601; 1; 2; 702
512; 556; 2; 1; 704
563; 485; 1; 2; 710
495; 607; 1; 2; 717
396; 550; 2; 1; 728
655; 467; 1; 2; 746
384; 453; 2; 1; 748
568; 648; 2; 1; 753
519; 442; 2; 1; 754
510; 569; 2; 1; 770
511; 588; 2; 1; 799
578; 628; 2; 1; 802
470; 510; 2; 1; 804
447; 600; 2; 1; 818
561; 493; 1; 2; 818
388; 592; 1; 2; 826
527; 609; 1; 2; 828
465; 607; 2; 1; 829
606; 510; 2; 1; 830
620; 480; 2; 1; 847
429; 506; 2; 1; 857
639; 439; 1; 2; 883
611; 539; 2; 1; 892
578; 643; 2; 1; 897
590; 540; 1; 2; 902
620; 530; 2; 1; 906
656; 594; 1; 2; 922
493; 605; 1; 2; 927
604; 452; 1; 2; 927
28
24; 1; 34; 660
12; 1; 31; 5347
19; 1; 48; 6383
8; 1; 32; 6482
5; 1; 47; 6562
18; 1; 48; 8179
14; 1; 7; 10478
23; 1; 22; 11101
1; 1; 44; 19470
22; 1; 42; 20750
25; 1; 11; 21431
4; 1; 32; 21683
15; 1; 24; 24244
2; 1; 20; 25718
20; 1; 35; 27778
13; 1; 21; 28817
9; 1; 17; 31231
10; 1; 26; 31264
7; 1; 1; 41173
26; 1; 32; 43894
21; 1; 43; 45085
6; 1; 1; 48933
11; 1; 16; 51472
27; 1; 35; 54549
17; 1; 48; 55876
3; 1; 20; 62160
16; 1; 10; 62866
0; 1; 20; 63629
