**** 841 ****
126
633; 525; 1; 2; 5
560; 558; 1; 2; 6
588; 401; 1; 2; 6
494; 482; 1; 2; 6
531; 429; 2; 1; 15
392; 561; 1; 2; 31
557; 527; 2; 1; 31
384; 588; 2; 1; 31
409; 656; 1; 2; 39
469; 394; 2; 1; 45
525; 443; 2; 1; 61
555; 564; 2; 1; 65
634; 405; 2; 1; 65
592; 614; 1; 2; 69
415; 572; 2; 1; 71
596; 589; 1; 2; 76
614; 450; 1; 2; 77
588; 623; 2; 1; 79
655; 605; 1; 2; 100
389; 395; 2; 1; 100
509; 426; 2; 1; 102
598; 398; 1; 2; 111
423; 529; 1; 2; 133
404; 656; 1; 2; 135
550; 492; 2; 1; 144
563; 425; 2; 1; 150
414; 402; 1; 2; 152
594; 591; 2; 1; 152
449; 470; 1; 2; 172
538; 439; 2; 1; 174
479; 620; 2; 1; 183
522; 608; 2; 1; 197
624; 606; 1; 2; 203
425; 504; 2; 1; 204
537; 491; 1; 2; 205
401; 441; 1; 2; 209
440; 415; 2; 1; 210
511; 595; 2; 1; 211
526; 456; 2; 1; 243
397; 643; 2; 1; 246
565; 459; 2; 1; 261
615; 515; 1; 2; 296
637; 576; 1; 2; 301
461; 385; 1; 2; 314
519; 442; 1; 2; 322
644; 392; 1; 2; 323
603; 586; 2; 1; 366
444; 417; 2; 1; 368
440; 585; 2; 1; 377
592; 577; 2; 1; 377
472; 413; 1; 2; 379
617; 641; 1; 2; 388
441; 617; 1; 2; 418
630; 559; 1; 2; 425
466; 515; 2; 1; 439
540; 643; 2; 1; 450
586; 600; 2; 1; 471
632; 413; 1; 2; 483
412; 469; 2; 1; 498
539; 583; 2; 1; 502
627; 607; 2; 1; 512
416; 412; 1; 2; 533
391; 592; 1; 2; 537
424; 520; 1; 2; 560
394; 639; 1; 2; 568
448; 445; 1; 2; 570
512; 622; 2; 1; 580
492; 417; 2; 1; 599
543; 554; 2; 1; 608
656; 572; 2; 1; 613
573; 501; 1; 2; 617
402; 544; 1; 2; 618
591; 509; 1; 2; 622
618; 494; 1; 2; 633
605; 388; 2; 1; 634
499; 465; 1; 2; 637
397; 548; 1; 2; 643
521; 413; 2; 1; 651
646; 570; 1; 2; 663
414; 486; 1; 2; 665
415; 597; 1; 2; 669
463; 496; 1; 2; 684
433; 468; 2; 1; 690
396; 558; 1; 2; 693
597; 646; 2; 1; 697
533; 513; 2; 1; 701
427; 573; 2; 1; 701
574; 491; 1; 2; 704
518; 418; 2; 1; 706
582; 533; 2; 1; 709
519; 557; 2; 1; 718
482; 500; 1; 2; 721
508; 608; 2; 1; 735
641; 559; 1; 2; 737
578; 471; 1; 2; 740
617; 573; 1; 2; 746
556; 491; 1; 2; 750
437; 443; 2; 1; 751
471; 529; 2; 1; 751
561; 551; 2; 1; 763
599; 546; 2; 1; 763
556; 617; 2; 1; 769
505; 501; 2; 1; 779
586; 552; 2; 1; 781
458; 491; 1; 2; 786
538; 487; 2; 1; 793
605; 541; 2; 1; 794
455; 631; 2; 1; 807
651; 600; 1; 2; 807
542; 511; 2; 1; 812
520; 552; 2; 1; 824
529; 439; 1; 2; 829
409; 556; 1; 2; 833
473; 549; 2; 1; 834
610; 626; 1; 2; 836
628; 564; 1; 2; 839
494; 617; 1; 2; 861
561; 611; 2; 1; 868
652; 491; 2; 1; 870
428; 647; 1; 2; 873
616; 481; 1; 2; 879
394; 577; 1; 2; 884
525; 482; 1; 2; 888
434; 391; 2; 1; 923
464; 554; 2; 1; 927
487; 497; 2; 1; 935
28
16; 1; 9; 1520
6; 1; 5; 1539
26; 1; 16; 5651
11; 1; 48; 6351
18; 1; 37; 16414
27; 1; 3; 19556
13; 1; 22; 21760
17; 1; 41; 23248
10; 1; 13; 26116
8; 1; 33; 26164
14; 1; 12; 27129
2; 1; 10; 28548
3; 1; 34; 28758
5; 1; 11; 29100
7; 1; 36; 34655
21; 1; 41; 37641
9; 1; 14; 38871
4; 1; 48; 43102
25; 1; 46; 44418
24; 1; 49; 45682
19; 1; 2; 51991
23; 1; 20; 52787
20; 1; 13; 55322
0; 1; 20; 56472
12; 1; 32; 59115
22; 1; 35; 60022
15; 1; 49; 62880
1; 1; 48; 63611
