**** 842 ****
126
634; 381; 1; 2; 29
389; 656; 2; 1; 39
540; 494; 1; 2; 41
653; 424; 1; 2; 44
393; 403; 2; 1; 50
519; 599; 1; 2; 53
436; 511; 2; 1; 56
594; 620; 1; 2; 66
528; 610; 1; 2; 75
627; 526; 1; 2; 88
403; 447; 1; 2; 98
562; 503; 2; 1; 98
646; 545; 1; 2; 106
500; 655; 1; 2; 108
397; 544; 1; 2; 109
393; 442; 1; 2; 110
413; 581; 2; 1; 111
431; 458; 1; 2; 116
428; 432; 2; 1; 117
445; 444; 2; 1; 138
580; 647; 1; 2; 139
612; 393; 2; 1; 154
416; 488; 2; 1; 170
448; 393; 1; 2; 184
444; 559; 2; 1; 204
485; 422; 2; 1; 222
585; 577; 2; 1; 233
390; 652; 2; 1; 249
624; 534; 1; 2; 255
648; 422; 1; 2; 255
537; 437; 2; 1; 256
445; 429; 2; 1; 257
656; 485; 1; 2; 257
461; 401; 2; 1; 259
412; 567; 2; 1; 292
645; 651; 2; 1; 292
514; 391; 2; 1; 308
386; 498; 1; 2; 316
503; 578; 1; 2; 316
566; 431; 1; 2; 335
557; 603; 1; 2; 336
598; 590; 1; 2; 357
601; 563; 2; 1; 368
564; 515; 1; 2; 370
392; 419; 2; 1; 375
622; 591; 2; 1; 380
381; 382; 1; 2; 380
656; 624; 1; 2; 382
589; 610; 2; 1; 385
445; 550; 2; 1; 410
458; 397; 1; 2; 425
596; 419; 2; 1; 426
580; 635; 1; 2; 430
572; 433; 2; 1; 437
438; 622; 1; 2; 439
604; 502; 1; 2; 445
581; 504; 1; 2; 447
612; 548; 1; 2; 448
592; 542; 2; 1; 452
561; 501; 2; 1; 462
578; 533; 1; 2; 463
597; 655; 2; 1; 465
655; 610; 1; 2; 481
570; 641; 2; 1; 483
463; 560; 2; 1; 507
416; 556; 2; 1; 509
540; 483; 2; 1; 510
542; 474; 2; 1; 511
640; 472; 1; 2; 513
439; 527; 1; 2; 516
500; 426; 1; 2; 517
502; 440; 1; 2; 527
542; 527; 2; 1; 539
595; 381; 1; 2; 543
401; 510; 2; 1; 548
611; 562; 1; 2; 558
497; 590; 2; 1; 560
468; 589; 2; 1; 572
564; 481; 2; 1; 572
390; 602; 2; 1; 595
443; 435; 2; 1; 615
623; 425; 1; 2; 624
423; 572; 2; 1; 635
472; 486; 1; 2; 643
527; 629; 2; 1; 653
450; 641; 1; 2; 654
430; 616; 2; 1; 657
454; 603; 2; 1; 657
545; 381; 2; 1; 659
471; 631; 2; 1; 664
571; 651; 1; 2; 669
507; 417; 2; 1; 683
456; 639; 2; 1; 684
417; 524; 1; 2; 690
504; 569; 2; 1; 698
575; 432; 1; 2; 703
570; 500; 2; 1; 703
409; 487; 2; 1; 705
543; 559; 2; 1; 714
412; 618; 2; 1; 723
588; 510; 1; 2; 738
388; 410; 2; 1; 740
414; 449; 1; 2; 750
395; 443; 2; 1; 756
635; 477; 1; 2; 759
593; 551; 1; 2; 780
635; 541; 2; 1; 787
431; 538; 1; 2; 798
464; 505; 2; 1; 803
631; 644; 2; 1; 806
462; 409; 2; 1; 810
418; 391; 1; 2; 834
507; 432; 1; 2; 837
588; 442; 2; 1; 843
516; 591; 2; 1; 846
615; 519; 2; 1; 855
479; 588; 1; 2; 860
567; 479; 2; 1; 863
551; 645; 2; 1; 864
511; 531; 2; 1; 878
419; 571; 2; 1; 881
498; 615; 2; 1; 896
643; 521; 2; 1; 902
499; 644; 2; 1; 919
551; 481; 1; 2; 927
616; 561; 1; 2; 935
28
18; 1; 33; 65
25; 1; 46; 2076
5; 1; 40; 3303
14; 1; 39; 6300
3; 1; 31; 10844
21; 1; 46; 15349
26; 1; 8; 18079
9; 1; 8; 18554
19; 1; 6; 18604
0; 1; 27; 20289
12; 1; 46; 20525
22; 1; 37; 23628
23; 1; 21; 28536
4; 1; 39; 28814
10; 1; 12; 33021
17; 1; 20; 34371
1; 1; 43; 34693
11; 1; 41; 35596
15; 1; 20; 40013
24; 1; 27; 45907
8; 1; 25; 50482
6; 1; 11; 54620
13; 1; 38; 54984
20; 1; 2; 57550
7; 1; 7; 59665
2; 1; 43; 60314
27; 1; 34; 60666
16; 1; 34; 65048
