**** 843 ****
126
405; 635; 2; 1; 23
424; 502; 1; 2; 25
382; 391; 2; 1; 26
527; 508; 1; 2; 36
479; 456; 2; 1; 45
444; 580; 2; 1; 61
615; 442; 2; 1; 64
493; 389; 1; 2; 65
485; 518; 1; 2; 90
540; 641; 1; 2; 98
480; 622; 1; 2; 121
626; 433; 2; 1; 127
386; 397; 2; 1; 128
390; 434; 2; 1; 129
555; 470; 1; 2; 135
555; 636; 2; 1; 169
629; 502; 2; 1; 179
634; 518; 2; 1; 182
450; 493; 2; 1; 185
547; 523; 1; 2; 187
626; 389; 1; 2; 188
634; 564; 2; 1; 194
469; 554; 2; 1; 197
622; 565; 1; 2; 200
424; 595; 2; 1; 209
613; 397; 2; 1; 213
528; 527; 1; 2; 223
615; 526; 2; 1; 226
656; 571; 1; 2; 236
566; 499; 2; 1; 237
578; 627; 2; 1; 237
557; 539; 1; 2; 243
524; 649; 2; 1; 248
510; 591; 2; 1; 268
639; 649; 2; 1; 268
633; 601; 1; 2; 275
568; 616; 2; 1; 292
441; 549; 1; 2; 314
620; 423; 2; 1; 320
472; 443; 2; 1; 343
640; 412; 1; 2; 365
629; 566; 2; 1; 366
578; 393; 2; 1; 369
413; 580; 1; 2; 374
542; 419; 1; 2; 377
648; 573; 2; 1; 387
615; 428; 1; 2; 397
531; 418; 2; 1; 401
515; 482; 1; 2; 409
389; 560; 1; 2; 442
468; 600; 2; 1; 444
533; 518; 1; 2; 452
637; 433; 2; 1; 456
489; 400; 2; 1; 459
411; 420; 1; 2; 475
437; 543; 1; 2; 480
443; 501; 2; 1; 480
436; 624; 1; 2; 494
453; 413; 1; 2; 506
504; 598; 1; 2; 507
517; 547; 2; 1; 526
605; 592; 2; 1; 527
458; 592; 1; 2; 542
622; 528; 2; 1; 557
646; 392; 2; 1; 562
547; 657; 1; 2; 574
405; 638; 2; 1; 575
460; 619; 2; 1; 575
648; 616; 2; 1; 578
528; 616; 1; 2; 597
464; 403; 2; 1; 608
491; 630; 2; 1; 613
560; 652; 1; 2; 614
485; 447; 1; 2; 616
443; 634; 2; 1; 618
514; 597; 2; 1; 635
452; 457; 1; 2; 639
617; 464; 1; 2; 640
448; 476; 2; 1; 640
519; 620; 1; 2; 679
643; 476; 1; 2; 683
646; 443; 1; 2; 686
517; 444; 1; 2; 689
634; 576; 2; 1; 690
637; 491; 1; 2; 699
407; 640; 1; 2; 701
540; 578; 2; 1; 716
427; 600; 2; 1; 724
566; 603; 1; 2; 726
490; 494; 1; 2; 737
444; 458; 2; 1; 747
439; 625; 2; 1; 748
416; 452; 1; 2; 756
519; 438; 1; 2; 767
396; 491; 1; 2; 778
383; 423; 2; 1; 787
479; 543; 1; 2; 789
409; 531; 2; 1; 797
447; 418; 2; 1; 799
414; 440; 1; 2; 802
652; 599; 1; 2; 806
573; 613; 1; 2; 814
567; 616; 1; 2; 814
628; 473; 2; 1; 814
462; 613; 1; 2; 816
390; 388; 2; 1; 817
643; 630; 2; 1; 833
633; 536; 1; 2; 836
653; 622; 2; 1; 837
470; 631; 2; 1; 845
429; 415; 2; 1; 850
604; 461; 1; 2; 861
614; 453; 1; 2; 867
488; 458; 2; 1; 894
456; 491; 1; 2; 897
422; 646; 2; 1; 897
563; 391; 1; 2; 900
531; 460; 2; 1; 901
544; 464; 2; 1; 902
388; 532; 1; 2; 902
429; 542; 1; 2; 904
415; 613; 2; 1; 907
400; 651; 1; 2; 913
612; 486; 2; 1; 932
637; 433; 2; 1; 938
616; 558; 1; 2; 941
28
3; 1; 45; 4707
6; 1; 11; 7929
10; 1; 34; 8740
8; 1; 3; 9725
20; 1; 1; 10996
18; 1; 24; 15018
5; 1; 15; 17836
4; 1; 36; 19763
21; 1; 6; 25335
2; 1; 44; 33778
7; 1; 35; 33954
12; 1; 32; 34010
22; 1; 30; 35540
23; 1; 38; 35579
11; 1; 22; 36170
17; 1; 26; 40375
24; 1; 34; 41637
0; 1; 13; 42946
1; 1; 17; 44840
26; 1; 12; 44980
15; 1; 37; 48952
16; 1; 33; 51692
25; 1; 8; 53928
19; 1; 1; 54605
13; 1; 24; 57862
27; 1; 33; 58233
14; 1; 15; 59475
9; 1; 46; 61457
