**** 844 ****
126
462; 631; 1; 2; 7
539; 615; 1; 2; 22
427; 583; 1; 2; 41
470; 531; 1; 2; 42
623; 485; 2; 1; 44
647; 629; 2; 1; 56
625; 608; 1; 2; 58
495; 388; 1; 2; 66
595; 636; 2; 1; 77
395; 583; 1; 2; 92
485; 528; 1; 2; 96
561; 556; 1; 2; 96
652; 433; 2; 1; 111
412; 556; 1; 2; 112
465; 485; 2; 1; 120
546; 581; 2; 1; 121
443; 598; 1; 2; 126
451; 652; 1; 2; 130
395; 459; 2; 1; 133
590; 634; 2; 1; 140
461; 473; 2; 1; 155
633; 482; 2; 1; 159
655; 415; 2; 1; 169
605; 560; 1; 2; 174
463; 430; 1; 2; 179
462; 526; 2; 1; 185
398; 457; 1; 2; 189
606; 471; 1; 2; 198
535; 632; 1; 2; 205
520; 467; 2; 1; 205
622; 454; 1; 2; 225
448; 565; 1; 2; 228
486; 591; 1; 2; 230
620; 583; 1; 2; 231
618; 538; 2; 1; 235
462; 417; 1; 2; 238
518; 535; 1; 2; 239
543; 587; 2; 1; 254
485; 646; 1; 2; 258
612; 415; 2; 1; 260
567; 537; 1; 2; 261
502; 505; 2; 1; 261
621; 465; 2; 1; 262
578; 565; 2; 1; 263
565; 496; 1; 2; 275
537; 621; 2; 1; 284
488; 398; 1; 2; 288
452; 433; 1; 2; 289
401; 507; 1; 2; 289
474; 417; 2; 1; 291
631; 536; 2; 1; 298
645; 456; 1; 2; 315
412; 597; 1; 2; 321
455; 507; 2; 1; 321
396; 453; 1; 2; 337
416; 535; 2; 1; 344
435; 540; 1; 2; 344
567; 644; 1; 2; 352
656; 629; 1; 2; 357
387; 469; 1; 2; 372
589; 604; 1; 2; 375
614; 580; 2; 1; 379
481; 597; 1; 2; 382
557; 432; 2; 1; 386
592; 583; 2; 1; 386
622; 439; 1; 2; 393
390; 409; 2; 1; 414
481; 576; 2; 1; 439
422; 516; 1; 2; 440
543; 504; 1; 2; 462
413; 542; 1; 2; 474
400; 541; 1; 2; 479
418; 576; 1; 2; 482
532; 651; 1; 2; 508
518; 437; 1; 2; 511
627; 631; 1; 2; 524
543; 425; 2; 1; 529
578; 627; 2; 1; 537
621; 458; 2; 1; 541
580; 650; 1; 2; 544
633; 430; 2; 1; 555
407; 488; 2; 1; 562
416; 617; 1; 2; 574
459; 574; 1; 2; 590
509; 582; 1; 2; 604
520; 527; 2; 1; 615
442; 403; 1; 2; 616
436; 536; 1; 2; 621
597; 417; 2; 1; 631
566; 426; 2; 1; 640
433; 572; 1; 2; 647
451; 411; 1; 2; 647
540; 521; 1; 2; 648
575; 644; 2; 1; 650
486; 500; 1; 2; 652
419; 464; 2; 1; 652
407; 590; 1; 2; 701
642; 484; 2; 1; 720
447; 490; 1; 2; 721
492; 529; 2; 1; 722
618; 432; 2; 1; 739
558; 381; 2; 1; 745
394; 400; 1; 2; 753
569; 390; 2; 1; 760
622; 434; 2; 1; 769
397; 657; 1; 2; 769
466; 641; 2; 1; 775
506; 473; 1; 2; 775
595; 652; 1; 2; 781
614; 586; 1; 2; 782
571; 432; 2; 1; 796
544; 450; 2; 1; 809
404; 476; 2; 1; 820
600; 570; 1; 2; 822
542; 631; 1; 2; 824
522; 384; 2; 1; 833
464; 610; 2; 1; 856
558; 571; 1; 2; 876
443; 525; 2; 1; 889
524; 467; 1; 2; 894
616; 546; 1; 2; 898
592; 632; 2; 1; 907
513; 610; 2; 1; 907
510; 441; 1; 2; 918
647; 630; 2; 1; 918
454; 629; 2; 1; 937
28
18; 1; 30; 6340
26; 1; 16; 14463
22; 1; 17; 17925
24; 1; 42; 19301
19; 1; 35; 19546
3; 1; 9; 21317
9; 1; 39; 21404
25; 1; 4; 24799
0; 1; 21; 24838
11; 1; 49; 28891
15; 1; 6; 30843
1; 1; 15; 31165
27; 1; 31; 31212
13; 1; 47; 36127
21; 1; 18; 37323
23; 1; 6; 39814
20; 1; 31; 41370
7; 1; 11; 45590
6; 1; 43; 46431
5; 1; 5; 46524
14; 1; 11; 47540
2; 1; 47; 49541
8; 1; 48; 50184
16; 1; 46; 54047
17; 1; 17; 59762
4; 1; 17; 62459
12; 1; 32; 63809
10; 1; 5; 64700
