**** 845 ****
126
468; 544; 1; 2; 5
453; 458; 2; 1; 6
484; 559; 1; 2; 8
596; 587; 2; 1; 13
543; 405; 2; 1; 13
641; 534; 2; 1; 44
650; 608; 2; 1; 46
475; 657; 2; 1; 49
440; 423; 2; 1; 58
483; 622; 2; 1; 59
513; 618; 1; 2; 59
417; 564; 1; 2; 60
642; 518; 2; 1; 83
573; 589; 1; 2; 93
508; 598; 2; 1; 109
534; 416; 1; 2; 109
417; 434; 1; 2; 110
534; 484; 2; 1; 111
584; 646; 1; 2; 114
449; 572; 2; 1; 128
604; 653; 1; 2; 140
518; 554; 1; 2; 153
487; 504; 1; 2; 154
411; 383; 2; 1; 155
398; 582; 1; 2; 161
408; 381; 1; 2; 169
399; 621; 2; 1; 170
447; 565; 1; 2; 175
622; 554; 1; 2; 183
381; 387; 2; 1; 185
544; 388; 1; 2; 188
538; 502; 1; 2; 193
501; 499; 2; 1; 199
391; 646; 1; 2; 202
435; 652; 1; 2; 221
477; 567; 2; 1; 222
559; 517; 2; 1; 224
645; 601; 1; 2; 235
611; 586; 2; 1; 254
477; 593; 2; 1; 255
650; 541; 2; 1; 257
395; 555; 2; 1; 264
435; 563; 1; 2; 275
608; 426; 1; 2; 276
521; 484; 2; 1; 280
474; 623; 2; 1; 281
579; 538; 2; 1; 291
436; 579; 1; 2; 297
648; 460; 2; 1; 301
490; 536; 2; 1; 315
463; 448; 2; 1; 318
618; 627; 1; 2; 321
562; 445; 1; 2; 337
607; 431; 1; 2; 353
472; 404; 1; 2; 358
476; 391; 2; 1; 359
564; 617; 2; 1; 383
387; 600; 2; 1; 385
613; 633; 1; 2; 390
581; 450; 2; 1; 392
547; 553; 1; 2; 401
456; 476; 1; 2; 410
381; 409; 2; 1; 410
556; 445; 1; 2; 417
467; 396; 1; 2; 427
412; 476; 2; 1; 430
616; 504; 1; 2; 443
440; 582; 2; 1; 457
534; 439; 2; 1; 463
526; 626; 2; 1; 490
430; 656; 2; 1; 490
522; 462; 1; 2; 491
546; 423; 2; 1; 506
585; 609; 2; 1; 521
613; 504; 2; 1; 528
483; 602; 2; 1; 540
532; 392; 1; 2; 543
504; 425; 2; 1; 549
387; 430; 1; 2; 561
489; 547; 1; 2; 567
538; 581; 2; 1; 583
637; 456; 2; 1; 588
415; 467; 2; 1; 605
642; 620; 2; 1; 608
387; 606; 1; 2; 619
596; 433; 1; 2; 626
431; 490; 2; 1; 633
622; 627; 2; 1; 641
421; 579; 1; 2; 646
496; 627; 2; 1; 659
539; 461; 1; 2; 662
417; 543; 2; 1; 665
571; 577; 2; 1; 681
500; 433; 2; 1; 688
647; 477; 1; 2; 691
566; 570; 1; 2; 695
391; 634; 1; 2; 700
542; 535; 2; 1; 700
418; 451; 2; 1; 727
577; 440; 2; 1; 730
561; 526; 2; 1; 730
638; 649; 1; 2; 735
595; 604; 1; 2; 748
516; 401; 2; 1; 757
473; 390; 1; 2; 761
404; 421; 1; 2; 762
406; 450; 1; 2; 766
426; 391; 2; 1; 774
614; 471; 1; 2; 785
651; 510; 2; 1; 794
597; 473; 1; 2; 797
443; 580; 1; 2; 805
635; 453; 1; 2; 808
487; 492; 1; 2; 812
412; 576; 1; 2; 814
418; 480; 1; 2; 824
406; 410; 2; 1; 832
572; 521; 2; 1; 847
541; 392; 2; 1; 857
486; 409; 2; 1; 861
580; 598; 2; 1; 862
443; 453; 2; 1; 862
398; 398; 1; 2; 874
386; 648; 1; 2; 924
565; 574; 1; 2; 926
519; 427; 2; 1; 936
28
23; 1; 3; 838
2; 1; 27; 3258
24; 1; 4; 4997
21; 1; 24; 5779
16; 1; 22; 13761
1; 1; 42; 14970
19; 1; 37; 16206
6; 1; 37; 19898
13; 1; 8; 21302
20; 1; 30; 21925
27; 1; 41; 22441
12; 1; 14; 23242
25; 1; 14; 24568
14; 1; 9; 24849
9; 1; 46; 26821
3; 1; 3; 27909
10; 1; 1; 28039
17; 1; 9; 40247
8; 1; 13; 40799
26; 1; 2; 49621
7; 1; 11; 49772
0; 1; 22; 53725
11; 1; 24; 54035
18; 1; 18; 55553
5; 1; 4; 58044
15; 1; 38; 60544
4; 1; 42; 61759
22; 1; 26; 62501
