**** 846 ****
126
655; 572; 1; 2; 8
583; 556; 2; 1; 28
590; 465; 1; 2; 28
392; 462; 2; 1; 31
651; 582; 1; 2; 38
621; 486; 2; 1; 38
617; 381; 2; 1; 53
534; 594; 2; 1; 54
440; 409; 2; 1; 57
583; 435; 1; 2; 61
510; 621; 2; 1; 63
417; 533; 2; 1; 64
396; 613; 2; 1; 77
417; 425; 1; 2; 86
522; 631; 1; 2; 103
455; 444; 2; 1; 122
395; 516; 1; 2; 144
561; 400; 1; 2; 145
532; 504; 2; 1; 150
484; 463; 2; 1; 150
466; 472; 2; 1; 150
609; 495; 1; 2; 151
505; 401; 2; 1; 160
572; 559; 2; 1; 163
496; 650; 2; 1; 169
642; 435; 1; 2; 177
560; 427; 2; 1; 184
642; 557; 1; 2; 189
441; 393; 2; 1; 192
594; 407; 1; 2; 194
502; 613; 2; 1; 252
389; 400; 1; 2; 257
626; 532; 2; 1; 260
467; 642; 2; 1; 263
553; 440; 1; 2; 275
537; 583; 1; 2; 293
507; 555; 2; 1; 311
576; 470; 1; 2; 318
621; 432; 1; 2; 318
614; 537; 2; 1; 323
545; 411; 1; 2; 342
435; 429; 2; 1; 344
627; 458; 1; 2; 346
585; 647; 1; 2; 352
633; 406; 1; 2; 354
427; 452; 2; 1; 360
562; 592; 2; 1; 364
519; 653; 1; 2; 368
567; 547; 2; 1; 369
632; 650; 1; 2; 389
466; 548; 2; 1; 410
513; 441; 1; 2; 416
473; 447; 2; 1; 418
488; 619; 1; 2; 419
459; 463; 1; 2; 427
466; 446; 1; 2; 436
478; 480; 2; 1; 437
599; 610; 1; 2; 445
608; 433; 1; 2; 446
485; 442; 1; 2; 447
434; 489; 1; 2; 452
501; 481; 1; 2; 457
550; 632; 1; 2; 471
439; 403; 2; 1; 472
616; 469; 2; 1; 477
547; 525; 1; 2; 479
531; 464; 1; 2; 481
570; 433; 1; 2; 487
401; 635; 1; 2; 497
462; 420; 2; 1; 502
498; 549; 2; 1; 511
544; 446; 2; 1; 523
617; 480; 2; 1; 524
453; 413; 2; 1; 528
398; 404; 1; 2; 532
596; 568; 1; 2; 540
403; 496; 1; 2; 546
498; 539; 1; 2; 556
444; 496; 2; 1; 558
645; 606; 1; 2; 563
644; 488; 2; 1; 567
651; 512; 2; 1; 577
579; 399; 1; 2; 579
454; 569; 1; 2; 596
447; 388; 2; 1; 597
610; 646; 2; 1; 598
383; 471; 2; 1; 599
613; 394; 1; 2; 604
470; 446; 2; 1; 632
605; 419; 2; 1; 633
465; 541; 2; 1; 633
615; 493; 1; 2; 635
611; 645; 2; 1; 644
434; 644; 1; 2; 648
381; 448; 2; 1; 652
648; 386; 2; 1; 660
493; 453; 1; 2; 663
403; 459; 1; 2; 672
550; 609; 2; 1; 685
537; 554; 2; 1; 688
591; 469; 2; 1; 689
621; 630; 1; 2; 689
428; 601; 2; 1; 690
405; 391; 1; 2; 715
406; 423; 2; 1; 718
456; 532; 1; 2; 723
497; 649; 2; 1; 738
427; 535; 1; 2; 755
573; 446; 1; 2; 760
603; 519; 1; 2; 772
400; 419; 2; 1; 779
417; 419; 1; 2; 792
463; 435; 2; 1; 797
560; 463; 2; 1; 823
534; 508; 2; 1; 825
483; 446; 2; 1; 841
461; 590; 2; 1; 860
422; 523; 1; 2; 874
508; 631; 2; 1; 875
619; 471; 1; 2; 879
599; 615; 1; 2; 905
605; 632; 2; 1; 918
422; 563; 2; 1; 919
505; 381; 1; 2; 920
596; 581; 2; 1; 933
505; 507; 1; 2; 939
28
2; 1; 21; 6611
19; 1; 5; 7135
8; 1; 15; 8980
18; 1; 17; 11324
21; 1; 41; 14311
16; 1; 42; 16108
11; 1; 36; 17136
10; 1; 21; 18013
25; 1; 7; 18641
0; 1; 16; 20234
17; 1; 3; 22755
26; 1; 49; 27662
9; 1; 39; 30691
4; 1; 43; 31456
7; 1; 47; 34591
14; 1; 36; 38011
20; 1; 44; 42090
1; 1; 28; 46405
15; 1; 31; 51630
3; 1; 11; 53415
27; 1; 15; 56503
6; 1; 24; 57645
23; 1; 24; 59985
13; 1; 30; 62657
12; 1; 44; 62768
5; 1; 48; 63102
22; 1; 10; 64331
24; 1; 14; 65313
