**** 847 ****
127
560; 513; 1; 2; 49
423; 485; 1; 2; 50
481; 426; 2; 1; 55
472; 467; 2; 1; 61
624; 632; 2; 1; 64
496; 585; 2; 1; 64
493; 632; 2; 1; 68
523; 497; 1; 2; 74
600; 594; 2; 1; 76
635; 483; 2; 1; 82
391; 565; 2; 1; 92
597; 609; 2; 1; 96
534; 417; 2; 1; 103
545; 518; 2; 1; 113
409; 610; 1; 2; 117
642; 560; 1; 2; 138
450; 603; 2; 1; 146
445; 559; 1; 2; 156
510; 546; 2; 1; 170
417; 659; 1; 2; 189
636; 425; 2; 1; 191
580; 582; 2; 1; 196
491; 482; 1; 2; 204
528; 465; 1; 2; 209
581; 483; 2; 1; 215
542; 560; 1; 2; 226
420; 582; 1; 2; 242
580; 405; 1; 2; 259
431; 446; 2; 1; 263
435; 427; 2; 1; 273
616; 448; 1; 2; 274
523; 509; 2; 1; 284
579; 491; 2; 1; 289
428; 395; 1; 2; 294
429; 541; 1; 2; 294
408; 604; 2; 1; 307
446; 511; 1; 2; 316
511; 603; 2; 1; 325
505; 462; 2; 1; 333
397; 641; 1; 2; 338
620; 405; 1; 2; 338
636; 525; 1; 2; 339
486; 461; 1; 2; 342
562; 659; 2; 1; 343
585; 458; 2; 1; 347
550; 626; 2; 1; 347
421; 493; 2; 1; 348
536; 513; 1; 2; 357
428; 591; 1; 2; 360
599; 560; 2; 1; 370
620; 508; 2; 1; 370
561; 417; 2; 1; 371
437; 524; 2; 1; 376
546; 611; 2; 1; 385
498; 438; 2; 1; 394
625; 464; 1; 2; 402
610; 652; 2; 1; 419
516; 624; 2; 1; 423
471; 561; 2; 1; 430
494; 627; 1; 2; 435
438; 569; 1; 2; 445
464; 634; 1; 2; 450
642; 594; 1; 2; 451
506; 555; 2; 1; 473
491; 537; 2; 1; 473
507; 608; 2; 1; 484
401; 465; 2; 1; 485
641; 487; 1; 2; 486
614; 394; 1; 2; 489
610; 402; 1; 2; 500
587; 656; 2; 1; 541
661; 607; 1; 2; 551
591; 439; 2; 1; 553
486; 514; 2; 1; 555
509; 531; 1; 2; 563
509; 439; 1; 2; 598
402; 620; 1; 2; 611
574; 465; 2; 1; 619
607; 456; 2; 1; 620
546; 462; 1; 2; 622
431; 484; 2; 1; 628
490; 515; 1; 2; 632
488; 414; 2; 1; 640
394; 440; 1; 2; 660
520; 616; 2; 1; 665
484; 450; 1; 2; 673
502; 653; 2; 1; 680
474; 500; 1; 2; 687
650; 466; 2; 1; 705
634; 619; 2; 1; 714
461; 640; 2; 1; 716
410; 660; 2; 1; 717
473; 425; 1; 2; 729
491; 499; 1; 2; 733
533; 615; 1; 2; 734
602; 500; 1; 2; 753
631; 574; 1; 2; 761
499; 500; 1; 2; 762
475; 548; 2; 1; 777
545; 421; 2; 1; 785
475; 605; 1; 2; 791
511; 421; 1; 2; 793
568; 635; 2; 1; 804
632; 432; 1; 2; 810
475; 593; 2; 1; 812
614; 635; 2; 1; 815
499; 542; 2; 1; 825
565; 402; 2; 1; 830
438; 621; 1; 2; 835
395; 604; 1; 2; 844
438; 508; 2; 1; 855
558; 507; 1; 2; 859
418; 660; 2; 1; 859
549; 555; 2; 1; 860
637; 483; 1; 2; 867
606; 513; 1; 2; 870
647; 591; 2; 1; 870
614; 559; 1; 2; 884
477; 525; 2; 1; 891
402; 502; 1; 2; 893
636; 553; 1; 2; 897
406; 484; 2; 1; 915
498; 607; 2; 1; 919
535; 618; 1; 2; 921
576; 579; 1; 2; 926
622; 495; 2; 1; 927
659; 456; 2; 1; 929
28
27; 1; 16; 167
19; 1; 15; 1879
2; 1; 10; 6865
14; 1; 6; 9606
23; 1; 6; 12346
6; 1; 36; 13667
3; 1; 38; 14357
9; 1; 2; 15012
0; 1; 19; 15675
24; 1; 2; 16259
13; 1; 1; 16590
5; 1; 26; 18486
16; 1; 29; 21719
26; 1; 15; 23116
7; 1; 10; 27452
8; 1; 1; 27527
10; 1; 30; 27570
18; 1; 22; 31592
1; 1; 34; 32118
17; 1; 37; 33455
25; 1; 38; 36251
22; 1; 49; 36606
20; 1; 26; 40341
11; 1; 47; 41555
4; 1; 1; 42386
12; 1; 35; 43777
15; 1; 11; 60593
21; 1; 24; 65850
