**** 848 ****
127
635; 459; 2; 1; 5
482; 572; 1; 2; 9
430; 614; 1; 2; 12
490; 507; 2; 1; 15
652; 457; 2; 1; 19
506; 437; 1; 2; 32
593; 540; 2; 1; 33
454; 436; 2; 1; 37
660; 511; 2; 1; 40
476; 539; 2; 1; 45
395; 515; 1; 2; 49
472; 462; 1; 2; 65
443; 514; 2; 1; 66
550; 545; 1; 2; 75
465; 661; 2; 1; 75
524; 509; 1; 2; 76
660; 610; 2; 1; 95
603; 478; 2; 1; 103
546; 636; 2; 1; 109
508; 556; 2; 1; 123
486; 491; 1; 2; 131
562; 566; 1; 2; 145
448; 555; 2; 1; 152
425; 636; 2; 1; 155
491; 638; 1; 2; 182
539; 593; 1; 2; 185
610; 437; 1; 2; 191
628; 611; 2; 1; 195
445; 616; 1; 2; 218
441; 491; 1; 2; 221
639; 571; 2; 1; 222
647; 438; 2; 1; 229
584; 552; 1; 2; 232
581; 478; 1; 2; 243
536; 471; 2; 1; 253
597; 393; 2; 1; 259
655; 449; 1; 2; 268
437; 470; 1; 2; 271
553; 386; 1; 2; 275
650; 520; 2; 1; 284
390; 623; 1; 2; 292
570; 388; 2; 1; 294
494; 420; 1; 2; 298
452; 483; 2; 1; 310
505; 585; 1; 2; 313
588; 611; 1; 2; 319
542; 452; 1; 2; 327
421; 409; 1; 2; 342
437; 400; 2; 1; 347
657; 391; 1; 2; 348
646; 541; 2; 1; 354
657; 510; 1; 2; 379
474; 422; 2; 1; 384
609; 660; 1; 2; 393
646; 425; 2; 1; 394
442; 439; 2; 1; 433
473; 522; 1; 2; 441
559; 472; 1; 2; 462
566; 659; 2; 1; 464
424; 625; 1; 2; 466
501; 503; 2; 1; 469
574; 515; 1; 2; 472
654; 645; 2; 1; 484
581; 541; 1; 2; 486
639; 455; 1; 2; 488
500; 516; 2; 1; 492
593; 416; 2; 1; 499
526; 466; 1; 2; 499
492; 495; 2; 1; 520
427; 656; 1; 2; 522
410; 397; 2; 1; 537
552; 461; 2; 1; 548
514; 450; 2; 1; 557
455; 539; 2; 1; 558
650; 526; 1; 2; 560
604; 555; 2; 1; 570
462; 420; 1; 2; 576
527; 546; 2; 1; 593
557; 437; 1; 2; 597
616; 506; 2; 1; 598
616; 478; 1; 2; 607
613; 440; 1; 2; 615
551; 411; 2; 1; 625
433; 563; 2; 1; 629
390; 401; 1; 2; 645
483; 405; 2; 1; 652
434; 608; 2; 1; 652
413; 569; 1; 2; 660
597; 627; 2; 1; 661
631; 657; 2; 1; 683
513; 428; 1; 2; 690
455; 638; 1; 2; 697
546; 434; 2; 1; 706
510; 497; 1; 2; 706
537; 530; 2; 1; 725
591; 648; 2; 1; 726
500; 455; 1; 2; 726
464; 625; 2; 1; 728
544; 584; 2; 1; 738
404; 567; 2; 1; 742
618; 655; 2; 1; 760
662; 536; 2; 1; 780
473; 419; 2; 1; 781
564; 531; 1; 2; 785
549; 441; 2; 1; 791
388; 631; 1; 2; 795
390; 427; 1; 2; 809
436; 661; 2; 1; 809
557; 543; 2; 1; 810
589; 638; 2; 1; 816
511; 651; 1; 2; 817
446; 440; 1; 2; 828
391; 422; 1; 2; 828
473; 519; 2; 1; 831
636; 517; 1; 2; 842
437; 634; 1; 2; 843
461; 437; 1; 2; 854
532; 593; 2; 1; 861
646; 664; 2; 1; 866
643; 611; 2; 1; 898
571; 428; 1; 2; 904
430; 467; 2; 1; 904
553; 455; 1; 2; 906
400; 528; 2; 1; 912
575; 423; 1; 2; 914
608; 419; 2; 1; 925
434; 465; 2; 1; 934
28
12; 1; 37; 384
16; 1; 1; 2875
17; 1; 5; 6440
21; 1; 6; 7170
19; 1; 5; 16073
15; 1; 32; 16128
14; 1; 45; 21215
4; 1; 44; 21935
8; 1; 11; 22288
0; 1; 39; 24263
25; 1; 7; 27350
11; 1; 31; 28496
1; 1; 8; 35587
3; 1; 39; 35864
7; 1; 18; 36707
10; 1; 26; 45443
26; 1; 18; 46860
18; 1; 31; 50379
9; 1; 5; 51245
6; 1; 1; 51512
13; 1; 49; 52129
27; 1; 31; 54670
5; 1; 6; 57670
23; 1; 37; 59938
22; 1; 37; 60687
24; 1; 46; 61941
2; 1; 39; 65270
20; 1; 32; 65409
