**** 849 ****
127
427; 488; 1; 2; 11
646; 415; 2; 1; 14
462; 418; 1; 2; 16
612; 622; 1; 2; 16
404; 576; 1; 2; 20
517; 418; 2; 1; 36
606; 596; 2; 1; 54
491; 593; 1; 2; 76
617; 521; 1; 2; 84
645; 589; 1; 2; 95
447; 497; 1; 2; 99
591; 456; 2; 1; 101
589; 550; 1; 2; 102
483; 486; 2; 1; 134
405; 658; 2; 1; 144
418; 498; 2; 1; 150
507; 492; 1; 2; 151
458; 446; 1; 2; 152
488; 430; 2; 1; 155
450; 555; 2; 1; 178
640; 421; 2; 1; 184
523; 646; 1; 2; 184
624; 408; 1; 2; 187
516; 579; 1; 2; 197
513; 418; 1; 2; 197
562; 572; 2; 1; 202
386; 464; 1; 2; 205
503; 597; 2; 1; 212
508; 605; 1; 2; 223
631; 494; 2; 1; 230
399; 388; 2; 1; 230
434; 490; 2; 1; 249
503; 543; 2; 1; 252
660; 606; 1; 2; 258
554; 394; 1; 2; 263
584; 604; 1; 2; 267
397; 515; 2; 1; 269
571; 663; 1; 2; 270
566; 436; 1; 2; 272
508; 590; 2; 1; 272
498; 533; 2; 1; 278
650; 416; 2; 1; 313
410; 480; 1; 2; 324
421; 387; 1; 2; 340
663; 494; 1; 2; 342
517; 414; 2; 1; 347
583; 612; 1; 2; 357
417; 583; 2; 1; 373
519; 480; 1; 2; 376
647; 401; 2; 1; 377
586; 415; 1; 2; 379
400; 477; 1; 2; 381
595; 652; 1; 2; 382
485; 421; 1; 2; 386
440; 451; 1; 2; 399
625; 564; 2; 1; 415
578; 532; 2; 1; 420
407; 572; 2; 1; 433
577; 442; 1; 2; 454
494; 586; 2; 1; 469
562; 538; 2; 1; 488
474; 584; 2; 1; 500
420; 506; 2; 1; 501
548; 606; 1; 2; 508
664; 560; 2; 1; 511
486; 486; 2; 1; 518
466; 663; 1; 2; 518
532; 541; 2; 1; 519
641; 412; 2; 1; 519
446; 496; 1; 2; 536
508; 472; 1; 2; 546
640; 588; 2; 1; 546
499; 435; 1; 2; 548
429; 489; 1; 2; 556
634; 634; 2; 1; 559
489; 429; 2; 1; 566
572; 560; 1; 2; 578
506; 509; 2; 1; 580
514; 621; 2; 1; 582
500; 440; 1; 2; 598
454; 479; 1; 2; 608
451; 587; 1; 2; 617
553; 386; 2; 1; 623
470; 395; 1; 2; 626
390; 590; 2; 1; 637
453; 464; 2; 1; 638
425; 505; 1; 2; 640
479; 551; 1; 2; 648
588; 393; 2; 1; 651
431; 395; 1; 2; 653
617; 624; 1; 2; 655
604; 387; 2; 1; 674
528; 498; 2; 1; 675
407; 447; 1; 2; 677
470; 574; 2; 1; 696
603; 511; 2; 1; 702
395; 619; 2; 1; 704
409; 450; 1; 2; 707
650; 471; 2; 1; 724
549; 443; 2; 1; 727
448; 551; 1; 2; 739
530; 420; 2; 1; 754
553; 557; 2; 1; 764
571; 498; 1; 2; 766
590; 480; 2; 1; 768
500; 447; 2; 1; 773
420; 535; 1; 2; 788
447; 581; 1; 2; 794
495; 411; 2; 1; 803
416; 648; 1; 2; 812
579; 524; 2; 1; 813
665; 506; 2; 1; 829
386; 462; 2; 1; 840
397; 570; 2; 1; 842
495; 461; 1; 2; 850
539; 622; 1; 2; 851
584; 405; 1; 2; 853
399; 444; 2; 1; 855
422; 565; 2; 1; 864
591; 617; 1; 2; 866
421; 593; 2; 1; 870
474; 409; 1; 2; 903
617; 468; 2; 1; 904
546; 563; 1; 2; 919
464; 410; 1; 2; 925
444; 494; 1; 2; 933
632; 448; 2; 1; 938
28
9; 1; 23; 2753
13; 1; 36; 7661
2; 1; 39; 7769
20; 1; 6; 7964
8; 1; 45; 9409
6; 1; 44; 10501
4; 1; 24; 16153
23; 1; 27; 16673
21; 1; 42; 17292
22; 1; 19; 21327
27; 1; 14; 22560
24; 1; 2; 23472
10; 1; 41; 27641
1; 1; 6; 29619
17; 1; 19; 31018
12; 1; 40; 32455
11; 1; 19; 33600
18; 1; 31; 34827
0; 1; 13; 36353
16; 1; 1; 38921
7; 1; 46; 39107
19; 1; 19; 43825
5; 1; 7; 47808
14; 1; 40; 51323
25; 1; 24; 53046
15; 1; 35; 59303
3; 1; 15; 60471
26; 1; 25; 60644
