**** 85 ****
57
36; 94; 2; 1; 2
66; 98; 2; 1; 5
94; 64; 1; 2; 13
97; 93; 2; 1; 14
78; 49; 1; 2; 17
67; 48; 2; 1; 18
69; 65; 2; 1; 19
86; 79; 2; 1; 25
71; 95; 2; 1; 32
73; 40; 1; 2; 38
64; 51; 1; 2; 39
99; 48; 1; 2; 44
103; 76; 2; 1; 45
94; 103; 1; 2; 54
102; 71; 2; 1; 59
55; 92; 2; 1; 73
101; 91; 1; 2; 80
68; 50; 2; 1; 83
88; 90; 2; 1; 83
85; 100; 2; 1; 84
48; 84; 1; 2; 93
51; 97; 1; 2; 93
101; 98; 2; 1; 98
87; 51; 1; 2; 99
95; 86; 2; 1; 100
97; 51; 1; 2; 105
50; 70; 2; 1; 106
42; 55; 2; 1; 107
49; 94; 1; 2; 108
96; 93; 2; 1; 111
50; 40; 1; 2; 112
50; 39; 1; 2; 113
72; 85; 2; 1; 113
77; 81; 2; 1; 115
98; 53; 2; 1; 116
51; 90; 2; 1; 117
71; 61; 2; 1; 120
70; 51; 2; 1; 135
43; 58; 1; 2; 137
75; 49; 2; 1; 138
73; 62; 2; 1; 139
77; 95; 1; 2; 143
45; 74; 1; 2; 144
61; 91; 1; 2; 145
79; 98; 2; 1; 147
98; 37; 2; 1; 150
60; 46; 2; 1; 159
51; 98; 2; 1; 162
69; 42; 1; 2; 162
42; 37; 2; 1; 163
105; 53; 1; 2; 165
80; 90; 2; 1; 168
41; 75; 2; 1; 174
59; 91; 2; 1; 175
74; 89; 1; 2; 177
77; 100; 1; 2; 181
39; 60; 2; 1; 183
14
6; 1; 6; 133
8; 1; 44; 238
4; 1; 15; 475
3; 1; 47; 607
2; 1; 22; 666
12; 1; 10; 858
13; 1; 16; 921
0; 1; 43; 1757
1; 1; 45; 2262
9; 1; 41; 2647
5; 1; 10; 3193
10; 1; 18; 3216
7; 1; 15; 3640
11; 1; 4; 3713
