**** 850 ****
127
555; 637; 2; 1; 25
603; 403; 1; 2; 70
484; 509; 1; 2; 78
588; 641; 1; 2; 80
583; 571; 1; 2; 84
455; 531; 2; 1; 85
416; 660; 1; 2; 95
392; 453; 2; 1; 138
514; 540; 2; 1; 139
642; 633; 2; 1; 155
633; 532; 2; 1; 165
456; 480; 1; 2; 166
457; 484; 2; 1; 176
476; 469; 2; 1; 182
463; 446; 1; 2; 182
629; 498; 2; 1; 202
395; 646; 1; 2; 214
574; 403; 1; 2; 217
557; 473; 2; 1; 225
595; 449; 2; 1; 227
622; 664; 1; 2; 231
624; 483; 1; 2; 243
415; 389; 1; 2; 248
621; 477; 2; 1; 250
649; 636; 1; 2; 252
630; 583; 2; 1; 255
464; 560; 2; 1; 257
401; 523; 2; 1; 284
569; 613; 2; 1; 288
524; 466; 1; 2; 289
549; 520; 1; 2; 295
566; 446; 2; 1; 302
551; 447; 2; 1; 323
503; 650; 2; 1; 344
429; 440; 1; 2; 360
478; 473; 1; 2; 382
467; 653; 1; 2; 385
426; 638; 2; 1; 392
408; 638; 2; 1; 396
633; 441; 1; 2; 406
575; 533; 2; 1; 414
445; 654; 2; 1; 415
407; 544; 1; 2; 425
512; 518; 1; 2; 429
498; 635; 2; 1; 434
662; 470; 1; 2; 434
500; 407; 2; 1; 437
465; 473; 1; 2; 440
619; 507; 1; 2; 459
420; 454; 2; 1; 464
581; 583; 2; 1; 464
425; 476; 2; 1; 470
406; 483; 1; 2; 470
635; 465; 1; 2; 470
645; 546; 2; 1; 477
459; 416; 1; 2; 478
654; 664; 2; 1; 482
581; 458; 1; 2; 489
566; 528; 2; 1; 497
564; 436; 1; 2; 500
635; 399; 2; 1; 509
457; 590; 1; 2; 509
570; 390; 2; 1; 514
544; 595; 2; 1; 514
465; 599; 2; 1; 517
419; 493; 2; 1; 520
470; 574; 2; 1; 523
640; 577; 1; 2; 534
401; 567; 2; 1; 536
557; 487; 1; 2; 538
542; 472; 1; 2; 545
460; 652; 2; 1; 553
474; 642; 1; 2; 555
397; 501; 1; 2; 565
394; 413; 1; 2; 565
631; 558; 2; 1; 572
427; 499; 2; 1; 594
638; 583; 2; 1; 611
462; 485; 1; 2; 621
572; 607; 2; 1; 623
556; 450; 2; 1; 632
404; 402; 1; 2; 637
602; 541; 1; 2; 651
515; 620; 1; 2; 659
484; 584; 1; 2; 659
411; 460; 2; 1; 666
492; 537; 2; 1; 674
620; 535; 2; 1; 678
590; 428; 2; 1; 682
564; 452; 2; 1; 683
625; 555; 2; 1; 685
505; 409; 1; 2; 722
560; 447; 2; 1; 727
423; 489; 1; 2; 730
609; 652; 2; 1; 752
610; 602; 1; 2; 754
435; 480; 2; 1; 755
580; 415; 2; 1; 758
586; 504; 2; 1; 760
391; 649; 1; 2; 764
481; 430; 1; 2; 766
584; 605; 2; 1; 776
397; 464; 2; 1; 781
405; 567; 2; 1; 790
534; 476; 2; 1; 791
470; 539; 2; 1; 800
560; 566; 2; 1; 806
595; 569; 2; 1; 810
448; 438; 2; 1; 811
588; 541; 1; 2; 817
526; 395; 2; 1; 819
536; 464; 1; 2; 826
521; 505; 2; 1; 833
601; 490; 1; 2; 838
492; 628; 2; 1; 850
515; 490; 1; 2; 870
617; 396; 1; 2; 872
497; 447; 2; 1; 875
470; 584; 2; 1; 883
487; 541; 2; 1; 884
451; 493; 2; 1; 892
554; 427; 1; 2; 914
393; 656; 2; 1; 918
431; 664; 2; 1; 933
555; 496; 1; 2; 935
625; 565; 1; 2; 936
434; 596; 2; 1; 943
28
11; 1; 42; 188
19; 1; 12; 597
8; 1; 1; 1825
22; 1; 24; 2014
6; 1; 43; 6348
24; 1; 7; 7005
21; 1; 1; 8882
12; 1; 17; 21234
26; 1; 30; 22454
5; 1; 41; 23780
3; 1; 8; 24936
16; 1; 47; 26850
2; 1; 14; 30240
18; 1; 13; 31559
23; 1; 43; 32303
7; 1; 21; 32676
25; 1; 6; 34351
15; 1; 12; 37515
0; 1; 46; 43308
17; 1; 37; 47719
4; 1; 33; 50967
1; 1; 46; 53229
13; 1; 3; 59120
20; 1; 47; 59802
27; 1; 7; 60565
14; 1; 44; 63254
10; 1; 41; 64368
9; 1; 31; 65843
