**** 851 ****
127
499; 486; 1; 2; 13
631; 532; 1; 2; 16
645; 400; 1; 2; 17
504; 392; 2; 1; 19
635; 466; 1; 2; 23
602; 635; 2; 1; 23
413; 652; 2; 1; 28
567; 430; 2; 1; 28
444; 527; 1; 2; 34
571; 448; 2; 1; 36
430; 628; 1; 2; 58
594; 472; 1; 2; 63
408; 482; 1; 2; 78
416; 580; 1; 2; 82
403; 664; 1; 2; 88
653; 593; 2; 1; 92
524; 530; 2; 1; 94
446; 527; 1; 2; 102
568; 417; 1; 2; 104
593; 478; 2; 1; 104
475; 405; 1; 2; 111
588; 454; 1; 2; 111
536; 635; 2; 1; 130
587; 531; 2; 1; 136
425; 388; 2; 1; 155
430; 510; 2; 1; 157
451; 654; 2; 1; 158
529; 407; 2; 1; 170
521; 410; 1; 2; 179
614; 406; 2; 1; 181
546; 516; 2; 1; 188
497; 614; 2; 1; 206
549; 425; 1; 2; 211
598; 455; 1; 2; 217
584; 593; 1; 2; 226
521; 491; 1; 2; 237
608; 577; 1; 2; 268
434; 509; 2; 1; 269
412; 395; 1; 2; 275
483; 494; 2; 1; 291
596; 613; 1; 2; 303
445; 522; 1; 2; 313
652; 450; 2; 1; 319
406; 413; 2; 1; 323
643; 513; 2; 1; 327
639; 520; 2; 1; 341
415; 597; 2; 1; 344
539; 639; 2; 1; 356
555; 659; 2; 1; 357
439; 665; 2; 1; 364
516; 616; 1; 2; 377
597; 408; 1; 2; 377
595; 424; 2; 1; 398
402; 461; 2; 1; 398
527; 471; 2; 1; 405
502; 598; 1; 2; 427
513; 499; 2; 1; 435
646; 451; 1; 2; 437
476; 520; 2; 1; 446
389; 640; 1; 2; 453
658; 639; 1; 2; 456
408; 473; 1; 2; 460
463; 642; 1; 2; 481
594; 617; 1; 2; 490
616; 625; 1; 2; 491
404; 593; 1; 2; 508
587; 606; 1; 2; 517
396; 507; 1; 2; 523
592; 388; 1; 2; 535
460; 587; 1; 2; 540
512; 664; 2; 1; 547
518; 486; 2; 1; 572
523; 582; 1; 2; 572
484; 510; 1; 2; 591
514; 502; 1; 2; 594
463; 410; 2; 1; 601
395; 472; 2; 1; 602
618; 587; 1; 2; 614
481; 390; 1; 2; 616
550; 455; 1; 2; 621
489; 446; 2; 1; 624
500; 432; 2; 1; 627
631; 453; 2; 1; 636
598; 408; 1; 2; 638
631; 438; 1; 2; 639
461; 586; 1; 2; 642
612; 626; 2; 1; 643
656; 562; 1; 2; 652
400; 498; 2; 1; 652
552; 528; 2; 1; 652
660; 665; 2; 1; 655
417; 610; 1; 2; 665
464; 469; 1; 2; 677
441; 605; 2; 1; 694
559; 634; 2; 1; 704
408; 465; 1; 2; 715
395; 464; 2; 1; 715
443; 518; 2; 1; 725
660; 541; 1; 2; 732
637; 604; 2; 1; 752
542; 618; 1; 2; 754
438; 645; 1; 2; 779
639; 433; 1; 2; 782
441; 611; 1; 2; 804
440; 397; 2; 1; 811
484; 493; 2; 1; 816
539; 464; 1; 2; 842
470; 571; 1; 2; 857
470; 531; 1; 2; 859
458; 640; 1; 2; 859
660; 603; 2; 1; 869
480; 505; 2; 1; 878
497; 577; 2; 1; 892
622; 506; 2; 1; 892
557; 593; 1; 2; 895
556; 441; 1; 2; 899
387; 440; 1; 2; 905
557; 504; 1; 2; 907
552; 442; 1; 2; 912
632; 412; 2; 1; 913
412; 581; 1; 2; 915
663; 627; 2; 1; 915
505; 646; 2; 1; 916
586; 419; 1; 2; 924
634; 546; 1; 2; 934
632; 415; 1; 2; 945
533; 431; 1; 2; 948
28
10; 1; 19; 130
6; 1; 25; 3206
22; 1; 5; 4721
15; 1; 21; 5180
24; 1; 10; 6203
14; 1; 8; 7839
11; 1; 37; 10420
12; 1; 31; 14155
19; 1; 11; 14250
21; 1; 2; 15564
16; 1; 28; 19340
17; 1; 36; 19401
9; 1; 9; 22407
1; 1; 10; 25170
27; 1; 26; 25424
26; 1; 6; 25811
3; 1; 40; 26578
25; 1; 6; 29677
2; 1; 35; 32876
8; 1; 1; 32913
4; 1; 20; 35340
23; 1; 32; 38288
18; 1; 2; 38552
13; 1; 2; 40461
5; 1; 2; 57507
0; 1; 28; 58413
7; 1; 9; 58856
20; 1; 39; 65181
