**** 852 ****
127
619; 526; 2; 1; 0
587; 421; 1; 2; 12
457; 622; 2; 1; 43
534; 435; 2; 1; 52
600; 595; 2; 1; 63
536; 592; 1; 2; 65
399; 611; 2; 1; 70
416; 579; 1; 2; 71
608; 581; 1; 2; 76
590; 641; 1; 2; 90
645; 386; 2; 1; 101
529; 643; 1; 2; 107
591; 650; 2; 1; 111
630; 529; 1; 2; 113
616; 559; 1; 2; 125
394; 532; 1; 2; 130
543; 583; 1; 2; 132
646; 610; 2; 1; 147
617; 648; 1; 2; 158
410; 435; 2; 1; 158
469; 479; 2; 1; 160
452; 414; 2; 1; 170
664; 587; 1; 2; 177
627; 478; 1; 2; 193
584; 482; 1; 2; 201
422; 458; 2; 1; 209
503; 520; 1; 2; 222
534; 525; 1; 2; 239
583; 610; 2; 1; 249
404; 658; 1; 2; 266
616; 417; 2; 1; 267
593; 452; 1; 2; 269
465; 475; 1; 2; 272
512; 623; 1; 2; 280
491; 431; 1; 2; 290
422; 578; 1; 2; 301
441; 548; 1; 2; 303
439; 611; 1; 2; 304
608; 494; 1; 2; 314
481; 484; 1; 2; 322
517; 636; 2; 1; 340
623; 595; 2; 1; 348
475; 653; 2; 1; 349
578; 658; 2; 1; 386
412; 522; 2; 1; 388
386; 557; 1; 2; 389
576; 556; 2; 1; 390
420; 610; 1; 2; 392
664; 570; 1; 2; 393
477; 471; 1; 2; 397
498; 558; 1; 2; 398
469; 395; 2; 1; 398
594; 386; 2; 1; 398
496; 603; 2; 1; 407
633; 622; 2; 1; 409
429; 609; 1; 2; 413
614; 481; 1; 2; 416
552; 527; 1; 2; 420
652; 520; 1; 2; 427
594; 555; 2; 1; 431
638; 660; 1; 2; 438
554; 657; 1; 2; 442
634; 414; 2; 1; 449
578; 387; 2; 1; 455
438; 399; 2; 1; 457
625; 514; 2; 1; 467
564; 475; 1; 2; 468
402; 610; 2; 1; 477
539; 590; 1; 2; 479
469; 411; 1; 2; 483
534; 604; 1; 2; 489
400; 544; 2; 1; 503
529; 565; 2; 1; 514
500; 546; 2; 1; 528
519; 525; 1; 2; 534
491; 428; 1; 2; 537
482; 414; 2; 1; 558
426; 465; 2; 1; 562
656; 404; 1; 2; 568
658; 426; 2; 1; 572
463; 515; 2; 1; 589
525; 488; 2; 1; 599
640; 527; 1; 2; 607
593; 519; 1; 2; 624
647; 551; 1; 2; 631
623; 534; 1; 2; 634
485; 589; 1; 2; 635
525; 633; 2; 1; 641
542; 416; 2; 1; 647
565; 417; 1; 2; 652
511; 658; 1; 2; 658
573; 639; 2; 1; 660
524; 628; 2; 1; 663
557; 452; 1; 2; 665
456; 540; 1; 2; 673
396; 419; 2; 1; 674
548; 623; 1; 2; 674
650; 508; 1; 2; 674
592; 618; 2; 1; 682
397; 555; 1; 2; 693
588; 557; 2; 1; 709
447; 428; 2; 1; 723
483; 520; 1; 2; 726
607; 570; 1; 2; 745
390; 561; 1; 2; 751
537; 497; 2; 1; 769
562; 654; 1; 2; 770
512; 440; 2; 1; 776
430; 613; 2; 1; 799
632; 662; 1; 2; 807
526; 635; 2; 1; 808
527; 479; 2; 1; 816
475; 581; 1; 2; 818
389; 480; 2; 1; 827
614; 391; 1; 2; 832
463; 476; 2; 1; 855
597; 577; 1; 2; 861
480; 547; 2; 1; 868
450; 470; 2; 1; 876
520; 649; 1; 2; 886
410; 535; 1; 2; 913
603; 453; 1; 2; 914
596; 646; 1; 2; 915
588; 646; 1; 2; 930
523; 407; 1; 2; 931
594; 547; 2; 1; 945
480; 510; 1; 2; 946
28
8; 1; 38; 3531
26; 1; 42; 8299
3; 1; 14; 8537
24; 1; 19; 12535
20; 1; 22; 16659
27; 1; 43; 18565
13; 1; 47; 18700
9; 1; 33; 19469
19; 1; 3; 22037
23; 1; 42; 29545
6; 1; 39; 31517
4; 1; 3; 37041
22; 1; 30; 37244
10; 1; 48; 38614
7; 1; 46; 38738
14; 1; 49; 43843
21; 1; 13; 43938
11; 1; 49; 44085
1; 1; 24; 46658
16; 1; 20; 47906
12; 1; 3; 51026
5; 1; 37; 56753
0; 1; 9; 56828
17; 1; 36; 60746
25; 1; 46; 61555
18; 1; 11; 62654
2; 1; 40; 64883
15; 1; 10; 67773
