**** 853 ****
127
605; 404; 2; 1; 1
595; 484; 1; 2; 1
582; 585; 2; 1; 8
655; 522; 2; 1; 15
502; 536; 1; 2; 17
602; 575; 1; 2; 21
457; 526; 2; 1; 21
657; 507; 1; 2; 31
621; 551; 2; 1; 36
477; 630; 1; 2; 46
422; 426; 1; 2; 47
466; 514; 2; 1; 49
571; 512; 2; 1; 68
395; 402; 2; 1; 73
655; 591; 2; 1; 73
601; 622; 2; 1; 84
470; 514; 1; 2; 86
652; 472; 1; 2; 93
575; 413; 2; 1; 118
627; 448; 2; 1; 127
513; 658; 2; 1; 133
555; 486; 1; 2; 152
600; 640; 2; 1; 154
423; 478; 1; 2; 156
427; 442; 1; 2; 157
515; 544; 1; 2; 173
635; 432; 2; 1; 177
453; 477; 1; 2; 184
610; 440; 1; 2; 190
623; 510; 1; 2; 192
392; 426; 2; 1; 194
665; 498; 1; 2; 199
631; 456; 2; 1; 208
582; 407; 2; 1; 213
570; 437; 2; 1; 217
439; 548; 2; 1; 245
615; 540; 2; 1; 250
575; 498; 2; 1; 256
576; 520; 1; 2; 258
460; 423; 2; 1; 260
529; 522; 1; 2; 270
494; 509; 2; 1; 289
410; 557; 2; 1; 309
427; 554; 1; 2; 312
474; 540; 1; 2; 327
484; 648; 2; 1; 331
663; 650; 2; 1; 334
419; 430; 1; 2; 343
500; 459; 2; 1; 347
561; 488; 2; 1; 371
645; 533; 1; 2; 374
623; 461; 2; 1; 395
588; 442; 1; 2; 404
391; 518; 2; 1; 412
622; 402; 2; 1; 415
463; 417; 2; 1; 418
475; 491; 1; 2; 429
485; 632; 2; 1; 437
579; 600; 1; 2; 445
579; 643; 1; 2; 449
532; 457; 2; 1; 458
596; 552; 1; 2; 459
516; 493; 1; 2; 463
610; 661; 2; 1; 464
652; 511; 1; 2; 464
574; 626; 2; 1; 472
613; 574; 1; 2; 474
598; 522; 1; 2; 480
527; 554; 1; 2; 496
615; 415; 2; 1; 522
611; 411; 2; 1; 528
394; 651; 1; 2; 547
494; 551; 1; 2; 579
535; 434; 2; 1; 582
556; 494; 2; 1; 583
583; 650; 1; 2; 588
455; 527; 1; 2; 590
610; 451; 1; 2; 597
598; 640; 1; 2; 616
454; 446; 2; 1; 628
656; 423; 1; 2; 629
575; 476; 2; 1; 638
466; 606; 2; 1; 656
611; 597; 1; 2; 657
518; 577; 2; 1; 658
426; 529; 1; 2; 662
527; 610; 2; 1; 665
628; 427; 1; 2; 671
647; 464; 2; 1; 677
436; 562; 2; 1; 701
553; 434; 1; 2; 703
646; 481; 2; 1; 712
515; 564; 1; 2; 716
419; 449; 2; 1; 720
639; 458; 2; 1; 723
515; 421; 1; 2; 731
435; 575; 2; 1; 733
489; 609; 1; 2; 738
448; 488; 2; 1; 764
450; 425; 1; 2; 773
595; 509; 2; 1; 778
544; 656; 2; 1; 781
386; 645; 1; 2; 783
644; 569; 1; 2; 800
520; 417; 2; 1; 816
552; 542; 1; 2; 819
475; 488; 1; 2; 823
520; 407; 2; 1; 824
540; 618; 1; 2; 825
493; 406; 1; 2; 835
598; 628; 2; 1; 835
425; 654; 1; 2; 842
577; 649; 2; 1; 846
618; 614; 1; 2; 846
466; 530; 1; 2; 850
493; 490; 1; 2; 851
420; 386; 2; 1; 855
576; 624; 2; 1; 866
619; 471; 2; 1; 867
478; 466; 1; 2; 871
474; 573; 1; 2; 878
479; 477; 2; 1; 907
575; 655; 1; 2; 921
466; 583; 2; 1; 937
542; 541; 1; 2; 940
520; 491; 1; 2; 945
655; 654; 2; 1; 948
28
14; 1; 20; 1961
3; 1; 36; 5333
10; 1; 46; 6041
27; 1; 42; 8267
1; 1; 49; 8707
11; 1; 13; 13660
13; 1; 16; 17026
21; 1; 44; 21957
19; 1; 2; 23665
26; 1; 43; 29344
12; 1; 33; 29736
6; 1; 29; 33476
2; 1; 28; 41024
18; 1; 31; 41372
5; 1; 33; 45989
0; 1; 33; 46764
22; 1; 8; 47363
9; 1; 15; 49259
15; 1; 36; 53835
25; 1; 35; 54684
23; 1; 16; 59599
20; 1; 3; 62349
4; 1; 22; 64123
17; 1; 44; 64491
24; 1; 22; 65816
8; 1; 25; 66473
16; 1; 22; 67229
7; 1; 38; 67440
