**** 854 ****
127
490; 403; 2; 1; 10
541; 451; 1; 2; 10
634; 581; 2; 1; 11
403; 561; 1; 2; 12
492; 495; 2; 1; 20
405; 481; 1; 2; 28
590; 558; 1; 2; 39
472; 540; 1; 2; 57
575; 650; 1; 2; 62
644; 492; 2; 1; 62
507; 539; 2; 1; 80
614; 618; 1; 2; 89
536; 620; 1; 2; 105
579; 523; 2; 1; 124
435; 402; 1; 2; 146
626; 389; 1; 2; 150
451; 581; 2; 1; 160
648; 505; 2; 1; 183
560; 652; 1; 2; 192
548; 501; 2; 1; 202
584; 599; 1; 2; 207
539; 531; 2; 1; 212
652; 601; 2; 1; 213
464; 655; 2; 1; 214
405; 495; 1; 2; 222
548; 397; 1; 2; 244
409; 413; 2; 1; 276
584; 405; 2; 1; 278
528; 648; 2; 1; 284
597; 576; 2; 1; 297
637; 659; 1; 2; 305
601; 587; 2; 1; 308
418; 519; 2; 1; 319
388; 561; 1; 2; 322
402; 610; 1; 2; 322
536; 523; 2; 1; 325
626; 637; 1; 2; 330
546; 472; 2; 1; 330
581; 488; 1; 2; 333
594; 425; 1; 2; 342
607; 625; 1; 2; 349
605; 573; 1; 2; 351
592; 432; 1; 2; 361
598; 581; 2; 1; 365
418; 562; 1; 2; 372
520; 534; 2; 1; 385
601; 470; 1; 2; 394
659; 660; 1; 2; 396
414; 410; 2; 1; 411
616; 618; 2; 1; 432
545; 453; 2; 1; 438
551; 561; 1; 2; 443
409; 662; 1; 2; 444
627; 471; 2; 1; 447
393; 453; 1; 2; 455
516; 561; 1; 2; 455
388; 645; 1; 2; 455
552; 450; 2; 1; 463
438; 530; 1; 2; 472
433; 494; 2; 1; 486
489; 467; 2; 1; 498
480; 626; 1; 2; 499
446; 393; 2; 1; 505
481; 421; 1; 2; 519
407; 572; 2; 1; 521
565; 521; 1; 2; 539
428; 644; 1; 2; 566
475; 663; 2; 1; 573
601; 526; 1; 2; 581
474; 615; 1; 2; 586
445; 590; 1; 2; 587
430; 520; 2; 1; 592
590; 532; 1; 2; 605
407; 584; 2; 1; 608
400; 663; 2; 1; 619
607; 663; 1; 2; 620
582; 501; 2; 1; 622
581; 582; 1; 2; 625
595; 528; 1; 2; 626
551; 632; 2; 1; 641
564; 478; 1; 2; 643
517; 466; 2; 1; 644
560; 390; 1; 2; 650
610; 390; 2; 1; 674
545; 443; 2; 1; 679
439; 653; 2; 1; 682
525; 496; 2; 1; 685
658; 630; 2; 1; 703
665; 510; 1; 2; 705
444; 662; 2; 1; 708
434; 644; 2; 1; 731
447; 616; 2; 1; 733
470; 475; 2; 1; 737
650; 495; 1; 2; 740
434; 468; 2; 1; 749
599; 536; 1; 2; 765
389; 595; 1; 2; 774
646; 467; 1; 2; 783
634; 536; 1; 2; 785
522; 653; 2; 1; 791
587; 422; 1; 2; 791
499; 514; 2; 1; 795
510; 484; 2; 1; 798
502; 542; 2; 1; 805
560; 458; 1; 2; 805
565; 607; 1; 2; 807
506; 610; 1; 2; 807
655; 655; 2; 1; 807
523; 648; 2; 1; 822
425; 414; 1; 2; 829
655; 391; 1; 2; 836
475; 554; 1; 2; 857
386; 570; 2; 1; 858
589; 604; 1; 2; 862
397; 641; 2; 1; 874
572; 586; 2; 1; 891
424; 659; 1; 2; 897
427; 541; 1; 2; 910
489; 542; 2; 1; 915
596; 461; 2; 1; 923
604; 592; 1; 2; 928
645; 634; 2; 1; 940
467; 536; 2; 1; 942
512; 488; 2; 1; 942
596; 566; 2; 1; 948
624; 654; 2; 1; 949
461; 431; 1; 2; 949
28
23; 1; 42; 3177
16; 1; 2; 5594
14; 1; 39; 8814
26; 1; 44; 16130
2; 1; 25; 19409
15; 1; 19; 19698
19; 1; 49; 22212
6; 1; 34; 24424
3; 1; 48; 24699
25; 1; 30; 30041
9; 1; 33; 30629
7; 1; 34; 37310
13; 1; 24; 37891
1; 1; 11; 41044
8; 1; 28; 41252
4; 1; 30; 44805
12; 1; 22; 45823
21; 1; 6; 45881
17; 1; 45; 46167
24; 1; 13; 47578
10; 1; 7; 48409
18; 1; 27; 50194
27; 1; 28; 53493
11; 1; 16; 54652
0; 1; 37; 60560
22; 1; 27; 60922
20; 1; 23; 65282
5; 1; 49; 65466
