**** 855 ****
127
464; 608; 1; 2; 22
571; 406; 2; 1; 24
425; 662; 1; 2; 33
467; 656; 2; 1; 35
503; 522; 2; 1; 41
566; 577; 1; 2; 60
453; 530; 1; 2; 60
582; 449; 1; 2; 61
657; 578; 1; 2; 68
589; 539; 2; 1; 70
471; 456; 1; 2; 85
581; 651; 1; 2; 87
604; 451; 2; 1; 99
526; 572; 2; 1; 107
572; 549; 1; 2; 107
444; 626; 2; 1; 116
522; 570; 1; 2; 121
534; 607; 1; 2; 124
407; 651; 1; 2; 127
470; 598; 1; 2; 134
603; 431; 2; 1; 136
613; 562; 2; 1; 151
556; 416; 1; 2; 151
477; 573; 2; 1; 155
471; 397; 1; 2; 160
493; 590; 2; 1; 161
579; 576; 1; 2; 168
549; 621; 1; 2; 196
494; 441; 1; 2; 208
448; 545; 1; 2; 214
557; 438; 2; 1; 220
611; 465; 1; 2; 226
547; 450; 2; 1; 229
473; 613; 1; 2; 233
584; 643; 2; 1; 258
625; 549; 1; 2; 258
394; 477; 2; 1; 260
408; 564; 2; 1; 261
459; 641; 2; 1; 263
500; 604; 2; 1; 267
532; 539; 2; 1; 280
477; 498; 2; 1; 283
413; 647; 2; 1; 283
420; 451; 2; 1; 290
644; 454; 2; 1; 307
580; 585; 1; 2; 312
633; 488; 1; 2; 317
590; 535; 1; 2; 322
419; 585; 1; 2; 324
533; 492; 1; 2; 326
562; 627; 2; 1; 327
660; 636; 1; 2; 360
397; 403; 2; 1; 373
640; 569; 1; 2; 378
543; 645; 2; 1; 381
550; 642; 2; 1; 381
478; 622; 1; 2; 383
539; 459; 2; 1; 392
629; 497; 2; 1; 404
640; 650; 1; 2; 408
486; 473; 1; 2; 419
418; 630; 2; 1; 436
496; 411; 2; 1; 450
545; 588; 2; 1; 452
396; 494; 1; 2; 461
656; 588; 1; 2; 474
513; 423; 1; 2; 480
424; 448; 2; 1; 507
497; 478; 1; 2; 527
397; 612; 1; 2; 529
523; 611; 2; 1; 530
493; 410; 2; 1; 531
609; 631; 1; 2; 534
535; 455; 2; 1; 544
614; 665; 1; 2; 546
406; 597; 2; 1; 547
580; 479; 2; 1; 548
591; 648; 2; 1; 553
574; 468; 1; 2; 555
591; 481; 1; 2; 572
581; 449; 1; 2; 581
414; 623; 1; 2; 602
520; 557; 2; 1; 606
431; 640; 2; 1; 607
504; 467; 2; 1; 628
528; 644; 2; 1; 633
663; 441; 2; 1; 635
554; 505; 2; 1; 647
389; 399; 2; 1; 653
567; 426; 2; 1; 658
490; 454; 2; 1; 662
506; 498; 2; 1; 669
488; 642; 1; 2; 672
475; 547; 1; 2; 677
472; 451; 2; 1; 681
478; 649; 2; 1; 682
453; 397; 1; 2; 684
455; 470; 1; 2; 687
463; 405; 2; 1; 691
523; 444; 2; 1; 698
663; 504; 1; 2; 726
587; 595; 2; 1; 730
481; 588; 2; 1; 731
638; 489; 1; 2; 741
502; 635; 2; 1; 743
386; 665; 1; 2; 746
583; 429; 2; 1; 769
477; 566; 2; 1; 791
587; 638; 1; 2; 791
445; 535; 2; 1; 808
584; 538; 2; 1; 809
391; 487; 2; 1; 816
430; 499; 2; 1; 819
585; 419; 2; 1; 821
476; 556; 2; 1; 825
436; 637; 2; 1; 827
565; 392; 2; 1; 837
501; 549; 2; 1; 843
641; 478; 1; 2; 871
510; 477; 2; 1; 888
537; 429; 1; 2; 897
559; 434; 1; 2; 906
658; 657; 1; 2; 909
581; 405; 1; 2; 911
555; 663; 1; 2; 914
582; 478; 1; 2; 930
632; 532; 1; 2; 937
28
25; 1; 29; 4930
2; 1; 21; 7663
24; 1; 14; 12531
18; 1; 6; 13201
20; 1; 30; 14291
9; 1; 15; 15084
7; 1; 45; 15982
19; 1; 26; 17021
6; 1; 47; 17347
21; 1; 38; 21044
5; 1; 45; 21672
11; 1; 18; 24633
27; 1; 6; 26263
26; 1; 26; 26752
14; 1; 11; 27315
3; 1; 36; 29743
16; 1; 16; 32843
8; 1; 23; 40510
22; 1; 1; 43426
1; 1; 18; 43491
10; 1; 36; 48117
4; 1; 33; 51789
0; 1; 30; 53202
15; 1; 46; 59921
13; 1; 15; 63260
17; 1; 7; 65488
12; 1; 11; 65535
23; 1; 6; 66508
