**** 856 ****
127
553; 582; 1; 2; 6
468; 457; 1; 2; 8
579; 659; 2; 1; 9
573; 513; 2; 1; 14
408; 612; 1; 2; 28
614; 536; 2; 1; 36
578; 518; 1; 2; 49
428; 643; 1; 2; 50
581; 652; 1; 2; 55
585; 401; 1; 2; 59
612; 420; 2; 1; 60
525; 440; 1; 2; 62
451; 393; 1; 2; 69
647; 461; 1; 2; 77
565; 440; 1; 2; 81
439; 525; 1; 2; 82
435; 606; 2; 1; 98
601; 386; 2; 1; 102
649; 580; 2; 1; 109
664; 548; 1; 2; 116
622; 398; 1; 2; 133
598; 525; 1; 2; 137
597; 473; 2; 1; 144
625; 651; 2; 1; 151
586; 664; 2; 1; 167
442; 660; 2; 1; 173
504; 491; 1; 2; 183
584; 542; 1; 2; 190
648; 477; 2; 1; 190
540; 514; 1; 2; 191
408; 615; 1; 2; 197
461; 463; 1; 2; 199
390; 534; 2; 1; 205
582; 420; 1; 2; 208
650; 591; 2; 1; 210
646; 635; 1; 2; 211
393; 480; 1; 2; 230
556; 605; 2; 1; 268
596; 537; 1; 2; 270
506; 392; 2; 1; 278
400; 481; 2; 1; 282
618; 510; 1; 2; 283
581; 497; 1; 2; 291
486; 538; 2; 1; 292
406; 408; 2; 1; 295
475; 562; 1; 2; 304
520; 535; 2; 1; 305
564; 418; 2; 1; 306
559; 656; 2; 1; 306
465; 476; 1; 2; 321
644; 508; 1; 2; 322
656; 467; 1; 2; 324
533; 603; 1; 2; 324
410; 499; 1; 2; 332
658; 432; 1; 2; 336
606; 511; 1; 2; 347
629; 648; 1; 2; 349
639; 487; 1; 2; 364
647; 398; 1; 2; 371
450; 619; 1; 2; 373
576; 603; 1; 2; 373
437; 665; 1; 2; 375
660; 576; 2; 1; 379
538; 433; 1; 2; 383
452; 449; 1; 2; 407
514; 494; 1; 2; 413
390; 501; 2; 1; 416
456; 452; 2; 1; 418
595; 631; 2; 1; 419
486; 445; 2; 1; 421
602; 597; 2; 1; 421
613; 617; 1; 2; 427
604; 616; 2; 1; 428
522; 571; 2; 1; 437
482; 587; 1; 2; 447
478; 519; 2; 1; 450
413; 606; 1; 2; 462
520; 542; 2; 1; 473
473; 578; 2; 1; 485
574; 619; 2; 1; 492
491; 401; 2; 1; 518
665; 457; 1; 2; 520
482; 601; 2; 1; 523
527; 559; 1; 2; 525
407; 398; 1; 2; 530
544; 426; 2; 1; 533
607; 404; 2; 1; 547
402; 659; 2; 1; 550
562; 426; 1; 2; 591
473; 408; 2; 1; 595
549; 487; 2; 1; 604
398; 413; 1; 2; 617
442; 400; 2; 1; 637
537; 595; 2; 1; 645
467; 543; 1; 2; 660
591; 618; 2; 1; 675
465; 443; 1; 2; 686
649; 390; 1; 2; 699
537; 388; 2; 1; 707
597; 577; 1; 2; 708
660; 569; 2; 1; 713
504; 531; 1; 2; 719
649; 606; 1; 2; 721
483; 595; 2; 1; 741
442; 475; 1; 2; 747
521; 554; 1; 2; 787
496; 501; 2; 1; 789
571; 549; 1; 2; 791
587; 655; 1; 2; 806
413; 526; 2; 1; 830
552; 569; 1; 2; 831
454; 607; 2; 1; 831
498; 565; 1; 2; 832
418; 605; 2; 1; 838
584; 652; 1; 2; 867
436; 406; 1; 2; 869
441; 662; 1; 2; 875
507; 567; 1; 2; 876
479; 430; 2; 1; 893
435; 389; 1; 2; 898
622; 423; 2; 1; 907
426; 563; 1; 2; 913
661; 553; 1; 2; 914
649; 561; 1; 2; 925
561; 456; 2; 1; 927
427; 399; 2; 1; 939
429; 560; 2; 1; 951
28
17; 1; 45; 5384
24; 1; 19; 6718
13; 1; 49; 6988
21; 1; 22; 8165
8; 1; 48; 8889
12; 1; 27; 14303
3; 1; 6; 14560
16; 1; 19; 18601
2; 1; 26; 20954
23; 1; 30; 21978
20; 1; 28; 24720
5; 1; 37; 26007
10; 1; 16; 26234
11; 1; 44; 27557
22; 1; 43; 27918
6; 1; 34; 28651
7; 1; 40; 29097
15; 1; 5; 29913
26; 1; 16; 30187
14; 1; 34; 31990
0; 1; 47; 37379
1; 1; 3; 38456
25; 1; 3; 40739
27; 1; 27; 48014
4; 1; 35; 53863
9; 1; 4; 56858
19; 1; 39; 57755
18; 1; 25; 62257
