**** 857 ****
127
623; 453; 1; 2; 1
569; 663; 2; 1; 10
641; 580; 1; 2; 17
436; 386; 1; 2; 30
457; 454; 2; 1; 40
508; 413; 2; 1; 41
390; 575; 2; 1; 44
639; 613; 1; 2; 48
525; 433; 2; 1; 53
499; 495; 1; 2; 64
625; 624; 1; 2; 70
594; 541; 1; 2; 74
477; 516; 2; 1; 80
560; 447; 2; 1; 86
535; 656; 1; 2; 86
506; 640; 1; 2; 89
490; 523; 2; 1; 89
472; 537; 1; 2; 89
467; 468; 2; 1; 89
547; 439; 2; 1; 92
462; 553; 1; 2; 107
557; 442; 1; 2; 107
454; 583; 2; 1; 127
398; 447; 1; 2; 141
490; 433; 1; 2; 144
535; 567; 2; 1; 146
616; 621; 2; 1; 148
665; 539; 2; 1; 166
387; 597; 2; 1; 170
589; 646; 2; 1; 175
607; 518; 2; 1; 210
409; 625; 1; 2; 211
524; 419; 2; 1; 224
419; 486; 2; 1; 228
432; 436; 2; 1; 231
484; 401; 1; 2; 235
418; 544; 1; 2; 235
553; 600; 2; 1; 239
458; 392; 1; 2; 240
496; 625; 1; 2; 247
481; 439; 2; 1; 247
412; 596; 1; 2; 251
537; 392; 1; 2; 262
630; 492; 2; 1; 263
627; 616; 2; 1; 274
472; 452; 1; 2; 279
463; 538; 1; 2; 284
582; 577; 1; 2; 284
452; 627; 1; 2; 291
551; 515; 2; 1; 347
471; 557; 2; 1; 353
643; 535; 1; 2; 367
587; 479; 1; 2; 369
472; 480; 1; 2; 375
560; 608; 2; 1; 378
487; 530; 2; 1; 383
521; 470; 2; 1; 390
627; 443; 1; 2; 409
542; 495; 2; 1; 417
535; 452; 1; 2; 418
657; 419; 1; 2; 431
538; 621; 1; 2; 480
574; 483; 1; 2; 480
650; 481; 1; 2; 483
568; 586; 1; 2; 486
547; 429; 2; 1; 491
387; 559; 2; 1; 498
527; 454; 1; 2; 502
616; 571; 2; 1; 527
641; 601; 2; 1; 529
496; 424; 2; 1; 537
433; 515; 1; 2; 538
643; 516; 2; 1; 547
644; 665; 2; 1; 575
498; 423; 2; 1; 579
627; 452; 1; 2; 580
486; 596; 1; 2; 584
388; 600; 2; 1; 590
483; 496; 2; 1; 607
652; 429; 2; 1; 613
541; 576; 2; 1; 622
645; 651; 1; 2; 629
616; 500; 2; 1; 632
403; 463; 1; 2; 654
401; 440; 1; 2; 661
496; 565; 2; 1; 664
449; 482; 2; 1; 673
447; 517; 1; 2; 681
534; 614; 1; 2; 683
555; 402; 1; 2; 688
554; 484; 2; 1; 705
496; 572; 2; 1; 708
575; 547; 1; 2; 711
477; 576; 2; 1; 716
542; 452; 2; 1; 716
589; 439; 2; 1; 719
400; 656; 2; 1; 725
432; 599; 2; 1; 726
621; 592; 2; 1; 726
665; 487; 2; 1; 730
604; 545; 1; 2; 731
471; 500; 1; 2; 735
594; 664; 1; 2; 753
396; 567; 2; 1; 759
563; 549; 1; 2; 770
407; 388; 2; 1; 771
595; 582; 1; 2; 788
421; 622; 1; 2; 789
471; 651; 1; 2; 793
627; 603; 1; 2; 799
556; 490; 1; 2; 805
658; 558; 1; 2; 806
508; 588; 2; 1; 828
435; 593; 1; 2; 834
478; 574; 1; 2; 841
485; 466; 2; 1; 862
627; 407; 2; 1; 866
521; 663; 1; 2; 874
562; 549; 1; 2; 880
663; 422; 2; 1; 883
618; 411; 1; 2; 906
532; 452; 1; 2; 906
592; 513; 2; 1; 909
580; 405; 1; 2; 912
487; 448; 1; 2; 925
539; 464; 1; 2; 926
604; 533; 2; 1; 940
28
12; 1; 37; 7711
20; 1; 39; 9475
19; 1; 19; 10547
3; 1; 5; 11341
8; 1; 49; 12039
22; 1; 4; 14189
11; 1; 14; 22134
0; 1; 35; 24486
27; 1; 39; 24852
2; 1; 26; 29553
10; 1; 13; 29951
14; 1; 47; 30981
23; 1; 1; 31336
4; 1; 35; 37304
1; 1; 13; 38211
17; 1; 15; 38498
21; 1; 10; 39531
15; 1; 31; 42186
9; 1; 45; 43713
13; 1; 25; 45701
6; 1; 9; 45759
18; 1; 45; 46549
5; 1; 19; 56880
26; 1; 38; 57643
24; 1; 49; 60637
16; 1; 37; 63972
25; 1; 36; 64253
7; 1; 27; 65428
