**** 858 ****
128
420; 426; 2; 1; 4
537; 510; 2; 1; 13
497; 433; 2; 1; 23
418; 515; 2; 1; 30
621; 513; 2; 1; 33
657; 516; 2; 1; 40
610; 439; 1; 2; 53
561; 420; 1; 2; 64
602; 656; 2; 1; 68
436; 625; 1; 2; 69
524; 442; 2; 1; 82
621; 400; 2; 1; 104
486; 508; 2; 1; 107
481; 602; 2; 1; 119
615; 448; 2; 1; 127
446; 421; 2; 1; 140
584; 416; 2; 1; 154
468; 534; 2; 1; 192
457; 463; 1; 2; 194
448; 398; 2; 1; 200
636; 514; 2; 1; 201
578; 492; 1; 2; 205
414; 627; 1; 2; 207
599; 588; 2; 1; 210
468; 469; 2; 1; 241
471; 465; 2; 1; 245
598; 599; 2; 1; 247
672; 586; 1; 2; 249
563; 495; 2; 1; 257
638; 619; 2; 1; 276
648; 508; 1; 2; 286
506; 442; 2; 1; 288
539; 588; 1; 2; 301
621; 673; 1; 2; 303
630; 582; 1; 2; 306
540; 614; 1; 2; 310
647; 459; 2; 1; 315
498; 532; 2; 1; 317
590; 581; 1; 2; 319
440; 503; 2; 1; 330
500; 650; 2; 1; 362
418; 434; 1; 2; 375
483; 598; 2; 1; 382
507; 438; 1; 2; 399
440; 482; 1; 2; 403
648; 405; 1; 2; 403
590; 558; 1; 2; 404
529; 534; 2; 1; 423
550; 591; 1; 2; 433
638; 476; 1; 2; 451
569; 636; 1; 2; 460
489; 604; 1; 2; 485
557; 480; 1; 2; 486
545; 397; 1; 2; 495
486; 635; 2; 1; 496
653; 668; 2; 1; 503
447; 665; 2; 1; 504
544; 467; 2; 1; 504
487; 568; 2; 1; 505
552; 556; 2; 1; 513
484; 429; 1; 2; 515
392; 564; 2; 1; 525
613; 487; 2; 1; 532
669; 579; 2; 1; 533
512; 420; 1; 2; 537
618; 444; 1; 2; 537
546; 463; 2; 1; 541
590; 474; 1; 2; 546
652; 538; 2; 1; 553
482; 435; 2; 1; 561
614; 633; 2; 1; 564
626; 499; 2; 1; 574
536; 457; 1; 2; 575
558; 562; 2; 1; 580
457; 473; 1; 2; 582
472; 424; 2; 1; 585
607; 443; 2; 1; 586
481; 472; 2; 1; 590
516; 592; 1; 2; 598
441; 499; 1; 2; 607
496; 607; 1; 2; 607
402; 403; 1; 2; 609
667; 667; 2; 1; 611
580; 475; 1; 2; 613
516; 449; 2; 1; 620
461; 655; 2; 1; 634
616; 496; 2; 1; 650
653; 583; 1; 2; 656
599; 631; 2; 1; 661
555; 557; 2; 1; 663
664; 574; 1; 2; 664
412; 434; 2; 1; 678
637; 522; 2; 1; 699
533; 480; 1; 2; 704
541; 510; 1; 2; 709
574; 410; 1; 2; 712
672; 491; 1; 2; 713
506; 576; 1; 2; 724
521; 468; 2; 1; 732
624; 658; 1; 2; 732
405; 417; 2; 1; 754
663; 615; 1; 2; 755
565; 659; 1; 2; 755
659; 570; 1; 2; 769
457; 435; 2; 1; 785
578; 404; 2; 1; 794
567; 515; 2; 1; 808
427; 396; 1; 2; 820
672; 543; 2; 1; 823
564; 630; 2; 1; 826
438; 472; 1; 2; 829
591; 498; 2; 1; 832
492; 420; 1; 2; 838
417; 591; 2; 1; 842
492; 653; 2; 1; 847
480; 481; 2; 1; 856
422; 414; 2; 1; 869
573; 485; 1; 2; 870
416; 399; 2; 1; 871
468; 620; 2; 1; 877
530; 486; 2; 1; 897
656; 516; 2; 1; 900
514; 642; 1; 2; 900
659; 621; 1; 2; 906
423; 440; 1; 2; 907
530; 664; 1; 2; 920
501; 448; 1; 2; 942
541; 491; 1; 2; 945
28
20; 1; 21; 1012
18; 1; 27; 5968
27; 1; 22; 6920
3; 1; 38; 7612
5; 1; 10; 9165
16; 1; 30; 9719
25; 1; 27; 12967
22; 1; 33; 18606
0; 1; 6; 19962
8; 1; 42; 26455
10; 1; 10; 27336
13; 1; 31; 28719
17; 1; 21; 29877
15; 1; 46; 30014
9; 1; 31; 30932
26; 1; 21; 36013
19; 1; 44; 36730
7; 1; 17; 38205
21; 1; 5; 44644
4; 1; 2; 47076
2; 1; 48; 49391
24; 1; 38; 50586
1; 1; 34; 53640
11; 1; 7; 58616
6; 1; 42; 59139
23; 1; 23; 59698
12; 1; 34; 62046
14; 1; 5; 62664
