**** 859 ****
128
407; 614; 1; 2; 3
503; 468; 2; 1; 4
664; 574; 1; 2; 14
528; 432; 2; 1; 20
655; 538; 2; 1; 31
480; 419; 2; 1; 44
615; 583; 1; 2; 55
563; 598; 2; 1; 66
550; 584; 1; 2; 70
485; 545; 1; 2; 70
543; 622; 1; 2; 76
533; 482; 2; 1; 104
594; 630; 1; 2; 108
394; 585; 1; 2; 110
550; 585; 2; 1; 111
442; 601; 1; 2; 136
613; 639; 1; 2; 147
457; 672; 1; 2; 148
623; 423; 2; 1; 167
457; 485; 2; 1; 183
429; 598; 1; 2; 209
544; 456; 1; 2; 219
535; 492; 2; 1; 231
612; 522; 2; 1; 232
578; 573; 1; 2; 236
493; 412; 1; 2; 251
598; 491; 2; 1; 255
500; 463; 1; 2; 270
592; 622; 2; 1; 282
394; 422; 1; 2; 291
485; 569; 1; 2; 299
481; 412; 2; 1; 302
484; 503; 1; 2; 303
642; 566; 2; 1; 317
500; 479; 1; 2; 330
657; 620; 1; 2; 331
504; 493; 1; 2; 340
525; 549; 1; 2; 358
532; 532; 1; 2; 367
544; 487; 1; 2; 369
620; 622; 1; 2; 371
452; 546; 2; 1; 374
454; 507; 1; 2; 377
429; 534; 2; 1; 377
611; 647; 2; 1; 383
449; 573; 1; 2; 386
466; 520; 1; 2; 390
515; 518; 2; 1; 392
450; 421; 1; 2; 394
572; 673; 2; 1; 395
518; 538; 2; 1; 401
437; 659; 2; 1; 403
650; 446; 1; 2; 429
449; 485; 2; 1; 446
434; 651; 1; 2; 447
640; 580; 2; 1; 469
531; 659; 1; 2; 473
529; 611; 2; 1; 473
536; 595; 2; 1; 478
403; 417; 1; 2; 479
488; 461; 2; 1; 480
519; 598; 2; 1; 502
602; 421; 1; 2; 505
447; 450; 1; 2; 510
573; 485; 2; 1; 516
404; 673; 1; 2; 516
483; 554; 2; 1; 520
555; 433; 1; 2; 524
422; 530; 2; 1; 526
407; 575; 1; 2; 532
651; 488; 1; 2; 542
579; 422; 1; 2; 547
407; 667; 1; 2; 548
397; 450; 2; 1; 554
406; 401; 1; 2; 554
578; 668; 2; 1; 560
664; 466; 2; 1; 561
565; 611; 1; 2; 564
593; 497; 2; 1; 567
404; 665; 1; 2; 573
505; 654; 2; 1; 579
400; 583; 1; 2; 584
455; 528; 1; 2; 586
506; 474; 1; 2; 586
487; 639; 2; 1; 588
529; 615; 1; 2; 590
504; 507; 2; 1; 608
526; 495; 1; 2; 617
638; 650; 2; 1; 630
463; 658; 2; 1; 631
625; 666; 1; 2; 631
489; 633; 1; 2; 633
463; 581; 1; 2; 634
511; 441; 2; 1; 635
483; 424; 2; 1; 638
411; 457; 1; 2; 648
585; 648; 2; 1; 659
426; 539; 2; 1; 668
459; 455; 1; 2; 674
620; 610; 1; 2; 678
589; 472; 1; 2; 686
456; 437; 1; 2; 729
600; 581; 2; 1; 731
427; 535; 2; 1; 733
539; 553; 2; 1; 750
661; 594; 1; 2; 763
517; 397; 1; 2; 766
497; 406; 2; 1; 773
472; 395; 1; 2; 776
415; 611; 1; 2; 778
487; 412; 1; 2; 784
396; 535; 1; 2; 788
660; 650; 2; 1; 792
600; 622; 2; 1; 824
467; 646; 1; 2; 825
572; 404; 2; 1; 832
614; 456; 2; 1; 850
642; 623; 2; 1; 856
537; 671; 1; 2; 857
430; 622; 2; 1; 857
601; 545; 1; 2; 869
614; 451; 1; 2; 873
577; 447; 2; 1; 892
630; 421; 1; 2; 896
542; 446; 2; 1; 907
567; 473; 2; 1; 922
479; 461; 2; 1; 926
477; 477; 2; 1; 929
28
17; 1; 6; 3386
12; 1; 42; 4547
15; 1; 6; 4977
1; 1; 22; 6435
5; 1; 31; 10172
16; 1; 4; 11076
0; 1; 25; 11113
20; 1; 25; 11744
6; 1; 15; 14313
10; 1; 10; 17416
8; 1; 11; 18534
19; 1; 14; 20576
2; 1; 39; 21676
23; 1; 28; 23136
21; 1; 3; 23371
22; 1; 13; 32677
3; 1; 26; 33680
14; 1; 13; 33949
18; 1; 23; 33971
7; 1; 24; 37901
26; 1; 9; 41325
11; 1; 45; 43244
25; 1; 39; 44917
13; 1; 36; 45120
9; 1; 10; 50820
27; 1; 8; 58515
4; 1; 14; 60693
24; 1; 35; 61624
