**** 86 ****
57
56; 38; 2; 1; 1
96; 68; 2; 1; 3
99; 68; 2; 1; 9
84; 78; 1; 2; 14
51; 82; 2; 1; 15
91; 91; 1; 2; 16
81; 83; 2; 1; 17
81; 104; 1; 2; 19
58; 40; 1; 2; 23
61; 39; 1; 2; 26
79; 84; 2; 1; 28
57; 81; 1; 2; 32
36; 101; 1; 2; 35
47; 48; 2; 1; 39
61; 55; 1; 2; 43
46; 59; 2; 1; 43
66; 77; 1; 2; 48
104; 81; 1; 2; 51
94; 83; 1; 2; 55
100; 73; 2; 1; 59
77; 59; 1; 2; 68
89; 100; 1; 2; 68
99; 70; 1; 2; 73
87; 60; 2; 1; 73
38; 90; 2; 1; 74
46; 76; 2; 1; 74
91; 88; 2; 1; 80
48; 43; 2; 1; 83
102; 76; 1; 2; 83
49; 92; 2; 1; 87
44; 81; 1; 2; 98
38; 87; 1; 2; 105
68; 73; 1; 2; 110
77; 88; 1; 2; 120
54; 43; 1; 2; 121
79; 37; 2; 1; 123
37; 105; 2; 1; 124
48; 73; 2; 1; 129
86; 84; 2; 1; 129
42; 54; 1; 2; 131
82; 102; 1; 2; 133
68; 49; 2; 1; 137
91; 74; 2; 1; 139
98; 53; 2; 1; 139
95; 45; 1; 2; 140
52; 54; 2; 1; 154
38; 46; 1; 2; 156
59; 45; 1; 2; 159
62; 69; 2; 1; 162
52; 83; 2; 1; 163
54; 65; 1; 2; 166
54; 64; 2; 1; 166
61; 104; 1; 2; 172
89; 102; 1; 2; 175
77; 52; 2; 1; 179
102; 62; 2; 1; 180
38; 94; 1; 2; 183
14
3; 1; 20; 66
13; 1; 2; 206
0; 1; 1; 433
9; 1; 26; 2019
2; 1; 31; 2178
6; 1; 45; 2463
1; 1; 18; 2676
4; 1; 8; 2847
7; 1; 6; 2945
10; 1; 9; 3048
8; 1; 16; 3440
5; 1; 44; 3592
11; 1; 6; 3976
12; 1; 30; 4117
