**** 860 ****
128
481; 646; 2; 1; 6
532; 406; 1; 2; 8
614; 474; 1; 2; 12
543; 579; 1; 2; 14
640; 506; 2; 1; 15
579; 394; 2; 1; 23
542; 617; 1; 2; 26
441; 628; 2; 1; 27
594; 651; 2; 1; 32
571; 518; 2; 1; 34
521; 446; 2; 1; 37
673; 481; 2; 1; 42
499; 561; 1; 2; 46
490; 422; 2; 1; 48
447; 636; 1; 2; 67
513; 420; 1; 2; 86
422; 461; 1; 2; 86
537; 433; 1; 2; 86
449; 556; 2; 1; 96
673; 671; 1; 2; 98
496; 405; 2; 1; 98
443; 399; 2; 1; 113
543; 636; 2; 1; 118
670; 413; 2; 1; 124
584; 520; 1; 2; 126
640; 579; 2; 1; 139
507; 642; 1; 2; 144
576; 612; 1; 2; 144
397; 423; 2; 1; 152
456; 399; 1; 2; 156
668; 479; 2; 1; 172
597; 538; 1; 2; 172
673; 648; 2; 1; 188
522; 643; 1; 2; 191
497; 607; 1; 2; 199
654; 638; 1; 2; 203
653; 422; 1; 2; 207
627; 564; 1; 2; 220
567; 448; 2; 1; 223
425; 667; 1; 2; 257
546; 571; 1; 2; 272
489; 400; 1; 2; 287
489; 429; 2; 1; 288
423; 414; 1; 2; 304
511; 653; 2; 1; 311
612; 639; 1; 2; 313
473; 485; 2; 1; 313
628; 450; 1; 2; 317
622; 661; 2; 1; 317
421; 500; 2; 1; 330
614; 435; 2; 1; 331
628; 604; 2; 1; 336
537; 626; 1; 2; 342
548; 542; 2; 1; 364
556; 636; 1; 2; 369
627; 460; 2; 1; 386
574; 505; 2; 1; 386
477; 623; 2; 1; 412
410; 421; 1; 2; 415
508; 654; 1; 2; 420
576; 574; 1; 2; 427
506; 478; 2; 1; 430
644; 583; 2; 1; 433
436; 420; 2; 1; 439
501; 603; 2; 1; 441
657; 447; 1; 2; 447
399; 467; 2; 1; 457
458; 445; 2; 1; 459
584; 592; 2; 1; 471
544; 507; 2; 1; 475
487; 572; 1; 2; 479
397; 648; 1; 2; 487
519; 419; 2; 1; 488
614; 669; 2; 1; 490
543; 595; 1; 2; 499
446; 662; 2; 1; 517
569; 625; 2; 1; 524
525; 571; 2; 1; 524
534; 626; 1; 2; 546
653; 533; 2; 1; 558
528; 610; 2; 1; 563
479; 498; 1; 2; 584
607; 397; 2; 1; 587
513; 443; 2; 1; 604
419; 546; 1; 2; 612
503; 449; 2; 1; 613
656; 521; 1; 2; 613
401; 491; 2; 1; 614
496; 526; 2; 1; 622
405; 562; 1; 2; 622
411; 455; 2; 1; 626
404; 426; 1; 2; 631
603; 543; 2; 1; 633
641; 467; 1; 2; 645
609; 586; 2; 1; 649
587; 595; 1; 2; 671
460; 507; 1; 2; 672
440; 638; 2; 1; 673
602; 518; 2; 1; 674
585; 630; 2; 1; 699
659; 608; 1; 2; 703
613; 411; 2; 1; 704
568; 391; 1; 2; 705
459; 415; 2; 1; 710
614; 500; 2; 1; 717
449; 514; 2; 1; 721
633; 658; 1; 2; 724
392; 516; 1; 2; 741
633; 587; 1; 2; 744
592; 416; 1; 2; 750
515; 603; 1; 2; 761
572; 431; 1; 2; 773
552; 434; 2; 1; 776
587; 635; 1; 2; 788
498; 567; 2; 1; 792
433; 532; 2; 1; 793
417; 586; 2; 1; 810
558; 392; 2; 1; 812
570; 619; 2; 1; 819
576; 393; 2; 1; 830
669; 418; 2; 1; 834
469; 497; 1; 2; 849
489; 469; 2; 1; 849
528; 536; 2; 1; 864
582; 517; 2; 1; 902
609; 599; 1; 2; 915
433; 542; 2; 1; 916
528; 645; 1; 2; 921
28
4; 1; 29; 3638
25; 1; 16; 4607
23; 1; 2; 9173
20; 1; 17; 10558
24; 1; 15; 12954
1; 1; 21; 16965
6; 1; 44; 17746
27; 1; 13; 20625
26; 1; 19; 20751
19; 1; 9; 21882
15; 1; 34; 23536
9; 1; 3; 25259
10; 1; 39; 25909
22; 1; 46; 26807
18; 1; 14; 31504
21; 1; 46; 37340
2; 1; 45; 42087
7; 1; 48; 43260
3; 1; 11; 47387
0; 1; 31; 47743
17; 1; 31; 49118
13; 1; 49; 52077
12; 1; 22; 52495
16; 1; 7; 57997
8; 1; 36; 58805
11; 1; 6; 59497
5; 1; 34; 63659
14; 1; 3; 65870
