**** 861 ****
128
635; 620; 1; 2; 3
400; 645; 1; 2; 3
454; 664; 2; 1; 7
573; 495; 2; 1; 18
440; 439; 2; 1; 32
671; 498; 2; 1; 33
637; 554; 2; 1; 35
641; 403; 1; 2; 47
550; 668; 2; 1; 64
511; 416; 2; 1; 69
556; 412; 1; 2; 76
556; 545; 1; 2; 95
612; 581; 1; 2; 95
508; 444; 2; 1; 97
649; 512; 1; 2; 99
554; 443; 1; 2; 112
658; 441; 2; 1; 117
648; 613; 1; 2; 119
590; 608; 2; 1; 131
517; 668; 2; 1; 131
514; 440; 2; 1; 147
549; 523; 1; 2; 153
479; 626; 2; 1; 155
452; 446; 2; 1; 158
451; 410; 1; 2; 163
515; 582; 1; 2; 167
448; 605; 1; 2; 171
406; 546; 1; 2; 176
640; 486; 1; 2; 180
447; 427; 1; 2; 183
405; 482; 1; 2; 187
546; 626; 2; 1; 189
635; 467; 1; 2; 190
638; 560; 1; 2; 196
579; 565; 2; 1; 202
399; 549; 1; 2; 206
530; 571; 2; 1; 208
464; 578; 2; 1; 219
663; 474; 2; 1; 221
521; 657; 1; 2; 225
590; 531; 2; 1; 246
450; 430; 1; 2; 272
656; 484; 1; 2; 281
557; 577; 1; 2; 310
653; 497; 1; 2; 323
449; 590; 2; 1; 331
638; 462; 2; 1; 338
443; 455; 2; 1; 340
512; 453; 2; 1; 346
419; 517; 2; 1; 347
396; 606; 1; 2; 348
640; 663; 1; 2; 356
618; 543; 1; 2; 404
461; 555; 2; 1; 408
598; 552; 1; 2; 409
414; 560; 2; 1; 413
524; 511; 2; 1; 413
480; 494; 2; 1; 420
575; 653; 1; 2; 426
472; 498; 2; 1; 429
461; 434; 1; 2; 433
515; 660; 2; 1; 455
406; 651; 1; 2; 464
528; 420; 1; 2; 475
669; 602; 1; 2; 489
471; 405; 2; 1; 492
458; 661; 1; 2; 492
478; 576; 2; 1; 506
521; 621; 2; 1; 507
670; 451; 2; 1; 536
530; 449; 1; 2; 538
422; 517; 1; 2; 541
449; 611; 2; 1; 547
418; 472; 2; 1; 549
669; 442; 2; 1; 557
431; 463; 2; 1; 564
665; 646; 1; 2; 573
397; 666; 2; 1; 574
461; 668; 2; 1; 597
436; 641; 2; 1; 627
432; 673; 1; 2; 629
554; 475; 2; 1; 636
634; 524; 2; 1; 641
672; 560; 2; 1; 652
670; 425; 1; 2; 653
665; 403; 1; 2; 663
407; 653; 2; 1; 663
592; 619; 1; 2; 671
627; 549; 1; 2; 673
471; 595; 1; 2; 675
485; 484; 1; 2; 678
413; 418; 1; 2; 696
436; 562; 2; 1; 700
661; 618; 1; 2; 714
514; 455; 1; 2; 739
596; 576; 2; 1; 745
430; 553; 2; 1; 749
542; 421; 2; 1; 749
578; 503; 1; 2; 751
563; 520; 1; 2; 758
546; 670; 1; 2; 758
629; 519; 1; 2; 762
542; 435; 2; 1; 779
517; 503; 1; 2; 782
402; 420; 1; 2; 785
513; 668; 1; 2; 792
473; 640; 2; 1; 817
424; 617; 1; 2; 818
395; 428; 1; 2; 826
501; 606; 1; 2; 827
553; 524; 2; 1; 827
596; 444; 1; 2; 832
582; 657; 2; 1; 847
507; 638; 2; 1; 862
532; 614; 2; 1; 862
515; 668; 2; 1; 865
468; 588; 1; 2; 891
500; 619; 2; 1; 910
431; 394; 1; 2; 912
649; 400; 2; 1; 916
482; 667; 2; 1; 919
434; 413; 2; 1; 921
537; 481; 2; 1; 922
466; 393; 1; 2; 930
473; 425; 2; 1; 945
401; 464; 1; 2; 946
581; 494; 1; 2; 949
655; 401; 2; 1; 950
28
5; 1; 34; 726
24; 1; 34; 1197
6; 1; 14; 1897
20; 1; 47; 2431
17; 1; 37; 6838
9; 1; 49; 7963
26; 1; 49; 14175
13; 1; 19; 14351
27; 1; 13; 19016
14; 1; 27; 22628
10; 1; 20; 25108
3; 1; 22; 25435
25; 1; 15; 33865
2; 1; 49; 35321
11; 1; 41; 35856
7; 1; 34; 37181
22; 1; 7; 38506
18; 1; 34; 40865
0; 1; 46; 40935
12; 1; 31; 42871
21; 1; 32; 51547
1; 1; 18; 53465
19; 1; 33; 55803
4; 1; 18; 55939
15; 1; 29; 58838
8; 1; 17; 60376
16; 1; 30; 61902
23; 1; 21; 62232
