**** 862 ****
128
645; 426; 1; 2; 18
638; 530; 2; 1; 24
502; 479; 1; 2; 30
509; 544; 2; 1; 30
452; 474; 1; 2; 32
553; 595; 2; 1; 39
592; 631; 2; 1; 44
653; 589; 1; 2; 44
632; 418; 1; 2; 47
566; 620; 2; 1; 53
525; 464; 1; 2; 60
496; 542; 2; 1; 62
587; 665; 1; 2; 63
528; 496; 2; 1; 72
516; 396; 1; 2; 74
564; 509; 2; 1; 87
578; 481; 1; 2; 87
518; 406; 2; 1; 108
499; 485; 2; 1; 121
521; 526; 1; 2; 123
399; 496; 2; 1; 126
490; 552; 1; 2; 139
653; 432; 1; 2; 160
566; 497; 1; 2; 160
407; 403; 2; 1; 162
470; 498; 2; 1; 165
478; 474; 1; 2; 166
450; 467; 1; 2; 167
579; 636; 1; 2; 170
407; 671; 2; 1; 170
663; 478; 1; 2; 178
632; 468; 1; 2; 180
416; 411; 2; 1; 182
530; 580; 2; 1; 194
490; 443; 2; 1; 199
446; 548; 2; 1; 203
434; 586; 2; 1; 221
638; 665; 2; 1; 239
634; 409; 1; 2; 246
445; 441; 2; 1; 253
398; 522; 2; 1; 258
512; 548; 1; 2; 262
572; 625; 2; 1; 269
431; 520; 2; 1; 269
649; 412; 1; 2; 272
616; 629; 2; 1; 275
419; 536; 1; 2; 285
571; 559; 1; 2; 298
468; 439; 2; 1; 320
608; 500; 2; 1; 324
545; 564; 2; 1; 353
508; 441; 1; 2; 361
666; 585; 2; 1; 368
405; 652; 1; 2; 380
658; 411; 2; 1; 383
454; 515; 1; 2; 386
512; 410; 2; 1; 391
547; 465; 1; 2; 411
657; 538; 2; 1; 446
540; 546; 1; 2; 449
482; 574; 1; 2; 452
614; 629; 2; 1; 465
455; 565; 2; 1; 466
423; 415; 1; 2; 488
500; 519; 2; 1; 492
467; 563; 2; 1; 497
521; 451; 1; 2; 502
462; 401; 1; 2; 504
581; 583; 2; 1; 504
417; 538; 1; 2; 506
551; 610; 1; 2; 512
600; 661; 1; 2; 512
444; 496; 1; 2; 524
631; 405; 2; 1; 536
579; 542; 1; 2; 543
548; 500; 2; 1; 546
530; 648; 2; 1; 550
661; 449; 1; 2; 559
631; 496; 2; 1; 572
533; 459; 2; 1; 572
534; 513; 1; 2; 587
527; 554; 2; 1; 595
407; 472; 1; 2; 608
483; 456; 2; 1; 616
567; 672; 1; 2; 634
523; 401; 2; 1; 640
575; 604; 2; 1; 644
525; 610; 2; 1; 650
447; 467; 2; 1; 654
456; 652; 1; 2; 662
551; 508; 2; 1; 665
632; 442; 1; 2; 674
527; 434; 2; 1; 691
505; 507; 1; 2; 697
561; 426; 2; 1; 704
661; 485; 2; 1; 708
414; 499; 2; 1; 708
418; 536; 1; 2; 733
586; 612; 2; 1; 733
511; 623; 1; 2; 737
570; 665; 2; 1; 751
565; 653; 2; 1; 755
632; 406; 1; 2; 760
453; 648; 1; 2; 764
571; 627; 1; 2; 774
540; 432; 1; 2; 777
650; 432; 1; 2; 779
561; 622; 2; 1; 783
586; 576; 1; 2; 805
663; 427; 1; 2; 815
573; 563; 2; 1; 818
519; 598; 1; 2; 830
589; 428; 2; 1; 836
652; 459; 1; 2; 838
399; 632; 1; 2; 842
546; 577; 1; 2; 844
443; 411; 2; 1; 855
480; 666; 2; 1; 857
544; 462; 1; 2; 882
636; 639; 1; 2; 888
668; 455; 1; 2; 889
582; 541; 2; 1; 893
645; 578; 2; 1; 897
412; 522; 2; 1; 905
409; 479; 2; 1; 906
448; 627; 2; 1; 920
637; 454; 2; 1; 935
568; 468; 1; 2; 951
28
25; 1; 16; 6194
24; 1; 43; 11517
10; 1; 8; 13598
16; 1; 33; 15821
11; 1; 37; 21410
20; 1; 28; 24167
19; 1; 12; 24280
27; 1; 47; 27137
1; 1; 3; 27249
12; 1; 31; 29102
17; 1; 14; 30847
13; 1; 15; 30897
4; 1; 41; 31140
3; 1; 44; 31681
0; 1; 34; 35064
23; 1; 8; 39027
9; 1; 46; 41278
7; 1; 21; 42230
18; 1; 42; 51339
22; 1; 46; 53475
5; 1; 46; 57251
2; 1; 33; 58506
21; 1; 7; 62156
14; 1; 39; 63841
15; 1; 19; 65053
8; 1; 38; 65097
26; 1; 44; 66726
6; 1; 3; 68292
