**** 863 ****
128
511; 669; 1; 2; 2
638; 623; 2; 1; 17
426; 456; 2; 1; 18
412; 516; 1; 2; 20
452; 552; 2; 1; 25
629; 516; 2; 1; 25
551; 482; 1; 2; 33
442; 628; 2; 1; 41
453; 536; 1; 2; 50
595; 668; 2; 1; 50
435; 607; 1; 2; 51
571; 464; 1; 2; 56
481; 659; 1; 2; 66
612; 508; 1; 2; 74
591; 645; 2; 1; 76
541; 449; 1; 2; 81
533; 469; 1; 2; 86
660; 498; 2; 1; 121
456; 496; 2; 1; 153
579; 474; 1; 2; 156
398; 527; 1; 2; 157
568; 527; 1; 2; 174
600; 410; 2; 1; 182
471; 428; 1; 2; 186
486; 580; 2; 1; 197
639; 499; 1; 2; 202
653; 650; 2; 1; 209
673; 636; 2; 1; 218
524; 649; 1; 2; 230
670; 556; 2; 1; 236
492; 434; 2; 1; 242
442; 647; 2; 1; 250
658; 544; 2; 1; 251
550; 659; 1; 2; 253
448; 538; 2; 1; 260
620; 472; 2; 1; 273
584; 409; 2; 1; 280
615; 403; 2; 1; 286
435; 469; 1; 2; 299
489; 519; 1; 2; 300
669; 641; 1; 2; 307
446; 600; 2; 1; 309
437; 667; 2; 1; 313
406; 503; 2; 1; 314
394; 423; 2; 1; 316
399; 498; 1; 2; 317
638; 611; 2; 1; 323
670; 593; 2; 1; 329
642; 556; 1; 2; 335
442; 456; 1; 2; 340
672; 666; 1; 2; 342
546; 659; 2; 1; 348
582; 554; 1; 2; 374
625; 645; 2; 1; 383
613; 395; 1; 2; 394
425; 531; 1; 2; 398
567; 472; 1; 2; 398
652; 413; 1; 2; 399
667; 567; 1; 2; 399
642; 667; 2; 1; 432
577; 402; 1; 2; 454
673; 472; 2; 1; 455
565; 557; 1; 2; 455
473; 660; 1; 2; 457
664; 547; 1; 2; 460
455; 448; 1; 2; 467
596; 631; 2; 1; 469
411; 453; 1; 2; 479
559; 521; 2; 1; 488
613; 556; 2; 1; 497
515; 662; 1; 2; 515
640; 620; 2; 1; 519
584; 657; 2; 1; 527
610; 500; 1; 2; 546
394; 584; 2; 1; 551
531; 405; 1; 2; 554
534; 535; 2; 1; 563
598; 510; 1; 2; 582
423; 516; 2; 1; 588
572; 513; 2; 1; 593
405; 512; 2; 1; 625
551; 513; 2; 1; 646
476; 430; 1; 2; 647
658; 605; 1; 2; 659
614; 453; 2; 1; 661
471; 533; 1; 2; 670
511; 470; 1; 2; 674
422; 483; 1; 2; 678
646; 499; 1; 2; 678
564; 400; 1; 2; 681
399; 555; 2; 1; 687
450; 624; 2; 1; 718
468; 659; 2; 1; 719
558; 403; 2; 1; 720
629; 535; 1; 2; 720
422; 655; 2; 1; 728
391; 410; 1; 2; 736
536; 569; 1; 2; 752
621; 600; 1; 2; 764
457; 581; 2; 1; 765
431; 606; 2; 1; 767
587; 594; 2; 1; 770
656; 507; 2; 1; 781
571; 576; 1; 2; 797
617; 489; 1; 2; 802
590; 609; 2; 1; 804
588; 486; 1; 2; 818
463; 438; 2; 1; 830
595; 499; 1; 2; 838
480; 667; 2; 1; 852
507; 616; 2; 1; 856
550; 411; 2; 1; 858
477; 667; 1; 2; 859
522; 482; 2; 1; 866
397; 613; 1; 2; 879
490; 417; 2; 1; 881
566; 589; 1; 2; 884
400; 648; 2; 1; 884
535; 554; 2; 1; 887
537; 572; 1; 2; 891
584; 505; 1; 2; 892
492; 610; 1; 2; 914
406; 408; 2; 1; 924
508; 428; 1; 2; 926
448; 435; 1; 2; 927
570; 475; 2; 1; 930
620; 574; 2; 1; 937
460; 670; 1; 2; 956
28
21; 1; 13; 3
26; 1; 13; 3029
5; 1; 5; 4507
2; 1; 7; 6247
3; 1; 2; 12065
19; 1; 40; 20065
20; 1; 37; 26368
7; 1; 47; 33194
27; 1; 47; 34258
18; 1; 24; 36441
23; 1; 29; 36971
4; 1; 49; 38383
11; 1; 14; 40193
12; 1; 14; 43074
1; 1; 19; 45174
15; 1; 6; 45482
14; 1; 17; 52577
10; 1; 20; 56059
16; 1; 19; 57092
13; 1; 9; 58049
17; 1; 1; 58514
24; 1; 38; 62572
9; 1; 42; 63075
8; 1; 14; 63728
0; 1; 7; 64068
25; 1; 38; 64348
6; 1; 33; 66701
22; 1; 35; 66794
