**** 864 ****
128
633; 657; 1; 2; 6
660; 543; 1; 2; 24
453; 468; 2; 1; 34
625; 511; 2; 1; 34
582; 528; 2; 1; 36
428; 644; 2; 1; 45
586; 519; 2; 1; 59
550; 430; 1; 2; 61
577; 671; 2; 1; 63
573; 596; 2; 1; 70
603; 650; 2; 1; 71
564; 563; 1; 2; 84
656; 561; 1; 2; 85
661; 474; 2; 1; 97
500; 453; 1; 2; 99
399; 546; 2; 1; 111
631; 514; 2; 1; 117
613; 493; 2; 1; 123
585; 606; 1; 2; 126
497; 454; 1; 2; 136
397; 578; 2; 1; 137
541; 518; 1; 2; 156
426; 560; 2; 1; 165
525; 653; 2; 1; 167
652; 580; 1; 2; 168
596; 427; 1; 2; 179
637; 566; 1; 2; 186
656; 641; 1; 2; 190
628; 648; 1; 2; 192
492; 563; 2; 1; 206
499; 549; 1; 2; 206
651; 658; 1; 2; 206
395; 573; 1; 2; 208
659; 622; 2; 1; 208
498; 466; 2; 1; 211
611; 571; 2; 1; 212
439; 671; 1; 2; 213
570; 551; 2; 1; 240
448; 579; 2; 1; 240
484; 454; 2; 1; 247
423; 613; 1; 2; 250
645; 572; 2; 1; 282
604; 629; 2; 1; 311
597; 552; 2; 1; 317
406; 553; 2; 1; 319
634; 537; 2; 1; 319
589; 482; 2; 1; 319
626; 420; 2; 1; 328
626; 395; 1; 2; 339
662; 486; 2; 1; 349
492; 554; 2; 1; 353
425; 479; 1; 2; 365
482; 637; 2; 1; 381
622; 391; 2; 1; 381
405; 587; 2; 1; 382
554; 406; 1; 2; 383
500; 670; 1; 2; 390
434; 438; 2; 1; 420
520; 439; 2; 1; 431
497; 431; 2; 1; 445
593; 538; 2; 1; 458
499; 514; 1; 2; 458
611; 471; 1; 2; 463
620; 672; 1; 2; 471
639; 474; 2; 1; 471
608; 646; 2; 1; 476
673; 466; 2; 1; 480
444; 437; 2; 1; 486
657; 534; 2; 1; 487
556; 569; 2; 1; 489
440; 420; 2; 1; 490
623; 562; 1; 2; 491
623; 454; 2; 1; 499
495; 566; 2; 1; 521
540; 633; 2; 1; 526
630; 541; 2; 1; 551
488; 522; 1; 2; 558
473; 433; 2; 1; 569
621; 583; 1; 2; 581
430; 429; 2; 1; 587
653; 525; 2; 1; 596
438; 489; 2; 1; 601
658; 528; 2; 1; 601
633; 427; 1; 2; 607
546; 656; 2; 1; 613
403; 527; 2; 1; 617
633; 449; 2; 1; 618
491; 603; 1; 2; 621
645; 472; 1; 2; 629
448; 655; 2; 1; 630
546; 554; 2; 1; 633
452; 646; 1; 2; 633
506; 507; 1; 2; 635
673; 464; 2; 1; 642
400; 600; 2; 1; 642
500; 631; 2; 1; 644
600; 665; 1; 2; 646
643; 625; 2; 1; 667
445; 432; 1; 2; 676
528; 524; 2; 1; 677
425; 649; 1; 2; 693
608; 600; 2; 1; 694
533; 617; 1; 2; 700
435; 397; 1; 2; 706
637; 584; 1; 2; 712
579; 635; 1; 2; 719
643; 420; 2; 1; 725
641; 441; 1; 2; 731
667; 485; 2; 1; 766
661; 430; 1; 2; 766
441; 457; 2; 1; 772
497; 652; 2; 1; 772
405; 624; 1; 2; 780
391; 492; 2; 1; 801
445; 668; 1; 2; 808
624; 634; 1; 2; 813
636; 478; 2; 1; 846
444; 419; 2; 1; 853
443; 653; 2; 1; 876
657; 591; 2; 1; 880
401; 479; 2; 1; 884
396; 625; 1; 2; 897
622; 464; 1; 2; 919
535; 403; 1; 2; 920
557; 420; 2; 1; 931
545; 641; 2; 1; 934
523; 562; 1; 2; 944
539; 605; 1; 2; 952
28
0; 1; 8; 490
10; 1; 9; 3235
11; 1; 7; 3929
8; 1; 11; 5684
12; 1; 5; 7818
6; 1; 18; 8635
3; 1; 33; 10760
17; 1; 16; 13816
19; 1; 27; 14606
4; 1; 24; 17993
9; 1; 31; 19402
21; 1; 13; 22068
1; 1; 3; 33308
26; 1; 8; 34448
15; 1; 19; 35493
24; 1; 32; 36728
16; 1; 42; 37373
23; 1; 20; 37728
2; 1; 37; 42001
5; 1; 26; 42584
18; 1; 41; 44109
22; 1; 43; 46356
13; 1; 25; 46539
14; 1; 47; 52947
27; 1; 31; 53523
7; 1; 11; 55380
20; 1; 7; 58652
25; 1; 35; 65237
