**** 865 ****
128
585; 648; 1; 2; 4
620; 655; 2; 1; 5
408; 530; 2; 1; 8
538; 464; 1; 2; 11
504; 647; 2; 1; 17
494; 487; 2; 1; 24
534; 668; 2; 1; 34
443; 477; 2; 1; 37
512; 523; 1; 2; 41
420; 655; 2; 1; 42
562; 607; 1; 2; 48
391; 458; 1; 2; 69
514; 545; 1; 2; 73
605; 543; 2; 1; 95
519; 651; 2; 1; 97
392; 573; 1; 2; 102
603; 431; 2; 1; 117
647; 458; 1; 2; 126
418; 543; 2; 1; 134
459; 394; 2; 1; 140
562; 492; 1; 2; 177
521; 457; 1; 2; 195
628; 544; 2; 1; 196
493; 545; 1; 2; 207
579; 491; 1; 2; 210
616; 501; 1; 2; 212
512; 446; 2; 1; 217
403; 415; 2; 1; 234
520; 614; 1; 2; 239
392; 600; 1; 2; 240
540; 575; 2; 1; 245
560; 520; 1; 2; 259
536; 392; 2; 1; 261
646; 449; 1; 2; 271
433; 475; 2; 1; 276
597; 660; 2; 1; 289
636; 516; 2; 1; 297
478; 549; 1; 2; 300
468; 467; 2; 1; 303
585; 661; 2; 1; 306
517; 519; 1; 2; 314
489; 654; 1; 2; 317
525; 473; 2; 1; 322
425; 450; 2; 1; 326
466; 399; 1; 2; 327
631; 564; 2; 1; 331
404; 407; 1; 2; 334
592; 664; 1; 2; 348
509; 569; 1; 2; 365
564; 441; 1; 2; 373
446; 507; 1; 2; 376
394; 502; 1; 2; 383
442; 471; 2; 1; 387
421; 544; 2; 1; 391
529; 544; 2; 1; 396
445; 419; 2; 1; 409
474; 521; 2; 1; 417
392; 527; 1; 2; 433
448; 568; 1; 2; 440
403; 492; 1; 2; 441
399; 590; 1; 2; 453
646; 570; 2; 1; 456
471; 578; 2; 1; 463
593; 583; 1; 2; 465
469; 427; 2; 1; 467
665; 560; 2; 1; 475
587; 529; 2; 1; 480
499; 554; 2; 1; 481
625; 404; 1; 2; 513
549; 432; 2; 1; 524
408; 632; 1; 2; 543
392; 397; 1; 2; 544
598; 598; 2; 1; 545
600; 652; 2; 1; 553
500; 519; 2; 1; 555
524; 446; 2; 1; 573
585; 550; 2; 1; 586
518; 672; 2; 1; 586
493; 652; 1; 2; 589
588; 498; 2; 1; 590
504; 448; 2; 1; 594
406; 564; 2; 1; 596
434; 580; 2; 1; 599
514; 411; 1; 2; 609
428; 647; 2; 1; 625
410; 487; 1; 2; 628
651; 569; 1; 2; 634
495; 490; 1; 2; 642
468; 459; 2; 1; 643
605; 436; 2; 1; 667
441; 570; 2; 1; 669
573; 565; 1; 2; 671
636; 503; 1; 2; 673
651; 574; 1; 2; 676
442; 484; 2; 1; 699
537; 589; 1; 2; 703
611; 549; 1; 2; 704
578; 635; 2; 1; 711
441; 604; 1; 2; 714
407; 557; 2; 1; 718
407; 498; 1; 2; 746
455; 426; 1; 2; 747
557; 631; 1; 2; 757
551; 561; 2; 1; 769
540; 508; 1; 2; 779
467; 612; 1; 2; 786
579; 594; 1; 2; 793
420; 425; 2; 1; 843
395; 553; 1; 2; 843
649; 556; 1; 2; 854
588; 462; 1; 2; 864
427; 601; 1; 2; 867
455; 622; 1; 2; 870
466; 581; 2; 1; 871
393; 536; 1; 2; 880
643; 435; 1; 2; 894
636; 609; 1; 2; 896
525; 639; 2; 1; 919
475; 394; 1; 2; 920
429; 634; 2; 1; 927
394; 541; 2; 1; 928
535; 392; 1; 2; 930
589; 631; 2; 1; 932
498; 413; 2; 1; 934
428; 434; 2; 1; 950
604; 459; 1; 2; 953
548; 532; 1; 2; 957
550; 601; 2; 1; 958
28
24; 1; 8; 6585
9; 1; 5; 6824
18; 1; 47; 13648
6; 1; 8; 15028
23; 1; 43; 16339
4; 1; 43; 18528
20; 1; 43; 18899
7; 1; 3; 19575
3; 1; 14; 20464
1; 1; 43; 23600
2; 1; 40; 24333
8; 1; 8; 26515
15; 1; 32; 29321
12; 1; 38; 30715
21; 1; 40; 32161
22; 1; 19; 34795
13; 1; 5; 42750
5; 1; 31; 45039
26; 1; 18; 51473
19; 1; 16; 52841
27; 1; 46; 53228
16; 1; 14; 53698
11; 1; 12; 53883
14; 1; 1; 56807
10; 1; 44; 57081
0; 1; 2; 61024
25; 1; 23; 62907
17; 1; 6; 63481
