**** 866 ****
128
569; 503; 2; 1; 4
466; 555; 2; 1; 5
434; 589; 1; 2; 7
549; 635; 1; 2; 11
665; 658; 2; 1; 17
437; 441; 1; 2; 18
446; 410; 1; 2; 23
444; 627; 1; 2; 39
543; 581; 1; 2; 45
556; 579; 1; 2; 56
632; 485; 1; 2; 84
489; 448; 1; 2; 92
526; 421; 2; 1; 101
565; 423; 1; 2; 104
638; 424; 1; 2; 110
411; 604; 2; 1; 111
437; 461; 1; 2; 112
610; 619; 2; 1; 116
512; 398; 2; 1; 119
465; 403; 1; 2; 121
415; 669; 2; 1; 144
636; 548; 1; 2; 146
403; 394; 2; 1; 148
612; 465; 2; 1; 170
404; 408; 2; 1; 173
548; 398; 1; 2; 185
408; 391; 2; 1; 185
528; 406; 1; 2; 185
543; 555; 1; 2; 191
410; 647; 2; 1; 192
544; 566; 2; 1; 194
518; 445; 1; 2; 198
668; 602; 2; 1; 214
418; 661; 2; 1; 215
633; 405; 2; 1; 237
569; 564; 1; 2; 262
550; 612; 2; 1; 271
626; 416; 2; 1; 275
493; 422; 1; 2; 279
392; 409; 2; 1; 286
507; 628; 2; 1; 310
469; 475; 1; 2; 310
515; 402; 1; 2; 316
408; 419; 1; 2; 323
625; 587; 1; 2; 336
418; 475; 2; 1; 353
533; 496; 1; 2; 355
565; 633; 2; 1; 356
503; 530; 2; 1; 364
514; 460; 2; 1; 371
564; 592; 2; 1; 375
414; 609; 1; 2; 383
628; 453; 2; 1; 394
446; 536; 1; 2; 399
622; 605; 1; 2; 402
581; 456; 2; 1; 407
464; 478; 2; 1; 431
656; 643; 1; 2; 442
655; 478; 1; 2; 463
444; 636; 2; 1; 463
663; 578; 2; 1; 464
522; 551; 2; 1; 466
528; 603; 2; 1; 474
479; 481; 1; 2; 482
488; 573; 1; 2; 492
659; 608; 2; 1; 502
518; 441; 1; 2; 522
664; 475; 1; 2; 523
635; 508; 1; 2; 527
508; 643; 1; 2; 534
523; 625; 1; 2; 536
437; 503; 1; 2; 538
521; 498; 1; 2; 543
653; 427; 2; 1; 554
669; 612; 1; 2; 554
578; 395; 1; 2; 580
519; 610; 1; 2; 589
644; 409; 2; 1; 601
520; 654; 1; 2; 613
604; 459; 1; 2; 616
498; 446; 2; 1; 619
601; 471; 2; 1; 630
518; 434; 2; 1; 632
576; 417; 2; 1; 644
410; 578; 1; 2; 649
520; 513; 2; 1; 652
444; 656; 2; 1; 652
658; 624; 2; 1; 680
561; 424; 2; 1; 681
583; 538; 2; 1; 686
582; 673; 2; 1; 712
462; 614; 1; 2; 718
572; 650; 2; 1; 719
459; 565; 1; 2; 723
649; 640; 2; 1; 724
502; 607; 2; 1; 725
579; 661; 2; 1; 728
440; 432; 1; 2; 748
612; 478; 1; 2; 750
644; 589; 1; 2; 750
550; 640; 2; 1; 754
412; 498; 2; 1; 772
568; 532; 1; 2; 780
420; 438; 2; 1; 802
435; 540; 2; 1; 810
595; 581; 2; 1; 813
569; 569; 2; 1; 817
580; 570; 1; 2; 817
617; 453; 1; 2; 828
415; 554; 2; 1; 832
397; 482; 1; 2; 840
419; 465; 1; 2; 844
495; 515; 1; 2; 845
576; 403; 1; 2; 871
466; 392; 1; 2; 889
586; 437; 2; 1; 890
510; 507; 1; 2; 897
506; 472; 1; 2; 899
568; 558; 2; 1; 905
591; 432; 1; 2; 908
566; 498; 1; 2; 923
472; 635; 1; 2; 926
617; 450; 2; 1; 932
570; 585; 2; 1; 939
505; 535; 1; 2; 940
529; 600; 2; 1; 942
497; 640; 2; 1; 945
585; 599; 2; 1; 954
28
24; 1; 46; 815
10; 1; 17; 3354
4; 1; 9; 4585
8; 1; 46; 6051
1; 1; 1; 7258
9; 1; 3; 11270
11; 1; 28; 11361
2; 1; 9; 16258
25; 1; 40; 16639
14; 1; 37; 16789
23; 1; 24; 20817
19; 1; 41; 27055
21; 1; 43; 27544
5; 1; 28; 31296
26; 1; 7; 36398
16; 1; 30; 39288
22; 1; 24; 47664
3; 1; 38; 52111
0; 1; 26; 53997
17; 1; 36; 55461
12; 1; 17; 57608
20; 1; 38; 59206
27; 1; 34; 59286
18; 1; 45; 61098
6; 1; 4; 63449
13; 1; 12; 63989
7; 1; 8; 64397
15; 1; 24; 65322
