**** 867 ****
128
472; 502; 1; 2; 4
567; 544; 2; 1; 13
470; 632; 2; 1; 15
532; 447; 1; 2; 30
407; 517; 1; 2; 38
666; 474; 2; 1; 45
672; 435; 1; 2; 68
498; 403; 2; 1; 75
672; 630; 2; 1; 78
583; 666; 2; 1; 86
604; 633; 2; 1; 101
491; 583; 1; 2; 103
402; 462; 2; 1; 115
621; 636; 2; 1; 121
507; 504; 1; 2; 129
664; 547; 1; 2; 130
668; 512; 1; 2; 135
470; 650; 2; 1; 144
483; 655; 2; 1; 154
554; 564; 1; 2; 163
532; 583; 1; 2; 166
438; 606; 1; 2; 173
474; 429; 2; 1; 179
534; 638; 1; 2; 181
604; 549; 2; 1; 187
615; 518; 1; 2; 190
654; 514; 1; 2; 222
629; 490; 2; 1; 222
470; 635; 2; 1; 232
633; 585; 1; 2; 237
504; 611; 2; 1; 254
418; 521; 1; 2; 268
499; 467; 2; 1; 274
393; 572; 2; 1; 275
541; 557; 2; 1; 296
524; 497; 2; 1; 306
628; 500; 2; 1; 309
608; 423; 1; 2; 317
438; 418; 1; 2; 317
607; 417; 1; 2; 322
497; 453; 1; 2; 322
528; 641; 2; 1; 330
549; 442; 1; 2; 335
631; 630; 2; 1; 354
438; 534; 2; 1; 358
522; 440; 1; 2; 358
401; 509; 1; 2; 367
578; 612; 1; 2; 368
521; 664; 1; 2; 370
493; 516; 1; 2; 371
567; 485; 2; 1; 376
535; 436; 1; 2; 387
415; 493; 2; 1; 396
626; 467; 1; 2; 399
627; 393; 2; 1; 405
583; 619; 2; 1; 405
399; 595; 2; 1; 407
407; 435; 2; 1; 422
477; 480; 1; 2; 423
397; 640; 2; 1; 424
562; 660; 1; 2; 424
557; 584; 2; 1; 425
497; 472; 2; 1; 428
466; 440; 1; 2; 430
648; 414; 2; 1; 432
555; 565; 1; 2; 434
519; 596; 1; 2; 446
540; 497; 2; 1; 446
430; 622; 1; 2; 446
612; 611; 1; 2; 448
499; 600; 2; 1; 451
420; 527; 2; 1; 453
478; 610; 1; 2; 458
667; 647; 2; 1; 460
653; 489; 2; 1; 475
519; 491; 1; 2; 477
578; 480; 2; 1; 486
576; 513; 2; 1; 509
663; 524; 2; 1; 510
527; 620; 2; 1; 528
658; 498; 1; 2; 533
667; 516; 2; 1; 533
593; 616; 1; 2; 554
487; 547; 1; 2; 556
549; 569; 1; 2; 558
559; 672; 1; 2; 567
576; 415; 2; 1; 575
438; 420; 1; 2; 582
643; 653; 2; 1; 589
650; 393; 1; 2; 590
647; 543; 2; 1; 595
415; 464; 1; 2; 607
629; 426; 1; 2; 626
493; 480; 2; 1; 637
565; 416; 1; 2; 644
638; 562; 2; 1; 654
489; 537; 2; 1; 663
459; 475; 1; 2; 671
658; 527; 1; 2; 673
483; 553; 1; 2; 674
658; 669; 1; 2; 692
567; 631; 1; 2; 693
465; 618; 2; 1; 715
454; 544; 2; 1; 717
633; 672; 2; 1; 727
564; 467; 2; 1; 727
401; 494; 1; 2; 728
654; 608; 2; 1; 729
453; 623; 2; 1; 759
485; 645; 2; 1; 773
551; 632; 1; 2; 799
483; 493; 1; 2; 802
642; 613; 2; 1; 812
595; 539; 1; 2; 819
396; 503; 1; 2; 819
658; 408; 1; 2; 832
614; 497; 1; 2; 842
448; 441; 2; 1; 861
537; 466; 2; 1; 862
437; 589; 2; 1; 865
506; 659; 1; 2; 899
538; 604; 2; 1; 906
625; 540; 1; 2; 906
422; 452; 2; 1; 909
641; 553; 2; 1; 909
434; 591; 2; 1; 948
637; 447; 1; 2; 953
588; 490; 1; 2; 961
28
21; 1; 33; 5890
22; 1; 26; 11598
20; 1; 10; 12443
7; 1; 15; 17343
6; 1; 24; 19744
15; 1; 7; 21181
4; 1; 33; 22320
9; 1; 10; 28561
12; 1; 15; 28790
23; 1; 42; 33166
1; 1; 49; 34548
24; 1; 35; 36140
5; 1; 21; 39205
18; 1; 40; 42298
8; 1; 17; 42494
14; 1; 21; 44117
2; 1; 36; 50998
26; 1; 48; 51643
27; 1; 49; 52827
11; 1; 31; 53062
10; 1; 1; 57572
3; 1; 47; 62475
16; 1; 39; 62946
0; 1; 31; 64554
13; 1; 36; 66460
19; 1; 40; 68609
25; 1; 25; 68885
17; 1; 2; 69599
