**** 868 ****
128
668; 500; 1; 2; 12
626; 451; 2; 1; 17
645; 391; 1; 2; 18
583; 662; 1; 2; 19
507; 446; 1; 2; 23
562; 466; 2; 1; 23
425; 606; 2; 1; 24
400; 459; 1; 2; 26
553; 480; 1; 2; 31
402; 455; 2; 1; 45
496; 552; 2; 1; 46
469; 418; 1; 2; 57
620; 492; 2; 1; 71
650; 605; 1; 2; 81
470; 604; 2; 1; 85
671; 658; 2; 1; 114
521; 668; 1; 2; 124
643; 652; 1; 2; 124
495; 636; 2; 1; 125
596; 607; 1; 2; 131
590; 534; 2; 1; 140
530; 630; 2; 1; 147
510; 641; 2; 1; 169
393; 657; 2; 1; 172
422; 634; 1; 2; 181
396; 565; 1; 2; 198
643; 528; 1; 2; 209
517; 532; 1; 2; 251
611; 522; 1; 2; 252
506; 455; 2; 1; 265
462; 483; 2; 1; 268
402; 460; 2; 1; 278
447; 631; 1; 2; 281
483; 605; 2; 1; 289
565; 607; 1; 2; 289
531; 620; 1; 2; 299
499; 481; 2; 1; 305
646; 650; 1; 2; 342
602; 646; 2; 1; 356
421; 471; 1; 2; 366
559; 571; 1; 2; 374
474; 455; 2; 1; 386
666; 409; 2; 1; 386
527; 523; 1; 2; 387
610; 666; 2; 1; 401
652; 565; 1; 2; 401
471; 404; 1; 2; 431
492; 449; 1; 2; 438
530; 480; 2; 1; 450
501; 411; 1; 2; 456
401; 517; 2; 1; 464
461; 471; 2; 1; 466
586; 582; 1; 2; 480
403; 617; 1; 2; 486
539; 580; 1; 2; 493
652; 568; 2; 1; 502
586; 641; 1; 2; 515
400; 555; 1; 2; 520
547; 659; 2; 1; 523
574; 516; 1; 2; 524
591; 514; 1; 2; 524
585; 613; 1; 2; 524
662; 607; 1; 2; 524
563; 672; 2; 1; 525
632; 426; 2; 1; 527
617; 555; 2; 1; 529
529; 470; 1; 2; 532
434; 488; 2; 1; 545
474; 635; 1; 2; 556
505; 624; 1; 2; 559
442; 567; 2; 1; 561
633; 605; 1; 2; 563
530; 637; 2; 1; 568
452; 479; 2; 1; 573
504; 562; 2; 1; 577
446; 416; 2; 1; 580
566; 558; 1; 2; 583
486; 543; 2; 1; 590
437; 632; 1; 2; 592
455; 507; 2; 1; 595
577; 503; 1; 2; 606
486; 618; 2; 1; 609
671; 530; 1; 2; 614
442; 612; 2; 1; 625
411; 511; 2; 1; 639
604; 434; 1; 2; 643
575; 610; 1; 2; 663
518; 434; 2; 1; 664
451; 650; 2; 1; 666
567; 459; 2; 1; 674
520; 429; 1; 2; 689
442; 568; 2; 1; 692
637; 534; 2; 1; 705
520; 452; 1; 2; 710
566; 633; 2; 1; 722
551; 477; 1; 2; 726
587; 442; 2; 1; 726
471; 558; 1; 2; 727
528; 592; 2; 1; 730
572; 523; 1; 2; 730
498; 450; 2; 1; 739
646; 547; 1; 2; 742
489; 475; 2; 1; 746
580; 543; 2; 1; 759
474; 396; 2; 1; 783
545; 406; 1; 2; 786
645; 637; 1; 2; 802
434; 621; 2; 1; 803
645; 441; 1; 2; 815
625; 572; 2; 1; 820
517; 438; 1; 2; 823
477; 428; 2; 1; 834
439; 438; 1; 2; 844
403; 628; 2; 1; 844
411; 505; 2; 1; 854
577; 596; 1; 2; 864
437; 593; 1; 2; 871
465; 635; 2; 1; 874
464; 450; 1; 2; 894
614; 425; 2; 1; 895
531; 563; 1; 2; 895
611; 506; 2; 1; 895
501; 417; 1; 2; 916
454; 602; 1; 2; 921
659; 633; 2; 1; 929
613; 466; 1; 2; 934
419; 424; 2; 1; 955
498; 531; 1; 2; 966
28
1; 1; 27; 9
27; 1; 11; 3318
16; 1; 23; 4929
18; 1; 8; 8024
12; 1; 31; 8487
11; 1; 19; 9754
6; 1; 7; 15760
3; 1; 26; 16041
24; 1; 3; 17844
2; 1; 13; 19632
5; 1; 25; 22579
4; 1; 20; 24639
10; 1; 45; 25896
7; 1; 1; 31460
20; 1; 23; 34164
15; 1; 4; 35352
21; 1; 7; 37025
23; 1; 6; 38749
13; 1; 26; 38859
0; 1; 28; 38964
9; 1; 25; 41702
25; 1; 18; 41759
8; 1; 10; 42011
14; 1; 26; 42377
26; 1; 19; 58355
19; 1; 29; 59470
17; 1; 20; 60007
22; 1; 43; 62630
