**** 869 ****
129
429; 612; 1; 2; 23
417; 555; 1; 2; 30
576; 587; 2; 1; 32
544; 474; 2; 1; 71
423; 605; 1; 2; 83
628; 580; 2; 1; 90
533; 543; 2; 1; 97
526; 566; 2; 1; 97
549; 632; 1; 2; 100
462; 664; 2; 1; 106
643; 576; 2; 1; 116
421; 644; 2; 1; 118
460; 524; 1; 2; 118
419; 573; 1; 2; 121
645; 487; 2; 1; 125
554; 575; 2; 1; 136
413; 476; 2; 1; 136
633; 616; 1; 2; 137
596; 460; 1; 2; 157
401; 642; 1; 2; 159
469; 506; 2; 1; 163
402; 520; 2; 1; 167
652; 499; 2; 1; 170
681; 679; 1; 2; 185
472; 569; 1; 2; 186
681; 645; 1; 2; 199
660; 545; 1; 2; 200
573; 450; 1; 2; 209
415; 452; 2; 1; 222
513; 657; 1; 2; 232
432; 412; 2; 1; 233
641; 413; 1; 2; 240
540; 613; 2; 1; 249
464; 573; 1; 2; 261
419; 609; 2; 1; 270
590; 414; 1; 2; 273
525; 449; 2; 1; 290
563; 476; 1; 2; 295
461; 475; 1; 2; 310
610; 654; 1; 2; 315
521; 432; 2; 1; 319
546; 398; 1; 2; 328
601; 521; 2; 1; 339
500; 637; 1; 2; 356
488; 599; 1; 2; 360
523; 555; 2; 1; 361
609; 454; 2; 1; 366
508; 632; 2; 1; 371
529; 575; 1; 2; 389
420; 531; 2; 1; 396
530; 474; 2; 1; 401
678; 676; 1; 2; 411
677; 586; 2; 1; 417
626; 620; 1; 2; 418
680; 425; 2; 1; 425
539; 518; 1; 2; 438
613; 590; 2; 1; 451
680; 562; 1; 2; 455
654; 594; 2; 1; 455
586; 421; 2; 1; 459
460; 472; 1; 2; 464
611; 575; 1; 2; 475
641; 584; 2; 1; 488
573; 678; 2; 1; 492
454; 587; 1; 2; 494
569; 615; 1; 2; 495
426; 412; 2; 1; 506
497; 449; 1; 2; 524
677; 667; 2; 1; 526
405; 576; 2; 1; 538
662; 535; 1; 2; 556
651; 595; 1; 2; 563
428; 658; 1; 2; 571
675; 512; 1; 2; 584
546; 480; 2; 1; 588
484; 599; 2; 1; 595
677; 574; 1; 2; 602
467; 507; 1; 2; 609
593; 681; 2; 1; 632
675; 494; 1; 2; 635
427; 512; 2; 1; 641
524; 533; 2; 1; 642
421; 677; 2; 1; 647
524; 447; 2; 1; 652
477; 492; 1; 2; 661
506; 586; 2; 1; 665
457; 675; 2; 1; 665
481; 645; 1; 2; 672
429; 589; 1; 2; 680
657; 511; 1; 2; 684
509; 524; 2; 1; 692
396; 458; 1; 2; 703
531; 613; 1; 2; 713
632; 426; 2; 1; 716
509; 606; 1; 2; 735
543; 433; 2; 1; 748
572; 605; 1; 2; 748
460; 631; 1; 2; 749
480; 524; 2; 1; 751
553; 519; 1; 2; 753
494; 426; 1; 2; 756
554; 615; 2; 1; 760
464; 676; 1; 2; 764
510; 597; 1; 2; 782
534; 664; 2; 1; 790
542; 400; 1; 2; 804
423; 490; 2; 1; 812
555; 410; 1; 2; 816
632; 610; 1; 2; 824
607; 566; 2; 1; 825
576; 402; 1; 2; 826
615; 664; 2; 1; 833
469; 623; 1; 2; 841
472; 479; 2; 1; 845
407; 634; 2; 1; 847
490; 652; 1; 2; 865
572; 548; 2; 1; 868
411; 588; 2; 1; 872
667; 599; 2; 1; 877
482; 672; 2; 1; 884
562; 498; 1; 2; 896
559; 634; 1; 2; 902
630; 681; 1; 2; 907
605; 582; 2; 1; 914
623; 555; 1; 2; 920
505; 412; 1; 2; 925
571; 537; 2; 1; 951
429; 478; 2; 1; 960
469; 560; 1; 2; 960
28
13; 1; 6; 4397
9; 1; 30; 6489
3; 1; 46; 8585
2; 1; 18; 9415
17; 1; 13; 10293
16; 1; 28; 18897
24; 1; 48; 18967
21; 1; 42; 20811
4; 1; 29; 25691
25; 1; 13; 26742
1; 1; 45; 28808
20; 1; 11; 31953
8; 1; 36; 32199
7; 1; 42; 39256
14; 1; 17; 39794
10; 1; 42; 40507
19; 1; 36; 43021
12; 1; 36; 43227
11; 1; 25; 47007
26; 1; 37; 52074
0; 1; 47; 53534
22; 1; 28; 56842
6; 1; 17; 56935
18; 1; 24; 57164
15; 1; 10; 60453
5; 1; 33; 60915
27; 1; 20; 66768
23; 1; 28; 67614
