**** 87 ****
57
51; 56; 2; 1; 0
90; 62; 2; 1; 12
75; 70; 2; 1; 18
73; 56; 1; 2; 21
82; 62; 2; 1; 31
80; 82; 1; 2; 33
82; 93; 1; 2; 35
100; 36; 1; 2; 38
92; 104; 1; 2; 43
45; 64; 1; 2; 45
55; 40; 1; 2; 51
98; 89; 1; 2; 52
79; 79; 2; 1; 52
56; 56; 1; 2; 55
93; 79; 2; 1; 55
97; 66; 2; 1; 55
86; 63; 2; 1; 57
92; 39; 1; 2; 60
94; 84; 2; 1; 65
93; 98; 1; 2; 69
67; 78; 1; 2; 69
48; 98; 1; 2; 71
71; 102; 2; 1; 71
50; 43; 2; 1; 77
50; 46; 1; 2; 78
59; 58; 2; 1; 83
83; 49; 1; 2; 86
99; 53; 1; 2; 87
72; 46; 1; 2; 87
37; 59; 2; 1; 96
37; 92; 2; 1; 109
103; 39; 1; 2; 110
46; 97; 1; 2; 112
88; 88; 1; 2; 113
54; 66; 2; 1; 113
72; 62; 1; 2; 116
63; 88; 2; 1; 118
75; 69; 2; 1; 126
87; 56; 1; 2; 129
67; 94; 2; 1; 130
85; 86; 2; 1; 131
70; 59; 1; 2; 138
46; 99; 1; 2; 142
104; 92; 1; 2; 150
42; 95; 1; 2; 151
41; 39; 1; 2; 152
79; 39; 2; 1; 152
76; 95; 1; 2; 153
77; 46; 2; 1; 155
37; 91; 2; 1; 155
57; 83; 2; 1; 166
90; 44; 2; 1; 168
100; 70; 2; 1; 169
36; 39; 1; 2; 174
67; 71; 1; 2; 178
40; 69; 2; 1; 181
47; 98; 1; 2; 185
14
4; 1; 15; 177
0; 1; 43; 483
6; 1; 1; 672
12; 1; 7; 1166
7; 1; 15; 1270
2; 1; 36; 1855
5; 1; 43; 2266
10; 1; 42; 2631
11; 1; 45; 2744
3; 1; 44; 2900
1; 1; 10; 3101
9; 1; 22; 3156
13; 1; 40; 3202
8; 1; 28; 3484
