**** 870 ****
129
412; 409; 1; 2; 0
558; 529; 1; 2; 6
473; 668; 2; 1; 18
559; 409; 1; 2; 25
446; 514; 1; 2; 25
462; 652; 2; 1; 41
526; 557; 2; 1; 51
657; 459; 1; 2; 85
564; 439; 2; 1; 107
550; 483; 2; 1; 117
433; 485; 1; 2; 127
497; 607; 2; 1; 131
616; 471; 2; 1; 143
425; 574; 1; 2; 176
439; 626; 1; 2; 185
554; 396; 1; 2; 186
538; 517; 2; 1; 193
592; 598; 2; 1; 202
568; 472; 2; 1; 203
671; 536; 1; 2; 207
414; 547; 1; 2; 207
573; 412; 2; 1; 208
650; 450; 2; 1; 210
536; 667; 2; 1; 211
598; 539; 2; 1; 213
428; 666; 2; 1; 217
487; 626; 2; 1; 223
592; 551; 1; 2; 226
565; 518; 1; 2; 229
560; 438; 1; 2; 241
601; 499; 2; 1; 244
659; 456; 1; 2; 253
405; 522; 1; 2; 268
618; 486; 2; 1; 276
591; 397; 2; 1; 282
531; 516; 2; 1; 287
421; 659; 2; 1; 295
554; 497; 2; 1; 296
671; 664; 1; 2; 298
484; 632; 1; 2; 313
554; 558; 2; 1; 330
533; 619; 2; 1; 353
611; 536; 2; 1; 359
490; 396; 1; 2; 385
533; 667; 2; 1; 390
634; 418; 1; 2; 390
613; 409; 2; 1; 394
423; 564; 2; 1; 396
590; 464; 2; 1; 401
474; 541; 1; 2; 407
502; 476; 1; 2; 415
407; 459; 2; 1; 415
496; 397; 1; 2; 416
578; 425; 2; 1; 424
624; 633; 1; 2; 424
675; 520; 1; 2; 439
657; 564; 1; 2; 441
551; 642; 1; 2; 452
513; 607; 1; 2; 461
410; 658; 2; 1; 468
647; 579; 1; 2; 471
527; 596; 2; 1; 476
455; 677; 2; 1; 489
529; 459; 1; 2; 492
671; 411; 2; 1; 501
652; 403; 2; 1; 503
658; 534; 1; 2; 504
434; 424; 1; 2; 508
614; 501; 2; 1; 525
558; 656; 2; 1; 525
680; 559; 2; 1; 535
658; 406; 2; 1; 539
622; 555; 1; 2; 560
591; 461; 1; 2; 562
650; 528; 1; 2; 571
655; 520; 1; 2; 588
467; 644; 1; 2; 593
431; 512; 1; 2; 601
414; 502; 1; 2; 608
459; 681; 2; 1; 622
519; 565; 1; 2; 639
573; 651; 2; 1; 643
464; 455; 1; 2; 668
417; 642; 2; 1; 670
672; 566; 1; 2; 674
632; 539; 1; 2; 675
522; 503; 1; 2; 676
594; 414; 1; 2; 677
626; 399; 2; 1; 690
602; 425; 1; 2; 691
661; 446; 1; 2; 692
429; 657; 1; 2; 696
490; 662; 1; 2; 703
561; 410; 2; 1; 711
437; 423; 1; 2; 723
464; 619; 2; 1; 724
445; 406; 2; 1; 725
486; 606; 2; 1; 728
655; 642; 2; 1; 732
407; 559; 2; 1; 734
579; 461; 2; 1; 739
611; 492; 1; 2; 744
542; 676; 1; 2; 748
467; 595; 2; 1; 750
654; 549; 1; 2; 756
400; 539; 1; 2; 759
495; 460; 1; 2; 761
575; 443; 2; 1; 762
449; 617; 2; 1; 784
532; 533; 1; 2; 789
544; 485; 1; 2; 796
536; 550; 2; 1; 807
459; 558; 2; 1; 808
560; 626; 2; 1; 811
509; 455; 2; 1; 826
477; 438; 2; 1; 838
586; 611; 1; 2; 838
506; 473; 1; 2; 858
523; 676; 2; 1; 874
499; 502; 2; 1; 874
615; 667; 1; 2; 894
582; 464; 2; 1; 899
463; 614; 2; 1; 903
634; 652; 1; 2; 906
556; 428; 2; 1; 917
600; 445; 2; 1; 930
418; 495; 2; 1; 933
403; 490; 2; 1; 960
431; 572; 2; 1; 962
28
12; 1; 17; 1010
26; 1; 49; 1731
9; 1; 46; 1946
10; 1; 15; 4530
5; 1; 8; 4707
24; 1; 35; 10340
17; 1; 28; 13474
2; 1; 46; 21464
22; 1; 7; 25063
13; 1; 12; 27667
16; 1; 35; 28494
8; 1; 18; 36367
0; 1; 21; 36575
4; 1; 36; 37728
15; 1; 25; 39854
21; 1; 6; 40953
25; 1; 13; 43616
11; 1; 26; 44383
18; 1; 26; 45543
1; 1; 33; 47044
23; 1; 11; 49591
20; 1; 27; 50807
3; 1; 41; 50841
7; 1; 39; 52802
14; 1; 31; 54920
27; 1; 7; 67141
6; 1; 32; 69257
19; 1; 31; 69358
