**** 872 ****
129
433; 658; 1; 2; 6
443; 579; 2; 1; 18
565; 651; 2; 1; 21
481; 442; 2; 1; 24
622; 473; 1; 2; 29
505; 589; 2; 1; 37
485; 530; 1; 2; 41
543; 611; 1; 2; 45
519; 515; 2; 1; 49
646; 646; 1; 2; 58
486; 629; 1; 2; 62
530; 610; 1; 2; 96
508; 679; 1; 2; 96
540; 624; 2; 1; 123
567; 447; 2; 1; 124
666; 472; 2; 1; 130
500; 614; 2; 1; 133
594; 406; 1; 2; 180
609; 419; 2; 1; 180
676; 599; 2; 1; 192
663; 551; 2; 1; 195
680; 402; 2; 1; 197
654; 577; 1; 2; 197
613; 582; 2; 1; 200
647; 567; 1; 2; 215
675; 587; 1; 2; 217
670; 398; 2; 1; 218
484; 546; 2; 1; 230
480; 533; 1; 2; 230
583; 665; 2; 1; 232
519; 572; 1; 2; 232
440; 475; 2; 1; 238
654; 568; 1; 2; 238
575; 601; 1; 2; 238
662; 450; 1; 2; 251
519; 623; 2; 1; 254
570; 407; 1; 2; 267
427; 549; 1; 2; 275
472; 663; 1; 2; 285
674; 594; 2; 1; 288
552; 420; 1; 2; 294
527; 546; 1; 2; 300
587; 632; 1; 2; 309
408; 410; 1; 2; 311
547; 521; 2; 1; 314
449; 613; 1; 2; 319
400; 469; 1; 2; 320
535; 531; 1; 2; 340
555; 519; 2; 1; 347
675; 409; 2; 1; 348
669; 489; 2; 1; 356
524; 436; 1; 2; 362
619; 573; 1; 2; 373
560; 525; 1; 2; 374
631; 596; 1; 2; 376
586; 523; 1; 2; 381
577; 446; 1; 2; 385
439; 573; 1; 2; 387
501; 428; 1; 2; 401
641; 672; 1; 2; 404
666; 530; 1; 2; 405
620; 640; 1; 2; 411
484; 483; 1; 2; 416
593; 649; 2; 1; 429
670; 588; 2; 1; 431
396; 538; 2; 1; 443
474; 607; 1; 2; 444
526; 508; 1; 2; 447
547; 402; 1; 2; 455
569; 548; 1; 2; 464
500; 493; 2; 1; 479
525; 494; 1; 2; 484
456; 661; 1; 2; 485
549; 553; 2; 1; 486
484; 486; 2; 1; 496
538; 545; 2; 1; 498
657; 450; 1; 2; 511
439; 587; 2; 1; 530
422; 520; 1; 2; 543
666; 507; 2; 1; 547
520; 639; 1; 2; 558
489; 636; 2; 1; 558
650; 611; 2; 1; 566
401; 498; 1; 2; 575
640; 451; 2; 1; 587
535; 636; 1; 2; 594
645; 591; 2; 1; 596
519; 540; 1; 2; 616
523; 481; 1; 2; 630
450; 573; 2; 1; 632
678; 546; 2; 1; 635
583; 574; 1; 2; 640
405; 507; 2; 1; 643
651; 629; 1; 2; 648
559; 425; 2; 1; 649
621; 528; 1; 2; 659
645; 597; 2; 1; 668
573; 580; 2; 1; 669
540; 426; 1; 2; 681
501; 412; 1; 2; 693
505; 502; 2; 1; 699
464; 434; 1; 2; 715
561; 483; 2; 1; 727
525; 580; 2; 1; 740
493; 637; 1; 2; 742
591; 420; 2; 1; 746
513; 675; 2; 1; 749
617; 601; 2; 1; 755
679; 435; 1; 2; 757
601; 568; 1; 2; 759
544; 490; 2; 1; 770
561; 436; 1; 2; 770
445; 667; 1; 2; 775
672; 606; 1; 2; 778
639; 462; 2; 1; 805
668; 663; 2; 1; 811
661; 431; 1; 2; 821
668; 436; 2; 1; 828
624; 442; 1; 2; 830
577; 513; 1; 2; 833
547; 665; 2; 1; 857
580; 425; 1; 2; 873
617; 435; 1; 2; 905
518; 510; 1; 2; 914
491; 415; 2; 1; 921
548; 474; 2; 1; 926
631; 482; 1; 2; 950
638; 626; 1; 2; 953
432; 674; 2; 1; 964
28
23; 1; 28; 946
15; 1; 1; 1492
26; 1; 26; 12838
27; 1; 11; 16486
20; 1; 36; 18132
1; 1; 47; 22786
18; 1; 15; 23972
0; 1; 42; 25803
24; 1; 36; 29990
11; 1; 19; 33673
10; 1; 30; 36408
9; 1; 46; 38035
5; 1; 9; 40529
2; 1; 16; 42053
4; 1; 28; 42116
16; 1; 27; 46550
25; 1; 39; 47605
14; 1; 9; 48656
6; 1; 12; 49842
17; 1; 18; 54831
8; 1; 42; 55262
21; 1; 37; 56161
22; 1; 11; 57127
13; 1; 40; 58795
19; 1; 48; 65414
12; 1; 2; 65997
3; 1; 38; 66602
7; 1; 44; 66758
