**** 873 ****
129
590; 568; 1; 2; 2
611; 402; 2; 1; 9
461; 663; 2; 1; 20
662; 645; 2; 1; 21
584; 626; 2; 1; 59
587; 440; 1; 2; 73
426; 410; 2; 1; 80
577; 608; 2; 1; 86
629; 626; 2; 1; 86
651; 592; 2; 1; 94
636; 602; 2; 1; 94
473; 522; 2; 1; 109
641; 527; 1; 2; 111
513; 431; 1; 2; 112
578; 603; 1; 2; 120
666; 426; 1; 2; 122
400; 493; 1; 2; 147
459; 572; 1; 2; 153
487; 440; 1; 2; 153
598; 636; 2; 1; 155
464; 573; 1; 2; 158
671; 622; 2; 1; 161
613; 659; 1; 2; 172
458; 534; 1; 2; 181
555; 645; 1; 2; 183
493; 549; 2; 1; 220
453; 614; 1; 2; 226
679; 473; 2; 1; 245
587; 427; 1; 2; 250
564; 674; 1; 2; 253
439; 493; 2; 1; 277
578; 433; 1; 2; 281
668; 488; 1; 2; 299
672; 551; 1; 2; 314
652; 490; 1; 2; 334
413; 500; 2; 1; 336
402; 449; 1; 2; 340
436; 567; 1; 2; 341
442; 520; 2; 1; 341
612; 533; 1; 2; 347
479; 586; 2; 1; 354
649; 572; 1; 2; 384
513; 528; 2; 1; 385
456; 678; 1; 2; 388
543; 460; 1; 2; 390
648; 606; 2; 1; 391
643; 439; 1; 2; 397
573; 509; 1; 2; 399
592; 678; 1; 2; 408
660; 498; 1; 2; 409
484; 496; 2; 1; 448
668; 557; 1; 2; 455
637; 443; 1; 2; 459
581; 515; 2; 1; 477
680; 503; 2; 1; 479
553; 455; 1; 2; 489
627; 494; 1; 2; 491
525; 678; 1; 2; 494
502; 623; 2; 1; 499
635; 578; 1; 2; 500
638; 647; 1; 2; 500
504; 408; 2; 1; 501
642; 478; 2; 1; 536
576; 474; 2; 1; 536
418; 641; 1; 2; 539
440; 515; 1; 2; 544
479; 656; 2; 1; 549
399; 569; 1; 2; 556
548; 629; 2; 1; 563
471; 445; 2; 1; 630
628; 646; 1; 2; 637
530; 573; 1; 2; 639
646; 413; 1; 2; 646
525; 588; 2; 1; 656
465; 604; 1; 2; 664
452; 645; 2; 1; 666
643; 657; 2; 1; 666
534; 606; 1; 2; 668
543; 666; 2; 1; 671
508; 657; 2; 1; 676
666; 630; 1; 2; 682
541; 562; 2; 1; 684
467; 623; 2; 1; 694
582; 487; 2; 1; 697
412; 671; 2; 1; 698
561; 671; 1; 2; 708
680; 417; 2; 1; 725
597; 464; 1; 2; 748
568; 550; 1; 2; 752
610; 561; 1; 2; 754
420; 612; 2; 1; 759
429; 501; 1; 2; 771
659; 555; 1; 2; 782
464; 612; 2; 1; 782
519; 518; 2; 1; 783
617; 641; 2; 1; 788
646; 641; 2; 1; 792
493; 660; 2; 1; 793
681; 502; 2; 1; 797
603; 440; 2; 1; 803
544; 665; 1; 2; 807
476; 550; 2; 1; 809
488; 629; 2; 1; 813
513; 417; 2; 1; 816
550; 500; 1; 2; 818
576; 547; 2; 1; 821
646; 575; 1; 2; 825
452; 425; 2; 1; 841
616; 640; 2; 1; 841
544; 421; 1; 2; 848
500; 525; 2; 1; 863
549; 438; 2; 1; 863
628; 414; 1; 2; 864
467; 665; 2; 1; 866
431; 605; 1; 2; 871
552; 643; 1; 2; 877
424; 608; 1; 2; 890
498; 639; 2; 1; 903
641; 469; 2; 1; 918
628; 530; 2; 1; 920
517; 467; 1; 2; 924
535; 563; 1; 2; 942
582; 512; 1; 2; 943
563; 601; 1; 2; 951
407; 550; 2; 1; 951
560; 406; 1; 2; 961
541; 482; 2; 1; 961
520; 460; 2; 1; 962
458; 615; 2; 1; 971
28
0; 1; 23; 1070
27; 1; 39; 1614
8; 1; 26; 3142
7; 1; 37; 7729
17; 1; 24; 9368
23; 1; 21; 10028
24; 1; 28; 10977
16; 1; 31; 14083
20; 1; 33; 18227
10; 1; 8; 22009
18; 1; 18; 27862
1; 1; 30; 29818
9; 1; 28; 40409
26; 1; 1; 40485
19; 1; 31; 42394
6; 1; 5; 48226
3; 1; 17; 50679
25; 1; 33; 51860
13; 1; 15; 54136
15; 1; 13; 55181
4; 1; 10; 57620
2; 1; 10; 58839
12; 1; 34; 63908
14; 1; 35; 67496
21; 1; 19; 68529
11; 1; 28; 69583
5; 1; 35; 70962
22; 1; 23; 71114
