**** 874 ****
129
430; 439; 2; 1; 7
542; 636; 1; 2; 11
617; 420; 2; 1; 14
553; 571; 2; 1; 28
671; 431; 1; 2; 42
669; 566; 2; 1; 54
639; 444; 1; 2; 54
560; 668; 1; 2; 65
478; 510; 1; 2; 67
633; 585; 1; 2; 74
497; 619; 2; 1; 90
644; 665; 1; 2; 104
396; 596; 2; 1; 112
460; 554; 1; 2; 117
570; 492; 1; 2; 128
572; 646; 2; 1; 129
474; 622; 2; 1; 136
634; 422; 2; 1; 136
668; 558; 1; 2; 146
415; 537; 2; 1; 156
565; 645; 1; 2; 173
427; 488; 2; 1; 174
513; 535; 2; 1; 177
496; 584; 2; 1; 188
574; 450; 2; 1; 188
609; 485; 1; 2; 196
591; 680; 2; 1; 204
664; 527; 2; 1; 211
585; 576; 1; 2; 215
546; 502; 2; 1; 222
574; 669; 1; 2; 224
469; 650; 1; 2; 232
592; 586; 1; 2; 238
512; 414; 1; 2; 250
568; 487; 2; 1; 254
410; 490; 1; 2; 261
616; 518; 1; 2; 267
643; 666; 2; 1; 276
646; 542; 1; 2; 291
537; 615; 2; 1; 294
528; 665; 2; 1; 299
449; 615; 2; 1; 332
403; 397; 1; 2; 335
571; 457; 1; 2; 339
472; 499; 2; 1; 359
608; 547; 1; 2; 364
656; 586; 2; 1; 364
459; 501; 2; 1; 365
550; 630; 1; 2; 372
598; 529; 1; 2; 378
513; 646; 2; 1; 392
460; 501; 2; 1; 413
397; 603; 1; 2; 428
544; 605; 1; 2; 431
534; 405; 2; 1; 436
611; 478; 1; 2; 454
575; 482; 1; 2; 455
500; 450; 2; 1; 461
459; 668; 2; 1; 470
598; 409; 2; 1; 472
535; 547; 2; 1; 480
546; 432; 2; 1; 484
538; 417; 2; 1; 489
675; 659; 2; 1; 495
488; 654; 1; 2; 516
666; 641; 1; 2; 517
442; 650; 2; 1; 529
523; 545; 1; 2; 536
448; 451; 1; 2; 542
619; 465; 2; 1; 544
671; 656; 2; 1; 547
544; 677; 1; 2; 547
412; 559; 2; 1; 557
626; 517; 1; 2; 584
580; 444; 2; 1; 588
465; 440; 2; 1; 590
470; 459; 2; 1; 597
530; 626; 1; 2; 603
462; 430; 2; 1; 605
624; 413; 2; 1; 605
542; 631; 1; 2; 653
425; 421; 2; 1; 653
479; 677; 1; 2; 673
680; 434; 1; 2; 675
435; 472; 2; 1; 679
419; 575; 1; 2; 684
534; 476; 1; 2; 687
604; 580; 2; 1; 699
491; 663; 1; 2; 699
647; 635; 1; 2; 700
678; 619; 2; 1; 704
533; 496; 2; 1; 718
544; 506; 1; 2; 721
409; 511; 1; 2; 731
452; 412; 1; 2; 736
581; 612; 1; 2; 736
512; 419; 1; 2; 739
587; 535; 2; 1; 743
544; 479; 2; 1; 743
518; 606; 2; 1; 748
482; 401; 2; 1; 776
584; 673; 2; 1; 789
457; 401; 2; 1; 792
643; 460; 2; 1; 800
560; 403; 1; 2; 801
520; 608; 2; 1; 809
462; 534; 2; 1; 812
619; 546; 1; 2; 844
552; 457; 2; 1; 849
561; 418; 1; 2; 850
566; 438; 1; 2; 861
664; 547; 2; 1; 872
467; 450; 2; 1; 877
562; 645; 1; 2; 885
471; 610; 2; 1; 886
638; 617; 2; 1; 887
668; 430; 1; 2; 888
632; 515; 2; 1; 900
610; 474; 2; 1; 910
517; 575; 2; 1; 913
578; 620; 2; 1; 917
554; 420; 2; 1; 921
590; 541; 1; 2; 934
642; 599; 1; 2; 939
419; 442; 1; 2; 940
597; 593; 1; 2; 942
589; 416; 2; 1; 959
622; 430; 1; 2; 965
616; 644; 2; 1; 967
28
1; 1; 13; 6786
5; 1; 2; 9478
8; 1; 39; 9615
4; 1; 26; 16890
27; 1; 35; 17807
12; 1; 43; 19281
15; 1; 18; 25011
22; 1; 36; 25484
17; 1; 33; 31262
24; 1; 26; 32938
19; 1; 43; 33595
14; 1; 38; 36064
18; 1; 12; 39164
11; 1; 33; 43236
25; 1; 39; 44596
2; 1; 22; 45490
21; 1; 37; 47515
0; 1; 8; 48044
26; 1; 41; 48668
6; 1; 42; 52695
23; 1; 38; 53582
9; 1; 27; 55819
7; 1; 44; 56770
20; 1; 45; 60251
16; 1; 3; 60718
13; 1; 42; 63254
3; 1; 4; 66073
10; 1; 8; 66239
