**** 875 ****
129
467; 419; 2; 1; 3
486; 432; 1; 2; 6
514; 407; 2; 1; 30
526; 543; 1; 2; 42
537; 558; 2; 1; 47
465; 469; 2; 1; 49
484; 600; 2; 1; 50
488; 532; 2; 1; 64
619; 678; 1; 2; 77
453; 493; 1; 2; 82
421; 602; 1; 2; 88
437; 558; 1; 2; 96
659; 431; 2; 1; 103
582; 613; 1; 2; 112
416; 432; 2; 1; 115
645; 651; 1; 2; 117
625; 593; 1; 2; 139
482; 660; 2; 1; 145
606; 438; 1; 2; 152
423; 674; 2; 1; 163
548; 424; 1; 2; 168
443; 508; 2; 1; 181
528; 634; 1; 2; 188
603; 508; 1; 2; 194
681; 526; 1; 2; 199
452; 670; 1; 2; 206
406; 553; 2; 1; 221
609; 525; 2; 1; 223
605; 636; 2; 1; 234
537; 454; 2; 1; 236
463; 601; 1; 2; 239
478; 424; 1; 2; 245
582; 575; 2; 1; 263
422; 663; 2; 1; 267
418; 539; 1; 2; 274
541; 423; 1; 2; 278
614; 595; 2; 1; 284
484; 473; 2; 1; 288
617; 642; 1; 2; 289
643; 548; 2; 1; 297
398; 473; 2; 1; 299
408; 448; 2; 1; 302
502; 496; 2; 1; 312
536; 589; 1; 2; 317
646; 606; 1; 2; 318
647; 531; 1; 2; 331
577; 433; 1; 2; 340
462; 501; 1; 2; 351
608; 618; 2; 1; 355
562; 665; 2; 1; 358
428; 563; 2; 1; 358
443; 541; 1; 2; 379
648; 507; 2; 1; 399
603; 630; 1; 2; 402
634; 481; 1; 2; 402
401; 402; 2; 1; 405
602; 485; 2; 1; 406
494; 548; 1; 2; 412
578; 645; 1; 2; 432
583; 469; 2; 1; 437
579; 452; 2; 1; 442
405; 445; 2; 1; 465
522; 646; 1; 2; 467
635; 590; 1; 2; 477
398; 491; 2; 1; 478
662; 433; 1; 2; 499
458; 549; 2; 1; 502
515; 436; 1; 2; 506
547; 668; 2; 1; 507
511; 453; 1; 2; 509
626; 442; 1; 2; 523
417; 665; 2; 1; 541
406; 668; 2; 1; 550
418; 591; 1; 2; 554
650; 470; 2; 1; 560
650; 406; 1; 2; 560
607; 458; 1; 2; 564
483; 550; 2; 1; 582
440; 658; 2; 1; 589
415; 626; 2; 1; 595
526; 476; 1; 2; 600
607; 547; 2; 1; 606
517; 539; 2; 1; 609
680; 415; 1; 2; 611
472; 491; 2; 1; 611
652; 423; 1; 2; 625
535; 501; 2; 1; 626
507; 582; 2; 1; 632
634; 672; 1; 2; 635
466; 462; 1; 2; 636
638; 566; 1; 2; 639
450; 507; 2; 1; 641
520; 623; 2; 1; 642
597; 454; 2; 1; 658
642; 560; 2; 1; 664
645; 589; 2; 1; 677
430; 602; 2; 1; 697
428; 619; 2; 1; 703
605; 574; 2; 1; 713
609; 504; 1; 2; 745
637; 566; 1; 2; 745
671; 669; 2; 1; 749
595; 512; 1; 2; 749
580; 460; 1; 2; 750
427; 478; 1; 2; 773
591; 558; 1; 2; 774
448; 630; 1; 2; 806
497; 452; 1; 2; 818
486; 500; 1; 2; 827
553; 495; 1; 2; 827
518; 398; 2; 1; 827
562; 487; 1; 2; 832
433; 416; 2; 1; 841
428; 495; 1; 2; 843
496; 570; 1; 2; 858
678; 536; 2; 1; 864
425; 630; 1; 2; 869
540; 497; 1; 2; 871
484; 584; 2; 1; 883
396; 400; 1; 2; 887
557; 476; 1; 2; 892
529; 398; 1; 2; 910
659; 407; 1; 2; 921
453; 481; 2; 1; 936
487; 513; 2; 1; 939
415; 627; 1; 2; 940
594; 396; 2; 1; 955
583; 551; 1; 2; 959
602; 648; 2; 1; 965
28
4; 1; 9; 2399
23; 1; 42; 2895
2; 1; 40; 3094
11; 1; 13; 4375
26; 1; 44; 4567
5; 1; 48; 9512
16; 1; 46; 9885
3; 1; 8; 14925
12; 1; 28; 17411
6; 1; 26; 30365
21; 1; 21; 30787
22; 1; 46; 31551
8; 1; 13; 35498
24; 1; 11; 36129
7; 1; 6; 38005
13; 1; 3; 39841
10; 1; 33; 40197
17; 1; 48; 41337
18; 1; 3; 41883
14; 1; 36; 42818
15; 1; 13; 43846
0; 1; 44; 55036
25; 1; 44; 64270
20; 1; 10; 64628
1; 1; 29; 65137
19; 1; 21; 65909
9; 1; 11; 66290
27; 1; 41; 68131
