**** 876 ****
129
608; 488; 1; 2; 14
644; 484; 2; 1; 15
465; 664; 1; 2; 20
515; 619; 2; 1; 26
550; 664; 1; 2; 39
517; 568; 2; 1; 39
443; 398; 2; 1; 41
629; 643; 1; 2; 64
554; 610; 2; 1; 72
647; 556; 2; 1; 93
505; 471; 1; 2; 109
566; 679; 2; 1; 115
558; 450; 1; 2; 123
446; 666; 1; 2; 139
608; 668; 2; 1; 146
634; 630; 2; 1; 147
470; 446; 1; 2; 148
484; 557; 2; 1; 152
538; 408; 2; 1; 154
430; 607; 1; 2; 160
678; 428; 1; 2; 161
648; 554; 2; 1; 162
546; 585; 1; 2; 183
525; 565; 1; 2; 193
531; 440; 1; 2; 201
558; 547; 1; 2; 212
520; 681; 2; 1; 221
569; 439; 1; 2; 223
396; 513; 1; 2; 223
591; 411; 1; 2; 228
667; 418; 1; 2; 231
557; 428; 1; 2; 242
587; 621; 2; 1; 255
467; 579; 2; 1; 257
681; 506; 2; 1; 266
558; 415; 2; 1; 277
535; 645; 1; 2; 283
629; 443; 2; 1; 285
664; 512; 1; 2; 291
519; 411; 2; 1; 295
404; 509; 2; 1; 305
530; 466; 2; 1; 309
547; 518; 2; 1; 316
605; 513; 2; 1; 319
629; 451; 2; 1; 325
573; 598; 1; 2; 332
609; 637; 1; 2; 336
618; 508; 1; 2; 342
466; 581; 2; 1; 349
521; 658; 2; 1; 353
531; 479; 2; 1; 405
663; 638; 1; 2; 408
612; 567; 1; 2; 418
631; 422; 1; 2; 440
435; 465; 1; 2; 441
481; 652; 2; 1; 441
580; 601; 1; 2; 450
486; 610; 1; 2; 461
494; 576; 1; 2; 476
506; 624; 2; 1; 501
623; 397; 2; 1; 504
625; 571; 1; 2; 517
605; 471; 2; 1; 534
633; 574; 1; 2; 535
652; 679; 2; 1; 547
453; 556; 2; 1; 547
628; 566; 1; 2; 567
503; 501; 2; 1; 575
466; 477; 1; 2; 576
485; 666; 2; 1; 585
435; 498; 1; 2; 589
598; 450; 1; 2; 592
575; 398; 2; 1; 598
488; 421; 2; 1; 602
545; 597; 1; 2; 616
513; 635; 1; 2; 624
674; 424; 2; 1; 627
567; 512; 2; 1; 632
583; 589; 2; 1; 637
457; 498; 2; 1; 639
595; 528; 2; 1; 640
552; 650; 2; 1; 642
398; 512; 2; 1; 645
606; 650; 2; 1; 674
544; 418; 2; 1; 681
596; 488; 2; 1; 688
677; 495; 1; 2; 691
678; 404; 1; 2; 695
463; 452; 1; 2; 698
657; 581; 1; 2; 707
489; 676; 2; 1; 719
506; 625; 2; 1; 722
527; 539; 2; 1; 727
531; 418; 2; 1; 732
435; 667; 1; 2; 736
580; 592; 1; 2; 743
673; 519; 1; 2; 743
573; 598; 1; 2; 747
467; 657; 1; 2; 749
480; 516; 2; 1; 752
543; 420; 1; 2; 760
511; 418; 1; 2; 763
547; 605; 1; 2; 774
600; 589; 2; 1; 796
565; 470; 1; 2; 806
604; 441; 1; 2; 806
461; 581; 2; 1; 810
571; 440; 1; 2; 813
667; 481; 2; 1; 814
477; 430; 1; 2; 829
565; 581; 2; 1; 839
543; 527; 2; 1; 859
529; 611; 1; 2; 868
671; 655; 1; 2; 886
418; 655; 2; 1; 897
616; 413; 2; 1; 901
576; 555; 2; 1; 903
459; 660; 2; 1; 908
450; 524; 2; 1; 917
466; 636; 2; 1; 918
621; 630; 2; 1; 923
597; 523; 1; 2; 924
416; 596; 1; 2; 929
639; 471; 2; 1; 932
566; 497; 2; 1; 939
436; 472; 2; 1; 943
535; 508; 2; 1; 946
547; 679; 1; 2; 958
520; 450; 2; 1; 963
28
12; 1; 44; 5543
9; 1; 14; 7678
22; 1; 34; 21251
13; 1; 14; 22599
11; 1; 46; 23454
2; 1; 24; 23587
17; 1; 14; 26563
16; 1; 48; 30032
18; 1; 48; 30584
10; 1; 38; 30731
21; 1; 3; 32516
3; 1; 35; 39405
20; 1; 34; 40006
6; 1; 6; 41264
1; 1; 15; 42650
0; 1; 25; 43507
4; 1; 12; 43589
27; 1; 43; 47518
14; 1; 22; 47732
8; 1; 2; 48294
26; 1; 43; 49164
5; 1; 48; 50605
24; 1; 13; 50929
23; 1; 8; 53383
25; 1; 29; 54756
7; 1; 24; 56175
15; 1; 44; 60538
19; 1; 27; 63204
