**** 877 ****
129
560; 490; 1; 2; 3
438; 675; 2; 1; 8
653; 502; 1; 2; 20
484; 428; 1; 2; 23
542; 658; 2; 1; 25
638; 606; 2; 1; 28
419; 639; 1; 2; 29
454; 402; 2; 1; 37
538; 398; 2; 1; 40
503; 464; 2; 1; 44
665; 571; 1; 2; 46
520; 675; 1; 2; 59
501; 416; 1; 2; 93
480; 594; 2; 1; 95
598; 426; 1; 2; 98
497; 441; 2; 1; 103
532; 446; 1; 2; 104
666; 505; 1; 2; 111
460; 620; 1; 2; 116
565; 437; 1; 2; 117
568; 507; 1; 2; 122
480; 654; 2; 1; 129
423; 624; 2; 1; 129
671; 516; 1; 2; 131
476; 407; 2; 1; 138
641; 460; 2; 1; 144
402; 514; 1; 2; 154
588; 560; 1; 2; 159
445; 578; 1; 2; 161
465; 656; 2; 1; 174
574; 427; 2; 1; 180
508; 577; 2; 1; 187
633; 455; 1; 2; 206
673; 415; 1; 2; 206
440; 555; 2; 1; 209
607; 663; 2; 1; 210
506; 522; 2; 1; 242
590; 466; 2; 1; 251
418; 680; 2; 1; 253
514; 416; 1; 2; 254
484; 663; 2; 1; 256
540; 666; 2; 1; 263
680; 583; 1; 2; 266
502; 480; 1; 2; 276
515; 605; 2; 1; 282
432; 565; 1; 2; 299
548; 649; 1; 2; 330
445; 599; 2; 1; 349
496; 533; 2; 1; 349
557; 418; 2; 1; 358
530; 562; 2; 1; 363
495; 467; 2; 1; 363
674; 441; 2; 1; 368
559; 411; 1; 2; 378
410; 460; 2; 1; 385
427; 601; 2; 1; 406
525; 461; 1; 2; 407
639; 680; 2; 1; 409
646; 656; 2; 1; 410
401; 429; 1; 2; 412
501; 546; 2; 1; 416
592; 533; 1; 2; 417
473; 589; 2; 1; 423
555; 499; 2; 1; 424
647; 430; 1; 2; 430
561; 574; 1; 2; 435
537; 588; 2; 1; 438
406; 429; 1; 2; 443
555; 441; 2; 1; 464
629; 433; 1; 2; 486
619; 477; 2; 1; 495
419; 468; 2; 1; 508
467; 415; 1; 2; 523
481; 565; 1; 2; 528
615; 655; 2; 1; 529
535; 405; 1; 2; 529
651; 667; 2; 1; 530
539; 481; 1; 2; 533
460; 568; 1; 2; 537
569; 551; 1; 2; 576
574; 496; 2; 1; 583
560; 461; 2; 1; 589
527; 438; 2; 1; 597
669; 470; 2; 1; 597
634; 628; 2; 1; 607
581; 508; 2; 1; 607
624; 418; 1; 2; 610
403; 532; 1; 2; 614
404; 670; 2; 1; 639
608; 535; 2; 1; 641
518; 408; 2; 1; 646
645; 431; 1; 2; 647
664; 652; 1; 2; 649
466; 680; 2; 1; 650
588; 543; 1; 2; 657
554; 448; 2; 1; 660
412; 453; 2; 1; 668
562; 515; 1; 2; 686
543; 450; 2; 1; 690
566; 435; 2; 1; 690
442; 512; 2; 1; 695
673; 447; 1; 2; 696
585; 642; 1; 2; 705
498; 453; 1; 2; 712
610; 469; 1; 2; 715
450; 489; 2; 1; 726
633; 642; 1; 2; 732
460; 468; 1; 2; 736
625; 582; 2; 1; 747
492; 483; 1; 2; 752
433; 664; 2; 1; 755
548; 583; 1; 2; 757
483; 459; 2; 1; 763
424; 643; 2; 1; 769
541; 417; 2; 1; 778
588; 541; 2; 1; 786
614; 498; 2; 1; 793
591; 606; 2; 1; 801
495; 609; 1; 2; 803
552; 490; 1; 2; 812
494; 591; 2; 1; 858
657; 455; 2; 1; 859
402; 469; 1; 2; 873
470; 628; 2; 1; 894
438; 412; 1; 2; 896
640; 406; 2; 1; 919
665; 456; 1; 2; 964
484; 463; 2; 1; 966
596; 516; 2; 1; 975
28
11; 1; 25; 1763
25; 1; 47; 4360
1; 1; 28; 6436
2; 1; 35; 7005
16; 1; 25; 10033
9; 1; 30; 10093
5; 1; 26; 10187
8; 1; 35; 10226
19; 1; 37; 11817
13; 1; 28; 12388
3; 1; 8; 15331
15; 1; 42; 29797
17; 1; 45; 31604
10; 1; 43; 34468
7; 1; 33; 35492
4; 1; 23; 39179
22; 1; 24; 39451
0; 1; 49; 43578
23; 1; 40; 44182
27; 1; 17; 45819
14; 1; 48; 46836
21; 1; 33; 49870
18; 1; 5; 49963
12; 1; 7; 51540
24; 1; 34; 52074
20; 1; 23; 64679
6; 1; 44; 65669
26; 1; 48; 68578
