**** 878 ****
129
398; 633; 1; 2; 4
652; 589; 2; 1; 4
576; 449; 2; 1; 10
600; 567; 1; 2; 14
677; 451; 2; 1; 28
581; 543; 1; 2; 37
493; 472; 2; 1; 41
636; 547; 1; 2; 42
603; 653; 1; 2; 44
671; 485; 1; 2; 54
589; 567; 2; 1; 85
629; 547; 1; 2; 94
430; 596; 2; 1; 108
426; 649; 2; 1; 134
495; 627; 2; 1; 136
429; 479; 1; 2; 138
574; 663; 2; 1; 139
523; 621; 2; 1; 151
616; 489; 1; 2; 170
644; 600; 2; 1; 172
595; 495; 2; 1; 184
514; 498; 2; 1; 184
672; 658; 1; 2; 187
544; 438; 1; 2; 195
543; 516; 2; 1; 235
581; 593; 1; 2; 251
624; 487; 1; 2; 257
557; 549; 2; 1; 258
632; 678; 2; 1; 267
458; 627; 2; 1; 271
580; 616; 1; 2; 276
516; 455; 2; 1; 286
513; 670; 2; 1; 288
518; 558; 2; 1; 311
471; 456; 1; 2; 313
661; 570; 1; 2; 317
620; 424; 1; 2; 326
414; 657; 1; 2; 326
592; 575; 1; 2; 332
614; 536; 1; 2; 343
400; 523; 1; 2; 347
553; 437; 2; 1; 353
434; 408; 1; 2; 359
646; 607; 1; 2; 372
431; 461; 1; 2; 378
649; 635; 2; 1; 382
586; 581; 2; 1; 386
433; 634; 1; 2; 407
466; 537; 2; 1; 411
500; 626; 2; 1; 416
519; 420; 1; 2; 418
508; 485; 1; 2; 425
443; 601; 2; 1; 427
602; 404; 1; 2; 431
445; 564; 1; 2; 438
485; 456; 2; 1; 448
515; 584; 2; 1; 459
680; 473; 1; 2; 469
460; 652; 2; 1; 479
519; 514; 2; 1; 489
427; 405; 1; 2; 498
676; 635; 2; 1; 505
578; 605; 1; 2; 505
466; 458; 2; 1; 506
456; 471; 1; 2; 513
415; 449; 2; 1; 514
416; 600; 2; 1; 531
634; 581; 1; 2; 534
423; 535; 2; 1; 536
557; 459; 1; 2; 553
486; 475; 2; 1; 555
497; 545; 2; 1; 572
621; 514; 2; 1; 573
601; 473; 2; 1; 575
456; 468; 1; 2; 576
477; 610; 2; 1; 586
580; 450; 2; 1; 599
425; 416; 2; 1; 611
565; 423; 1; 2; 611
537; 454; 2; 1; 614
497; 547; 1; 2; 624
396; 642; 1; 2; 633
470; 434; 2; 1; 636
582; 651; 2; 1; 638
645; 410; 2; 1; 649
473; 672; 1; 2; 650
554; 460; 2; 1; 667
648; 637; 1; 2; 690
486; 579; 1; 2; 693
636; 587; 1; 2; 697
607; 592; 2; 1; 702
400; 401; 2; 1; 710
596; 416; 2; 1; 711
578; 437; 1; 2; 714
633; 449; 2; 1; 720
503; 598; 1; 2; 729
629; 646; 1; 2; 738
578; 622; 2; 1; 741
610; 672; 1; 2; 752
642; 636; 2; 1; 752
573; 671; 1; 2; 752
642; 677; 1; 2; 768
550; 555; 1; 2; 776
483; 623; 2; 1; 790
671; 469; 1; 2; 790
617; 529; 2; 1; 797
557; 592; 2; 1; 828
513; 461; 1; 2; 839
633; 586; 2; 1; 846
548; 673; 2; 1; 853
438; 474; 1; 2; 857
537; 520; 1; 2; 866
641; 462; 1; 2; 880
679; 590; 2; 1; 882
561; 552; 1; 2; 887
408; 634; 2; 1; 895
490; 670; 1; 2; 898
636; 429; 2; 1; 916
477; 611; 2; 1; 917
641; 633; 1; 2; 924
593; 405; 2; 1; 924
515; 620; 2; 1; 925
600; 433; 2; 1; 928
530; 488; 1; 2; 929
537; 428; 1; 2; 929
565; 611; 1; 2; 940
645; 662; 1; 2; 945
417; 577; 2; 1; 962
681; 531; 2; 1; 975
28
1; 1; 28; 175
10; 1; 22; 3884
16; 1; 20; 10412
0; 1; 9; 10868
26; 1; 15; 14131
27; 1; 45; 14677
11; 1; 16; 14760
24; 1; 20; 15878
2; 1; 31; 16499
7; 1; 12; 21258
12; 1; 13; 24195
25; 1; 13; 24529
13; 1; 47; 27710
22; 1; 3; 28583
17; 1; 28; 31057
4; 1; 33; 35498
23; 1; 41; 36449
3; 1; 14; 42729
6; 1; 25; 43514
18; 1; 47; 43565
14; 1; 48; 45190
15; 1; 14; 45833
21; 1; 41; 51902
5; 1; 30; 54418
8; 1; 43; 61798
19; 1; 26; 64176
9; 1; 25; 64652
20; 1; 19; 70130
