**** 879 ****
129
564; 620; 1; 2; 8
420; 571; 2; 1; 15
450; 492; 1; 2; 30
467; 604; 1; 2; 38
611; 435; 2; 1; 40
473; 599; 1; 2; 53
499; 623; 2; 1; 57
670; 403; 2; 1; 57
653; 668; 2; 1; 63
478; 433; 2; 1; 75
530; 678; 2; 1; 76
549; 486; 2; 1; 77
569; 599; 1; 2; 88
403; 454; 1; 2; 93
458; 463; 2; 1; 94
636; 425; 1; 2; 99
628; 514; 2; 1; 100
583; 425; 1; 2; 113
546; 495; 2; 1; 118
478; 483; 1; 2; 122
632; 496; 1; 2; 124
669; 600; 1; 2; 125
634; 572; 2; 1; 149
644; 431; 2; 1; 151
440; 579; 2; 1; 155
529; 627; 2; 1; 178
582; 463; 2; 1; 192
539; 674; 2; 1; 218
543; 403; 1; 2; 223
538; 510; 2; 1; 251
511; 399; 2; 1; 254
491; 671; 1; 2; 256
464; 507; 1; 2; 260
494; 447; 2; 1; 261
646; 669; 1; 2; 271
449; 553; 2; 1; 272
403; 597; 2; 1; 272
602; 655; 1; 2; 276
466; 676; 1; 2; 280
405; 466; 2; 1; 282
429; 422; 2; 1; 283
673; 523; 1; 2; 284
403; 578; 1; 2; 303
525; 584; 1; 2; 309
543; 555; 1; 2; 310
450; 563; 1; 2; 312
653; 439; 1; 2; 312
478; 600; 2; 1; 315
482; 674; 2; 1; 349
587; 411; 2; 1; 353
460; 660; 1; 2; 374
420; 412; 1; 2; 388
542; 671; 1; 2; 392
526; 508; 1; 2; 393
457; 632; 1; 2; 400
575; 423; 2; 1; 401
415; 552; 1; 2; 405
484; 681; 1; 2; 407
499; 571; 2; 1; 407
541; 409; 1; 2; 407
583; 433; 2; 1; 434
496; 547; 2; 1; 445
460; 521; 2; 1; 454
667; 477; 1; 2; 457
645; 491; 1; 2; 459
595; 658; 2; 1; 477
634; 649; 1; 2; 479
643; 549; 2; 1; 483
678; 480; 1; 2; 496
428; 604; 2; 1; 502
579; 558; 2; 1; 510
468; 532; 1; 2; 533
417; 551; 2; 1; 544
556; 572; 1; 2; 545
628; 428; 1; 2; 547
474; 543; 2; 1; 556
607; 477; 1; 2; 571
399; 448; 1; 2; 572
483; 562; 1; 2; 588
677; 476; 1; 2; 611
540; 517; 2; 1; 616
597; 499; 1; 2; 618
549; 620; 2; 1; 623
676; 547; 1; 2; 625
431; 536; 2; 1; 633
635; 625; 1; 2; 656
531; 488; 2; 1; 657
409; 482; 2; 1; 658
550; 576; 2; 1; 665
547; 444; 1; 2; 684
644; 413; 2; 1; 689
504; 642; 1; 2; 703
578; 481; 2; 1; 711
619; 506; 2; 1; 714
474; 399; 1; 2; 714
459; 561; 1; 2; 719
423; 425; 2; 1; 726
551; 417; 2; 1; 742
654; 502; 2; 1; 742
403; 515; 1; 2; 751
679; 619; 1; 2; 753
674; 551; 2; 1; 775
522; 408; 1; 2; 780
467; 484; 2; 1; 783
481; 470; 2; 1; 800
454; 653; 2; 1; 808
575; 583; 2; 1; 810
557; 478; 1; 2; 810
539; 656; 1; 2; 822
396; 507; 2; 1; 825
611; 637; 1; 2; 842
484; 542; 1; 2; 847
537; 426; 2; 1; 849
676; 648; 2; 1; 856
521; 411; 2; 1; 858
442; 540; 1; 2; 859
416; 430; 2; 1; 863
463; 615; 1; 2; 872
628; 496; 1; 2; 873
505; 576; 1; 2; 902
453; 514; 2; 1; 905
593; 478; 1; 2; 907
400; 673; 2; 1; 908
651; 651; 1; 2; 925
635; 463; 1; 2; 948
410; 529; 2; 1; 958
581; 559; 2; 1; 958
471; 652; 1; 2; 974
634; 595; 2; 1; 977
28
15; 1; 23; 473
6; 1; 12; 3177
4; 1; 27; 5628
22; 1; 28; 6200
20; 1; 7; 6881
23; 1; 46; 7421
14; 1; 25; 10247
5; 1; 33; 11015
10; 1; 24; 11401
7; 1; 42; 15951
13; 1; 17; 17089
11; 1; 40; 19819
3; 1; 45; 26775
0; 1; 46; 27738
9; 1; 17; 28396
27; 1; 28; 30231
2; 1; 15; 39729
25; 1; 40; 44063
17; 1; 46; 44537
16; 1; 49; 50452
12; 1; 49; 51194
26; 1; 3; 53098
8; 1; 30; 53874
1; 1; 42; 54044
18; 1; 35; 59271
21; 1; 25; 61420
24; 1; 21; 65409
19; 1; 23; 65664
