**** 88 ****
58
102; 67; 2; 1; 0
97; 89; 2; 1; 1
113; 41; 2; 1; 8
79; 51; 2; 1; 14
73; 45; 1; 2; 16
113; 105; 1; 2; 17
113; 112; 1; 2; 17
79; 57; 1; 2; 21
46; 95; 1; 2; 22
86; 94; 1; 2; 26
50; 98; 2; 1; 28
50; 98; 2; 1; 30
58; 45; 2; 1; 30
105; 103; 1; 2; 32
44; 103; 2; 1; 39
68; 84; 2; 1; 44
46; 72; 2; 1; 45
64; 105; 2; 1; 45
95; 98; 1; 2; 50
97; 61; 1; 2; 55
54; 59; 1; 2; 55
111; 63; 1; 2; 57
87; 76; 2; 1; 59
56; 99; 2; 1; 59
51; 82; 1; 2; 63
76; 63; 1; 2; 63
109; 46; 2; 1; 64
90; 95; 1; 2; 74
86; 100; 2; 1; 76
100; 55; 2; 1; 77
75; 108; 2; 1; 82
104; 108; 1; 2; 83
92; 109; 2; 1; 84
91; 60; 1; 2; 94
90; 63; 2; 1; 102
45; 68; 2; 1; 102
41; 71; 1; 2; 103
51; 81; 1; 2; 103
77; 96; 1; 2; 109
91; 54; 1; 2; 120
112; 95; 2; 1; 121
70; 105; 2; 1; 129
57; 63; 1; 2; 131
88; 111; 2; 1; 139
68; 61; 1; 2; 140
88; 84; 2; 1; 144
97; 44; 2; 1; 146
67; 90; 1; 2; 147
110; 98; 1; 2; 151
107; 78; 1; 2; 158
86; 50; 1; 2; 158
44; 75; 1; 2; 168
74; 109; 1; 2; 169
92; 66; 2; 1; 170
83; 85; 1; 2; 171
95; 86; 2; 1; 173
66; 76; 2; 1; 180
88; 109; 1; 2; 181
14
12; 1; 36; 47
2; 1; 33; 333
0; 1; 6; 431
6; 1; 47; 461
3; 1; 2; 1182
7; 1; 14; 2910
4; 1; 37; 3004
8; 1; 12; 3057
10; 1; 15; 3077
11; 1; 32; 3116
5; 1; 11; 3168
9; 1; 15; 3253
1; 1; 32; 4064
13; 1; 9; 4599
