**** 880 ****
130
408; 543; 1; 2; 1
646; 656; 1; 2; 8
430; 562; 1; 2; 30
526; 656; 1; 2; 41
447; 657; 1; 2; 49
451; 434; 2; 1; 70
650; 496; 1; 2; 75
459; 410; 2; 1; 86
554; 538; 1; 2; 94
589; 460; 1; 2; 95
482; 494; 1; 2; 108
650; 532; 1; 2; 108
415; 478; 2; 1; 119
619; 668; 1; 2; 124
673; 500; 1; 2; 127
554; 586; 1; 2; 128
642; 423; 1; 2; 136
481; 684; 2; 1; 148
683; 482; 1; 2; 163
587; 424; 2; 1; 179
509; 535; 1; 2; 194
646; 457; 2; 1; 199
670; 443; 1; 2; 200
639; 599; 2; 1; 216
436; 411; 1; 2; 237
566; 421; 2; 1; 246
521; 419; 1; 2; 259
511; 601; 1; 2; 262
429; 493; 2; 1; 269
619; 605; 1; 2; 272
600; 653; 2; 1; 278
552; 590; 1; 2; 298
527; 639; 1; 2; 302
675; 626; 1; 2; 312
618; 573; 2; 1; 313
628; 682; 2; 1; 318
631; 680; 1; 2; 320
555; 406; 1; 2; 325
682; 577; 1; 2; 325
518; 432; 2; 1; 332
583; 559; 1; 2; 334
574; 618; 1; 2; 336
649; 448; 1; 2; 339
414; 499; 2; 1; 357
637; 584; 1; 2; 358
511; 465; 2; 1; 366
634; 475; 1; 2; 368
557; 421; 2; 1; 381
512; 561; 1; 2; 393
640; 489; 1; 2; 404
539; 570; 2; 1; 405
518; 685; 2; 1; 412
642; 553; 1; 2; 417
495; 482; 2; 1; 433
452; 402; 1; 2; 444
477; 682; 2; 1; 447
465; 410; 2; 1; 447
423; 465; 2; 1; 459
598; 428; 2; 1; 461
528; 478; 1; 2; 462
505; 435; 2; 1; 475
589; 409; 2; 1; 476
640; 567; 1; 2; 485
466; 514; 1; 2; 486
468; 423; 2; 1; 508
587; 599; 1; 2; 522
626; 633; 2; 1; 523
561; 464; 1; 2; 535
568; 524; 2; 1; 537
477; 570; 1; 2; 537
554; 611; 1; 2; 538
526; 614; 2; 1; 548
630; 575; 1; 2; 557
571; 625; 1; 2; 557
437; 540; 1; 2; 581
675; 498; 1; 2; 585
514; 530; 2; 1; 589
496; 480; 1; 2; 608
626; 591; 2; 1; 617
416; 656; 2; 1; 622
439; 610; 1; 2; 633
591; 573; 2; 1; 636
511; 581; 2; 1; 637
666; 466; 1; 2; 644
669; 661; 1; 2; 648
431; 580; 1; 2; 672
635; 632; 1; 2; 684
525; 681; 2; 1; 703
653; 597; 2; 1; 709
588; 480; 1; 2; 710
463; 560; 2; 1; 711
463; 452; 1; 2; 717
512; 459; 1; 2; 725
431; 528; 2; 1; 750
421; 489; 1; 2; 767
616; 508; 1; 2; 790
509; 427; 1; 2; 793
644; 534; 2; 1; 800
675; 597; 2; 1; 800
604; 456; 2; 1; 807
642; 509; 1; 2; 813
617; 580; 2; 1; 824
609; 644; 1; 2; 841
506; 459; 1; 2; 848
498; 680; 1; 2; 853
545; 562; 2; 1; 864
491; 585; 2; 1; 866
410; 424; 1; 2; 871
472; 546; 2; 1; 872
584; 579; 1; 2; 874
422; 453; 1; 2; 874
613; 635; 2; 1; 883
688; 484; 1; 2; 884
685; 587; 2; 1; 889
464; 612; 1; 2; 890
635; 611; 2; 1; 908
503; 574; 2; 1; 909
683; 533; 1; 2; 910
647; 588; 1; 2; 913
500; 581; 1; 2; 913
463; 480; 2; 1; 924
439; 688; 2; 1; 928
618; 432; 1; 2; 930
425; 602; 2; 1; 951
437; 418; 1; 2; 955
560; 404; 2; 1; 960
682; 422; 2; 1; 962
641; 488; 2; 1; 976
483; 667; 1; 2; 976
620; 630; 2; 1; 977
28
4; 1; 36; 475
5; 1; 40; 2236
15; 1; 49; 5973
11; 1; 24; 8280
7; 1; 45; 11752
0; 1; 21; 14861
17; 1; 5; 15519
1; 1; 39; 18816
3; 1; 17; 18988
2; 1; 10; 20127
18; 1; 44; 22483
23; 1; 49; 22552
9; 1; 8; 23086
27; 1; 24; 25892
21; 1; 4; 34436
14; 1; 42; 35059
8; 1; 5; 35620
19; 1; 33; 37373
16; 1; 17; 37460
22; 1; 10; 37832
26; 1; 31; 39672
12; 1; 33; 58058
24; 1; 15; 59812
10; 1; 15; 61465
13; 1; 17; 64140
6; 1; 29; 68530
20; 1; 40; 70780
25; 1; 7; 71334
