**** 881 ****
130
651; 689; 1; 2; 7
439; 505; 1; 2; 13
548; 587; 1; 2; 15
588; 445; 2; 1; 24
683; 543; 2; 1; 26
456; 658; 1; 2; 26
598; 507; 1; 2; 30
601; 590; 2; 1; 33
571; 431; 1; 2; 37
475; 513; 2; 1; 39
648; 555; 2; 1; 41
659; 619; 1; 2; 42
490; 664; 1; 2; 44
601; 624; 1; 2; 79
496; 621; 1; 2; 94
484; 665; 2; 1; 99
556; 545; 2; 1; 101
665; 496; 1; 2; 101
411; 614; 2; 1; 102
611; 403; 2; 1; 125
566; 564; 1; 2; 146
487; 462; 2; 1; 150
563; 528; 2; 1; 153
593; 503; 2; 1; 155
411; 676; 1; 2; 178
542; 606; 1; 2; 185
440; 589; 2; 1; 190
594; 638; 1; 2; 202
603; 503; 2; 1; 207
496; 434; 1; 2; 210
555; 415; 2; 1; 221
421; 430; 2; 1; 234
537; 617; 1; 2; 236
504; 421; 1; 2; 243
680; 456; 1; 2; 252
528; 624; 2; 1; 254
663; 520; 2; 1; 256
609; 688; 2; 1; 266
485; 541; 2; 1; 279
466; 519; 1; 2; 283
637; 610; 1; 2; 296
483; 468; 1; 2; 297
500; 587; 2; 1; 302
641; 524; 2; 1; 314
454; 626; 1; 2; 330
530; 508; 1; 2; 337
557; 475; 1; 2; 352
445; 518; 2; 1; 358
686; 573; 1; 2; 364
619; 509; 2; 1; 374
450; 403; 2; 1; 376
623; 484; 2; 1; 391
433; 602; 2; 1; 397
529; 445; 1; 2; 408
572; 614; 1; 2; 438
575; 437; 1; 2; 441
580; 582; 1; 2; 453
514; 633; 1; 2; 460
430; 420; 1; 2; 465
474; 492; 2; 1; 490
514; 625; 1; 2; 497
679; 569; 2; 1; 505
659; 590; 1; 2; 515
539; 516; 2; 1; 517
453; 604; 2; 1; 523
592; 520; 2; 1; 536
645; 423; 1; 2; 537
428; 478; 2; 1; 539
465; 566; 2; 1; 551
591; 654; 2; 1; 552
485; 570; 1; 2; 553
478; 650; 2; 1; 556
667; 450; 1; 2; 559
434; 581; 2; 1; 561
631; 686; 2; 1; 564
532; 532; 1; 2; 594
489; 507; 2; 1; 599
432; 438; 2; 1; 601
689; 457; 2; 1; 605
500; 574; 2; 1; 608
453; 440; 1; 2; 610
433; 423; 1; 2; 636
476; 568; 1; 2; 639
590; 563; 2; 1; 651
566; 658; 1; 2; 662
419; 666; 2; 1; 664
524; 528; 1; 2; 665
426; 519; 1; 2; 669
560; 623; 1; 2; 669
561; 571; 1; 2; 680
435; 615; 2; 1; 682
474; 678; 1; 2; 682
469; 578; 2; 1; 684
638; 417; 2; 1; 685
524; 417; 2; 1; 686
530; 616; 1; 2; 693
678; 474; 1; 2; 696
569; 630; 1; 2; 697
603; 612; 1; 2; 704
440; 457; 2; 1; 705
642; 555; 2; 1; 726
560; 526; 1; 2; 729
517; 490; 2; 1; 733
676; 575; 2; 1; 734
643; 659; 1; 2; 736
676; 659; 2; 1; 738
493; 615; 1; 2; 744
453; 635; 1; 2; 754
661; 639; 2; 1; 759
543; 488; 2; 1; 762
472; 513; 2; 1; 790
608; 449; 1; 2; 791
420; 468; 1; 2; 803
545; 474; 2; 1; 810
470; 557; 2; 1; 810
435; 507; 2; 1; 812
520; 633; 1; 2; 849
419; 618; 2; 1; 852
680; 600; 2; 1; 854
631; 419; 1; 2; 857
627; 536; 1; 2; 860
547; 639; 1; 2; 861
565; 656; 1; 2; 869
684; 646; 2; 1; 885
438; 420; 1; 2; 890
465; 438; 2; 1; 912
409; 608; 2; 1; 921
683; 627; 1; 2; 927
453; 403; 1; 2; 947
612; 475; 1; 2; 962
28
8; 1; 3; 3947
6; 1; 7; 5221
12; 1; 47; 5582
9; 1; 1; 7900
1; 1; 43; 14716
0; 1; 28; 17518
16; 1; 26; 21333
15; 1; 42; 22582
19; 1; 26; 27179
25; 1; 45; 33159
14; 1; 22; 34387
7; 1; 3; 35973
4; 1; 41; 39888
3; 1; 39; 42390
10; 1; 27; 45070
17; 1; 23; 45225
22; 1; 10; 51996
2; 1; 6; 55258
13; 1; 44; 56680
20; 1; 43; 57561
21; 1; 48; 59839
26; 1; 8; 60067
11; 1; 1; 61656
23; 1; 3; 62095
5; 1; 20; 62436
27; 1; 1; 65161
24; 1; 42; 66912
18; 1; 31; 68192
