**** 882 ****
130
540; 637; 2; 1; 19
531; 478; 2; 1; 23
515; 596; 1; 2; 28
434; 688; 1; 2; 48
408; 556; 1; 2; 53
538; 433; 2; 1; 57
575; 682; 1; 2; 58
558; 658; 1; 2; 64
567; 496; 1; 2; 67
619; 452; 2; 1; 112
585; 599; 2; 1; 130
481; 436; 2; 1; 137
414; 486; 2; 1; 145
679; 641; 1; 2; 151
620; 636; 1; 2; 154
528; 471; 2; 1; 159
439; 480; 2; 1; 168
573; 481; 1; 2; 172
567; 521; 1; 2; 179
559; 521; 1; 2; 182
612; 560; 1; 2; 193
504; 587; 1; 2; 194
419; 442; 2; 1; 198
614; 543; 1; 2; 217
550; 569; 2; 1; 231
533; 578; 1; 2; 258
431; 459; 1; 2; 258
660; 420; 2; 1; 266
638; 466; 2; 1; 278
591; 670; 2; 1; 278
553; 475; 1; 2; 282
409; 479; 1; 2; 284
452; 451; 2; 1; 287
436; 613; 2; 1; 290
597; 566; 2; 1; 292
496; 651; 1; 2; 295
446; 563; 1; 2; 297
659; 502; 1; 2; 315
452; 610; 1; 2; 336
488; 525; 2; 1; 339
583; 447; 2; 1; 340
457; 579; 1; 2; 344
525; 440; 2; 1; 349
409; 593; 1; 2; 350
557; 602; 2; 1; 352
516; 406; 2; 1; 377
504; 454; 1; 2; 391
552; 502; 1; 2; 400
639; 671; 1; 2; 413
608; 507; 2; 1; 422
581; 570; 2; 1; 443
639; 436; 1; 2; 445
683; 538; 2; 1; 452
583; 468; 1; 2; 456
534; 417; 1; 2; 465
457; 440; 2; 1; 471
504; 430; 1; 2; 500
552; 585; 1; 2; 505
655; 437; 1; 2; 520
512; 658; 1; 2; 523
534; 643; 2; 1; 526
537; 482; 2; 1; 543
519; 677; 1; 2; 551
670; 488; 2; 1; 564
677; 636; 1; 2; 566
403; 467; 2; 1; 580
487; 604; 1; 2; 583
625; 627; 1; 2; 585
584; 601; 2; 1; 595
435; 436; 2; 1; 597
539; 579; 1; 2; 600
642; 453; 1; 2; 608
485; 540; 1; 2; 609
454; 543; 2; 1; 614
407; 403; 1; 2; 616
513; 459; 2; 1; 616
523; 488; 1; 2; 623
533; 598; 1; 2; 631
632; 593; 1; 2; 632
465; 650; 1; 2; 646
509; 614; 2; 1; 647
618; 415; 2; 1; 656
688; 455; 1; 2; 660
683; 665; 2; 1; 663
517; 458; 1; 2; 682
626; 670; 2; 1; 688
574; 669; 2; 1; 688
409; 513; 2; 1; 691
688; 592; 2; 1; 706
586; 406; 1; 2; 722
614; 527; 1; 2; 722
632; 476; 1; 2; 730
405; 502; 1; 2; 739
678; 630; 1; 2; 745
536; 514; 1; 2; 746
570; 492; 1; 2; 748
443; 556; 2; 1; 758
421; 443; 1; 2; 760
664; 439; 1; 2; 766
597; 638; 1; 2; 782
455; 686; 2; 1; 789
606; 499; 2; 1; 790
435; 633; 1; 2; 794
501; 496; 1; 2; 794
531; 654; 2; 1; 813
463; 494; 1; 2; 818
604; 670; 2; 1; 835
617; 495; 1; 2; 836
525; 686; 2; 1; 844
656; 612; 2; 1; 852
597; 487; 1; 2; 859
465; 460; 2; 1; 864
455; 540; 1; 2; 882
670; 414; 2; 1; 889
484; 635; 2; 1; 893
408; 450; 2; 1; 898
681; 562; 2; 1; 899
522; 405; 1; 2; 901
586; 498; 1; 2; 902
432; 628; 2; 1; 902
661; 534; 2; 1; 910
659; 557; 2; 1; 915
568; 620; 2; 1; 917
410; 612; 1; 2; 917
463; 443; 2; 1; 930
544; 454; 1; 2; 937
408; 523; 2; 1; 945
592; 523; 2; 1; 951
504; 587; 2; 1; 975
442; 419; 1; 2; 980
28
2; 1; 30; 1472
9; 1; 32; 2085
25; 1; 26; 2421
4; 1; 2; 12489
5; 1; 38; 12521
15; 1; 24; 14473
22; 1; 9; 19491
3; 1; 3; 20363
26; 1; 47; 22798
21; 1; 22; 27125
1; 1; 24; 29382
6; 1; 47; 34091
20; 1; 45; 39824
24; 1; 35; 44759
17; 1; 17; 49163
14; 1; 32; 50759
18; 1; 19; 52042
10; 1; 27; 53675
7; 1; 10; 56719
27; 1; 12; 58166
23; 1; 11; 60634
8; 1; 17; 63848
12; 1; 41; 64740
19; 1; 12; 65001
16; 1; 8; 66632
11; 1; 1; 68252
0; 1; 26; 69195
13; 1; 44; 70045
