**** 883 ****
130
601; 601; 1; 2; 1
410; 543; 2; 1; 2
629; 520; 1; 2; 3
425; 679; 2; 1; 9
649; 664; 2; 1; 17
403; 539; 1; 2; 25
493; 576; 2; 1; 31
409; 468; 1; 2; 51
562; 587; 2; 1; 69
475; 419; 1; 2; 70
616; 596; 2; 1; 70
497; 423; 2; 1; 92
418; 626; 2; 1; 96
595; 404; 1; 2; 110
654; 643; 2; 1; 122
473; 415; 1; 2; 129
616; 640; 2; 1; 135
536; 613; 1; 2; 141
616; 442; 2; 1; 147
619; 631; 1; 2; 161
574; 447; 1; 2; 166
501; 579; 1; 2; 173
544; 475; 1; 2; 174
511; 566; 1; 2; 175
495; 482; 1; 2; 180
676; 430; 2; 1; 187
679; 603; 2; 1; 192
543; 432; 1; 2; 205
640; 545; 1; 2; 212
516; 503; 1; 2; 218
612; 563; 1; 2; 222
450; 686; 1; 2; 222
684; 493; 1; 2; 232
645; 674; 1; 2; 233
433; 504; 1; 2; 235
622; 594; 1; 2; 238
676; 652; 2; 1; 249
636; 418; 2; 1; 249
635; 584; 2; 1; 265
680; 511; 1; 2; 269
405; 536; 1; 2; 289
671; 429; 1; 2; 295
602; 647; 1; 2; 307
489; 600; 2; 1; 315
427; 524; 1; 2; 322
650; 657; 2; 1; 327
647; 687; 2; 1; 338
510; 482; 2; 1; 353
649; 663; 2; 1; 360
438; 426; 1; 2; 366
564; 476; 1; 2; 375
554; 457; 1; 2; 377
532; 600; 2; 1; 387
657; 525; 2; 1; 392
606; 572; 2; 1; 395
517; 571; 2; 1; 396
653; 444; 1; 2; 396
564; 440; 1; 2; 412
448; 475; 2; 1; 417
689; 441; 1; 2; 417
408; 516; 2; 1; 424
617; 553; 2; 1; 435
429; 486; 2; 1; 449
603; 499; 2; 1; 452
503; 450; 1; 2; 454
568; 579; 1; 2; 461
529; 650; 2; 1; 468
592; 604; 2; 1; 483
637; 651; 1; 2; 503
637; 441; 2; 1; 510
427; 682; 1; 2; 525
631; 623; 1; 2; 533
410; 482; 2; 1; 536
589; 457; 1; 2; 540
453; 530; 1; 2; 548
417; 448; 2; 1; 553
567; 629; 1; 2; 555
506; 560; 2; 1; 565
636; 467; 2; 1; 573
650; 463; 1; 2; 575
615; 484; 1; 2; 591
528; 576; 1; 2; 597
634; 611; 2; 1; 613
540; 486; 1; 2; 616
508; 683; 2; 1; 617
401; 471; 2; 1; 633
542; 506; 2; 1; 638
599; 419; 2; 1; 644
673; 569; 1; 2; 656
409; 651; 1; 2; 657
528; 641; 2; 1; 660
437; 414; 1; 2; 665
493; 570; 2; 1; 668
498; 641; 2; 1; 668
639; 420; 2; 1; 670
638; 450; 2; 1; 674
658; 637; 1; 2; 677
548; 572; 1; 2; 678
526; 512; 1; 2; 684
501; 558; 1; 2; 691
511; 653; 2; 1; 704
460; 537; 1; 2; 707
566; 670; 1; 2; 717
585; 621; 1; 2; 718
540; 610; 1; 2; 730
411; 419; 1; 2; 738
516; 503; 2; 1; 739
581; 487; 1; 2; 747
658; 640; 2; 1; 750
438; 575; 1; 2; 755
642; 534; 2; 1; 760
679; 550; 2; 1; 792
572; 500; 2; 1; 797
645; 466; 2; 1; 798
676; 439; 1; 2; 799
407; 431; 2; 1; 816
624; 650; 1; 2; 853
557; 508; 2; 1; 870
604; 446; 2; 1; 876
425; 677; 1; 2; 896
415; 551; 2; 1; 900
657; 417; 1; 2; 909
603; 448; 1; 2; 910
589; 484; 1; 2; 914
554; 608; 2; 1; 916
669; 404; 1; 2; 943
503; 541; 1; 2; 954
454; 627; 2; 1; 963
459; 621; 2; 1; 970
594; 466; 1; 2; 981
28
4; 1; 13; 4265
10; 1; 34; 5226
14; 1; 27; 8516
16; 1; 1; 10136
20; 1; 40; 21918
27; 1; 48; 22019
17; 1; 26; 22726
18; 1; 25; 26265
25; 1; 6; 26355
24; 1; 47; 26630
22; 1; 42; 31026
12; 1; 43; 34704
13; 1; 4; 34881
26; 1; 24; 34898
7; 1; 36; 37351
1; 1; 23; 38488
19; 1; 9; 39146
15; 1; 28; 40897
5; 1; 39; 43171
9; 1; 28; 43765
23; 1; 40; 46394
0; 1; 5; 48734
3; 1; 45; 52284
6; 1; 47; 54943
8; 1; 34; 55692
21; 1; 21; 55781
11; 1; 26; 60871
2; 1; 12; 63502
