**** 884 ****
130
559; 566; 2; 1; 1
438; 598; 1; 2; 10
621; 650; 2; 1; 20
638; 553; 2; 1; 38
604; 504; 1; 2; 46
529; 663; 2; 1; 51
528; 460; 2; 1; 51
615; 564; 1; 2; 76
598; 516; 2; 1; 78
559; 570; 1; 2; 81
495; 546; 2; 1; 107
579; 437; 2; 1; 126
625; 419; 1; 2; 138
501; 580; 2; 1; 150
455; 494; 1; 2; 156
567; 594; 1; 2; 164
432; 650; 1; 2; 179
571; 442; 2; 1; 188
537; 443; 1; 2; 194
688; 471; 2; 1; 196
487; 609; 1; 2; 216
535; 591; 2; 1; 217
413; 561; 1; 2; 221
583; 521; 1; 2; 226
478; 486; 2; 1; 233
488; 475; 1; 2; 238
471; 672; 1; 2; 250
678; 658; 2; 1; 251
623; 533; 1; 2; 263
500; 404; 1; 2; 266
557; 521; 1; 2; 274
652; 666; 1; 2; 282
505; 538; 2; 1; 283
475; 439; 1; 2; 284
424; 513; 1; 2; 287
460; 668; 2; 1; 290
545; 533; 2; 1; 299
673; 619; 1; 2; 301
631; 664; 2; 1; 309
616; 675; 2; 1; 310
539; 575; 2; 1; 313
520; 685; 1; 2; 325
462; 595; 2; 1; 330
631; 520; 2; 1; 335
503; 452; 1; 2; 336
530; 584; 2; 1; 339
531; 675; 1; 2; 358
441; 558; 2; 1; 382
647; 616; 1; 2; 391
504; 616; 1; 2; 421
611; 467; 1; 2; 427
594; 626; 2; 1; 429
590; 546; 1; 2; 437
413; 483; 1; 2; 439
434; 513; 1; 2; 440
505; 598; 1; 2; 450
587; 569; 2; 1; 450
470; 440; 1; 2; 456
409; 456; 1; 2; 477
529; 401; 1; 2; 494
440; 528; 2; 1; 498
514; 610; 2; 1; 507
570; 510; 2; 1; 520
462; 650; 2; 1; 522
540; 401; 2; 1; 537
652; 403; 1; 2; 542
595; 444; 2; 1; 549
573; 588; 1; 2; 549
606; 542; 1; 2; 556
619; 586; 1; 2; 564
519; 574; 2; 1; 575
458; 475; 1; 2; 582
607; 425; 2; 1; 585
676; 576; 2; 1; 593
666; 580; 2; 1; 593
653; 462; 2; 1; 608
561; 516; 2; 1; 610
633; 553; 2; 1; 611
541; 597; 1; 2; 612
670; 542; 1; 2; 612
497; 616; 2; 1; 616
606; 416; 2; 1; 629
405; 571; 2; 1; 635
635; 545; 2; 1; 648
579; 578; 1; 2; 651
661; 497; 1; 2; 655
552; 498; 1; 2; 656
492; 549; 1; 2; 658
491; 503; 1; 2; 665
469; 668; 1; 2; 667
409; 667; 1; 2; 668
480; 450; 1; 2; 682
466; 415; 2; 1; 685
643; 669; 2; 1; 689
643; 664; 1; 2; 698
427; 411; 1; 2; 702
547; 511; 1; 2; 707
456; 589; 2; 1; 710
440; 441; 1; 2; 715
689; 685; 2; 1; 718
516; 599; 2; 1; 722
561; 531; 2; 1; 727
441; 457; 1; 2; 736
445; 545; 1; 2; 742
663; 451; 2; 1; 747
535; 574; 2; 1; 747
444; 497; 2; 1; 760
616; 600; 2; 1; 768
471; 429; 2; 1; 770
497; 572; 2; 1; 789
617; 666; 2; 1; 794
664; 634; 1; 2; 801
570; 441; 1; 2; 803
533; 415; 2; 1; 816
586; 669; 2; 1; 834
459; 601; 2; 1; 835
527; 679; 1; 2; 862
626; 677; 2; 1; 863
579; 522; 1; 2; 868
437; 495; 2; 1; 882
508; 517; 2; 1; 892
652; 574; 2; 1; 913
498; 521; 1; 2; 917
589; 445; 2; 1; 926
572; 505; 2; 1; 927
686; 660; 1; 2; 934
501; 689; 2; 1; 936
424; 617; 1; 2; 961
558; 622; 1; 2; 973
475; 662; 1; 2; 975
28
0; 1; 47; 343
11; 1; 37; 422
21; 1; 40; 1112
23; 1; 15; 3975
8; 1; 23; 5130
20; 1; 15; 13134
18; 1; 26; 13395
4; 1; 20; 21985
9; 1; 23; 24431
15; 1; 20; 27898
2; 1; 13; 36457
26; 1; 14; 37112
17; 1; 15; 39697
19; 1; 8; 43422
24; 1; 8; 43967
12; 1; 40; 47575
27; 1; 37; 50900
10; 1; 4; 52251
5; 1; 6; 56240
6; 1; 43; 57357
22; 1; 9; 57678
13; 1; 14; 58406
14; 1; 2; 60934
7; 1; 44; 62400
3; 1; 44; 64702
25; 1; 48; 66006
16; 1; 23; 67658
1; 1; 14; 68689
