**** 885 ****
130
556; 604; 2; 1; 6
508; 473; 2; 1; 8
464; 679; 2; 1; 15
619; 563; 1; 2; 21
638; 661; 1; 2; 22
430; 469; 2; 1; 24
470; 402; 2; 1; 30
564; 493; 2; 1; 41
534; 663; 2; 1; 49
663; 509; 2; 1; 57
458; 670; 1; 2; 70
685; 428; 2; 1; 78
569; 606; 1; 2; 79
626; 551; 2; 1; 81
633; 670; 1; 2; 83
401; 634; 1; 2; 83
552; 454; 2; 1; 89
610; 429; 2; 1; 96
623; 483; 1; 2; 98
673; 524; 1; 2; 100
633; 459; 2; 1; 109
566; 605; 2; 1; 118
467; 672; 1; 2; 119
581; 401; 1; 2; 127
522; 458; 2; 1; 133
602; 623; 1; 2; 134
670; 688; 1; 2; 148
432; 459; 2; 1; 153
611; 658; 1; 2; 153
567; 557; 1; 2; 159
411; 667; 1; 2; 162
503; 518; 2; 1; 166
667; 524; 1; 2; 173
632; 680; 2; 1; 185
614; 643; 2; 1; 205
634; 493; 1; 2; 208
638; 632; 1; 2; 213
406; 487; 1; 2; 215
590; 546; 1; 2; 222
433; 493; 1; 2; 222
613; 662; 2; 1; 229
480; 576; 2; 1; 237
475; 580; 2; 1; 242
577; 421; 2; 1; 247
489; 661; 1; 2; 248
670; 654; 1; 2; 250
543; 494; 2; 1; 253
531; 501; 1; 2; 257
643; 552; 1; 2; 260
450; 536; 1; 2; 266
476; 527; 1; 2; 275
515; 659; 2; 1; 278
486; 435; 2; 1; 280
542; 491; 1; 2; 282
416; 676; 1; 2; 302
474; 601; 2; 1; 310
614; 423; 1; 2; 318
543; 504; 2; 1; 319
508; 662; 1; 2; 322
588; 627; 1; 2; 325
445; 615; 2; 1; 330
416; 553; 1; 2; 331
553; 486; 2; 1; 341
562; 442; 1; 2; 352
522; 530; 1; 2; 366
577; 688; 2; 1; 377
646; 419; 2; 1; 384
607; 634; 2; 1; 419
605; 521; 2; 1; 424
413; 507; 1; 2; 429
432; 448; 2; 1; 439
592; 532; 2; 1; 440
445; 655; 1; 2; 448
454; 671; 2; 1; 455
513; 485; 1; 2; 464
526; 644; 1; 2; 466
647; 507; 2; 1; 469
444; 518; 1; 2; 477
484; 514; 2; 1; 501
561; 681; 2; 1; 523
443; 526; 1; 2; 527
598; 688; 2; 1; 527
523; 528; 2; 1; 540
683; 495; 2; 1; 545
608; 683; 1; 2; 565
599; 649; 2; 1; 574
475; 431; 1; 2; 582
516; 511; 1; 2; 587
605; 495; 1; 2; 590
462; 507; 2; 1; 597
573; 493; 1; 2; 607
423; 621; 2; 1; 613
653; 511; 1; 2; 622
673; 439; 2; 1; 624
580; 687; 2; 1; 631
466; 625; 2; 1; 642
592; 620; 1; 2; 669
587; 610; 2; 1; 669
463; 496; 1; 2; 682
678; 618; 1; 2; 694
608; 408; 2; 1; 695
448; 437; 2; 1; 703
591; 506; 2; 1; 712
531; 573; 1; 2; 721
459; 656; 1; 2; 729
430; 584; 2; 1; 733
525; 461; 1; 2; 735
671; 456; 2; 1; 740
588; 517; 1; 2; 743
570; 671; 2; 1; 743
671; 414; 1; 2; 748
450; 540; 1; 2; 774
568; 583; 1; 2; 780
477; 523; 2; 1; 784
458; 491; 2; 1; 795
627; 489; 2; 1; 797
626; 481; 1; 2; 798
582; 501; 2; 1; 799
666; 646; 1; 2; 812
610; 476; 2; 1; 820
616; 518; 1; 2; 856
430; 524; 2; 1; 863
511; 474; 2; 1; 922
615; 469; 2; 1; 933
439; 638; 2; 1; 934
498; 411; 1; 2; 946
493; 450; 1; 2; 949
401; 655; 1; 2; 952
419; 537; 1; 2; 953
550; 583; 1; 2; 980
28
9; 1; 20; 361
12; 1; 49; 1985
1; 1; 10; 3308
17; 1; 18; 10652
8; 1; 40; 10775
11; 1; 18; 13412
4; 1; 21; 14743
26; 1; 20; 20575
15; 1; 44; 22348
13; 1; 33; 24577
19; 1; 33; 27713
25; 1; 27; 30304
20; 1; 1; 30969
22; 1; 25; 41509
21; 1; 11; 42183
18; 1; 47; 42886
7; 1; 43; 44378
23; 1; 46; 45636
24; 1; 8; 46223
27; 1; 46; 55692
6; 1; 37; 57433
0; 1; 34; 60418
10; 1; 49; 63211
14; 1; 6; 63262
16; 1; 1; 65865
3; 1; 2; 66943
5; 1; 4; 68792
2; 1; 28; 70639
