**** 886 ****
130
633; 687; 1; 2; 3
677; 425; 2; 1; 7
436; 505; 1; 2; 25
538; 483; 1; 2; 38
574; 439; 2; 1; 40
617; 560; 2; 1; 43
668; 456; 2; 1; 51
487; 594; 1; 2; 52
678; 674; 1; 2; 56
559; 623; 1; 2; 65
499; 602; 1; 2; 69
614; 551; 2; 1; 71
544; 456; 1; 2; 76
465; 662; 1; 2; 84
576; 406; 2; 1; 93
418; 429; 1; 2; 96
560; 431; 1; 2; 99
556; 488; 1; 2; 106
492; 684; 2; 1; 133
534; 543; 2; 1; 147
648; 450; 1; 2; 151
509; 686; 1; 2; 157
642; 562; 2; 1; 164
442; 462; 1; 2; 169
494; 622; 1; 2; 170
527; 679; 2; 1; 185
605; 449; 2; 1; 188
507; 639; 1; 2; 192
583; 642; 2; 1; 202
533; 503; 2; 1; 225
498; 502; 1; 2; 233
604; 517; 2; 1; 234
549; 402; 2; 1; 234
520; 577; 1; 2; 251
665; 635; 1; 2; 255
489; 500; 2; 1; 266
620; 493; 1; 2; 268
669; 605; 1; 2; 276
590; 512; 1; 2; 279
651; 487; 2; 1; 292
435; 405; 2; 1; 299
489; 433; 1; 2; 305
604; 642; 2; 1; 310
634; 567; 2; 1; 314
641; 586; 1; 2; 315
493; 573; 2; 1; 316
480; 654; 2; 1; 323
579; 689; 1; 2; 333
470; 452; 2; 1; 335
687; 476; 1; 2; 336
541; 574; 2; 1; 344
427; 634; 1; 2; 349
629; 645; 2; 1; 353
654; 609; 1; 2; 365
449; 472; 1; 2; 393
608; 535; 1; 2; 405
539; 566; 2; 1; 415
448; 481; 1; 2; 416
582; 673; 2; 1; 416
466; 523; 1; 2; 417
528; 612; 1; 2; 418
614; 580; 1; 2; 419
634; 535; 2; 1; 421
417; 676; 1; 2; 427
459; 481; 1; 2; 429
460; 482; 2; 1; 431
401; 575; 1; 2; 446
522; 668; 2; 1; 451
513; 488; 2; 1; 471
428; 557; 1; 2; 485
608; 477; 1; 2; 486
407; 582; 1; 2; 500
436; 576; 1; 2; 516
434; 570; 1; 2; 519
677; 638; 1; 2; 551
497; 576; 1; 2; 554
447; 461; 1; 2; 555
506; 651; 2; 1; 564
607; 504; 2; 1; 573
560; 589; 2; 1; 576
492; 578; 1; 2; 582
689; 450; 2; 1; 585
449; 670; 2; 1; 586
670; 638; 1; 2; 587
403; 688; 2; 1; 592
689; 481; 2; 1; 594
679; 472; 1; 2; 602
639; 514; 1; 2; 608
553; 600; 1; 2; 615
611; 594; 1; 2; 616
619; 599; 2; 1; 627
559; 502; 2; 1; 652
663; 542; 2; 1; 652
416; 685; 2; 1; 661
525; 523; 1; 2; 664
559; 417; 1; 2; 674
478; 641; 1; 2; 683
549; 481; 2; 1; 695
536; 469; 1; 2; 701
681; 500; 2; 1; 704
491; 551; 2; 1; 718
491; 420; 1; 2; 724
503; 627; 2; 1; 746
434; 546; 2; 1; 748
542; 585; 1; 2; 754
502; 662; 1; 2; 782
664; 530; 1; 2; 791
650; 476; 1; 2; 793
645; 620; 1; 2; 795
639; 532; 2; 1; 799
656; 666; 1; 2; 826
644; 572; 2; 1; 832
485; 457; 2; 1; 836
457; 468; 1; 2; 838
401; 544; 1; 2; 862
575; 595; 2; 1; 873
683; 623; 1; 2; 888
643; 504; 2; 1; 898
543; 461; 2; 1; 899
560; 619; 1; 2; 907
545; 641; 1; 2; 912
432; 617; 2; 1; 912
554; 465; 1; 2; 923
411; 498; 2; 1; 934
682; 446; 1; 2; 944
564; 495; 1; 2; 944
616; 443; 2; 1; 945
455; 540; 2; 1; 962
428; 590; 2; 1; 970
548; 465; 1; 2; 975
28
21; 1; 35; 917
17; 1; 12; 1600
2; 1; 1; 2470
25; 1; 31; 6842
9; 1; 3; 10601
0; 1; 45; 13447
24; 1; 15; 13557
18; 1; 1; 13992
12; 1; 21; 14339
8; 1; 22; 15177
20; 1; 47; 17016
16; 1; 17; 25797
23; 1; 25; 27190
10; 1; 22; 40261
15; 1; 10; 42907
14; 1; 6; 42946
4; 1; 12; 43130
22; 1; 8; 46228
1; 1; 32; 50369
5; 1; 27; 51773
3; 1; 16; 53660
7; 1; 11; 55499
11; 1; 9; 57813
6; 1; 31; 58393
27; 1; 13; 63800
13; 1; 29; 64839
19; 1; 2; 68281
26; 1; 46; 71246
