**** 887 ****
130
604; 448; 2; 1; 7
417; 538; 2; 1; 15
447; 546; 1; 2; 19
517; 568; 2; 1; 60
660; 514; 2; 1; 78
502; 555; 2; 1; 84
447; 534; 1; 2; 94
537; 435; 1; 2; 96
582; 637; 2; 1; 101
576; 619; 2; 1; 119
558; 439; 2; 1; 131
411; 661; 2; 1; 140
508; 608; 1; 2; 147
504; 617; 2; 1; 170
641; 656; 2; 1; 177
442; 474; 2; 1; 199
564; 424; 1; 2; 206
617; 428; 1; 2; 219
554; 468; 2; 1; 231
632; 528; 1; 2; 234
628; 418; 1; 2; 246
463; 459; 2; 1; 256
605; 673; 1; 2; 262
662; 662; 1; 2; 263
450; 436; 1; 2; 274
656; 588; 1; 2; 278
667; 681; 2; 1; 279
469; 605; 1; 2; 286
540; 498; 1; 2; 286
584; 582; 2; 1; 295
667; 650; 2; 1; 300
534; 578; 2; 1; 324
622; 603; 2; 1; 342
443; 468; 1; 2; 344
612; 623; 2; 1; 344
501; 444; 1; 2; 347
525; 614; 1; 2; 355
538; 537; 1; 2; 359
665; 577; 1; 2; 362
597; 600; 1; 2; 362
446; 559; 1; 2; 394
458; 492; 1; 2; 404
450; 572; 1; 2; 410
457; 587; 1; 2; 421
482; 431; 1; 2; 427
659; 667; 2; 1; 446
423; 589; 1; 2; 450
446; 417; 2; 1; 450
503; 533; 1; 2; 450
407; 604; 2; 1; 453
588; 546; 2; 1; 453
571; 595; 2; 1; 456
423; 480; 1; 2; 463
443; 674; 1; 2; 465
675; 493; 2; 1; 466
508; 471; 2; 1; 472
434; 445; 2; 1; 473
628; 447; 2; 1; 481
475; 682; 1; 2; 483
521; 616; 1; 2; 484
649; 566; 1; 2; 487
505; 643; 1; 2; 488
656; 582; 2; 1; 489
489; 471; 1; 2; 497
448; 529; 1; 2; 500
405; 673; 1; 2; 502
562; 484; 2; 1; 507
586; 530; 2; 1; 512
461; 647; 2; 1; 516
653; 625; 2; 1; 517
637; 432; 1; 2; 549
428; 497; 2; 1; 549
577; 492; 2; 1; 562
636; 533; 2; 1; 563
404; 541; 2; 1; 575
566; 637; 1; 2; 581
475; 588; 1; 2; 588
625; 445; 1; 2; 588
594; 532; 1; 2; 592
570; 658; 2; 1; 596
622; 546; 1; 2; 596
530; 429; 2; 1; 602
526; 570; 2; 1; 602
469; 503; 2; 1; 606
445; 401; 2; 1; 614
431; 540; 1; 2; 617
532; 634; 2; 1; 621
483; 575; 2; 1; 621
410; 460; 2; 1; 625
528; 445; 2; 1; 626
458; 415; 2; 1; 644
467; 581; 2; 1; 657
688; 500; 2; 1; 682
469; 433; 1; 2; 689
666; 402; 2; 1; 694
457; 512; 2; 1; 699
661; 465; 2; 1; 715
607; 513; 2; 1; 722
431; 442; 1; 2; 729
483; 515; 1; 2; 738
553; 526; 2; 1; 739
632; 604; 2; 1; 787
557; 641; 1; 2; 798
652; 483; 1; 2; 800
636; 578; 1; 2; 838
678; 419; 2; 1; 840
432; 602; 1; 2; 841
588; 423; 2; 1; 845
551; 689; 2; 1; 847
477; 546; 2; 1; 854
550; 654; 1; 2; 860
421; 554; 1; 2; 861
560; 480; 2; 1; 865
437; 465; 1; 2; 879
584; 669; 1; 2; 889
451; 624; 2; 1; 895
590; 500; 1; 2; 896
546; 460; 1; 2; 901
451; 643; 2; 1; 912
574; 553; 1; 2; 918
505; 621; 2; 1; 921
485; 652; 1; 2; 939
529; 539; 1; 2; 940
554; 649; 2; 1; 946
459; 570; 2; 1; 947
496; 475; 1; 2; 949
461; 472; 2; 1; 968
411; 405; 1; 2; 972
492; 663; 1; 2; 972
598; 512; 2; 1; 978
28
5; 1; 38; 1496
18; 1; 47; 3725
20; 1; 29; 4887
6; 1; 38; 8530
0; 1; 49; 12028
19; 1; 39; 12112
3; 1; 2; 13285
26; 1; 38; 14644
27; 1; 31; 16376
13; 1; 24; 18086
7; 1; 27; 21229
9; 1; 47; 23947
21; 1; 1; 27372
14; 1; 6; 28805
25; 1; 25; 29102
23; 1; 38; 34174
17; 1; 25; 34442
2; 1; 37; 34746
15; 1; 22; 36575
11; 1; 29; 40333
24; 1; 33; 42639
12; 1; 9; 46716
8; 1; 6; 48888
4; 1; 17; 54224
22; 1; 25; 58776
16; 1; 8; 64121
1; 1; 25; 64206
10; 1; 25; 69628
