**** 888 ****
130
601; 627; 1; 2; 1
652; 626; 2; 1; 16
433; 651; 1; 2; 16
592; 638; 1; 2; 20
689; 459; 2; 1; 29
673; 470; 1; 2; 29
685; 529; 2; 1; 34
602; 635; 1; 2; 34
566; 523; 2; 1; 37
613; 680; 2; 1; 44
477; 638; 1; 2; 51
478; 445; 2; 1; 55
560; 408; 1; 2; 57
418; 480; 2; 1; 62
627; 435; 2; 1; 65
486; 556; 1; 2; 72
590; 686; 1; 2; 90
635; 428; 1; 2; 102
422; 582; 2; 1; 105
568; 427; 1; 2; 106
460; 486; 2; 1; 109
497; 553; 2; 1; 111
524; 587; 1; 2; 121
418; 572; 2; 1; 133
585; 572; 2; 1; 134
415; 409; 1; 2; 138
602; 513; 2; 1; 139
619; 543; 1; 2; 140
648; 655; 1; 2; 148
455; 608; 1; 2; 163
535; 499; 1; 2; 172
591; 425; 2; 1; 185
602; 428; 2; 1; 187
663; 635; 2; 1; 191
656; 424; 1; 2; 193
531; 541; 1; 2; 209
543; 459; 2; 1; 216
530; 494; 1; 2; 223
474; 593; 2; 1; 225
481; 643; 1; 2; 258
449; 425; 2; 1; 259
493; 467; 1; 2; 260
571; 609; 1; 2; 268
443; 649; 1; 2; 270
689; 506; 1; 2; 272
475; 689; 2; 1; 273
660; 447; 2; 1; 277
481; 663; 2; 1; 287
680; 609; 1; 2; 287
510; 627; 1; 2; 296
419; 572; 1; 2; 300
621; 431; 2; 1; 310
497; 402; 2; 1; 313
656; 518; 1; 2; 316
493; 597; 2; 1; 324
641; 407; 2; 1; 330
616; 423; 1; 2; 333
600; 536; 2; 1; 343
586; 437; 1; 2; 355
656; 608; 2; 1; 363
649; 622; 1; 2; 368
604; 687; 1; 2; 371
590; 689; 1; 2; 383
565; 582; 2; 1; 392
454; 489; 1; 2; 396
552; 513; 1; 2; 401
619; 580; 2; 1; 439
575; 483; 1; 2; 449
486; 576; 2; 1; 452
485; 537; 2; 1; 453
554; 601; 2; 1; 454
496; 673; 2; 1; 457
589; 523; 1; 2; 461
564; 585; 1; 2; 461
508; 492; 2; 1; 475
649; 642; 1; 2; 478
667; 510; 1; 2; 482
524; 676; 2; 1; 489
640; 510; 1; 2; 495
457; 568; 2; 1; 500
520; 583; 2; 1; 511
652; 651; 2; 1; 514
537; 600; 1; 2; 520
660; 537; 1; 2; 520
508; 543; 2; 1; 521
419; 595; 2; 1; 544
545; 627; 2; 1; 574
580; 610; 1; 2; 583
436; 415; 1; 2; 585
501; 468; 2; 1; 585
657; 663; 1; 2; 588
444; 618; 2; 1; 588
403; 614; 1; 2; 593
533; 542; 1; 2; 596
625; 457; 1; 2; 598
643; 441; 1; 2; 628
511; 607; 1; 2; 632
668; 456; 1; 2; 641
650; 668; 2; 1; 657
600; 611; 2; 1; 681
553; 657; 1; 2; 682
410; 682; 2; 1; 686
587; 543; 1; 2; 692
475; 652; 1; 2; 694
678; 418; 1; 2; 724
588; 426; 2; 1; 756
555; 418; 2; 1; 758
529; 480; 2; 1; 758
490; 622; 1; 2; 767
630; 662; 1; 2; 769
548; 409; 2; 1; 771
679; 623; 2; 1; 771
403; 542; 1; 2; 790
661; 433; 2; 1; 802
574; 408; 2; 1; 804
641; 662; 2; 1; 857
560; 478; 2; 1; 858
553; 670; 2; 1; 882
449; 469; 1; 2; 883
537; 589; 1; 2; 891
498; 446; 1; 2; 899
407; 537; 1; 2; 905
674; 683; 2; 1; 936
675; 558; 1; 2; 945
597; 524; 1; 2; 947
653; 623; 1; 2; 950
499; 497; 1; 2; 960
454; 459; 2; 1; 969
412; 636; 2; 1; 984
487; 502; 2; 1; 985
28
2; 1; 35; 3844
24; 1; 23; 11648
12; 1; 13; 13058
10; 1; 44; 13271
23; 1; 16; 13834
4; 1; 33; 15999
18; 1; 10; 21857
5; 1; 28; 21942
0; 1; 45; 31942
22; 1; 5; 32522
13; 1; 29; 33380
15; 1; 36; 37095
17; 1; 23; 39637
19; 1; 5; 39939
11; 1; 2; 43780
14; 1; 6; 43789
27; 1; 31; 49361
21; 1; 30; 50591
20; 1; 37; 50880
16; 1; 21; 54500
7; 1; 8; 58140
1; 1; 47; 59116
6; 1; 22; 59311
9; 1; 42; 60020
3; 1; 39; 60328
25; 1; 16; 63850
8; 1; 18; 64864
26; 1; 20; 67642
