**** 889 ****
130
653; 633; 1; 2; 11
449; 485; 1; 2; 17
481; 531; 1; 2; 27
615; 533; 1; 2; 29
519; 569; 1; 2; 30
674; 419; 1; 2; 31
545; 612; 1; 2; 35
613; 487; 1; 2; 38
627; 545; 1; 2; 40
546; 538; 2; 1; 41
614; 662; 1; 2; 42
608; 547; 1; 2; 45
522; 614; 1; 2; 47
488; 575; 2; 1; 47
569; 505; 1; 2; 58
465; 674; 2; 1; 63
590; 520; 1; 2; 76
517; 461; 1; 2; 93
510; 403; 2; 1; 101
438; 632; 1; 2; 102
527; 453; 1; 2; 113
458; 508; 2; 1; 114
616; 656; 2; 1; 116
592; 530; 1; 2; 139
550; 645; 2; 1; 141
498; 573; 2; 1; 147
618; 612; 2; 1; 156
678; 418; 1; 2; 179
437; 647; 2; 1; 182
618; 652; 2; 1; 186
688; 580; 2; 1; 191
422; 487; 1; 2; 195
432; 407; 1; 2; 199
435; 671; 1; 2; 214
560; 437; 2; 1; 215
637; 672; 1; 2; 217
527; 608; 1; 2; 217
564; 646; 2; 1; 219
513; 654; 1; 2; 239
413; 497; 1; 2; 247
576; 471; 2; 1; 252
472; 429; 2; 1; 269
656; 433; 1; 2; 285
562; 566; 1; 2; 295
645; 615; 1; 2; 302
434; 591; 1; 2; 309
548; 496; 2; 1; 317
416; 573; 2; 1; 321
650; 458; 1; 2; 322
568; 471; 1; 2; 325
505; 487; 1; 2; 332
497; 625; 2; 1; 338
647; 535; 2; 1; 348
480; 508; 2; 1; 351
417; 674; 1; 2; 351
630; 616; 1; 2; 361
567; 423; 1; 2; 367
621; 533; 1; 2; 376
489; 609; 2; 1; 399
667; 658; 1; 2; 418
554; 671; 1; 2; 418
502; 673; 1; 2; 435
621; 634; 1; 2; 463
430; 572; 1; 2; 466
461; 660; 1; 2; 468
481; 638; 2; 1; 469
649; 624; 2; 1; 470
506; 610; 2; 1; 477
680; 598; 1; 2; 478
401; 636; 2; 1; 479
468; 567; 2; 1; 479
595; 534; 1; 2; 483
547; 596; 1; 2; 487
669; 598; 1; 2; 502
553; 662; 2; 1; 506
619; 529; 2; 1; 513
583; 619; 2; 1; 517
554; 468; 1; 2; 528
420; 639; 1; 2; 529
620; 672; 1; 2; 531
535; 680; 2; 1; 534
603; 515; 2; 1; 550
661; 541; 2; 1; 553
481; 605; 2; 1; 562
507; 509; 2; 1; 588
561; 467; 2; 1; 591
570; 627; 2; 1; 610
440; 687; 1; 2; 617
415; 588; 1; 2; 620
530; 405; 1; 2; 622
587; 481; 2; 1; 642
507; 548; 1; 2; 644
682; 581; 1; 2; 645
426; 577; 1; 2; 650
586; 471; 2; 1; 651
462; 505; 2; 1; 656
582; 440; 1; 2; 674
464; 485; 2; 1; 679
642; 608; 2; 1; 680
623; 588; 2; 1; 681
494; 580; 2; 1; 686
581; 667; 2; 1; 690
546; 603; 1; 2; 700
687; 475; 1; 2; 701
541; 416; 1; 2; 709
630; 550; 2; 1; 718
470; 420; 1; 2; 725
669; 482; 1; 2; 743
471; 414; 1; 2; 767
462; 467; 2; 1; 774
641; 415; 1; 2; 774
564; 436; 1; 2; 786
678; 460; 2; 1; 814
475; 631; 2; 1; 816
476; 663; 2; 1; 825
500; 571; 2; 1; 844
413; 628; 2; 1; 872
446; 651; 1; 2; 876
507; 428; 2; 1; 888
577; 535; 2; 1; 889
647; 620; 2; 1; 891
428; 421; 2; 1; 897
438; 616; 1; 2; 911
529; 617; 1; 2; 916
452; 436; 1; 2; 944
575; 462; 1; 2; 948
677; 556; 2; 1; 954
583; 689; 2; 1; 971
556; 574; 2; 1; 974
528; 510; 1; 2; 977
28
21; 1; 22; 18534
7; 1; 45; 20452
25; 1; 1; 21429
4; 1; 36; 21548
27; 1; 10; 21589
2; 1; 41; 22987
10; 1; 17; 24331
6; 1; 40; 29387
12; 1; 17; 31361
23; 1; 36; 32040
20; 1; 8; 32400
24; 1; 47; 33261
18; 1; 13; 33796
13; 1; 20; 37251
22; 1; 21; 37557
19; 1; 37; 39148
3; 1; 15; 40820
8; 1; 28; 42211
15; 1; 31; 44555
26; 1; 20; 48386
9; 1; 12; 50678
5; 1; 45; 57061
14; 1; 2; 63026
1; 1; 21; 63649
11; 1; 46; 66229
17; 1; 2; 66814
0; 1; 12; 70797
16; 1; 40; 71314
