**** 89 ****
58
64; 76; 2; 1; 4
75; 95; 1; 2; 6
55; 95; 1; 2; 9
98; 104; 2; 1; 18
113; 68; 2; 1; 20
41; 100; 2; 1; 27
65; 60; 2; 1; 31
81; 70; 2; 1; 40
74; 112; 2; 1; 40
74; 60; 2; 1; 46
95; 112; 2; 1; 54
75; 63; 2; 1; 56
43; 74; 2; 1; 56
110; 58; 1; 2; 57
54; 76; 2; 1; 57
45; 87; 1; 2; 61
58; 80; 2; 1; 68
64; 60; 2; 1; 69
72; 113; 2; 1; 73
71; 64; 2; 1; 76
55; 53; 1; 2; 77
57; 107; 1; 2; 83
62; 111; 2; 1; 86
62; 78; 2; 1; 93
59; 83; 1; 2; 94
89; 67; 1; 2; 97
110; 45; 2; 1; 103
113; 69; 2; 1; 104
110; 57; 1; 2; 105
44; 41; 2; 1; 106
56; 59; 2; 1; 106
83; 61; 2; 1; 110
93; 88; 1; 2; 111
110; 103; 2; 1; 111
89; 109; 2; 1; 112
43; 81; 2; 1; 114
65; 66; 1; 2; 122
88; 54; 2; 1; 126
55; 92; 2; 1; 126
85; 94; 2; 1; 131
41; 86; 1; 2; 131
54; 112; 1; 2; 137
49; 43; 1; 2; 148
78; 60; 1; 2; 150
109; 74; 1; 2; 152
112; 86; 2; 1; 154
59; 82; 2; 1; 155
107; 104; 1; 2; 155
106; 72; 2; 1; 161
72; 109; 1; 2; 162
105; 49; 2; 1; 166
81; 78; 2; 1; 167
51; 86; 1; 2; 170
88; 113; 1; 2; 172
56; 77; 2; 1; 184
94; 104; 2; 1; 184
80; 98; 2; 1; 184
111; 82; 2; 1; 184
14
7; 1; 12; 322
10; 1; 22; 411
13; 1; 24; 599
11; 1; 32; 707
0; 1; 43; 1559
6; 1; 10; 1650
2; 1; 6; 1873
4; 1; 49; 2623
5; 1; 22; 3146
1; 1; 42; 3201
8; 1; 25; 3266
3; 1; 35; 4333
12; 1; 41; 4400
9; 1; 40; 4549
