**** 890 ****
130
470; 615; 1; 2; 0
595; 499; 2; 1; 8
660; 594; 1; 2; 19
519; 605; 1; 2; 25
575; 672; 1; 2; 26
447; 509; 1; 2; 34
539; 526; 2; 1; 37
634; 640; 1; 2; 37
503; 577; 1; 2; 38
678; 436; 1; 2; 43
659; 595; 2; 1; 45
508; 537; 2; 1; 49
509; 462; 1; 2; 50
613; 565; 2; 1; 51
589; 411; 1; 2; 57
658; 430; 1; 2; 62
520; 529; 2; 1; 65
402; 528; 2; 1; 67
481; 471; 1; 2; 69
653; 519; 1; 2; 76
553; 660; 1; 2; 84
688; 404; 2; 1; 90
531; 580; 2; 1; 91
417; 661; 2; 1; 104
683; 483; 1; 2; 107
448; 591; 2; 1; 133
506; 629; 2; 1; 135
505; 529; 1; 2; 151
463; 591; 1; 2; 164
682; 639; 2; 1; 168
534; 522; 2; 1; 182
474; 424; 1; 2; 184
682; 578; 2; 1; 184
499; 403; 1; 2; 200
633; 470; 1; 2; 239
468; 562; 2; 1; 243
494; 646; 2; 1; 245
629; 614; 2; 1; 257
401; 656; 2; 1; 257
513; 530; 1; 2; 268
478; 499; 2; 1; 270
609; 605; 2; 1; 271
426; 467; 1; 2; 274
497; 521; 2; 1; 277
534; 548; 1; 2; 307
494; 462; 2; 1; 335
412; 498; 2; 1; 346
491; 602; 1; 2; 354
533; 583; 2; 1; 354
660; 431; 2; 1; 360
627; 407; 1; 2; 364
467; 473; 1; 2; 374
536; 528; 1; 2; 377
620; 564; 1; 2; 385
447; 658; 1; 2; 396
646; 496; 2; 1; 396
461; 563; 1; 2; 398
503; 573; 1; 2; 398
486; 456; 2; 1; 405
537; 515; 2; 1; 455
424; 670; 2; 1; 479
551; 634; 2; 1; 484
494; 630; 1; 2; 505
609; 625; 2; 1; 510
580; 538; 2; 1; 521
537; 610; 2; 1; 530
551; 603; 1; 2; 560
524; 679; 1; 2; 561
652; 403; 1; 2; 565
552; 507; 2; 1; 570
638; 543; 2; 1; 578
647; 619; 2; 1; 580
597; 545; 2; 1; 580
541; 661; 1; 2; 593
570; 501; 2; 1; 606
523; 512; 1; 2; 609
647; 607; 1; 2; 617
576; 544; 2; 1; 640
616; 676; 2; 1; 642
643; 461; 2; 1; 653
663; 686; 1; 2; 661
457; 423; 1; 2; 666
619; 659; 2; 1; 673
481; 638; 2; 1; 676
642; 435; 1; 2; 677
570; 519; 2; 1; 685
483; 468; 1; 2; 696
502; 528; 2; 1; 696
455; 550; 2; 1; 699
568; 404; 1; 2; 704
664; 553; 1; 2; 716
435; 592; 2; 1; 719
567; 641; 1; 2; 728
458; 481; 2; 1; 728
509; 466; 1; 2; 730
481; 554; 1; 2; 735
411; 599; 2; 1; 744
575; 654; 2; 1; 744
575; 517; 1; 2; 750
436; 590; 2; 1; 769
508; 541; 1; 2; 771
541; 401; 2; 1; 780
446; 683; 1; 2; 788
548; 532; 2; 1; 788
427; 647; 2; 1; 789
507; 431; 1; 2; 805
469; 643; 2; 1; 819
410; 689; 1; 2; 823
412; 534; 2; 1; 825
603; 455; 1; 2; 826
593; 460; 2; 1; 826
568; 612; 2; 1; 827
577; 592; 1; 2; 838
509; 615; 2; 1; 844
429; 496; 2; 1; 850
512; 472; 2; 1; 862
507; 478; 1; 2; 865
630; 442; 1; 2; 873
509; 510; 1; 2; 875
635; 502; 1; 2; 880
446; 446; 1; 2; 882
675; 588; 2; 1; 890
574; 680; 2; 1; 905
564; 485; 1; 2; 937
683; 533; 2; 1; 941
438; 443; 1; 2; 941
688; 591; 1; 2; 942
478; 489; 1; 2; 958
664; 593; 1; 2; 966
525; 483; 2; 1; 981
28
24; 1; 21; 83
5; 1; 42; 1300
26; 1; 17; 2804
21; 1; 6; 11292
25; 1; 30; 14476
20; 1; 39; 16522
9; 1; 13; 16734
11; 1; 45; 20853
23; 1; 40; 22948
8; 1; 24; 23434
1; 1; 29; 26839
13; 1; 25; 27050
12; 1; 16; 27657
6; 1; 43; 28586
7; 1; 6; 31215
10; 1; 15; 32617
15; 1; 48; 38990
22; 1; 31; 41789
3; 1; 43; 42142
2; 1; 1; 43249
14; 1; 48; 43727
16; 1; 5; 44078
18; 1; 41; 56623
4; 1; 26; 57585
17; 1; 48; 65506
19; 1; 5; 67144
27; 1; 14; 68935
0; 1; 17; 69218
