**** 891 ****
131
617; 673; 1; 2; 9
591; 690; 2; 1; 16
595; 427; 2; 1; 17
410; 649; 2; 1; 23
658; 465; 1; 2; 24
472; 644; 1; 2; 25
634; 565; 1; 2; 27
588; 435; 2; 1; 28
674; 599; 2; 1; 29
407; 440; 2; 1; 30
546; 586; 1; 2; 53
609; 470; 2; 1; 53
534; 649; 2; 1; 67
676; 503; 1; 2; 76
421; 634; 2; 1; 78
561; 520; 1; 2; 79
418; 606; 1; 2; 86
450; 594; 1; 2; 100
649; 551; 1; 2; 117
550; 660; 2; 1; 122
694; 498; 2; 1; 128
660; 608; 1; 2; 131
572; 456; 1; 2; 134
643; 474; 2; 1; 137
685; 660; 2; 1; 153
466; 544; 1; 2; 157
696; 496; 1; 2; 174
632; 556; 2; 1; 176
564; 498; 1; 2; 188
563; 516; 1; 2; 195
655; 559; 1; 2; 203
447; 418; 2; 1; 204
662; 532; 2; 1; 210
570; 670; 1; 2; 218
470; 591; 2; 1; 223
412; 571; 2; 1; 232
614; 694; 2; 1; 257
457; 475; 2; 1; 263
660; 491; 1; 2; 265
615; 438; 2; 1; 266
522; 440; 2; 1; 283
557; 550; 1; 2; 294
618; 475; 1; 2; 299
535; 524; 2; 1; 313
559; 527; 2; 1; 319
639; 443; 2; 1; 335
625; 519; 1; 2; 349
603; 644; 2; 1; 353
676; 542; 2; 1; 353
412; 414; 1; 2; 370
448; 668; 2; 1; 374
561; 676; 1; 2; 376
590; 606; 1; 2; 377
613; 510; 1; 2; 378
590; 680; 1; 2; 382
668; 635; 1; 2; 397
652; 497; 2; 1; 405
519; 650; 2; 1; 412
524; 694; 2; 1; 434
593; 594; 2; 1; 444
623; 463; 1; 2; 449
446; 563; 1; 2; 453
607; 656; 2; 1; 461
544; 463; 2; 1; 465
662; 508; 2; 1; 466
570; 408; 1; 2; 473
696; 626; 1; 2; 476
609; 460; 2; 1; 481
562; 504; 2; 1; 486
540; 621; 2; 1; 491
602; 665; 2; 1; 498
501; 678; 1; 2; 510
641; 430; 1; 2; 511
419; 586; 1; 2; 514
441; 605; 2; 1; 529
675; 674; 2; 1; 544
586; 626; 2; 1; 546
625; 587; 1; 2; 556
482; 486; 1; 2; 557
476; 545; 1; 2; 563
673; 516; 2; 1; 570
504; 527; 2; 1; 575
577; 689; 2; 1; 599
678; 534; 1; 2; 611
461; 636; 1; 2; 612
455; 686; 2; 1; 621
444; 417; 1; 2; 628
679; 529; 1; 2; 659
424; 530; 2; 1; 659
437; 411; 1; 2; 660
454; 419; 2; 1; 662
603; 480; 1; 2; 663
473; 535; 1; 2; 687
455; 644; 1; 2; 698
628; 635; 1; 2; 710
521; 535; 1; 2; 711
612; 696; 2; 1; 711
673; 544; 1; 2; 713
491; 500; 1; 2; 714
524; 477; 2; 1; 733
524; 561; 2; 1; 744
599; 450; 1; 2; 748
654; 633; 1; 2; 809
687; 568; 1; 2; 812
492; 449; 1; 2; 816
605; 497; 2; 1; 820
629; 545; 2; 1; 822
615; 439; 2; 1; 829
439; 498; 2; 1; 833
647; 562; 2; 1; 836
497; 457; 2; 1; 850
653; 488; 1; 2; 852
421; 503; 2; 1; 853
639; 546; 1; 2; 856
438; 449; 2; 1; 857
663; 580; 1; 2; 857
656; 694; 1; 2; 857
697; 615; 1; 2; 859
684; 444; 2; 1; 864
678; 633; 1; 2; 894
448; 691; 2; 1; 897
587; 440; 2; 1; 927
611; 427; 1; 2; 931
451; 671; 2; 1; 936
457; 596; 2; 1; 939
526; 656; 2; 1; 943
538; 666; 1; 2; 966
461; 671; 2; 1; 967
522; 434; 2; 1; 973
615; 560; 2; 1; 973
639; 688; 2; 1; 979
29
26; 1; 9; 83
13; 1; 40; 3508
17; 1; 47; 3808
27; 1; 38; 5791
3; 1; 7; 8166
12; 1; 49; 9440
4; 1; 39; 11560
10; 1; 17; 12308
23; 1; 48; 12634
14; 1; 25; 12917
25; 1; 5; 19102
22; 1; 9; 23838
21; 1; 20; 25438
0; 1; 4; 26303
18; 1; 40; 29091
5; 1; 37; 31051
28; 1; 8; 31361
20; 1; 47; 32790
24; 1; 22; 34307
9; 1; 4; 41119
8; 1; 13; 43047
7; 1; 45; 49629
15; 1; 34; 56297
11; 1; 21; 56822
6; 1; 41; 61844
1; 1; 43; 62727
16; 1; 15; 63336
19; 1; 14; 64812
2; 1; 48; 71287
