**** 892 ****
131
441; 615; 2; 1; 5
629; 559; 1; 2; 15
489; 631; 2; 1; 15
626; 497; 1; 2; 30
560; 587; 1; 2; 43
530; 517; 1; 2; 49
573; 484; 1; 2; 65
410; 604; 2; 1; 65
559; 572; 2; 1; 68
579; 452; 2; 1; 75
611; 552; 1; 2; 78
468; 580; 1; 2; 80
499; 680; 2; 1; 80
470; 467; 1; 2; 86
656; 547; 1; 2; 95
680; 451; 2; 1; 99
616; 411; 2; 1; 106
449; 412; 2; 1; 126
534; 636; 2; 1; 132
488; 427; 1; 2; 138
498; 685; 1; 2; 155
588; 514; 1; 2; 161
548; 619; 1; 2; 163
586; 468; 2; 1; 163
417; 441; 2; 1; 175
560; 550; 1; 2; 188
599; 476; 1; 2; 196
596; 648; 1; 2; 199
575; 481; 1; 2; 200
448; 598; 1; 2; 216
471; 466; 1; 2; 222
442; 481; 1; 2; 245
492; 517; 1; 2; 249
440; 454; 1; 2; 251
666; 504; 1; 2; 273
524; 430; 1; 2; 275
593; 651; 1; 2; 276
520; 692; 1; 2; 279
499; 634; 1; 2; 280
416; 482; 2; 1; 282
663; 516; 2; 1; 284
685; 520; 1; 2; 290
686; 558; 1; 2; 297
580; 637; 2; 1; 304
465; 434; 2; 1; 312
496; 562; 2; 1; 318
537; 570; 1; 2; 335
603; 482; 1; 2; 335
566; 511; 1; 2; 359
555; 450; 2; 1; 374
417; 668; 1; 2; 376
479; 504; 2; 1; 386
529; 431; 1; 2; 401
582; 410; 2; 1; 408
516; 588; 2; 1; 412
688; 439; 2; 1; 413
532; 576; 2; 1; 421
449; 407; 1; 2; 445
634; 675; 1; 2; 447
437; 639; 1; 2; 449
461; 549; 1; 2; 453
639; 582; 1; 2; 471
600; 445; 2; 1; 476
582; 449; 2; 1; 518
608; 517; 2; 1; 530
430; 648; 1; 2; 531
604; 543; 2; 1; 540
691; 614; 1; 2; 545
599; 573; 1; 2; 561
519; 634; 1; 2; 568
537; 503; 2; 1; 575
500; 612; 2; 1; 582
571; 611; 1; 2; 583
667; 586; 1; 2; 593
663; 670; 2; 1; 611
511; 627; 2; 1; 614
522; 609; 2; 1; 615
413; 513; 1; 2; 617
578; 608; 1; 2; 620
553; 521; 1; 2; 623
664; 417; 2; 1; 642
553; 626; 1; 2; 643
461; 573; 2; 1; 644
572; 499; 1; 2; 650
425; 561; 2; 1; 659
599; 477; 2; 1; 660
415; 647; 2; 1; 661
478; 660; 1; 2; 663
550; 461; 1; 2; 665
470; 579; 1; 2; 665
584; 538; 1; 2; 671
593; 440; 1; 2; 675
549; 635; 2; 1; 677
411; 422; 1; 2; 677
417; 630; 1; 2; 684
666; 518; 1; 2; 692
604; 614; 1; 2; 705
646; 602; 2; 1; 707
439; 668; 1; 2; 707
572; 525; 2; 1; 712
489; 648; 1; 2; 718
595; 668; 2; 1; 720
662; 571; 2; 1; 749
549; 476; 2; 1; 758
640; 463; 2; 1; 766
458; 643; 2; 1; 770
533; 420; 1; 2; 785
482; 501; 2; 1; 788
458; 652; 2; 1; 789
414; 479; 2; 1; 792
490; 451; 1; 2; 801
678; 411; 2; 1; 810
596; 626; 2; 1; 815
569; 447; 2; 1; 829
672; 564; 2; 1; 834
644; 695; 1; 2; 838
611; 657; 1; 2; 851
599; 418; 2; 1; 854
655; 502; 1; 2; 862
445; 564; 1; 2; 864
649; 680; 1; 2; 876
542; 632; 2; 1; 880
579; 588; 1; 2; 905
672; 453; 2; 1; 906
561; 582; 1; 2; 913
556; 648; 1; 2; 943
689; 658; 1; 2; 953
637; 524; 2; 1; 957
619; 508; 2; 1; 967
553; 414; 1; 2; 970
555; 568; 2; 1; 974
29
7; 1; 12; 378
6; 1; 6; 1430
3; 1; 40; 3973
8; 1; 45; 7089
24; 1; 20; 7324
2; 1; 27; 14504
10; 1; 22; 19251
21; 1; 19; 20432
25; 1; 36; 21152
23; 1; 34; 22229
19; 1; 35; 22300
20; 1; 2; 22686
28; 1; 14; 25723
0; 1; 26; 25795
22; 1; 26; 26636
4; 1; 26; 28998
15; 1; 40; 29961
12; 1; 13; 30821
13; 1; 46; 33880
14; 1; 8; 34258
11; 1; 22; 34994
9; 1; 48; 37026
16; 1; 9; 45112
17; 1; 24; 49102
27; 1; 1; 50267
18; 1; 42; 59972
5; 1; 4; 65447
1; 1; 39; 65459
26; 1; 21; 68879
