**** 893 ****
131
524; 546; 1; 2; 1
663; 447; 2; 1; 20
585; 526; 2; 1; 21
430; 525; 2; 1; 22
451; 484; 1; 2; 33
555; 559; 1; 2; 69
528; 440; 2; 1; 72
538; 466; 2; 1; 75
665; 466; 2; 1; 93
611; 625; 2; 1; 112
488; 617; 2; 1; 116
475; 569; 1; 2; 127
572; 662; 1; 2; 127
675; 609; 1; 2; 128
576; 618; 2; 1; 134
528; 603; 2; 1; 140
628; 469; 1; 2; 141
618; 648; 1; 2; 145
689; 601; 1; 2; 154
467; 421; 1; 2; 157
596; 460; 2; 1; 183
670; 410; 2; 1; 194
486; 524; 2; 1; 203
406; 419; 2; 1; 214
421; 657; 1; 2; 223
571; 628; 2; 1; 224
563; 679; 2; 1; 240
697; 516; 2; 1; 254
564; 543; 1; 2; 259
505; 471; 2; 1; 259
500; 434; 2; 1; 262
485; 647; 2; 1; 273
553; 633; 1; 2; 283
640; 623; 2; 1; 304
461; 447; 2; 1; 306
649; 648; 1; 2; 313
529; 439; 1; 2; 315
491; 641; 1; 2; 320
636; 410; 2; 1; 323
549; 409; 2; 1; 327
662; 621; 2; 1; 334
687; 590; 1; 2; 352
414; 630; 2; 1; 353
667; 651; 2; 1; 355
488; 500; 2; 1; 374
588; 594; 1; 2; 381
647; 654; 2; 1; 405
557; 577; 2; 1; 406
642; 601; 1; 2; 428
634; 626; 1; 2; 433
508; 621; 1; 2; 441
595; 488; 2; 1; 442
559; 668; 1; 2; 450
438; 537; 2; 1; 458
531; 670; 2; 1; 468
474; 459; 1; 2; 494
657; 594; 2; 1; 510
621; 611; 2; 1; 513
456; 571; 2; 1; 515
625; 467; 1; 2; 515
467; 430; 2; 1; 528
646; 615; 2; 1; 528
680; 466; 1; 2; 530
450; 676; 2; 1; 533
691; 426; 2; 1; 537
552; 511; 1; 2; 538
628; 610; 2; 1; 541
466; 683; 1; 2; 542
487; 632; 1; 2; 549
604; 540; 2; 1; 550
431; 664; 2; 1; 550
588; 558; 1; 2; 554
464; 591; 1; 2; 561
655; 551; 1; 2; 564
579; 659; 1; 2; 584
413; 461; 2; 1; 589
638; 589; 1; 2; 607
470; 653; 2; 1; 615
485; 622; 2; 1; 616
562; 619; 2; 1; 621
630; 672; 2; 1; 627
522; 686; 1; 2; 629
683; 601; 2; 1; 639
697; 438; 2; 1; 647
672; 692; 1; 2; 647
496; 454; 2; 1; 652
470; 480; 1; 2; 659
444; 669; 2; 1; 665
532; 477; 2; 1; 671
480; 658; 2; 1; 680
447; 408; 2; 1; 704
478; 667; 1; 2; 709
538; 497; 2; 1; 725
549; 605; 1; 2; 741
460; 414; 1; 2; 745
658; 561; 1; 2; 745
431; 476; 1; 2; 755
636; 439; 1; 2; 772
673; 533; 2; 1; 775
418; 608; 1; 2; 788
448; 607; 1; 2; 790
432; 426; 1; 2; 796
651; 502; 2; 1; 805
623; 449; 1; 2; 808
457; 608; 2; 1; 811
598; 458; 1; 2; 823
574; 459; 1; 2; 827
530; 544; 2; 1; 829
549; 472; 1; 2; 832
637; 513; 2; 1; 842
411; 626; 2; 1; 851
608; 534; 1; 2; 856
560; 420; 1; 2; 861
637; 677; 2; 1; 861
686; 600; 2; 1; 861
591; 542; 1; 2; 885
574; 596; 2; 1; 894
666; 590; 1; 2; 896
658; 546; 2; 1; 899
566; 558; 2; 1; 915
575; 596; 1; 2; 926
547; 569; 1; 2; 928
513; 537; 1; 2; 935
439; 482; 1; 2; 939
627; 602; 2; 1; 942
691; 452; 2; 1; 942
651; 501; 1; 2; 946
541; 411; 1; 2; 958
623; 617; 2; 1; 967
591; 522; 1; 2; 975
531; 685; 1; 2; 985
29
15; 1; 41; 989
0; 1; 12; 4479
10; 1; 17; 7908
1; 1; 3; 8778
3; 1; 32; 9310
22; 1; 44; 9876
24; 1; 1; 11050
27; 1; 39; 20400
6; 1; 6; 21827
13; 1; 29; 23557
7; 1; 2; 25971
9; 1; 45; 26357
4; 1; 31; 28076
12; 1; 34; 29623
20; 1; 21; 32165
28; 1; 17; 37308
23; 1; 16; 37698
5; 1; 24; 37851
11; 1; 47; 38670
21; 1; 25; 46311
16; 1; 49; 53908
2; 1; 13; 60928
8; 1; 31; 61417
18; 1; 28; 62816
14; 1; 40; 65515
19; 1; 41; 68024
25; 1; 24; 69381
26; 1; 34; 70268
17; 1; 13; 72480
