**** 894 ****
131
553; 444; 2; 1; 5
495; 618; 1; 2; 11
440; 427; 2; 1; 13
564; 549; 1; 2; 13
543; 487; 1; 2; 18
513; 487; 1; 2; 18
647; 568; 2; 1; 18
613; 685; 2; 1; 19
508; 536; 2; 1; 36
611; 681; 2; 1; 64
517; 684; 2; 1; 66
617; 440; 1; 2; 78
668; 437; 1; 2; 89
670; 584; 2; 1; 93
509; 636; 1; 2; 97
589; 658; 2; 1; 99
521; 556; 1; 2; 101
622; 449; 2; 1; 119
505; 530; 1; 2; 125
695; 667; 1; 2; 130
603; 653; 2; 1; 131
605; 444; 1; 2; 142
518; 671; 2; 1; 143
605; 425; 2; 1; 143
514; 437; 2; 1; 154
420; 564; 2; 1; 157
517; 539; 2; 1; 171
434; 573; 2; 1; 175
415; 545; 2; 1; 186
500; 445; 2; 1; 205
618; 527; 1; 2; 215
525; 691; 2; 1; 218
441; 666; 2; 1; 218
633; 443; 2; 1; 237
498; 598; 1; 2; 238
561; 448; 2; 1; 238
521; 679; 1; 2; 249
426; 531; 1; 2; 252
556; 647; 1; 2; 257
669; 688; 2; 1; 262
546; 560; 2; 1; 277
433; 496; 1; 2; 281
630; 484; 2; 1; 284
639; 468; 2; 1; 288
594; 564; 2; 1; 324
582; 683; 1; 2; 330
501; 610; 2; 1; 330
629; 544; 1; 2; 334
523; 652; 2; 1; 337
580; 654; 1; 2; 347
451; 521; 2; 1; 357
676; 585; 2; 1; 357
447; 497; 2; 1; 387
421; 519; 1; 2; 411
413; 523; 2; 1; 413
487; 574; 1; 2; 421
649; 611; 1; 2; 425
592; 664; 1; 2; 434
686; 653; 2; 1; 444
452; 626; 2; 1; 450
509; 672; 1; 2; 454
677; 570; 1; 2; 458
647; 598; 1; 2; 460
629; 498; 2; 1; 470
685; 465; 1; 2; 471
647; 591; 2; 1; 484
472; 479; 1; 2; 492
471; 693; 1; 2; 494
475; 652; 1; 2; 494
419; 640; 1; 2; 498
591; 559; 1; 2; 516
502; 439; 1; 2; 527
671; 584; 1; 2; 532
532; 482; 2; 1; 534
408; 510; 2; 1; 534
662; 676; 2; 1; 539
415; 596; 1; 2; 540
650; 455; 2; 1; 542
625; 537; 2; 1; 550
422; 494; 1; 2; 566
648; 658; 1; 2; 577
546; 424; 1; 2; 580
428; 508; 2; 1; 580
567; 418; 2; 1; 582
420; 427; 1; 2; 585
517; 513; 2; 1; 600
521; 626; 1; 2; 605
493; 477; 1; 2; 606
603; 543; 1; 2; 613
473; 690; 2; 1; 620
567; 654; 1; 2; 623
502; 574; 1; 2; 624
598; 463; 1; 2; 683
436; 543; 2; 1; 684
617; 697; 1; 2; 685
580; 655; 2; 1; 687
513; 467; 2; 1; 695
618; 562; 1; 2; 702
598; 690; 1; 2; 704
568; 494; 1; 2; 710
481; 624; 1; 2; 710
680; 420; 2; 1; 727
406; 471; 2; 1; 728
464; 483; 2; 1; 750
591; 508; 1; 2; 753
479; 420; 1; 2; 760
444; 487; 1; 2; 767
658; 542; 2; 1; 790
570; 585; 1; 2; 796
417; 416; 2; 1; 805
571; 591; 2; 1; 814
694; 550; 1; 2; 825
652; 548; 2; 1; 825
447; 497; 1; 2; 828
541; 472; 1; 2; 856
495; 466; 2; 1; 870
410; 445; 1; 2; 871
417; 519; 1; 2; 876
461; 437; 2; 1; 887
608; 572; 2; 1; 888
693; 573; 2; 1; 892
462; 570; 2; 1; 906
413; 636; 1; 2; 908
608; 583; 1; 2; 908
571; 600; 2; 1; 937
693; 455; 2; 1; 939
592; 425; 2; 1; 956
599; 428; 1; 2; 957
614; 647; 2; 1; 968
523; 548; 2; 1; 974
467; 520; 1; 2; 977
29
22; 1; 36; 1305
17; 1; 31; 1836
28; 1; 39; 3430
4; 1; 38; 12152
7; 1; 27; 12323
27; 1; 43; 12567
23; 1; 13; 15956
21; 1; 3; 18948
10; 1; 46; 22032
15; 1; 23; 25438
6; 1; 31; 30515
3; 1; 28; 34505
16; 1; 7; 41948
25; 1; 22; 42255
11; 1; 11; 42833
26; 1; 18; 49333
2; 1; 48; 50608
18; 1; 13; 52703
12; 1; 44; 53207
19; 1; 41; 53384
0; 1; 45; 55605
24; 1; 44; 57598
20; 1; 15; 57827
9; 1; 8; 60710
5; 1; 26; 63071
14; 1; 2; 66064
8; 1; 20; 67527
13; 1; 26; 69425
1; 1; 11; 69460
