**** 895 ****
131
412; 563; 1; 2; 10
581; 580; 1; 2; 13
422; 688; 2; 1; 21
533; 684; 1; 2; 44
582; 673; 2; 1; 55
659; 552; 1; 2; 58
607; 518; 2; 1; 67
532; 612; 1; 2; 69
523; 519; 1; 2; 70
685; 531; 1; 2; 71
420; 651; 1; 2; 98
422; 586; 2; 1; 107
488; 419; 1; 2; 109
435; 444; 1; 2; 109
620; 475; 2; 1; 112
661; 594; 2; 1; 126
505; 471; 1; 2; 128
688; 442; 2; 1; 131
508; 439; 1; 2; 144
662; 655; 1; 2; 146
455; 606; 2; 1; 154
659; 638; 2; 1; 156
541; 417; 1; 2; 163
670; 463; 2; 1; 187
668; 558; 2; 1; 201
521; 428; 2; 1; 205
458; 408; 1; 2; 209
411; 500; 2; 1; 216
649; 608; 1; 2; 230
624; 464; 1; 2; 236
543; 623; 1; 2; 242
495; 696; 2; 1; 270
412; 461; 2; 1; 290
602; 574; 2; 1; 295
503; 440; 2; 1; 296
603; 454; 1; 2; 297
607; 564; 2; 1; 300
663; 651; 1; 2; 314
610; 511; 2; 1; 318
575; 446; 1; 2; 330
489; 666; 2; 1; 330
522; 525; 1; 2; 350
468; 591; 2; 1; 353
442; 639; 1; 2; 363
490; 691; 2; 1; 365
438; 630; 2; 1; 368
456; 689; 2; 1; 370
582; 600; 2; 1; 371
438; 467; 1; 2; 387
519; 650; 2; 1; 389
495; 499; 1; 2; 397
697; 582; 2; 1; 401
496; 539; 2; 1; 403
496; 503; 1; 2; 410
644; 614; 2; 1; 425
559; 560; 2; 1; 441
619; 476; 2; 1; 444
433; 411; 2; 1; 447
675; 536; 1; 2; 449
457; 602; 2; 1; 460
427; 572; 2; 1; 494
512; 426; 2; 1; 496
427; 517; 1; 2; 501
590; 650; 2; 1; 501
672; 541; 2; 1; 512
458; 545; 2; 1; 531
655; 613; 1; 2; 532
464; 522; 2; 1; 532
436; 506; 2; 1; 546
543; 530; 1; 2; 547
574; 686; 1; 2; 553
436; 642; 2; 1; 564
427; 464; 2; 1; 570
552; 596; 2; 1; 607
626; 687; 2; 1; 609
416; 684; 2; 1; 619
430; 466; 2; 1; 621
413; 426; 1; 2; 629
635; 417; 1; 2; 638
641; 485; 1; 2; 641
557; 419; 2; 1; 645
652; 441; 2; 1; 649
576; 492; 2; 1; 650
613; 527; 1; 2; 653
611; 577; 2; 1; 658
637; 595; 2; 1; 662
417; 445; 1; 2; 687
445; 444; 1; 2; 690
406; 413; 2; 1; 692
614; 610; 2; 1; 694
691; 608; 1; 2; 695
563; 561; 1; 2; 698
587; 578; 2; 1; 713
602; 452; 2; 1; 714
409; 614; 2; 1; 720
502; 498; 1; 2; 729
531; 449; 1; 2; 739
689; 444; 2; 1; 745
645; 583; 2; 1; 754
480; 583; 1; 2; 761
658; 599; 1; 2; 763
600; 430; 1; 2; 769
642; 417; 1; 2; 775
434; 530; 1; 2; 786
640; 589; 2; 1; 791
660; 585; 1; 2; 801
561; 639; 1; 2; 807
572; 593; 1; 2; 825
426; 419; 2; 1; 828
653; 577; 2; 1; 832
513; 597; 2; 1; 847
608; 547; 2; 1; 847
470; 677; 1; 2; 851
510; 641; 1; 2; 853
407; 637; 2; 1; 858
452; 467; 1; 2; 867
508; 580; 1; 2; 877
469; 440; 2; 1; 879
603; 570; 2; 1; 888
439; 419; 2; 1; 904
597; 691; 2; 1; 910
468; 501; 2; 1; 916
606; 504; 2; 1; 919
508; 415; 2; 1; 933
560; 485; 1; 2; 938
638; 558; 2; 1; 939
420; 461; 1; 2; 948
589; 615; 2; 1; 953
560; 413; 2; 1; 954
480; 571; 2; 1; 972
526; 537; 2; 1; 980
29
4; 1; 35; 635
18; 1; 9; 1166
10; 1; 39; 2687
22; 1; 48; 3482
13; 1; 32; 7751
27; 1; 30; 9747
0; 1; 35; 10435
12; 1; 36; 10490
5; 1; 36; 11292
26; 1; 5; 12304
6; 1; 14; 13410
3; 1; 6; 16687
20; 1; 34; 20846
24; 1; 33; 22482
9; 1; 49; 22900
21; 1; 11; 30883
19; 1; 42; 38855
17; 1; 2; 39110
28; 1; 8; 47504
7; 1; 12; 48901
11; 1; 43; 48940
15; 1; 24; 50821
16; 1; 27; 52782
8; 1; 38; 53691
14; 1; 17; 56618
1; 1; 48; 66346
25; 1; 26; 66536
23; 1; 41; 67680
2; 1; 20; 69453
