**** 896 ****
131
484; 652; 1; 2; 2
446; 612; 2; 1; 13
663; 445; 2; 1; 18
450; 432; 2; 1; 22
412; 426; 1; 2; 39
638; 632; 2; 1; 42
497; 413; 1; 2; 63
454; 514; 2; 1; 66
414; 464; 2; 1; 68
627; 440; 2; 1; 71
650; 433; 1; 2; 86
607; 442; 2; 1; 103
476; 637; 1; 2; 104
695; 626; 2; 1; 105
577; 616; 2; 1; 111
412; 596; 1; 2; 112
520; 633; 2; 1; 119
564; 533; 1; 2; 120
634; 487; 1; 2; 131
669; 433; 2; 1; 136
426; 569; 2; 1; 149
609; 599; 2; 1; 163
621; 558; 1; 2; 164
420; 465; 2; 1; 176
586; 519; 1; 2; 179
500; 620; 1; 2; 194
552; 480; 1; 2; 201
410; 424; 1; 2; 205
411; 565; 2; 1; 214
669; 454; 2; 1; 224
624; 460; 1; 2; 229
653; 450; 2; 1; 232
462; 653; 1; 2; 236
440; 565; 1; 2; 245
604; 546; 2; 1; 247
569; 550; 1; 2; 253
641; 547; 2; 1; 255
521; 546; 1; 2; 269
449; 694; 1; 2; 276
621; 597; 2; 1; 280
472; 511; 1; 2; 287
472; 661; 1; 2; 288
444; 667; 2; 1; 291
650; 554; 1; 2; 304
448; 441; 1; 2; 308
625; 534; 1; 2; 316
525; 509; 1; 2; 328
438; 434; 1; 2; 329
692; 524; 2; 1; 330
484; 504; 1; 2; 336
480; 605; 1; 2; 352
444; 463; 2; 1; 364
571; 470; 1; 2; 365
647; 523; 1; 2; 368
592; 639; 1; 2; 370
563; 623; 2; 1; 370
547; 524; 2; 1; 393
683; 582; 1; 2; 394
515; 615; 2; 1; 397
429; 537; 2; 1; 398
568; 619; 2; 1; 413
427; 535; 2; 1; 415
561; 444; 1; 2; 422
611; 571; 1; 2; 423
571; 427; 2; 1; 443
661; 646; 1; 2; 446
550; 682; 1; 2; 446
687; 547; 1; 2; 448
585; 675; 1; 2; 450
634; 455; 2; 1; 457
433; 489; 1; 2; 459
652; 621; 2; 1; 484
567; 677; 1; 2; 513
546; 615; 2; 1; 517
588; 666; 2; 1; 519
598; 623; 2; 1; 523
681; 422; 2; 1; 531
583; 621; 1; 2; 535
552; 639; 2; 1; 545
544; 664; 1; 2; 551
611; 473; 1; 2; 552
680; 503; 1; 2; 556
592; 654; 1; 2; 567
425; 603; 1; 2; 574
641; 526; 2; 1; 576
541; 610; 1; 2; 577
555; 678; 2; 1; 583
615; 594; 2; 1; 589
480; 520; 1; 2; 606
497; 501; 1; 2; 615
556; 526; 1; 2; 615
465; 553; 1; 2; 619
484; 484; 1; 2; 652
498; 597; 1; 2; 653
474; 553; 2; 1; 670
616; 664; 1; 2; 683
590; 569; 1; 2; 687
513; 670; 1; 2; 690
415; 506; 2; 1; 692
477; 682; 2; 1; 700
627; 492; 2; 1; 707
690; 513; 1; 2; 708
452; 581; 1; 2; 723
454; 553; 1; 2; 730
607; 499; 2; 1; 731
464; 493; 2; 1; 733
577; 646; 1; 2; 743
689; 432; 1; 2; 762
626; 533; 1; 2; 790
657; 581; 2; 1; 795
679; 476; 2; 1; 809
675; 460; 1; 2; 824
606; 686; 2; 1; 824
517; 509; 2; 1; 832
575; 605; 1; 2; 832
494; 625; 2; 1; 846
483; 449; 1; 2; 848
517; 486; 1; 2; 852
475; 461; 1; 2; 861
440; 481; 1; 2; 875
533; 448; 1; 2; 927
492; 425; 2; 1; 928
640; 678; 2; 1; 934
564; 470; 2; 1; 941
561; 509; 2; 1; 956
686; 482; 1; 2; 975
691; 440; 2; 1; 976
417; 420; 2; 1; 982
422; 666; 2; 1; 982
587; 526; 2; 1; 989
408; 425; 2; 1; 994
29
18; 1; 23; 6696
28; 1; 38; 10445
25; 1; 5; 11154
11; 1; 32; 11210
0; 1; 37; 11962
12; 1; 16; 16283
22; 1; 24; 20332
14; 1; 32; 23680
26; 1; 5; 26184
3; 1; 45; 27843
27; 1; 37; 28576
19; 1; 41; 29718
10; 1; 45; 39718
15; 1; 3; 43854
20; 1; 33; 47626
1; 1; 4; 47673
4; 1; 25; 48605
23; 1; 18; 49462
13; 1; 27; 50476
9; 1; 1; 51375
6; 1; 1; 52161
7; 1; 5; 55103
24; 1; 44; 55934
8; 1; 48; 58629
17; 1; 17; 58763
5; 1; 18; 59875
16; 1; 36; 62494
2; 1; 26; 66033
21; 1; 43; 71064
