**** 897 ****
131
442; 573; 2; 1; 11
580; 552; 1; 2; 13
502; 592; 2; 1; 13
568; 649; 2; 1; 25
542; 452; 2; 1; 28
422; 538; 2; 1; 34
693; 525; 1; 2; 35
513; 569; 1; 2; 38
675; 569; 1; 2; 46
526; 507; 2; 1; 48
672; 519; 1; 2; 53
560; 690; 2; 1; 60
695; 493; 1; 2; 73
510; 419; 2; 1; 80
544; 658; 2; 1; 82
656; 511; 1; 2; 92
488; 684; 2; 1; 105
697; 646; 2; 1; 120
556; 508; 2; 1; 130
563; 693; 1; 2; 141
434; 645; 1; 2; 165
642; 418; 1; 2; 170
687; 652; 2; 1; 172
521; 580; 2; 1; 176
523; 517; 2; 1; 177
528; 583; 1; 2; 178
592; 696; 1; 2; 182
691; 506; 2; 1; 185
441; 635; 1; 2; 192
694; 452; 2; 1; 193
592; 410; 2; 1; 196
540; 554; 2; 1; 214
677; 524; 2; 1; 220
660; 641; 1; 2; 236
550; 653; 1; 2; 243
468; 661; 1; 2; 263
484; 542; 1; 2; 265
522; 435; 2; 1; 266
673; 612; 2; 1; 275
625; 647; 2; 1; 280
418; 539; 1; 2; 283
511; 436; 1; 2; 289
411; 460; 2; 1; 289
671; 637; 1; 2; 298
460; 479; 2; 1; 298
602; 612; 2; 1; 309
535; 620; 2; 1; 352
466; 531; 2; 1; 372
496; 478; 1; 2; 380
470; 609; 1; 2; 384
483; 518; 1; 2; 388
475; 565; 2; 1; 390
422; 490; 1; 2; 394
666; 685; 1; 2; 406
410; 630; 2; 1; 422
616; 430; 1; 2; 426
466; 478; 2; 1; 437
589; 622; 2; 1; 451
686; 630; 2; 1; 460
493; 680; 1; 2; 465
453; 592; 2; 1; 485
489; 493; 2; 1; 507
524; 416; 2; 1; 507
569; 669; 1; 2; 509
406; 602; 1; 2; 520
504; 541; 2; 1; 529
649; 611; 1; 2; 530
668; 630; 1; 2; 535
608; 616; 1; 2; 556
479; 623; 1; 2; 560
556; 684; 1; 2; 572
634; 491; 1; 2; 595
449; 484; 2; 1; 595
542; 634; 1; 2; 608
629; 478; 2; 1; 608
679; 697; 1; 2; 614
444; 657; 2; 1; 620
477; 593; 2; 1; 621
651; 592; 2; 1; 645
465; 546; 2; 1; 648
419; 531; 1; 2; 661
582; 671; 2; 1; 661
546; 440; 2; 1; 665
662; 608; 1; 2; 673
679; 414; 1; 2; 689
517; 419; 2; 1; 690
547; 625; 2; 1; 696
515; 423; 1; 2; 698
524; 661; 1; 2; 704
520; 466; 2; 1; 715
571; 636; 2; 1; 716
418; 628; 2; 1; 716
439; 441; 1; 2; 728
616; 654; 1; 2; 741
544; 528; 1; 2; 750
451; 605; 2; 1; 751
442; 449; 2; 1; 756
489; 575; 1; 2; 759
478; 683; 1; 2; 764
416; 515; 2; 1; 792
483; 620; 1; 2; 797
457; 549; 1; 2; 798
672; 537; 2; 1; 806
472; 459; 2; 1; 825
693; 591; 1; 2; 831
480; 416; 2; 1; 834
473; 625; 1; 2; 835
651; 441; 1; 2; 839
447; 527; 2; 1; 846
575; 462; 2; 1; 857
606; 527; 1; 2; 862
578; 482; 1; 2; 870
468; 665; 2; 1; 874
654; 451; 1; 2; 878
597; 627; 2; 1; 882
690; 476; 1; 2; 908
491; 464; 2; 1; 909
544; 540; 1; 2; 909
578; 570; 1; 2; 923
550; 563; 1; 2; 924
475; 617; 1; 2; 924
514; 640; 2; 1; 926
614; 582; 2; 1; 934
493; 663; 2; 1; 941
563; 690; 2; 1; 941
508; 447; 2; 1; 954
657; 508; 1; 2; 962
416; 560; 1; 2; 966
608; 574; 2; 1; 981
633; 497; 2; 1; 983
586; 696; 2; 1; 992
29
11; 1; 15; 1541
10; 1; 27; 5906
0; 1; 28; 7557
18; 1; 12; 10326
4; 1; 5; 11888
3; 1; 1; 17776
12; 1; 18; 20288
19; 1; 3; 20797
15; 1; 33; 22698
24; 1; 49; 24831
21; 1; 25; 25937
8; 1; 11; 26557
16; 1; 2; 29932
1; 1; 22; 38213
25; 1; 44; 38291
27; 1; 7; 38338
23; 1; 3; 40809
26; 1; 43; 42523
22; 1; 38; 45539
13; 1; 44; 53379
28; 1; 19; 54015
17; 1; 10; 58840
6; 1; 40; 59301
2; 1; 11; 60248
7; 1; 23; 62270
20; 1; 18; 63001
9; 1; 21; 66867
5; 1; 39; 69370
14; 1; 34; 70190
