**** 898 ****
131
480; 635; 2; 1; 3
631; 557; 1; 2; 31
496; 435; 2; 1; 49
482; 522; 1; 2; 51
669; 446; 2; 1; 57
407; 680; 2; 1; 60
633; 578; 1; 2; 60
660; 618; 2; 1; 64
445; 530; 1; 2; 74
418; 620; 2; 1; 85
431; 513; 2; 1; 91
644; 688; 2; 1; 91
652; 489; 1; 2; 96
612; 507; 1; 2; 108
502; 512; 2; 1; 116
668; 678; 2; 1; 123
408; 655; 1; 2; 131
659; 617; 2; 1; 135
644; 486; 1; 2; 151
438; 513; 2; 1; 157
434; 662; 1; 2; 185
643; 694; 1; 2; 187
590; 545; 2; 1; 204
491; 649; 1; 2; 206
594; 685; 1; 2; 206
606; 475; 2; 1; 213
653; 554; 2; 1; 225
649; 510; 2; 1; 244
608; 482; 2; 1; 292
534; 489; 2; 1; 292
408; 561; 2; 1; 300
594; 456; 2; 1; 306
565; 406; 2; 1; 307
676; 575; 2; 1; 314
454; 461; 2; 1; 317
683; 406; 1; 2; 323
677; 660; 1; 2; 325
493; 484; 2; 1; 329
516; 540; 2; 1; 331
468; 693; 1; 2; 333
661; 426; 2; 1; 335
552; 681; 1; 2; 337
547; 669; 1; 2; 357
579; 614; 1; 2; 364
675; 596; 1; 2; 369
426; 589; 1; 2; 372
578; 479; 1; 2; 373
478; 564; 1; 2; 373
453; 646; 1; 2; 377
433; 454; 1; 2; 380
540; 648; 2; 1; 382
679; 523; 2; 1; 395
507; 610; 2; 1; 419
653; 665; 1; 2; 422
678; 648; 1; 2; 443
687; 586; 1; 2; 452
587; 429; 1; 2; 459
457; 521; 2; 1; 463
599; 680; 2; 1; 467
504; 695; 1; 2; 482
535; 534; 1; 2; 484
663; 529; 2; 1; 488
609; 595; 1; 2; 495
610; 539; 2; 1; 507
671; 556; 2; 1; 511
424; 416; 2; 1; 528
496; 542; 2; 1; 536
556; 411; 1; 2; 539
537; 433; 1; 2; 546
492; 413; 2; 1; 559
663; 542; 1; 2; 574
414; 690; 2; 1; 574
661; 632; 2; 1; 578
555; 619; 2; 1; 603
522; 510; 1; 2; 612
567; 436; 1; 2; 654
661; 618; 1; 2; 654
690; 589; 2; 1; 663
603; 536; 2; 1; 671
438; 468; 2; 1; 680
467; 446; 2; 1; 705
489; 649; 2; 1; 711
484; 652; 1; 2; 713
530; 595; 2; 1; 719
539; 499; 2; 1; 719
670; 523; 1; 2; 722
457; 653; 2; 1; 731
678; 671; 1; 2; 732
588; 417; 2; 1; 734
451; 440; 1; 2; 735
606; 691; 2; 1; 747
681; 407; 1; 2; 754
622; 667; 1; 2; 762
577; 505; 1; 2; 767
426; 432; 2; 1; 770
539; 673; 1; 2; 772
501; 616; 1; 2; 780
676; 463; 1; 2; 782
460; 469; 2; 1; 787
572; 494; 1; 2; 790
633; 537; 1; 2; 791
497; 499; 2; 1; 792
570; 461; 2; 1; 797
598; 443; 1; 2; 798
618; 543; 1; 2; 800
438; 583; 2; 1; 812
411; 533; 1; 2; 816
689; 454; 2; 1; 824
686; 682; 1; 2; 827
508; 599; 2; 1; 827
635; 487; 2; 1; 828
696; 525; 1; 2; 831
613; 589; 2; 1; 832
506; 434; 1; 2; 839
406; 475; 1; 2; 850
446; 495; 1; 2; 852
540; 579; 2; 1; 860
419; 663; 1; 2; 863
504; 517; 2; 1; 870
622; 438; 2; 1; 872
593; 682; 2; 1; 881
608; 635; 2; 1; 907
528; 472; 1; 2; 919
691; 442; 1; 2; 921
409; 643; 1; 2; 928
681; 423; 2; 1; 939
493; 656; 1; 2; 939
654; 600; 2; 1; 956
474; 654; 1; 2; 957
635; 609; 1; 2; 958
504; 653; 1; 2; 969
29
22; 1; 12; 475
5; 1; 49; 5060
19; 1; 36; 7315
2; 1; 3; 9301
18; 1; 13; 12467
27; 1; 33; 14321
16; 1; 6; 20675
21; 1; 40; 20961
4; 1; 19; 24202
12; 1; 2; 24778
7; 1; 4; 25113
14; 1; 23; 28273
6; 1; 32; 32928
28; 1; 11; 33046
26; 1; 25; 33232
15; 1; 6; 34656
3; 1; 29; 39247
20; 1; 26; 39317
8; 1; 45; 43426
24; 1; 19; 50909
9; 1; 43; 55128
17; 1; 5; 56092
23; 1; 18; 57898
25; 1; 49; 57968
13; 1; 20; 64181
1; 1; 12; 67933
11; 1; 49; 69305
10; 1; 36; 70980
0; 1; 4; 72884
