**** 899 ****
131
661; 681; 1; 2; 12
653; 575; 2; 1; 37
628; 612; 2; 1; 46
471; 634; 2; 1; 48
433; 677; 1; 2; 52
588; 466; 2; 1; 62
579; 518; 1; 2; 66
472; 671; 2; 1; 71
574; 522; 2; 1; 92
511; 610; 2; 1; 93
465; 598; 1; 2; 101
409; 552; 1; 2; 111
656; 622; 1; 2; 132
659; 535; 2; 1; 134
628; 411; 1; 2; 135
697; 673; 2; 1; 140
526; 626; 2; 1; 149
644; 654; 2; 1; 156
691; 466; 1; 2; 161
627; 563; 1; 2; 169
555; 466; 2; 1; 186
676; 454; 1; 2; 188
597; 695; 2; 1; 195
582; 622; 1; 2; 202
618; 531; 2; 1; 211
654; 567; 1; 2; 218
429; 463; 1; 2; 225
606; 439; 2; 1; 232
469; 523; 1; 2; 249
433; 549; 2; 1; 255
590; 597; 1; 2; 266
465; 578; 2; 1; 276
558; 686; 1; 2; 279
604; 482; 1; 2; 280
605; 539; 2; 1; 283
680; 540; 2; 1; 290
543; 490; 1; 2; 298
645; 641; 1; 2; 299
524; 554; 2; 1; 303
681; 633; 2; 1; 307
506; 501; 2; 1; 312
480; 607; 1; 2; 327
686; 658; 2; 1; 329
419; 579; 1; 2; 335
448; 536; 1; 2; 341
624; 680; 1; 2; 344
488; 623; 1; 2; 346
439; 655; 1; 2; 356
514; 590; 1; 2; 364
659; 509; 2; 1; 366
542; 537; 1; 2; 371
440; 621; 1; 2; 380
664; 417; 1; 2; 394
436; 685; 2; 1; 397
549; 627; 1; 2; 398
459; 465; 2; 1; 416
531; 552; 2; 1; 419
509; 620; 1; 2; 429
593; 520; 1; 2; 433
615; 550; 2; 1; 435
645; 473; 1; 2; 437
476; 522; 1; 2; 441
465; 527; 1; 2; 442
479; 449; 1; 2; 449
557; 677; 2; 1; 456
482; 546; 1; 2; 469
579; 582; 2; 1; 470
467; 508; 2; 1; 487
587; 643; 2; 1; 488
678; 625; 2; 1; 495
442; 411; 1; 2; 498
535; 625; 2; 1; 507
606; 530; 1; 2; 510
609; 654; 1; 2; 519
611; 660; 2; 1; 524
697; 559; 2; 1; 531
480; 664; 1; 2; 549
602; 644; 1; 2; 558
695; 542; 1; 2; 558
601; 556; 1; 2; 566
429; 608; 1; 2; 566
481; 475; 2; 1; 572
564; 643; 1; 2; 572
552; 439; 2; 1; 576
526; 563; 2; 1; 577
663; 635; 2; 1; 579
597; 633; 2; 1; 588
508; 626; 1; 2; 621
576; 445; 1; 2; 643
455; 429; 1; 2; 645
692; 414; 2; 1; 647
457; 523; 2; 1; 651
689; 555; 1; 2; 681
600; 578; 2; 1; 695
522; 681; 1; 2; 697
520; 575; 1; 2; 709
419; 677; 2; 1; 726
663; 475; 1; 2; 731
675; 443; 1; 2; 736
655; 686; 1; 2; 745
501; 418; 1; 2; 750
455; 565; 1; 2; 755
487; 482; 1; 2; 772
425; 428; 1; 2; 774
584; 545; 1; 2; 780
462; 527; 2; 1; 790
439; 509; 1; 2; 793
613; 571; 2; 1; 798
477; 643; 1; 2; 808
613; 411; 1; 2; 818
510; 496; 2; 1; 829
646; 491; 2; 1; 833
456; 657; 1; 2; 854
659; 559; 1; 2; 878
545; 432; 2; 1; 879
651; 556; 2; 1; 882
618; 683; 1; 2; 883
566; 467; 1; 2; 885
573; 644; 2; 1; 886
428; 612; 2; 1; 896
563; 675; 1; 2; 903
449; 411; 2; 1; 905
653; 600; 1; 2; 907
629; 585; 2; 1; 918
632; 560; 2; 1; 919
470; 478; 2; 1; 931
442; 678; 2; 1; 947
659; 471; 1; 2; 978
608; 667; 1; 2; 981
481; 669; 1; 2; 984
696; 573; 1; 2; 986
29
1; 1; 20; 3339
14; 1; 43; 6767
10; 1; 43; 7968
19; 1; 36; 8374
3; 1; 17; 8587
18; 1; 23; 11816
26; 1; 11; 15274
20; 1; 12; 15343
8; 1; 12; 18812
16; 1; 6; 19769
25; 1; 35; 21949
24; 1; 21; 22418
2; 1; 43; 22930
15; 1; 29; 23475
6; 1; 32; 26831
0; 1; 12; 29132
22; 1; 43; 31041
5; 1; 49; 32699
9; 1; 15; 34800
12; 1; 19; 39639
23; 1; 49; 43531
4; 1; 33; 47393
7; 1; 43; 52014
21; 1; 20; 52701
13; 1; 27; 56128
28; 1; 42; 56693
11; 1; 33; 61659
17; 1; 45; 65813
27; 1; 36; 73570
