**** 9 ****
50
39; 21; 2; 1; 0
3; 16; 2; 1; 1
39; 7; 1; 2; 5
30; 16; 1; 2; 6
44; 43; 1; 2; 7
49; 37; 1; 2; 7
8; 20; 2; 1; 14
3; 12; 1; 2; 18
44; 33; 1; 2; 22
31; 9; 1; 2; 24
34; 44; 2; 1; 27
18; 13; 1; 2; 31
40; 25; 2; 1; 35
39; 8; 1; 2; 35
14; 37; 1; 2; 38
42; 36; 1; 2; 42
39; 37; 1; 2; 43
33; 10; 1; 2; 44
5; 15; 1; 2; 45
37; 25; 2; 1; 46
26; 47; 2; 1; 49
3; 31; 2; 1; 49
40; 23; 2; 1; 49
19; 27; 2; 1; 50
36; 4; 2; 1; 50
11; 47; 2; 1; 54
32; 12; 1; 2; 54
32; 8; 2; 1; 54
21; 26; 2; 1; 54
34; 49; 2; 1; 59
5; 48; 1; 2; 60
37; 14; 2; 1; 62
8; 39; 1; 2; 66
48; 18; 1; 2; 73
5; 19; 1; 2; 74
47; 3; 2; 1; 80
18; 43; 2; 1; 80
24; 19; 2; 1; 81
13; 39; 2; 1; 82
7; 19; 1; 2; 85
1; 1; 1; 2; 88
40; 24; 1; 2; 89
25; 25; 2; 1; 90
46; 29; 2; 1; 90
12; 28; 1; 2; 91
27; 31; 2; 1; 92
6; 32; 2; 1; 94
11; 8; 1; 2; 96
16; 33; 2; 1; 103
26; 6; 2; 1; 106
12
10; 1; 1; 115
8; 1; 49; 182
5; 1; 33; 253
0; 1; 30; 447
4; 1; 12; 490
1; 1; 12; 632
2; 1; 20; 697
11; 1; 32; 733
7; 1; 22; 794
3; 1; 9; 856
6; 1; 34; 1170
9; 1; 29; 1500
