**** 90 ****
58
56; 71; 1; 2; 1
86; 48; 1; 2; 2
60; 90; 2; 1; 6
78; 51; 1; 2; 9
72; 109; 2; 1; 14
113; 57; 1; 2; 23
86; 68; 1; 2; 28
66; 64; 2; 1; 30
77; 65; 2; 1; 31
99; 77; 2; 1; 34
112; 43; 2; 1; 34
95; 78; 2; 1; 36
50; 101; 1; 2; 36
54; 47; 2; 1; 38
83; 56; 2; 1; 42
110; 91; 2; 1; 44
100; 101; 1; 2; 48
106; 65; 2; 1; 50
78; 76; 1; 2; 55
74; 62; 2; 1; 58
49; 112; 1; 2; 61
89; 85; 2; 1; 70
89; 102; 2; 1; 70
55; 104; 2; 1; 75
56; 84; 2; 1; 80
53; 96; 1; 2; 80
48; 47; 2; 1; 90
77; 73; 1; 2; 102
96; 111; 1; 2; 106
68; 55; 1; 2; 108
94; 85; 1; 2; 108
51; 97; 2; 1; 113
52; 78; 2; 1; 114
107; 108; 1; 2; 115
83; 59; 1; 2; 116
49; 109; 1; 2; 118
91; 66; 1; 2; 118
53; 77; 1; 2; 119
99; 68; 2; 1; 127
42; 86; 2; 1; 129
69; 82; 2; 1; 134
74; 78; 1; 2; 142
79; 68; 1; 2; 144
96; 52; 2; 1; 154
86; 102; 2; 1; 155
42; 99; 2; 1; 155
87; 61; 1; 2; 161
55; 99; 1; 2; 161
76; 108; 1; 2; 162
69; 44; 2; 1; 168
78; 95; 1; 2; 171
51; 102; 2; 1; 177
93; 106; 1; 2; 177
57; 90; 1; 2; 177
45; 54; 2; 1; 178
46; 102; 2; 1; 179
76; 87; 1; 2; 186
55; 79; 2; 1; 187
14
8; 1; 35; 131
5; 1; 9; 206
2; 1; 3; 589
13; 1; 20; 718
12; 1; 23; 916
11; 1; 9; 1378
1; 1; 42; 1971
6; 1; 18; 2238
7; 1; 5; 2514
4; 1; 9; 3020
9; 1; 1; 3032
10; 1; 39; 3062
3; 1; 29; 3417
0; 1; 35; 3939
