**** 900 ****
131
589; 502; 2; 1; 2
459; 406; 2; 1; 8
535; 694; 1; 2; 12
426; 692; 2; 1; 12
480; 431; 1; 2; 19
516; 504; 2; 1; 27
528; 683; 1; 2; 57
573; 459; 2; 1; 69
430; 466; 1; 2; 83
464; 684; 1; 2; 89
631; 562; 1; 2; 96
612; 623; 2; 1; 105
683; 453; 2; 1; 116
472; 573; 1; 2; 133
466; 629; 1; 2; 139
447; 577; 1; 2; 151
544; 546; 2; 1; 155
438; 488; 2; 1; 160
654; 437; 2; 1; 161
591; 463; 1; 2; 161
571; 615; 2; 1; 176
453; 492; 2; 1; 179
481; 684; 2; 1; 182
554; 566; 2; 1; 207
500; 606; 2; 1; 209
422; 414; 2; 1; 216
576; 451; 1; 2; 217
579; 684; 2; 1; 219
584; 625; 2; 1; 235
657; 440; 2; 1; 245
408; 468; 1; 2; 246
473; 520; 2; 1; 248
494; 569; 1; 2; 261
454; 567; 1; 2; 264
634; 533; 1; 2; 274
588; 596; 1; 2; 275
446; 446; 1; 2; 276
566; 551; 2; 1; 279
603; 637; 1; 2; 288
626; 551; 1; 2; 289
671; 515; 2; 1; 294
452; 489; 1; 2; 309
634; 498; 2; 1; 324
411; 494; 2; 1; 332
614; 439; 2; 1; 334
599; 685; 1; 2; 338
672; 671; 1; 2; 343
428; 516; 2; 1; 349
688; 600; 1; 2; 360
663; 461; 1; 2; 379
627; 532; 1; 2; 380
563; 632; 1; 2; 381
623; 424; 1; 2; 402
519; 441; 2; 1; 406
575; 474; 2; 1; 426
411; 670; 1; 2; 440
519; 465; 1; 2; 445
639; 511; 1; 2; 447
668; 549; 2; 1; 458
486; 576; 2; 1; 467
577; 693; 2; 1; 479
646; 683; 2; 1; 482
514; 544; 2; 1; 483
583; 495; 1; 2; 485
470; 636; 2; 1; 494
630; 453; 2; 1; 518
497; 682; 1; 2; 519
502; 424; 2; 1; 521
635; 443; 2; 1; 536
567; 428; 2; 1; 536
510; 666; 2; 1; 546
423; 693; 1; 2; 547
423; 562; 1; 2; 553
688; 606; 2; 1; 566
615; 643; 1; 2; 568
620; 416; 2; 1; 568
558; 566; 2; 1; 583
601; 568; 1; 2; 591
563; 466; 2; 1; 599
490; 429; 1; 2; 599
609; 459; 1; 2; 604
688; 409; 1; 2; 606
528; 586; 2; 1; 609
553; 662; 1; 2; 611
481; 521; 1; 2; 623
454; 609; 2; 1; 628
493; 601; 2; 1; 638
462; 416; 1; 2; 642
563; 507; 2; 1; 649
446; 449; 1; 2; 657
672; 526; 2; 1; 666
456; 453; 1; 2; 677
634; 531; 2; 1; 682
623; 506; 1; 2; 682
668; 558; 2; 1; 687
618; 571; 1; 2; 693
513; 481; 2; 1; 702
574; 618; 2; 1; 705
613; 547; 1; 2; 705
421; 470; 2; 1; 731
473; 562; 2; 1; 731
470; 670; 1; 2; 736
556; 411; 1; 2; 747
669; 607; 2; 1; 762
532; 498; 1; 2; 796
426; 653; 1; 2; 797
422; 424; 2; 1; 813
538; 596; 1; 2; 829
444; 642; 1; 2; 830
492; 652; 2; 1; 832
638; 666; 2; 1; 839
533; 489; 2; 1; 864
416; 445; 2; 1; 869
650; 664; 2; 1; 885
577; 589; 1; 2; 892
555; 534; 2; 1; 897
633; 422; 2; 1; 900
443; 655; 1; 2; 901
663; 532; 2; 1; 908
492; 615; 2; 1; 920
673; 461; 1; 2; 928
568; 581; 2; 1; 931
492; 497; 2; 1; 936
460; 687; 2; 1; 939
419; 666; 1; 2; 948
431; 589; 1; 2; 953
418; 629; 2; 1; 958
553; 612; 1; 2; 963
481; 464; 1; 2; 973
461; 641; 1; 2; 974
479; 577; 1; 2; 992
29
25; 1; 48; 1553
21; 1; 3; 3433
28; 1; 44; 6098
7; 1; 20; 8027
17; 1; 48; 8450
2; 1; 35; 9244
18; 1; 19; 11090
22; 1; 49; 14855
3; 1; 15; 15015
10; 1; 44; 15338
13; 1; 35; 19660
15; 1; 8; 20749
0; 1; 9; 22490
11; 1; 6; 23755
19; 1; 40; 24988
20; 1; 48; 28870
9; 1; 41; 31641
5; 1; 33; 32858
4; 1; 14; 34120
12; 1; 43; 34578
14; 1; 8; 40070
23; 1; 25; 42767
24; 1; 34; 47185
6; 1; 35; 47313
27; 1; 11; 53519
16; 1; 43; 56432
26; 1; 28; 57445
1; 1; 25; 61612
8; 1; 47; 67366
