**** 901 ****
131
477; 541; 2; 1; 1
626; 485; 2; 1; 28
476; 682; 2; 1; 35
409; 508; 1; 2; 35
640; 586; 1; 2; 48
486; 508; 2; 1; 51
483; 624; 2; 1; 58
410; 544; 2; 1; 62
502; 553; 2; 1; 64
591; 409; 2; 1; 67
593; 448; 2; 1; 69
628; 439; 1; 2; 78
670; 548; 1; 2; 78
569; 501; 1; 2; 82
431; 612; 1; 2; 104
553; 611; 1; 2; 111
592; 537; 2; 1; 118
608; 534; 2; 1; 127
468; 681; 1; 2; 137
613; 608; 2; 1; 137
452; 467; 1; 2; 154
468; 568; 2; 1; 163
559; 429; 1; 2; 168
639; 602; 1; 2; 181
632; 637; 2; 1; 182
611; 518; 1; 2; 182
497; 571; 1; 2; 185
509; 687; 2; 1; 189
528; 579; 2; 1; 190
547; 519; 2; 1; 202
409; 482; 2; 1; 203
603; 683; 1; 2; 204
601; 629; 1; 2; 207
522; 423; 2; 1; 208
643; 513; 2; 1; 224
507; 640; 1; 2; 230
509; 467; 1; 2; 236
500; 452; 2; 1; 254
509; 425; 1; 2; 254
618; 513; 1; 2; 256
539; 600; 2; 1; 270
483; 665; 2; 1; 274
690; 411; 1; 2; 281
510; 681; 1; 2; 282
696; 442; 2; 1; 282
469; 606; 1; 2; 296
620; 593; 2; 1; 301
593; 589; 2; 1; 303
465; 672; 2; 1; 304
684; 505; 1; 2; 311
438; 693; 1; 2; 334
488; 565; 1; 2; 350
624; 564; 1; 2; 362
656; 446; 1; 2; 363
409; 507; 1; 2; 367
476; 585; 2; 1; 369
434; 523; 2; 1; 369
642; 545; 1; 2; 375
443; 615; 1; 2; 394
417; 432; 2; 1; 405
640; 596; 2; 1; 411
602; 467; 1; 2; 418
607; 565; 2; 1; 420
499; 638; 2; 1; 435
579; 607; 2; 1; 437
464; 532; 1; 2; 438
585; 653; 2; 1; 439
469; 650; 2; 1; 440
604; 537; 2; 1; 445
694; 483; 1; 2; 469
579; 633; 1; 2; 475
642; 497; 1; 2; 477
636; 633; 2; 1; 478
489; 501; 2; 1; 480
579; 564; 2; 1; 484
441; 460; 1; 2; 503
502; 620; 2; 1; 510
472; 480; 2; 1; 526
594; 518; 2; 1; 529
497; 406; 1; 2; 571
551; 645; 1; 2; 574
463; 419; 2; 1; 578
454; 603; 1; 2; 579
564; 605; 1; 2; 589
429; 529; 1; 2; 601
500; 425; 2; 1; 612
677; 495; 2; 1; 612
470; 492; 1; 2; 618
642; 548; 1; 2; 640
537; 671; 1; 2; 643
583; 551; 1; 2; 660
453; 482; 1; 2; 664
648; 508; 2; 1; 666
585; 665; 1; 2; 672
558; 558; 2; 1; 694
415; 693; 2; 1; 701
655; 535; 1; 2; 708
600; 522; 2; 1; 713
574; 643; 2; 1; 739
426; 497; 2; 1; 741
406; 647; 1; 2; 750
436; 572; 2; 1; 755
639; 633; 2; 1; 800
695; 654; 1; 2; 818
692; 538; 1; 2; 818
679; 482; 2; 1; 825
667; 623; 1; 2; 825
429; 600; 2; 1; 828
668; 413; 2; 1; 852
466; 503; 2; 1; 862
578; 674; 2; 1; 873
692; 500; 2; 1; 882
442; 553; 1; 2; 883
598; 599; 1; 2; 890
500; 591; 1; 2; 903
447; 440; 2; 1; 909
538; 587; 1; 2; 913
590; 485; 1; 2; 921
577; 454; 1; 2; 922
512; 607; 2; 1; 924
647; 492; 2; 1; 936
567; 632; 2; 1; 944
575; 615; 1; 2; 952
661; 693; 2; 1; 954
646; 685; 1; 2; 956
600; 595; 2; 1; 963
589; 695; 1; 2; 969
534; 490; 2; 1; 969
479; 414; 2; 1; 969
621; 444; 1; 2; 974
595; 505; 1; 2; 975
29
9; 1; 13; 157
13; 1; 4; 2936
4; 1; 47; 3607
11; 1; 47; 5330
10; 1; 7; 5894
0; 1; 1; 6811
21; 1; 31; 9400
8; 1; 43; 11621
12; 1; 4; 12455
26; 1; 44; 13601
28; 1; 20; 14665
15; 1; 8; 18345
19; 1; 8; 29843
16; 1; 18; 33225
7; 1; 47; 35618
24; 1; 45; 36152
14; 1; 9; 36775
17; 1; 18; 37118
23; 1; 1; 43689
25; 1; 42; 50070
2; 1; 22; 54278
5; 1; 34; 56208
1; 1; 11; 57700
6; 1; 24; 57725
20; 1; 24; 57868
18; 1; 21; 59157
22; 1; 33; 71702
27; 1; 41; 71745
3; 1; 27; 71964
