**** 902 ****
132
632; 429; 1; 2; 16
491; 696; 1; 2; 21
622; 446; 1; 2; 25
608; 529; 1; 2; 29
558; 690; 1; 2; 37
449; 413; 1; 2; 45
624; 480; 2; 1; 56
451; 604; 1; 2; 62
467; 636; 1; 2; 69
672; 665; 1; 2; 79
609; 526; 1; 2; 80
486; 601; 1; 2; 83
443; 698; 2; 1; 87
498; 413; 2; 1; 91
621; 601; 1; 2; 95
547; 613; 1; 2; 102
695; 435; 1; 2; 103
568; 668; 1; 2; 125
678; 599; 1; 2; 139
483; 594; 2; 1; 148
561; 657; 2; 1; 151
545; 612; 1; 2; 158
451; 532; 2; 1; 159
545; 638; 1; 2; 162
609; 528; 2; 1; 162
530; 448; 1; 2; 163
501; 684; 1; 2; 168
652; 675; 1; 2; 182
623; 461; 1; 2; 184
513; 440; 1; 2; 186
483; 495; 1; 2; 206
635; 540; 1; 2; 211
430; 499; 2; 1; 211
471; 461; 2; 1; 212
638; 490; 2; 1; 233
528; 651; 2; 1; 233
657; 489; 2; 1; 247
617; 570; 1; 2; 250
435; 527; 2; 1; 250
570; 553; 2; 1; 255
646; 669; 1; 2; 268
687; 628; 2; 1; 276
608; 579; 2; 1; 281
691; 552; 2; 1; 284
534; 566; 2; 1; 288
655; 464; 2; 1; 288
467; 594; 2; 1; 288
618; 581; 1; 2; 290
619; 694; 1; 2; 326
700; 471; 2; 1; 341
466; 486; 2; 1; 349
581; 516; 2; 1; 353
524; 564; 1; 2; 354
415; 486; 1; 2; 361
418; 608; 1; 2; 370
676; 622; 2; 1; 382
569; 614; 2; 1; 391
546; 493; 1; 2; 405
476; 584; 1; 2; 406
548; 572; 2; 1; 412
506; 674; 1; 2; 421
632; 451; 2; 1; 438
556; 638; 2; 1; 444
507; 616; 2; 1; 449
614; 548; 2; 1; 482
541; 474; 1; 2; 503
564; 469; 2; 1; 506
508; 506; 1; 2; 508
574; 572; 2; 1; 517
623; 689; 2; 1; 519
610; 532; 1; 2; 523
682; 621; 1; 2; 526
443; 612; 2; 1; 531
663; 430; 2; 1; 538
474; 476; 1; 2; 546
557; 629; 2; 1; 568
493; 702; 1; 2; 573
491; 553; 2; 1; 602
608; 500; 1; 2; 604
694; 610; 1; 2; 611
637; 453; 1; 2; 621
419; 440; 2; 1; 621
568; 503; 2; 1; 632
570; 505; 2; 1; 649
474; 604; 2; 1; 649
464; 648; 2; 1; 669
645; 544; 2; 1; 670
467; 648; 1; 2; 682
641; 463; 1; 2; 687
609; 471; 2; 1; 700
593; 493; 1; 2; 703
611; 445; 2; 1; 727
622; 616; 2; 1; 735
472; 414; 2; 1; 736
703; 702; 1; 2; 756
561; 563; 2; 1; 765
631; 614; 2; 1; 774
463; 598; 1; 2; 775
508; 665; 2; 1; 788
539; 428; 2; 1; 792
451; 694; 1; 2; 799
462; 681; 1; 2; 826
701; 464; 2; 1; 827
475; 657; 1; 2; 829
417; 545; 2; 1; 832
473; 570; 1; 2; 846
473; 422; 2; 1; 847
619; 454; 1; 2; 853
703; 434; 2; 1; 860
504; 654; 2; 1; 867
453; 519; 2; 1; 868
489; 683; 2; 1; 870
651; 535; 1; 2; 870
564; 634; 1; 2; 893
428; 548; 1; 2; 905
600; 626; 1; 2; 907
616; 570; 2; 1; 912
483; 686; 2; 1; 917
694; 478; 2; 1; 918
592; 609; 2; 1; 923
429; 606; 2; 1; 926
580; 432; 1; 2; 928
452; 632; 2; 1; 928
672; 536; 2; 1; 942
628; 606; 2; 1; 950
477; 518; 2; 1; 952
678; 622; 1; 2; 958
582; 468; 1; 2; 978
687; 454; 2; 1; 979
705; 656; 2; 1; 981
650; 587; 2; 1; 982
541; 616; 1; 2; 985
29
7; 1; 16; 507
19; 1; 10; 5353
28; 1; 44; 5558
0; 1; 47; 7751
20; 1; 5; 14024
24; 1; 43; 16113
15; 1; 7; 16254
13; 1; 40; 17396
3; 1; 45; 23158
5; 1; 18; 23297
23; 1; 15; 23527
26; 1; 28; 24038
27; 1; 9; 31087
17; 1; 32; 34736
2; 1; 14; 36208
18; 1; 3; 48504
14; 1; 24; 52104
16; 1; 44; 52469
25; 1; 13; 58284
1; 1; 17; 58568
22; 1; 39; 59125
21; 1; 31; 59687
6; 1; 22; 60843
4; 1; 15; 62808
8; 1; 17; 64518
12; 1; 42; 66569
11; 1; 11; 66763
9; 1; 26; 67028
10; 1; 7; 69664
