**** 903 ****
132
435; 419; 1; 2; 2
604; 558; 2; 1; 4
501; 514; 2; 1; 5
463; 499; 1; 2; 9
518; 542; 2; 1; 21
675; 470; 1; 2; 23
535; 587; 2; 1; 37
665; 568; 1; 2; 41
630; 636; 2; 1; 74
536; 434; 1; 2; 78
593; 528; 2; 1; 82
433; 483; 2; 1; 83
676; 422; 1; 2; 92
674; 541; 1; 2; 93
422; 503; 1; 2; 93
692; 627; 1; 2; 94
593; 462; 2; 1; 103
554; 494; 1; 2; 105
628; 524; 2; 1; 115
670; 547; 1; 2; 129
544; 521; 1; 2; 136
551; 677; 1; 2; 138
570; 685; 2; 1; 142
677; 481; 2; 1; 149
592; 436; 2; 1; 159
449; 651; 1; 2; 163
512; 600; 2; 1; 167
641; 574; 2; 1; 169
588; 653; 1; 2; 180
626; 640; 1; 2; 184
687; 604; 2; 1; 190
606; 497; 1; 2; 190
619; 615; 1; 2; 191
427; 565; 2; 1; 202
577; 429; 1; 2; 207
496; 589; 2; 1; 227
601; 697; 2; 1; 231
537; 566; 1; 2; 232
588; 469; 2; 1; 235
603; 415; 2; 1; 238
626; 435; 1; 2; 248
611; 695; 2; 1; 254
682; 540; 2; 1; 265
648; 523; 1; 2; 290
485; 678; 2; 1; 292
552; 704; 1; 2; 295
574; 411; 1; 2; 297
576; 518; 1; 2; 299
598; 676; 2; 1; 307
432; 574; 1; 2; 332
689; 696; 2; 1; 334
661; 465; 1; 2; 336
657; 429; 2; 1; 365
497; 680; 1; 2; 371
426; 565; 2; 1; 372
628; 607; 2; 1; 374
496; 664; 2; 1; 375
537; 460; 2; 1; 380
656; 442; 2; 1; 390
556; 509; 2; 1; 392
623; 614; 1; 2; 397
413; 658; 2; 1; 412
438; 563; 1; 2; 413
479; 691; 1; 2; 418
618; 567; 1; 2; 427
444; 684; 2; 1; 433
702; 584; 2; 1; 437
416; 655; 2; 1; 449
518; 501; 1; 2; 455
529; 593; 1; 2; 488
591; 603; 1; 2; 501
686; 419; 1; 2; 516
553; 488; 1; 2; 519
482; 622; 2; 1; 525
592; 643; 2; 1; 526
606; 452; 2; 1; 529
435; 485; 1; 2; 547
655; 697; 2; 1; 548
631; 530; 2; 1; 558
509; 597; 1; 2; 563
568; 640; 2; 1; 580
471; 449; 1; 2; 595
514; 498; 1; 2; 600
416; 666; 2; 1; 608
639; 583; 2; 1; 618
590; 545; 1; 2; 631
634; 542; 2; 1; 646
578; 494; 2; 1; 649
464; 432; 1; 2; 659
703; 414; 1; 2; 663
669; 526; 2; 1; 666
671; 418; 2; 1; 675
703; 680; 1; 2; 677
522; 517; 1; 2; 680
482; 642; 1; 2; 686
662; 608; 1; 2; 701
426; 636; 1; 2; 705
557; 670; 1; 2; 718
497; 596; 1; 2; 746
636; 596; 1; 2; 747
667; 486; 1; 2; 751
652; 457; 2; 1; 752
676; 474; 1; 2; 753
600; 655; 2; 1; 780
439; 442; 1; 2; 803
412; 491; 2; 1; 805
557; 609; 1; 2; 834
485; 687; 1; 2; 835
584; 436; 2; 1; 866
416; 520; 2; 1; 874
620; 694; 1; 2; 875
691; 467; 1; 2; 875
621; 607; 1; 2; 878
645; 677; 1; 2; 885
672; 643; 2; 1; 897
665; 643; 2; 1; 897
424; 685; 2; 1; 897
540; 471; 1; 2; 905
548; 541; 1; 2; 913
429; 449; 1; 2; 913
549; 440; 1; 2; 917
533; 644; 1; 2; 928
667; 652; 1; 2; 940
439; 640; 1; 2; 942
610; 622; 1; 2; 949
470; 502; 2; 1; 954
545; 462; 1; 2; 956
557; 586; 2; 1; 956
539; 624; 2; 1; 961
701; 412; 2; 1; 983
427; 558; 2; 1; 983
648; 492; 1; 2; 989
29
1; 1; 39; 895
3; 1; 35; 1416
2; 1; 23; 2798
24; 1; 18; 6248
26; 1; 39; 13201
28; 1; 39; 17421
19; 1; 29; 18393
21; 1; 30; 19017
6; 1; 4; 20610
0; 1; 14; 20652
9; 1; 8; 22467
27; 1; 42; 29962
10; 1; 42; 36024
11; 1; 42; 36333
7; 1; 1; 36762
17; 1; 5; 41300
25; 1; 4; 41632
16; 1; 22; 41866
13; 1; 42; 44330
22; 1; 4; 45503
20; 1; 24; 46249
14; 1; 12; 47635
18; 1; 35; 49487
23; 1; 15; 58863
15; 1; 6; 60220
12; 1; 1; 61385
5; 1; 12; 64954
8; 1; 26; 67498
4; 1; 45; 70181
