**** 904 ****
132
490; 430; 1; 2; 0
492; 583; 2; 1; 3
564; 496; 2; 1; 6
649; 531; 1; 2; 8
541; 632; 2; 1; 13
685; 588; 1; 2; 15
660; 660; 2; 1; 17
463; 594; 1; 2; 24
445; 530; 2; 1; 29
694; 699; 1; 2; 70
693; 643; 1; 2; 75
513; 637; 2; 1; 89
640; 528; 1; 2; 113
588; 494; 2; 1; 115
448; 437; 1; 2; 137
515; 506; 2; 1; 140
550; 703; 1; 2; 146
488; 704; 2; 1; 154
510; 633; 2; 1; 158
439; 543; 2; 1; 168
669; 488; 1; 2; 173
658; 475; 1; 2; 173
573; 612; 1; 2; 174
657; 554; 2; 1; 174
685; 689; 1; 2; 174
609; 525; 2; 1; 180
515; 460; 2; 1; 182
668; 423; 2; 1; 198
613; 616; 1; 2; 201
699; 609; 1; 2; 214
596; 615; 2; 1; 219
429; 509; 1; 2; 259
668; 611; 2; 1; 264
676; 493; 2; 1; 289
691; 421; 2; 1; 307
548; 620; 2; 1; 338
476; 426; 2; 1; 341
682; 695; 1; 2; 347
639; 682; 1; 2; 349
620; 679; 1; 2; 357
690; 437; 2; 1; 361
530; 481; 2; 1; 369
517; 621; 2; 1; 369
550; 542; 2; 1; 375
614; 642; 2; 1; 383
645; 507; 2; 1; 385
553; 441; 1; 2; 388
438; 434; 1; 2; 392
611; 469; 2; 1; 394
504; 649; 1; 2; 401
581; 654; 1; 2; 409
589; 480; 2; 1; 420
685; 663; 1; 2; 428
646; 686; 1; 2; 438
418; 607; 2; 1; 449
457; 583; 2; 1; 450
667; 560; 2; 1; 451
553; 424; 2; 1; 462
703; 672; 2; 1; 467
461; 696; 2; 1; 471
537; 635; 2; 1; 474
577; 418; 1; 2; 481
681; 414; 2; 1; 489
426; 573; 2; 1; 491
506; 512; 1; 2; 491
619; 469; 1; 2; 512
580; 657; 2; 1; 516
498; 649; 2; 1; 516
437; 457; 1; 2; 529
427; 622; 1; 2; 530
583; 701; 1; 2; 542
526; 414; 2; 1; 558
690; 629; 1; 2; 559
465; 581; 2; 1; 566
658; 674; 1; 2; 567
630; 680; 1; 2; 585
443; 573; 2; 1; 603
682; 676; 1; 2; 607
561; 632; 2; 1; 616
674; 445; 2; 1; 617
475; 651; 2; 1; 618
554; 642; 1; 2; 626
500; 518; 2; 1; 629
422; 582; 1; 2; 632
579; 569; 1; 2; 632
528; 568; 1; 2; 640
584; 484; 1; 2; 646
494; 564; 2; 1; 646
440; 482; 1; 2; 654
490; 474; 2; 1; 655
704; 457; 1; 2; 675
643; 558; 2; 1; 686
579; 548; 2; 1; 688
618; 680; 2; 1; 706
523; 570; 2; 1; 711
669; 531; 1; 2; 719
621; 537; 2; 1; 722
633; 683; 2; 1; 741
644; 606; 1; 2; 742
492; 638; 1; 2; 746
603; 520; 1; 2; 754
524; 474; 1; 2; 780
439; 599; 2; 1; 782
527; 664; 2; 1; 785
596; 424; 1; 2; 800
560; 551; 2; 1; 808
584; 698; 2; 1; 822
576; 424; 2; 1; 835
593; 496; 1; 2; 836
552; 614; 2; 1; 837
534; 419; 1; 2; 838
430; 701; 1; 2; 839
515; 563; 2; 1; 851
643; 558; 2; 1; 860
562; 626; 2; 1; 881
564; 690; 2; 1; 884
697; 467; 1; 2; 888
418; 419; 2; 1; 893
660; 669; 1; 2; 902
666; 440; 2; 1; 912
518; 626; 2; 1; 919
655; 541; 1; 2; 919
570; 597; 1; 2; 920
653; 454; 1; 2; 930
619; 490; 1; 2; 934
702; 574; 1; 2; 935
532; 613; 1; 2; 939
516; 545; 1; 2; 951
538; 635; 2; 1; 962
484; 439; 1; 2; 964
665; 660; 1; 2; 973
466; 466; 1; 2; 988
29
23; 1; 24; 2880
3; 1; 33; 6043
18; 1; 22; 6828
9; 1; 9; 9155
24; 1; 32; 9225
22; 1; 12; 9478
28; 1; 23; 11753
0; 1; 34; 15698
25; 1; 26; 18422
8; 1; 12; 20963
2; 1; 33; 21951
14; 1; 29; 24449
26; 1; 10; 25813
7; 1; 8; 28572
13; 1; 14; 38122
6; 1; 23; 38248
19; 1; 5; 40267
1; 1; 27; 43395
21; 1; 33; 46109
17; 1; 6; 46738
4; 1; 2; 56721
27; 1; 6; 57191
16; 1; 6; 58780
11; 1; 13; 62008
12; 1; 39; 67881
10; 1; 45; 69467
20; 1; 42; 69546
15; 1; 23; 70541
5; 1; 31; 73716
