**** 905 ****
132
479; 554; 2; 1; 5
438; 430; 1; 2; 15
561; 490; 1; 2; 16
439; 489; 2; 1; 34
491; 454; 1; 2; 34
451; 599; 1; 2; 38
499; 609; 1; 2; 39
550; 619; 1; 2; 43
511; 549; 2; 1; 46
592; 485; 2; 1; 62
658; 695; 2; 1; 72
493; 542; 1; 2; 80
478; 486; 1; 2; 85
687; 691; 1; 2; 89
415; 659; 2; 1; 90
628; 600; 1; 2; 98
628; 502; 1; 2; 104
576; 658; 2; 1; 113
587; 658; 1; 2; 115
624; 563; 2; 1; 129
654; 478; 1; 2; 130
635; 434; 1; 2; 130
570; 581; 1; 2; 181
533; 673; 1; 2; 187
700; 542; 2; 1; 188
690; 510; 1; 2; 192
574; 601; 2; 1; 200
538; 513; 2; 1; 257
482; 541; 1; 2; 257
587; 450; 1; 2; 297
648; 631; 1; 2; 312
512; 494; 1; 2; 317
457; 524; 1; 2; 331
476; 591; 1; 2; 337
679; 675; 1; 2; 338
593; 453; 1; 2; 358
598; 478; 1; 2; 358
429; 657; 2; 1; 359
668; 654; 1; 2; 360
593; 461; 1; 2; 361
563; 434; 2; 1; 364
493; 453; 2; 1; 376
584; 457; 1; 2; 377
582; 598; 2; 1; 378
450; 488; 2; 1; 382
645; 579; 1; 2; 397
572; 509; 1; 2; 402
543; 456; 2; 1; 402
414; 678; 1; 2; 406
467; 453; 1; 2; 413
571; 476; 1; 2; 414
695; 695; 2; 1; 432
652; 421; 2; 1; 432
675; 424; 2; 1; 433
466; 431; 2; 1; 434
419; 547; 1; 2; 440
698; 592; 2; 1; 442
449; 617; 2; 1; 453
684; 475; 1; 2; 473
645; 689; 2; 1; 475
481; 562; 2; 1; 476
494; 512; 1; 2; 481
643; 429; 1; 2; 524
540; 623; 2; 1; 529
582; 580; 1; 2; 529
634; 684; 1; 2; 538
614; 507; 2; 1; 542
695; 435; 1; 2; 543
539; 515; 2; 1; 545
456; 694; 2; 1; 548
579; 665; 2; 1; 567
559; 482; 2; 1; 568
630; 701; 2; 1; 570
692; 452; 2; 1; 580
595; 660; 1; 2; 580
428; 562; 1; 2; 597
427; 459; 2; 1; 603
513; 665; 2; 1; 606
548; 422; 1; 2; 606
653; 473; 2; 1; 611
700; 625; 2; 1; 633
676; 672; 2; 1; 634
446; 642; 1; 2; 635
593; 512; 2; 1; 642
642; 597; 2; 1; 644
600; 440; 2; 1; 647
576; 502; 1; 2; 665
694; 559; 1; 2; 668
548; 455; 2; 1; 674
623; 487; 2; 1; 683
609; 582; 1; 2; 686
476; 666; 1; 2; 691
471; 432; 1; 2; 701
448; 697; 1; 2; 711
464; 448; 1; 2; 725
695; 617; 2; 1; 726
457; 479; 1; 2; 737
671; 702; 2; 1; 744
578; 429; 2; 1; 750
667; 691; 2; 1; 772
620; 574; 2; 1; 773
624; 412; 1; 2; 773
522; 493; 2; 1; 784
470; 618; 1; 2; 792
567; 495; 1; 2; 801
534; 473; 1; 2; 802
604; 419; 1; 2; 803
547; 689; 1; 2; 815
453; 480; 1; 2; 815
428; 490; 2; 1; 822
431; 565; 1; 2; 825
528; 569; 1; 2; 827
622; 564; 1; 2; 833
567; 634; 1; 2; 850
641; 685; 1; 2; 856
540; 688; 1; 2; 859
634; 570; 1; 2; 870
440; 492; 2; 1; 900
653; 485; 2; 1; 901
442; 652; 2; 1; 905
580; 480; 1; 2; 906
542; 509; 2; 1; 909
558; 520; 2; 1; 910
472; 680; 2; 1; 951
503; 657; 1; 2; 953
420; 464; 2; 1; 974
641; 681; 1; 2; 981
679; 470; 2; 1; 986
477; 503; 1; 2; 993
510; 455; 2; 1; 998
643; 512; 2; 1; 1000
475; 672; 1; 2; 1001
29
18; 1; 23; 1133
23; 1; 10; 2397
27; 1; 12; 3992
16; 1; 8; 9638
7; 1; 30; 13564
22; 1; 28; 16912
25; 1; 24; 17074
28; 1; 49; 25035
5; 1; 3; 29509
0; 1; 36; 33595
11; 1; 27; 34377
4; 1; 31; 36382
20; 1; 42; 38437
15; 1; 19; 38663
9; 1; 8; 39094
26; 1; 38; 42074
19; 1; 24; 42772
13; 1; 12; 45262
17; 1; 15; 46678
2; 1; 46; 48546
14; 1; 16; 50596
1; 1; 9; 52283
12; 1; 33; 58715
24; 1; 16; 61403
6; 1; 25; 61889
8; 1; 8; 72351
3; 1; 14; 73472
10; 1; 29; 73541
21; 1; 43; 73672
