**** 906 ****
132
569; 664; 1; 2; 0
613; 546; 2; 1; 0
485; 624; 2; 1; 3
556; 579; 2; 1; 6
573; 662; 1; 2; 15
575; 418; 2; 1; 23
445; 674; 1; 2; 30
461; 488; 1; 2; 35
644; 444; 1; 2; 39
560; 617; 2; 1; 53
641; 531; 1; 2; 57
414; 603; 1; 2; 100
573; 575; 1; 2; 113
552; 483; 1; 2; 128
502; 466; 1; 2; 135
625; 455; 2; 1; 150
543; 438; 2; 1; 151
549; 466; 1; 2; 154
471; 593; 1; 2; 157
510; 507; 2; 1; 159
543; 455; 1; 2; 162
540; 515; 1; 2; 162
640; 443; 1; 2; 162
555; 525; 2; 1; 163
604; 645; 1; 2; 187
702; 530; 2; 1; 195
557; 483; 1; 2; 203
550; 615; 2; 1; 226
559; 433; 2; 1; 227
659; 645; 1; 2; 232
461; 479; 2; 1; 239
550; 610; 2; 1; 240
547; 533; 2; 1; 245
495; 658; 1; 2; 276
481; 512; 1; 2; 282
523; 615; 2; 1; 287
455; 420; 2; 1; 293
422; 454; 2; 1; 302
462; 666; 1; 2; 309
569; 464; 1; 2; 315
696; 472; 2; 1; 343
504; 683; 1; 2; 348
419; 649; 1; 2; 352
570; 618; 1; 2; 354
476; 523; 2; 1; 366
592; 530; 1; 2; 373
453; 531; 2; 1; 376
569; 612; 1; 2; 384
513; 424; 1; 2; 400
487; 695; 1; 2; 401
656; 529; 1; 2; 405
429; 434; 2; 1; 406
477; 419; 1; 2; 407
519; 552; 1; 2; 409
644; 612; 2; 1; 413
627; 528; 1; 2; 419
694; 467; 1; 2; 421
469; 684; 1; 2; 448
589; 529; 2; 1; 451
551; 695; 1; 2; 452
664; 445; 1; 2; 452
537; 450; 2; 1; 492
495; 650; 2; 1; 499
630; 581; 1; 2; 500
696; 477; 1; 2; 503
676; 584; 2; 1; 507
687; 602; 2; 1; 507
667; 457; 2; 1; 510
546; 536; 2; 1; 514
668; 519; 1; 2; 519
511; 516; 1; 2; 524
457; 576; 1; 2; 525
458; 443; 2; 1; 532
624; 511; 1; 2; 541
547; 413; 1; 2; 548
554; 574; 1; 2; 557
557; 557; 2; 1; 563
432; 561; 1; 2; 564
611; 547; 1; 2; 568
600; 682; 1; 2; 576
705; 546; 1; 2; 589
683; 516; 2; 1; 596
499; 672; 1; 2; 598
570; 607; 1; 2; 599
623; 420; 1; 2; 614
533; 581; 2; 1; 615
594; 627; 2; 1; 615
552; 466; 2; 1; 628
571; 532; 1; 2; 643
434; 631; 2; 1; 644
526; 550; 2; 1; 660
564; 530; 2; 1; 661
675; 466; 2; 1; 675
666; 531; 1; 2; 683
553; 419; 2; 1; 690
670; 503; 1; 2; 700
538; 645; 2; 1; 701
452; 658; 1; 2; 707
690; 633; 2; 1; 718
598; 604; 1; 2; 722
560; 521; 1; 2; 726
533; 686; 1; 2; 726
515; 640; 2; 1; 733
475; 583; 2; 1; 737
607; 684; 1; 2; 749
436; 582; 2; 1; 768
687; 612; 2; 1; 771
460; 530; 2; 1; 780
517; 537; 2; 1; 792
650; 448; 2; 1; 803
625; 535; 1; 2; 811
533; 529; 1; 2; 818
531; 565; 1; 2; 818
682; 635; 2; 1; 827
537; 628; 2; 1; 831
472; 527; 2; 1; 844
482; 669; 1; 2; 847
478; 607; 1; 2; 847
687; 568; 2; 1; 849
659; 444; 2; 1; 858
431; 635; 1; 2; 864
494; 544; 2; 1; 871
653; 697; 1; 2; 882
415; 680; 1; 2; 884
575; 572; 1; 2; 884
414; 502; 1; 2; 885
566; 441; 2; 1; 936
549; 546; 2; 1; 959
537; 589; 2; 1; 974
435; 472; 2; 1; 984
535; 573; 2; 1; 984
444; 529; 2; 1; 1002
29
23; 1; 26; 3918
10; 1; 3; 5180
27; 1; 46; 6695
7; 1; 8; 13191
26; 1; 7; 16318
19; 1; 4; 16552
24; 1; 5; 18475
17; 1; 32; 18619
25; 1; 18; 20685
8; 1; 2; 22299
22; 1; 32; 30429
13; 1; 21; 30701
20; 1; 19; 31772
14; 1; 8; 33667
4; 1; 19; 38638
11; 1; 26; 41962
1; 1; 36; 49270
9; 1; 28; 49769
28; 1; 24; 56576
0; 1; 14; 56778
5; 1; 17; 57562
12; 1; 40; 58909
21; 1; 11; 59759
16; 1; 17; 62952
15; 1; 8; 65244
18; 1; 38; 66909
3; 1; 9; 69000
2; 1; 27; 69966
6; 1; 13; 72664
