**** 907 ****
132
560; 423; 2; 1; 17
629; 435; 1; 2; 36
698; 505; 2; 1; 39
443; 618; 1; 2; 48
450; 525; 2; 1; 56
688; 571; 1; 2; 59
672; 622; 1; 2; 62
690; 469; 1; 2; 84
413; 686; 1; 2; 92
633; 671; 2; 1; 102
591; 463; 2; 1; 115
458; 525; 2; 1; 127
571; 532; 1; 2; 132
614; 514; 1; 2; 146
553; 463; 1; 2; 156
659; 503; 1; 2; 173
695; 483; 1; 2; 173
628; 581; 1; 2; 184
611; 603; 1; 2; 189
462; 634; 2; 1; 196
618; 500; 2; 1; 198
591; 555; 1; 2; 201
422; 463; 1; 2; 204
495; 495; 2; 1; 211
695; 418; 1; 2; 223
688; 695; 2; 1; 224
472; 531; 1; 2; 225
652; 513; 2; 1; 225
536; 594; 2; 1; 234
558; 658; 1; 2; 236
495; 689; 2; 1; 236
500; 702; 1; 2; 244
437; 440; 1; 2; 246
496; 643; 1; 2; 258
692; 500; 2; 1; 280
539; 656; 2; 1; 293
435; 611; 2; 1; 308
672; 646; 1; 2; 316
414; 597; 2; 1; 322
638; 476; 2; 1; 343
474; 430; 2; 1; 352
585; 578; 2; 1; 356
548; 679; 2; 1; 363
609; 471; 1; 2; 365
703; 592; 1; 2; 367
634; 612; 1; 2; 391
517; 520; 2; 1; 398
650; 443; 1; 2; 398
531; 495; 1; 2; 400
631; 574; 2; 1; 404
481; 640; 2; 1; 416
449; 535; 1; 2; 420
575; 630; 2; 1; 421
570; 493; 1; 2; 425
582; 640; 1; 2; 432
526; 690; 1; 2; 439
523; 593; 2; 1; 440
475; 554; 1; 2; 448
617; 481; 1; 2; 465
508; 661; 2; 1; 476
530; 685; 1; 2; 477
536; 615; 2; 1; 481
476; 544; 2; 1; 482
633; 628; 1; 2; 495
576; 667; 2; 1; 503
668; 645; 2; 1; 521
639; 418; 1; 2; 523
701; 505; 2; 1; 526
661; 569; 1; 2; 528
445; 585; 1; 2; 529
513; 555; 2; 1; 540
454; 568; 2; 1; 550
642; 571; 2; 1; 554
477; 694; 2; 1; 562
422; 639; 1; 2; 569
489; 437; 2; 1; 572
489; 554; 2; 1; 578
560; 615; 2; 1; 579
543; 678; 2; 1; 588
531; 476; 1; 2; 600
450; 681; 1; 2; 604
511; 529; 2; 1; 606
500; 654; 1; 2; 609
496; 591; 1; 2; 613
474; 628; 1; 2; 617
491; 540; 2; 1; 618
522; 488; 1; 2; 626
521; 687; 2; 1; 627
446; 450; 1; 2; 636
607; 460; 2; 1; 640
473; 669; 2; 1; 645
596; 691; 2; 1; 674
461; 494; 1; 2; 677
486; 447; 1; 2; 680
564; 604; 2; 1; 696
437; 680; 2; 1; 697
495; 675; 2; 1; 708
428; 598; 2; 1; 713
606; 690; 1; 2; 713
534; 546; 1; 2; 715
475; 507; 2; 1; 719
651; 593; 1; 2; 736
656; 673; 1; 2; 758
683; 651; 1; 2; 761
456; 585; 1; 2; 761
685; 705; 2; 1; 771
549; 608; 2; 1; 786
537; 559; 1; 2; 786
412; 691; 1; 2; 796
437; 429; 1; 2; 814
603; 698; 2; 1; 814
678; 667; 1; 2; 822
487; 580; 2; 1; 831
478; 620; 1; 2; 846
501; 647; 2; 1; 850
420; 500; 2; 1; 851
436; 438; 1; 2; 852
500; 593; 1; 2; 865
656; 610; 2; 1; 869
573; 697; 1; 2; 869
624; 481; 1; 2; 872
530; 577; 1; 2; 875
678; 433; 2; 1; 908
548; 533; 1; 2; 922
545; 436; 1; 2; 923
432; 652; 2; 1; 942
673; 500; 1; 2; 954
657; 563; 1; 2; 963
579; 486; 1; 2; 963
414; 525; 1; 2; 968
533; 654; 2; 1; 968
558; 673; 1; 2; 995
29
26; 1; 22; 15030
22; 1; 36; 15911
20; 1; 42; 16254
8; 1; 7; 17022
21; 1; 9; 17033
6; 1; 40; 17985
23; 1; 9; 18329
28; 1; 26; 18891
1; 1; 37; 19052
11; 1; 8; 23241
15; 1; 25; 26470
9; 1; 35; 29095
14; 1; 3; 32588
0; 1; 47; 32646
4; 1; 46; 33594
7; 1; 35; 38283
27; 1; 36; 39353
12; 1; 18; 40179
3; 1; 8; 42735
17; 1; 8; 49199
18; 1; 38; 54046
2; 1; 38; 55998
16; 1; 42; 63028
5; 1; 15; 63221
19; 1; 42; 64631
13; 1; 4; 68461
10; 1; 7; 68610
24; 1; 36; 71262
25; 1; 18; 71450
