**** 908 ****
132
488; 522; 2; 1; 0
580; 664; 1; 2; 9
681; 527; 2; 1; 15
578; 639; 2; 1; 19
674; 653; 2; 1; 44
548; 441; 2; 1; 45
633; 680; 1; 2; 47
491; 508; 2; 1; 52
575; 700; 2; 1; 53
562; 592; 1; 2; 56
537; 499; 1; 2; 58
470; 628; 2; 1; 64
618; 506; 1; 2; 66
448; 444; 1; 2; 73
544; 494; 1; 2; 83
696; 570; 2; 1; 105
635; 482; 2; 1; 112
464; 420; 1; 2; 131
443; 560; 1; 2; 131
575; 599; 2; 1; 133
629; 489; 1; 2; 141
699; 571; 1; 2; 160
669; 527; 2; 1; 162
475; 690; 1; 2; 162
655; 519; 2; 1; 181
571; 432; 1; 2; 187
570; 630; 1; 2; 188
705; 650; 1; 2; 190
524; 646; 2; 1; 192
448; 627; 2; 1; 193
477; 677; 2; 1; 197
629; 473; 2; 1; 207
611; 430; 1; 2; 210
444; 461; 1; 2; 218
597; 604; 1; 2; 228
628; 551; 2; 1; 237
549; 622; 2; 1; 241
440; 467; 1; 2; 249
556; 428; 1; 2; 257
693; 536; 2; 1; 259
584; 573; 2; 1; 263
524; 587; 2; 1; 265
677; 569; 1; 2; 269
434; 421; 1; 2; 271
664; 474; 1; 2; 274
643; 462; 2; 1; 285
495; 451; 2; 1; 293
705; 501; 2; 1; 295
663; 562; 1; 2; 299
481; 482; 2; 1; 300
594; 631; 1; 2; 305
446; 701; 1; 2; 308
627; 435; 2; 1; 319
623; 509; 2; 1; 325
582; 572; 1; 2; 329
482; 693; 1; 2; 331
510; 509; 1; 2; 343
571; 624; 2; 1; 345
578; 651; 2; 1; 386
460; 446; 1; 2; 386
685; 604; 2; 1; 400
598; 514; 1; 2; 403
570; 419; 2; 1; 409
550; 565; 1; 2; 422
483; 425; 1; 2; 456
681; 460; 2; 1; 462
572; 591; 1; 2; 468
701; 443; 2; 1; 471
441; 528; 1; 2; 480
581; 678; 1; 2; 484
540; 478; 2; 1; 484
562; 569; 2; 1; 489
661; 439; 2; 1; 490
639; 650; 1; 2; 499
531; 443; 1; 2; 509
526; 608; 1; 2; 511
620; 689; 2; 1; 528
460; 444; 2; 1; 533
646; 634; 2; 1; 546
604; 705; 1; 2; 549
587; 526; 2; 1; 552
535; 544; 2; 1; 552
670; 653; 2; 1; 557
619; 460; 1; 2; 567
638; 584; 1; 2; 573
479; 492; 1; 2; 585
677; 437; 2; 1; 594
537; 635; 2; 1; 602
456; 452; 2; 1; 607
571; 574; 1; 2; 612
484; 452; 2; 1; 618
566; 662; 1; 2; 620
494; 632; 2; 1; 622
702; 506; 1; 2; 630
613; 520; 2; 1; 644
527; 509; 1; 2; 644
612; 696; 1; 2; 658
620; 515; 2; 1; 686
493; 664; 1; 2; 691
619; 440; 2; 1; 692
636; 515; 2; 1; 693
586; 569; 1; 2; 725
548; 595; 1; 2; 727
534; 599; 2; 1; 734
661; 430; 2; 1; 735
584; 679; 2; 1; 751
568; 605; 2; 1; 760
446; 476; 1; 2; 777
626; 704; 2; 1; 777
533; 493; 2; 1; 787
426; 592; 1; 2; 788
526; 688; 2; 1; 792
512; 499; 2; 1; 807
630; 602; 1; 2; 833
463; 494; 2; 1; 835
522; 593; 1; 2; 846
615; 449; 1; 2; 850
437; 510; 1; 2; 852
641; 474; 1; 2; 861
464; 612; 1; 2; 869
569; 413; 1; 2; 872
527; 667; 2; 1; 923
588; 580; 2; 1; 927
646; 489; 2; 1; 932
420; 576; 1; 2; 939
630; 432; 1; 2; 943
464; 452; 1; 2; 955
618; 579; 2; 1; 972
612; 455; 2; 1; 975
599; 599; 1; 2; 984
468; 431; 2; 1; 985
582; 567; 1; 2; 1006
29
15; 1; 10; 10
27; 1; 18; 475
8; 1; 39; 2237
18; 1; 37; 5211
3; 1; 21; 9916
6; 1; 21; 11625
17; 1; 22; 11667
14; 1; 5; 16460
1; 1; 46; 21385
22; 1; 44; 21458
26; 1; 12; 22355
21; 1; 40; 29500
19; 1; 43; 30351
12; 1; 21; 31928
5; 1; 8; 34187
0; 1; 3; 35969
24; 1; 35; 40580
25; 1; 11; 42981
13; 1; 45; 47298
20; 1; 28; 48054
23; 1; 44; 51327
16; 1; 16; 51610
11; 1; 16; 54191
10; 1; 17; 54595
2; 1; 36; 59034
4; 1; 4; 59929
7; 1; 7; 66007
9; 1; 19; 68452
28; 1; 8; 75244
