**** 909 ****
132
558; 516; 2; 1; 5
432; 477; 1; 2; 15
482; 462; 2; 1; 16
566; 415; 2; 1; 17
605; 671; 1; 2; 46
532; 705; 1; 2; 47
452; 599; 1; 2; 51
601; 637; 2; 1; 53
623; 422; 2; 1; 62
525; 590; 2; 1; 64
489; 634; 1; 2; 70
497; 581; 2; 1; 85
613; 537; 2; 1; 88
441; 697; 2; 1; 105
623; 686; 2; 1; 107
573; 579; 1; 2; 111
689; 493; 1; 2; 123
516; 548; 1; 2; 132
503; 650; 2; 1; 143
548; 525; 1; 2; 148
551; 547; 2; 1; 165
667; 582; 2; 1; 195
494; 469; 2; 1; 202
452; 433; 1; 2; 203
424; 484; 2; 1; 206
504; 594; 1; 2; 226
644; 463; 1; 2; 251
694; 652; 1; 2; 258
469; 492; 1; 2; 266
542; 611; 2; 1; 271
560; 629; 2; 1; 289
550; 431; 1; 2; 296
499; 677; 1; 2; 310
520; 666; 1; 2; 314
516; 672; 1; 2; 317
550; 461; 2; 1; 317
517; 430; 2; 1; 319
535; 520; 1; 2; 319
586; 421; 2; 1; 328
534; 447; 2; 1; 345
643; 499; 1; 2; 350
638; 532; 1; 2; 352
430; 674; 2; 1; 355
431; 490; 1; 2; 370
673; 518; 1; 2; 377
557; 539; 2; 1; 378
420; 429; 2; 1; 413
537; 548; 1; 2; 417
633; 467; 1; 2; 417
526; 446; 2; 1; 431
626; 548; 2; 1; 432
504; 536; 2; 1; 433
607; 694; 2; 1; 437
528; 448; 1; 2; 437
522; 582; 2; 1; 438
494; 534; 2; 1; 445
532; 597; 1; 2; 449
662; 565; 1; 2; 463
448; 605; 1; 2; 465
527; 699; 2; 1; 483
481; 574; 2; 1; 492
418; 546; 2; 1; 496
502; 643; 2; 1; 497
640; 446; 2; 1; 500
553; 497; 2; 1; 511
485; 618; 1; 2; 512
419; 507; 2; 1; 516
418; 509; 2; 1; 517
677; 686; 2; 1; 529
656; 548; 1; 2; 530
676; 471; 2; 1; 533
486; 666; 1; 2; 536
543; 644; 2; 1; 536
573; 424; 2; 1; 545
600; 628; 2; 1; 548
677; 634; 2; 1; 557
501; 590; 2; 1; 558
521; 695; 1; 2; 560
550; 459; 2; 1; 562
677; 691; 1; 2; 574
683; 668; 1; 2; 575
413; 619; 1; 2; 576
486; 431; 2; 1; 577
461; 679; 1; 2; 583
522; 431; 1; 2; 584
511; 440; 2; 1; 591
703; 579; 2; 1; 592
566; 563; 1; 2; 611
578; 671; 1; 2; 612
512; 525; 1; 2; 614
497; 464; 1; 2; 619
632; 425; 2; 1; 626
637; 411; 1; 2; 632
627; 619; 1; 2; 644
665; 572; 1; 2; 651
507; 619; 2; 1; 659
444; 436; 1; 2; 680
533; 568; 1; 2; 694
435; 589; 1; 2; 698
443; 582; 1; 2; 699
552; 652; 2; 1; 722
550; 604; 2; 1; 724
476; 605; 2; 1; 725
590; 538; 1; 2; 729
554; 593; 1; 2; 744
489; 577; 1; 2; 764
530; 446; 2; 1; 775
421; 535; 2; 1; 785
468; 702; 1; 2; 788
543; 577; 2; 1; 796
635; 695; 2; 1; 803
651; 554; 2; 1; 818
704; 682; 1; 2; 819
549; 668; 2; 1; 832
628; 464; 2; 1; 837
421; 423; 1; 2; 840
703; 603; 2; 1; 841
694; 664; 1; 2; 844
590; 559; 2; 1; 847
673; 419; 1; 2; 848
672; 585; 2; 1; 854
659; 427; 2; 1; 861
446; 533; 1; 2; 876
508; 651; 1; 2; 889
624; 412; 1; 2; 906
413; 436; 1; 2; 935
690; 422; 2; 1; 936
629; 638; 1; 2; 943
616; 548; 1; 2; 957
674; 617; 1; 2; 967
546; 474; 2; 1; 977
564; 556; 1; 2; 986
29
14; 1; 9; 3805
21; 1; 31; 12675
9; 1; 40; 19345
24; 1; 3; 21818
19; 1; 5; 25296
8; 1; 13; 28192
4; 1; 42; 29796
18; 1; 45; 30552
12; 1; 44; 31342
2; 1; 41; 32885
25; 1; 37; 33155
7; 1; 7; 34325
1; 1; 45; 34983
17; 1; 45; 35110
22; 1; 35; 36451
13; 1; 33; 37346
0; 1; 34; 37819
20; 1; 38; 45595
26; 1; 47; 53169
10; 1; 14; 56282
15; 1; 1; 60899
28; 1; 20; 61397
16; 1; 19; 61431
27; 1; 26; 63288
5; 1; 40; 67250
3; 1; 33; 69311
23; 1; 26; 70637
6; 1; 13; 70892
11; 1; 14; 71142
