**** 91 ****
58
47; 105; 1; 2; 0
94; 94; 2; 1; 0
82; 70; 1; 2; 5
91; 49; 1; 2; 8
58; 47; 2; 1; 11
49; 54; 2; 1; 12
108; 81; 1; 2; 13
51; 106; 2; 1; 21
91; 80; 1; 2; 25
86; 91; 2; 1; 27
107; 61; 1; 2; 29
84; 98; 1; 2; 30
53; 77; 1; 2; 32
94; 98; 1; 2; 37
107; 67; 2; 1; 42
103; 44; 1; 2; 44
86; 46; 2; 1; 48
83; 111; 1; 2; 50
112; 84; 2; 1; 54
57; 90; 1; 2; 57
109; 44; 1; 2; 62
66; 73; 1; 2; 68
87; 108; 1; 2; 71
55; 106; 1; 2; 74
64; 83; 2; 1; 80
81; 95; 2; 1; 83
55; 45; 2; 1; 89
106; 97; 1; 2; 90
108; 88; 1; 2; 90
112; 77; 1; 2; 94
86; 106; 2; 1; 98
44; 86; 2; 1; 105
70; 66; 1; 2; 108
88; 102; 2; 1; 112
85; 99; 1; 2; 114
111; 108; 1; 2; 114
112; 52; 1; 2; 125
103; 73; 1; 2; 126
56; 51; 2; 1; 126
91; 72; 2; 1; 130
105; 71; 2; 1; 135
110; 77; 2; 1; 136
86; 49; 2; 1; 137
55; 86; 1; 2; 142
42; 87; 2; 1; 143
98; 43; 1; 2; 151
83; 92; 1; 2; 151
66; 56; 1; 2; 159
70; 63; 2; 1; 163
72; 104; 1; 2; 167
47; 100; 1; 2; 167
110; 82; 2; 1; 171
55; 90; 2; 1; 172
46; 60; 1; 2; 175
75; 102; 2; 1; 181
69; 67; 2; 1; 187
72; 110; 1; 2; 187
62; 97; 1; 2; 187
14
11; 1; 23; 136
4; 1; 19; 166
5; 1; 4; 1011
1; 1; 17; 1346
10; 1; 44; 1397
6; 1; 12; 1693
0; 1; 40; 1929
8; 1; 39; 2007
3; 1; 46; 2443
2; 1; 7; 2974
12; 1; 23; 3161
13; 1; 35; 3273
9; 1; 36; 3775
7; 1; 7; 4641
