**** 910 ****
132
429; 434; 2; 1; 5
659; 457; 2; 1; 7
641; 411; 1; 2; 16
658; 471; 2; 1; 24
571; 445; 1; 2; 34
519; 496; 1; 2; 36
612; 601; 2; 1; 36
658; 669; 2; 1; 36
468; 469; 1; 2; 55
535; 525; 2; 1; 58
603; 696; 2; 1; 63
574; 528; 2; 1; 79
621; 499; 1; 2; 87
593; 660; 2; 1; 97
433; 601; 1; 2; 99
586; 509; 2; 1; 102
586; 554; 1; 2; 105
535; 430; 2; 1; 106
486; 678; 2; 1; 107
590; 480; 1; 2; 110
549; 440; 2; 1; 122
673; 511; 2; 1; 124
702; 557; 2; 1; 142
413; 499; 2; 1; 144
515; 499; 2; 1; 147
640; 520; 2; 1; 148
594; 699; 1; 2; 156
704; 686; 1; 2; 160
509; 502; 1; 2; 161
624; 698; 2; 1; 169
627; 699; 1; 2; 176
492; 582; 2; 1; 181
442; 632; 2; 1; 193
699; 492; 1; 2; 194
509; 437; 2; 1; 195
663; 537; 2; 1; 196
414; 568; 1; 2; 196
501; 667; 1; 2; 198
457; 649; 1; 2; 205
454; 492; 2; 1; 218
566; 445; 2; 1; 218
565; 577; 2; 1; 221
549; 582; 1; 2; 222
695; 601; 2; 1; 231
585; 548; 1; 2; 260
620; 429; 1; 2; 266
609; 543; 2; 1; 269
523; 545; 2; 1; 271
536; 436; 2; 1; 286
698; 606; 1; 2; 289
526; 472; 2; 1; 301
468; 705; 1; 2; 305
486; 580; 2; 1; 311
553; 415; 2; 1; 327
576; 629; 1; 2; 348
542; 574; 2; 1; 355
527; 498; 1; 2; 365
567; 514; 1; 2; 376
701; 482; 2; 1; 380
480; 481; 1; 2; 395
687; 458; 2; 1; 414
704; 415; 2; 1; 414
617; 462; 1; 2; 417
519; 461; 2; 1; 437
609; 432; 1; 2; 459
481; 470; 1; 2; 473
658; 508; 2; 1; 483
542; 646; 1; 2; 491
659; 655; 1; 2; 513
617; 683; 1; 2; 513
500; 551; 2; 1; 516
435; 607; 1; 2; 519
579; 617; 1; 2; 525
423; 552; 1; 2; 526
679; 458; 2; 1; 526
505; 560; 1; 2; 552
415; 415; 1; 2; 552
638; 455; 2; 1; 558
675; 688; 1; 2; 558
561; 490; 1; 2; 571
463; 512; 1; 2; 573
421; 543; 1; 2; 579
580; 535; 1; 2; 581
582; 646; 1; 2; 587
587; 689; 2; 1; 590
506; 642; 2; 1; 617
637; 610; 2; 1; 620
685; 455; 1; 2; 627
696; 655; 1; 2; 635
431; 684; 1; 2; 640
494; 653; 1; 2; 640
616; 494; 1; 2; 643
534; 646; 2; 1; 647
536; 655; 1; 2; 653
669; 597; 1; 2; 653
555; 528; 2; 1; 656
482; 412; 1; 2; 659
548; 566; 2; 1; 668
661; 411; 2; 1; 680
526; 441; 1; 2; 683
564; 622; 1; 2; 686
523; 658; 1; 2; 687
685; 509; 2; 1; 709
551; 694; 1; 2; 722
590; 431; 2; 1; 731
535; 499; 2; 1; 744
683; 682; 2; 1; 752
697; 511; 1; 2; 765
652; 582; 2; 1; 771
652; 669; 2; 1; 783
615; 614; 1; 2; 793
620; 572; 1; 2; 816
567; 661; 1; 2; 820
514; 629; 2; 1; 822
638; 608; 2; 1; 834
493; 703; 2; 1; 855
652; 421; 2; 1; 858
505; 665; 2; 1; 911
662; 663; 1; 2; 913
661; 418; 1; 2; 922
483; 615; 2; 1; 929
522; 534; 2; 1; 939
634; 469; 2; 1; 943
555; 612; 1; 2; 949
570; 580; 2; 1; 958
612; 637; 2; 1; 958
667; 589; 1; 2; 964
452; 416; 1; 2; 965
461; 627; 2; 1; 966
434; 456; 2; 1; 971
675; 695; 1; 2; 981
516; 471; 1; 2; 992
29
13; 1; 39; 8652
14; 1; 7; 8746
25; 1; 11; 8791
2; 1; 4; 11987
10; 1; 8; 15194
24; 1; 40; 21469
9; 1; 9; 21868
0; 1; 43; 24632
11; 1; 14; 26947
26; 1; 23; 28116
20; 1; 25; 28275
12; 1; 44; 37201
28; 1; 39; 38310
18; 1; 14; 43419
6; 1; 19; 45121
19; 1; 11; 47171
5; 1; 5; 48232
15; 1; 8; 51934
27; 1; 1; 54640
8; 1; 49; 61895
3; 1; 43; 64993
4; 1; 41; 67287
22; 1; 25; 68851
7; 1; 2; 69137
16; 1; 4; 72418
1; 1; 48; 74778
21; 1; 25; 75317
23; 1; 27; 75345
17; 1; 28; 75596
