**** 911 ****
132
542; 437; 2; 1; 13
469; 455; 2; 1; 15
475; 629; 2; 1; 18
576; 491; 2; 1; 22
495; 448; 2; 1; 26
595; 555; 2; 1; 26
689; 703; 2; 1; 31
509; 465; 1; 2; 36
452; 437; 1; 2; 40
491; 553; 1; 2; 55
578; 442; 1; 2; 74
436; 650; 1; 2; 79
622; 595; 2; 1; 80
531; 557; 1; 2; 100
617; 549; 2; 1; 101
671; 693; 2; 1; 111
624; 575; 2; 1; 115
678; 561; 1; 2; 116
705; 451; 1; 2; 116
635; 591; 1; 2; 122
564; 632; 1; 2; 123
477; 510; 2; 1; 153
612; 476; 2; 1; 155
443; 598; 1; 2; 159
662; 678; 2; 1; 161
449; 685; 1; 2; 165
421; 692; 2; 1; 169
424; 684; 1; 2; 173
493; 507; 1; 2; 189
554; 509; 2; 1; 194
458; 456; 2; 1; 198
611; 586; 1; 2; 201
635; 590; 1; 2; 223
577; 689; 1; 2; 228
591; 696; 2; 1; 243
589; 483; 2; 1; 245
686; 639; 2; 1; 259
524; 702; 1; 2; 263
651; 539; 1; 2; 271
663; 522; 1; 2; 276
422; 484; 1; 2; 277
669; 571; 1; 2; 278
580; 680; 1; 2; 291
559; 658; 2; 1; 312
525; 512; 1; 2; 314
416; 678; 1; 2; 323
608; 670; 1; 2; 325
488; 575; 2; 1; 326
662; 640; 2; 1; 332
549; 674; 1; 2; 337
484; 561; 2; 1; 378
684; 483; 2; 1; 382
647; 595; 1; 2; 382
634; 605; 2; 1; 393
569; 665; 2; 1; 400
436; 654; 2; 1; 401
508; 701; 2; 1; 410
423; 676; 2; 1; 412
555; 480; 1; 2; 418
445; 495; 2; 1; 419
461; 442; 2; 1; 420
523; 414; 1; 2; 420
549; 608; 2; 1; 434
435; 618; 2; 1; 436
482; 586; 2; 1; 441
520; 429; 2; 1; 446
442; 555; 2; 1; 463
520; 571; 1; 2; 464
610; 431; 1; 2; 476
417; 490; 1; 2; 486
673; 558; 1; 2; 493
696; 626; 2; 1; 511
551; 476; 1; 2; 513
536; 581; 2; 1; 524
563; 513; 1; 2; 568
658; 423; 2; 1; 571
474; 594; 2; 1; 576
579; 676; 2; 1; 576
448; 572; 2; 1; 579
490; 425; 1; 2; 583
462; 508; 2; 1; 586
653; 467; 2; 1; 595
699; 509; 1; 2; 605
416; 556; 2; 1; 611
613; 462; 2; 1; 627
453; 556; 1; 2; 629
420; 422; 1; 2; 649
572; 615; 1; 2; 668
438; 532; 2; 1; 669
529; 697; 1; 2; 676
485; 677; 2; 1; 694
578; 427; 1; 2; 699
481; 446; 2; 1; 700
596; 696; 2; 1; 732
666; 583; 1; 2; 740
466; 631; 1; 2; 744
598; 652; 2; 1; 749
549; 486; 2; 1; 759
441; 594; 2; 1; 764
546; 546; 1; 2; 773
471; 579; 1; 2; 779
415; 416; 1; 2; 786
654; 467; 1; 2; 797
637; 592; 2; 1; 805
571; 659; 2; 1; 807
421; 636; 2; 1; 817
622; 439; 2; 1; 820
439; 652; 1; 2; 838
676; 473; 2; 1; 845
645; 595; 2; 1; 860
554; 469; 2; 1; 861
658; 665; 2; 1; 867
653; 475; 1; 2; 876
669; 668; 1; 2; 881
563; 489; 2; 1; 893
565; 534; 2; 1; 898
471; 655; 1; 2; 899
524; 420; 1; 2; 911
566; 701; 1; 2; 935
700; 705; 1; 2; 947
562; 612; 1; 2; 953
678; 651; 2; 1; 962
471; 703; 2; 1; 965
457; 594; 2; 1; 973
684; 454; 2; 1; 974
640; 636; 2; 1; 980
594; 470; 1; 2; 987
500; 643; 1; 2; 989
456; 575; 1; 2; 990
472; 509; 1; 2; 992
518; 665; 2; 1; 1004
586; 426; 2; 1; 1008
29
3; 1; 29; 3580
27; 1; 39; 4754
7; 1; 36; 4825
5; 1; 2; 4941
11; 1; 19; 5759
6; 1; 6; 9661
19; 1; 46; 12789
23; 1; 37; 14036
16; 1; 25; 14152
25; 1; 49; 15147
8; 1; 12; 17602
14; 1; 10; 18000
9; 1; 32; 19022
24; 1; 26; 19404
15; 1; 36; 20136
10; 1; 43; 30394
18; 1; 46; 32681
28; 1; 30; 33110
2; 1; 32; 35385
12; 1; 9; 41868
20; 1; 46; 47879
17; 1; 27; 49449
4; 1; 1; 54145
13; 1; 5; 59271
26; 1; 49; 65602
21; 1; 34; 69211
0; 1; 36; 72148
1; 1; 39; 72506
22; 1; 25; 72756
