**** 912 ****
132
578; 423; 2; 1; 3
594; 688; 1; 2; 31
615; 457; 1; 2; 51
510; 426; 2; 1; 63
463; 421; 1; 2; 70
597; 690; 2; 1; 73
605; 673; 2; 1; 100
658; 433; 1; 2; 101
696; 449; 2; 1; 110
622; 420; 2; 1; 118
469; 525; 2; 1; 135
562; 624; 1; 2; 139
563; 693; 1; 2; 155
588; 520; 2; 1; 159
522; 561; 2; 1; 160
667; 540; 1; 2; 161
440; 476; 1; 2; 164
449; 667; 2; 1; 171
681; 665; 1; 2; 178
603; 419; 1; 2; 195
540; 676; 1; 2; 196
614; 440; 1; 2; 199
431; 582; 1; 2; 202
624; 602; 1; 2; 205
535; 536; 1; 2; 217
519; 540; 1; 2; 235
475; 678; 2; 1; 242
623; 441; 2; 1; 251
605; 700; 1; 2; 252
423; 537; 2; 1; 270
627; 687; 2; 1; 272
414; 578; 2; 1; 275
678; 599; 1; 2; 327
609; 431; 1; 2; 328
420; 627; 2; 1; 328
599; 493; 2; 1; 332
583; 522; 1; 2; 340
421; 638; 2; 1; 343
644; 500; 1; 2; 347
431; 411; 1; 2; 349
420; 690; 1; 2; 354
561; 668; 1; 2; 357
605; 670; 1; 2; 362
418; 632; 2; 1; 364
490; 574; 2; 1; 371
426; 592; 1; 2; 374
596; 608; 2; 1; 386
583; 648; 2; 1; 395
573; 451; 1; 2; 396
626; 525; 2; 1; 410
437; 446; 1; 2; 413
535; 487; 1; 2; 427
572; 527; 2; 1; 430
662; 618; 1; 2; 454
637; 465; 1; 2; 465
509; 646; 2; 1; 465
435; 662; 1; 2; 468
642; 435; 2; 1; 480
484; 635; 2; 1; 500
631; 597; 1; 2; 503
688; 492; 2; 1; 513
495; 423; 1; 2; 516
693; 433; 1; 2; 519
498; 683; 2; 1; 530
701; 705; 2; 1; 539
686; 469; 2; 1; 552
688; 682; 1; 2; 555
681; 593; 2; 1; 567
518; 547; 2; 1; 583
568; 635; 1; 2; 588
631; 434; 2; 1; 602
482; 695; 2; 1; 603
573; 650; 2; 1; 603
499; 558; 2; 1; 607
665; 631; 2; 1; 611
489; 641; 1; 2; 613
422; 668; 1; 2; 615
473; 621; 2; 1; 620
646; 472; 2; 1; 638
608; 569; 2; 1; 640
495; 701; 2; 1; 644
673; 588; 2; 1; 651
534; 704; 1; 2; 661
689; 589; 2; 1; 663
560; 563; 2; 1; 667
602; 680; 2; 1; 677
660; 444; 1; 2; 678
515; 489; 2; 1; 681
412; 582; 1; 2; 684
669; 559; 2; 1; 692
634; 550; 2; 1; 701
528; 446; 1; 2; 714
538; 611; 2; 1; 715
653; 505; 1; 2; 717
414; 538; 2; 1; 722
479; 436; 1; 2; 728
481; 661; 1; 2; 729
644; 555; 1; 2; 735
596; 473; 1; 2; 750
662; 437; 2; 1; 754
583; 539; 1; 2; 754
455; 644; 1; 2; 788
654; 499; 1; 2; 792
559; 496; 1; 2; 793
449; 420; 2; 1; 795
497; 576; 2; 1; 818
461; 612; 2; 1; 841
586; 532; 2; 1; 845
555; 652; 1; 2; 850
559; 584; 2; 1; 853
443; 419; 1; 2; 854
547; 429; 2; 1; 877
491; 447; 2; 1; 882
658; 644; 2; 1; 891
596; 701; 1; 2; 893
413; 557; 2; 1; 901
617; 494; 1; 2; 901
448; 537; 1; 2; 912
516; 479; 2; 1; 915
602; 484; 1; 2; 924
433; 494; 1; 2; 925
694; 422; 1; 2; 933
462; 542; 2; 1; 937
593; 571; 2; 1; 952
479; 675; 1; 2; 966
646; 442; 2; 1; 968
534; 561; 1; 2; 977
462; 561; 1; 2; 980
436; 672; 2; 1; 984
544; 524; 1; 2; 995
696; 674; 1; 2; 1001
612; 624; 1; 2; 1007
29
24; 1; 9; 176
10; 1; 5; 522
18; 1; 6; 2411
28; 1; 5; 6041
7; 1; 42; 7269
13; 1; 24; 9331
11; 1; 10; 10099
19; 1; 7; 10482
6; 1; 12; 13240
22; 1; 49; 14085
17; 1; 7; 21164
3; 1; 7; 26640
15; 1; 3; 32168
1; 1; 45; 32741
12; 1; 2; 32788
5; 1; 36; 34104
14; 1; 40; 38849
20; 1; 47; 40188
0; 1; 48; 42145
4; 1; 9; 43561
16; 1; 45; 44902
21; 1; 38; 47800
26; 1; 4; 52826
27; 1; 41; 53248
8; 1; 26; 55771
23; 1; 48; 64277
2; 1; 1; 67695
9; 1; 42; 68177
25; 1; 29; 73336
