**** 913 ****
133
475; 698; 2; 1; 3
697; 579; 2; 1; 9
567; 694; 2; 1; 15
498; 530; 2; 1; 16
559; 613; 1; 2; 21
710; 645; 1; 2; 21
493; 618; 1; 2; 40
689; 623; 1; 2; 40
480; 559; 1; 2; 43
662; 590; 2; 1; 46
645; 435; 2; 1; 49
665; 452; 1; 2; 63
637; 713; 1; 2; 72
568; 566; 2; 1; 79
437; 568; 2; 1; 100
624; 583; 1; 2; 104
521; 669; 2; 1; 112
633; 599; 2; 1; 123
492; 577; 1; 2; 148
602; 497; 2; 1; 151
502; 523; 1; 2; 153
606; 493; 1; 2; 155
558; 697; 1; 2; 155
469; 653; 2; 1; 173
712; 554; 1; 2; 206
494; 546; 1; 2; 207
625; 449; 1; 2; 230
508; 536; 1; 2; 242
537; 559; 1; 2; 252
482; 489; 1; 2; 255
578; 584; 1; 2; 263
514; 444; 2; 1; 270
428; 508; 1; 2; 277
539; 475; 2; 1; 277
430; 546; 2; 1; 291
437; 465; 2; 1; 297
570; 637; 1; 2; 297
547; 587; 2; 1; 303
537; 695; 1; 2; 305
626; 482; 1; 2; 307
592; 535; 1; 2; 315
502; 565; 1; 2; 318
517; 628; 2; 1; 319
471; 628; 1; 2; 356
419; 509; 2; 1; 361
495; 484; 1; 2; 364
711; 506; 1; 2; 366
567; 426; 2; 1; 372
422; 434; 1; 2; 388
506; 703; 2; 1; 391
469; 645; 1; 2; 394
688; 512; 2; 1; 397
708; 559; 2; 1; 409
429; 497; 2; 1; 423
593; 684; 2; 1; 424
641; 526; 1; 2; 428
430; 496; 2; 1; 429
591; 470; 2; 1; 430
654; 491; 1; 2; 436
477; 430; 1; 2; 440
655; 535; 1; 2; 450
563; 633; 2; 1; 463
603; 430; 1; 2; 473
472; 608; 1; 2; 474
547; 698; 1; 2; 478
606; 516; 1; 2; 486
600; 498; 1; 2; 487
515; 668; 2; 1; 520
584; 431; 2; 1; 527
696; 460; 2; 1; 537
501; 710; 1; 2; 552
709; 578; 1; 2; 554
686; 610; 2; 1; 561
511; 513; 1; 2; 567
616; 482; 1; 2; 569
475; 676; 2; 1; 577
516; 632; 1; 2; 579
671; 560; 1; 2; 591
590; 708; 1; 2; 609
537; 537; 2; 1; 609
667; 433; 1; 2; 611
429; 548; 1; 2; 615
460; 643; 1; 2; 617
477; 552; 1; 2; 624
597; 525; 2; 1; 643
546; 476; 1; 2; 645
426; 595; 1; 2; 647
545; 505; 1; 2; 658
522; 655; 2; 1; 663
601; 496; 2; 1; 665
640; 666; 1; 2; 667
506; 490; 2; 1; 668
475; 491; 2; 1; 676
559; 416; 2; 1; 677
537; 676; 2; 1; 701
577; 682; 2; 1; 708
425; 675; 1; 2; 735
657; 639; 1; 2; 738
418; 668; 1; 2; 756
692; 633; 2; 1; 759
634; 529; 2; 1; 762
572; 486; 1; 2; 773
603; 493; 1; 2; 786
627; 527; 2; 1; 804
520; 642; 1; 2; 810
608; 677; 1; 2; 815
626; 682; 1; 2; 817
422; 517; 1; 2; 856
636; 607; 1; 2; 865
534; 705; 2; 1; 875
417; 669; 1; 2; 876
514; 499; 1; 2; 879
600; 594; 1; 2; 880
478; 562; 1; 2; 888
457; 533; 1; 2; 899
426; 671; 1; 2; 899
596; 588; 1; 2; 899
507; 685; 1; 2; 907
569; 688; 1; 2; 912
670; 549; 1; 2; 921
422; 609; 2; 1; 927
562; 421; 1; 2; 930
610; 553; 1; 2; 933
551; 578; 2; 1; 944
571; 605; 1; 2; 946
491; 527; 2; 1; 964
496; 610; 2; 1; 973
613; 711; 1; 2; 982
690; 562; 2; 1; 985
566; 525; 1; 2; 985
551; 686; 1; 2; 1003
466; 449; 1; 2; 1003
519; 576; 1; 2; 1008
29
15; 1; 28; 1092
0; 1; 37; 1827
21; 1; 23; 10446
28; 1; 43; 11997
4; 1; 29; 13112
11; 1; 23; 14421
1; 1; 44; 18229
23; 1; 14; 20585
3; 1; 14; 21893
14; 1; 20; 21981
5; 1; 22; 23995
26; 1; 14; 26542
20; 1; 23; 31747
10; 1; 46; 32108
2; 1; 26; 32783
13; 1; 21; 33783
19; 1; 22; 34847
18; 1; 8; 37472
8; 1; 30; 39876
22; 1; 42; 48858
12; 1; 49; 49466
17; 1; 5; 49650
16; 1; 33; 52568
27; 1; 8; 53924
7; 1; 25; 58242
25; 1; 45; 59542
6; 1; 39; 65238
9; 1; 40; 69107
24; 1; 45; 73048
