**** 914 ****
133
633; 563; 1; 2; 10
466; 462; 1; 2; 12
664; 573; 2; 1; 31
586; 449; 1; 2; 47
470; 531; 1; 2; 55
510; 614; 2; 1; 74
529; 655; 1; 2; 82
527; 476; 1; 2; 84
522; 517; 2; 1; 86
576; 490; 2; 1; 89
700; 423; 1; 2; 99
653; 711; 1; 2; 115
661; 511; 1; 2; 123
580; 607; 2; 1; 124
608; 502; 2; 1; 128
609; 513; 1; 2; 132
421; 538; 1; 2; 154
692; 592; 2; 1; 161
666; 529; 1; 2; 163
693; 544; 1; 2; 169
506; 560; 1; 2; 177
420; 661; 2; 1; 189
526; 574; 1; 2; 202
530; 702; 1; 2; 205
423; 653; 1; 2; 206
420; 451; 2; 1; 210
421; 531; 1; 2; 211
587; 424; 2; 1; 216
635; 566; 1; 2; 220
701; 489; 2; 1; 221
661; 558; 1; 2; 224
495; 710; 2; 1; 226
587; 604; 2; 1; 226
564; 491; 2; 1; 230
444; 473; 1; 2; 233
534; 648; 2; 1; 235
484; 507; 1; 2; 252
427; 539; 2; 1; 261
687; 634; 2; 1; 263
517; 505; 1; 2; 275
648; 514; 1; 2; 288
443; 431; 2; 1; 294
551; 710; 1; 2; 339
615; 660; 1; 2; 348
567; 499; 2; 1; 350
427; 542; 1; 2; 373
472; 620; 2; 1; 373
530; 534; 1; 2; 387
559; 453; 1; 2; 389
536; 685; 2; 1; 395
418; 695; 1; 2; 401
492; 493; 1; 2; 419
495; 576; 2; 1; 436
657; 566; 2; 1; 438
578; 537; 1; 2; 457
419; 644; 1; 2; 459
600; 462; 1; 2; 461
608; 556; 2; 1; 463
680; 621; 1; 2; 466
692; 628; 2; 1; 469
461; 454; 2; 1; 472
538; 416; 2; 1; 476
537; 451; 1; 2; 477
584; 642; 1; 2; 486
539; 584; 2; 1; 496
476; 459; 2; 1; 499
711; 587; 1; 2; 499
533; 655; 2; 1; 504
449; 574; 1; 2; 510
623; 444; 2; 1; 520
672; 703; 1; 2; 520
634; 528; 2; 1; 521
655; 609; 2; 1; 527
620; 700; 1; 2; 528
443; 603; 2; 1; 549
565; 527; 2; 1; 552
636; 676; 1; 2; 554
417; 694; 1; 2; 563
426; 593; 1; 2; 577
505; 691; 2; 1; 578
608; 431; 2; 1; 580
444; 492; 1; 2; 586
639; 536; 1; 2; 588
528; 437; 1; 2; 594
582; 696; 1; 2; 598
477; 639; 2; 1; 599
694; 704; 1; 2; 605
600; 467; 1; 2; 606
654; 466; 2; 1; 608
451; 546; 2; 1; 612
528; 428; 1; 2; 612
710; 672; 2; 1; 613
647; 699; 2; 1; 615
703; 610; 2; 1; 616
472; 445; 1; 2; 633
630; 538; 2; 1; 636
633; 605; 1; 2; 640
497; 526; 1; 2; 642
452; 587; 2; 1; 674
678; 538; 1; 2; 676
547; 508; 2; 1; 682
554; 437; 1; 2; 683
537; 549; 2; 1; 690
659; 467; 2; 1; 693
526; 452; 1; 2; 704
671; 706; 1; 2; 710
567; 688; 2; 1; 714
584; 671; 2; 1; 735
508; 429; 2; 1; 738
692; 553; 1; 2; 744
521; 690; 2; 1; 745
708; 684; 1; 2; 746
619; 511; 1; 2; 752
678; 432; 2; 1; 764
446; 697; 2; 1; 774
524; 491; 2; 1; 775
438; 500; 2; 1; 792
471; 689; 2; 1; 796
516; 505; 1; 2; 809
439; 690; 1; 2; 810
554; 640; 2; 1; 830
508; 434; 2; 1; 841
695; 667; 2; 1; 846
633; 498; 2; 1; 857
691; 428; 2; 1; 860
597; 558; 2; 1; 905
693; 433; 1; 2; 906
563; 461; 1; 2; 911
468; 482; 2; 1; 914
599; 540; 2; 1; 948
551; 641; 2; 1; 961
612; 599; 2; 1; 979
512; 641; 2; 1; 999
29
28; 1; 14; 3692
6; 1; 12; 5958
1; 1; 23; 6482
23; 1; 47; 6965
21; 1; 35; 10208
2; 1; 24; 13796
4; 1; 1; 13822
17; 1; 12; 23037
27; 1; 8; 26199
5; 1; 23; 31712
24; 1; 2; 33571
13; 1; 11; 34347
16; 1; 8; 36172
9; 1; 34; 37599
8; 1; 8; 40416
10; 1; 34; 42243
3; 1; 39; 43632
0; 1; 39; 44771
20; 1; 26; 45453
19; 1; 11; 45939
14; 1; 10; 47784
11; 1; 29; 51670
22; 1; 31; 51832
15; 1; 46; 54716
25; 1; 45; 59934
18; 1; 42; 68383
12; 1; 33; 72231
7; 1; 15; 72644
26; 1; 29; 74049
