**** 915 ****
133
551; 610; 1; 2; 33
489; 481; 2; 1; 48
703; 512; 2; 1; 57
433; 497; 2; 1; 57
525; 640; 1; 2; 62
460; 634; 1; 2; 65
546; 559; 2; 1; 80
669; 693; 1; 2; 81
566; 604; 2; 1; 86
530; 607; 2; 1; 91
600; 681; 2; 1; 100
482; 682; 2; 1; 101
584; 524; 1; 2; 101
699; 460; 2; 1; 101
654; 666; 1; 2; 105
628; 469; 1; 2; 106
519; 681; 1; 2; 110
422; 519; 2; 1; 114
704; 710; 2; 1; 156
428; 669; 2; 1; 167
498; 616; 1; 2; 172
637; 456; 2; 1; 178
420; 530; 2; 1; 188
643; 498; 1; 2; 188
425; 650; 2; 1; 196
425; 416; 1; 2; 197
650; 584; 1; 2; 203
668; 606; 1; 2; 204
615; 461; 1; 2; 221
504; 643; 1; 2; 224
565; 699; 2; 1; 227
495; 440; 2; 1; 246
704; 550; 1; 2; 246
548; 637; 1; 2; 262
666; 628; 1; 2; 275
509; 521; 1; 2; 279
670; 424; 2; 1; 281
503; 455; 1; 2; 281
708; 587; 2; 1; 319
570; 487; 2; 1; 320
643; 532; 1; 2; 332
440; 610; 2; 1; 337
570; 669; 1; 2; 347
689; 687; 1; 2; 373
631; 677; 1; 2; 397
517; 574; 2; 1; 401
703; 435; 2; 1; 409
422; 473; 2; 1; 431
551; 416; 1; 2; 434
704; 655; 2; 1; 447
627; 648; 1; 2; 447
552; 443; 1; 2; 449
528; 624; 2; 1; 471
629; 535; 1; 2; 472
536; 536; 1; 2; 476
540; 502; 1; 2; 480
590; 553; 1; 2; 485
697; 692; 1; 2; 488
538; 537; 1; 2; 492
458; 529; 1; 2; 494
666; 593; 1; 2; 499
561; 469; 2; 1; 504
431; 526; 2; 1; 519
448; 431; 2; 1; 520
428; 617; 2; 1; 531
421; 571; 1; 2; 536
609; 582; 1; 2; 550
593; 673; 1; 2; 564
517; 574; 1; 2; 572
696; 591; 1; 2; 574
602; 569; 1; 2; 575
639; 569; 2; 1; 576
604; 681; 2; 1; 579
576; 421; 1; 2; 583
634; 690; 1; 2; 587
572; 482; 1; 2; 600
574; 586; 2; 1; 603
556; 429; 2; 1; 610
645; 530; 2; 1; 616
505; 693; 2; 1; 616
649; 473; 1; 2; 638
469; 508; 2; 1; 643
487; 640; 2; 1; 651
625; 653; 2; 1; 656
522; 550; 1; 2; 656
507; 676; 1; 2; 665
458; 552; 1; 2; 665
424; 708; 1; 2; 666
448; 606; 1; 2; 671
599; 623; 2; 1; 687
521; 422; 2; 1; 691
504; 518; 2; 1; 704
488; 615; 2; 1; 711
624; 637; 2; 1; 718
708; 567; 1; 2; 723
480; 595; 2; 1; 729
485; 624; 1; 2; 735
548; 689; 1; 2; 741
447; 568; 2; 1; 744
594; 594; 1; 2; 746
527; 588; 1; 2; 757
593; 469; 1; 2; 772
688; 518; 2; 1; 784
690; 588; 2; 1; 804
686; 642; 1; 2; 816
699; 595; 1; 2; 826
613; 511; 1; 2; 840
664; 584; 2; 1; 847
698; 554; 1; 2; 850
649; 603; 2; 1; 852
703; 576; 2; 1; 856
627; 447; 2; 1; 858
528; 619; 2; 1; 877
507; 538; 2; 1; 880
697; 448; 1; 2; 886
495; 546; 1; 2; 886
687; 475; 1; 2; 904
528; 489; 2; 1; 913
457; 545; 1; 2; 913
672; 585; 2; 1; 918
597; 702; 1; 2; 933
461; 541; 2; 1; 938
476; 667; 1; 2; 950
676; 438; 2; 1; 952
472; 529; 2; 1; 954
562; 481; 2; 1; 956
497; 639; 1; 2; 962
686; 464; 2; 1; 963
452; 553; 1; 2; 968
469; 521; 1; 2; 977
647; 443; 1; 2; 992
541; 454; 1; 2; 992
633; 459; 1; 2; 1008
29
17; 1; 15; 1285
13; 1; 29; 1746
3; 1; 42; 22264
15; 1; 22; 26927
1; 1; 16; 28946
8; 1; 4; 29246
21; 1; 47; 29252
6; 1; 32; 30410
24; 1; 13; 32302
27; 1; 2; 33692
25; 1; 13; 35851
26; 1; 38; 38030
16; 1; 20; 42290
11; 1; 48; 44964
19; 1; 2; 45269
18; 1; 15; 46410
10; 1; 8; 51865
4; 1; 41; 55083
7; 1; 34; 57108
22; 1; 42; 58611
2; 1; 38; 61801
28; 1; 33; 62601
20; 1; 11; 64663
14; 1; 33; 73423
0; 1; 19; 73736
9; 1; 12; 74365
12; 1; 7; 74380
23; 1; 27; 75376
5; 1; 45; 75664
