**** 916 ****
133
526; 539; 1; 2; 19
626; 701; 2; 1; 29
474; 617; 1; 2; 31
661; 576; 2; 1; 33
464; 665; 2; 1; 49
567; 526; 2; 1; 50
494; 616; 1; 2; 51
419; 572; 2; 1; 58
678; 519; 2; 1; 61
450; 681; 1; 2; 70
528; 453; 1; 2; 72
702; 561; 2; 1; 92
494; 510; 2; 1; 93
681; 459; 2; 1; 97
473; 663; 2; 1; 111
510; 626; 2; 1; 113
703; 664; 2; 1; 114
575; 525; 2; 1; 126
603; 464; 2; 1; 130
468; 667; 1; 2; 134
444; 649; 2; 1; 141
630; 644; 2; 1; 142
587; 559; 1; 2; 171
566; 651; 1; 2; 172
630; 511; 1; 2; 205
485; 641; 2; 1; 205
433; 485; 1; 2; 206
638; 571; 1; 2; 207
532; 561; 1; 2; 225
451; 574; 1; 2; 226
532; 650; 1; 2; 238
631; 453; 1; 2; 240
691; 613; 1; 2; 246
459; 480; 2; 1; 258
482; 419; 2; 1; 267
531; 475; 2; 1; 272
634; 678; 2; 1; 275
496; 537; 2; 1; 276
708; 712; 1; 2; 284
557; 488; 1; 2; 295
443; 621; 1; 2; 308
539; 458; 1; 2; 328
538; 456; 1; 2; 329
636; 627; 2; 1; 330
443; 444; 1; 2; 341
489; 642; 2; 1; 361
442; 521; 2; 1; 366
518; 578; 2; 1; 373
440; 443; 1; 2; 375
507; 472; 1; 2; 376
692; 457; 1; 2; 377
569; 568; 2; 1; 384
538; 552; 1; 2; 395
489; 693; 1; 2; 405
676; 473; 2; 1; 414
495; 620; 2; 1; 426
660; 706; 1; 2; 428
453; 582; 1; 2; 430
576; 540; 2; 1; 430
512; 650; 2; 1; 432
425; 636; 1; 2; 438
578; 664; 2; 1; 453
544; 506; 1; 2; 460
491; 561; 1; 2; 474
457; 427; 1; 2; 492
534; 651; 1; 2; 512
661; 451; 2; 1; 513
705; 629; 1; 2; 529
636; 432; 1; 2; 558
652; 700; 1; 2; 565
587; 502; 1; 2; 575
589; 621; 1; 2; 577
695; 540; 2; 1; 578
673; 688; 2; 1; 584
667; 472; 1; 2; 590
577; 489; 2; 1; 592
650; 515; 1; 2; 594
520; 502; 2; 1; 595
452; 472; 2; 1; 595
618; 585; 2; 1; 606
508; 445; 2; 1; 613
495; 658; 2; 1; 614
475; 548; 2; 1; 618
425; 529; 1; 2; 638
638; 497; 1; 2; 640
528; 529; 2; 1; 642
537; 600; 2; 1; 660
697; 497; 2; 1; 673
613; 442; 2; 1; 695
512; 574; 2; 1; 709
427; 541; 2; 1; 713
516; 655; 1; 2; 722
477; 439; 1; 2; 723
622; 469; 1; 2; 726
496; 531; 1; 2; 732
497; 580; 2; 1; 733
492; 662; 1; 2; 741
438; 421; 2; 1; 750
445; 642; 1; 2; 773
531; 640; 2; 1; 787
633; 572; 1; 2; 790
639; 511; 1; 2; 809
575; 526; 2; 1; 839
688; 568; 2; 1; 846
587; 706; 1; 2; 860
527; 587; 1; 2; 862
594; 566; 2; 1; 869
443; 621; 1; 2; 870
665; 434; 1; 2; 875
546; 565; 2; 1; 884
499; 535; 1; 2; 885
663; 549; 2; 1; 900
514; 646; 2; 1; 901
705; 430; 1; 2; 902
711; 567; 2; 1; 909
549; 652; 2; 1; 910
450; 682; 1; 2; 917
518; 713; 1; 2; 925
707; 515; 2; 1; 927
675; 462; 1; 2; 928
476; 683; 2; 1; 941
609; 713; 1; 2; 942
689; 492; 1; 2; 951
621; 427; 1; 2; 953
464; 557; 2; 1; 954
552; 695; 1; 2; 966
614; 587; 2; 1; 973
419; 466; 2; 1; 977
691; 688; 2; 1; 984
570; 421; 2; 1; 988
664; 417; 2; 1; 1004
510; 470; 2; 1; 1009
699; 434; 2; 1; 1012
29
25; 1; 14; 662
4; 1; 10; 15813
13; 1; 23; 16760
27; 1; 11; 18760
12; 1; 6; 25014
26; 1; 1; 27669
15; 1; 47; 27776
11; 1; 29; 28574
9; 1; 33; 31703
19; 1; 47; 32934
21; 1; 39; 37049
17; 1; 12; 37138
7; 1; 5; 39391
8; 1; 24; 41110
22; 1; 41; 42176
28; 1; 12; 45633
10; 1; 27; 48211
23; 1; 46; 48375
3; 1; 33; 48984
2; 1; 37; 49059
5; 1; 29; 51559
24; 1; 16; 51852
18; 1; 4; 51908
16; 1; 36; 54142
1; 1; 44; 55330
6; 1; 12; 64354
20; 1; 13; 67206
0; 1; 22; 67574
14; 1; 29; 72705
