**** 917 ****
133
613; 436; 1; 2; 1
532; 703; 2; 1; 10
586; 597; 2; 1; 30
616; 687; 1; 2; 39
507; 507; 2; 1; 45
660; 574; 2; 1; 46
619; 681; 1; 2; 60
644; 503; 2; 1; 72
510; 592; 1; 2; 72
558; 444; 1; 2; 82
494; 688; 1; 2; 87
585; 556; 1; 2; 89
613; 507; 2; 1; 90
488; 648; 1; 2; 98
657; 695; 2; 1; 100
555; 628; 1; 2; 126
631; 611; 1; 2; 127
695; 541; 2; 1; 145
486; 609; 1; 2; 146
448; 603; 1; 2; 150
585; 585; 2; 1; 152
663; 634; 2; 1; 157
471; 437; 2; 1; 162
614; 713; 1; 2; 167
481; 428; 1; 2; 187
483; 628; 2; 1; 223
677; 578; 1; 2; 228
567; 700; 1; 2; 230
703; 513; 2; 1; 232
627; 434; 2; 1; 237
520; 685; 1; 2; 238
513; 536; 2; 1; 240
503; 508; 1; 2; 242
535; 509; 2; 1; 245
597; 433; 1; 2; 255
529; 421; 1; 2; 259
488; 493; 2; 1; 269
617; 465; 1; 2; 271
615; 543; 1; 2; 272
641; 477; 1; 2; 275
639; 477; 1; 2; 275
548; 576; 2; 1; 293
613; 657; 1; 2; 299
501; 444; 1; 2; 311
495; 602; 1; 2; 327
505; 438; 2; 1; 331
518; 553; 1; 2; 334
481; 674; 2; 1; 334
457; 454; 2; 1; 349
588; 707; 2; 1; 360
461; 542; 1; 2; 384
667; 540; 1; 2; 386
695; 703; 1; 2; 401
607; 514; 2; 1; 416
619; 471; 1; 2; 423
461; 440; 2; 1; 427
453; 698; 2; 1; 427
631; 660; 1; 2; 441
566; 639; 2; 1; 445
444; 637; 1; 2; 446
556; 549; 2; 1; 452
503; 511; 2; 1; 461
430; 449; 1; 2; 492
612; 620; 1; 2; 497
459; 431; 2; 1; 502
611; 422; 1; 2; 552
447; 556; 2; 1; 556
609; 436; 1; 2; 566
425; 605; 2; 1; 568
713; 546; 2; 1; 573
626; 541; 2; 1; 573
515; 571; 1; 2; 584
692; 588; 1; 2; 596
471; 701; 1; 2; 616
695; 438; 1; 2; 622
514; 664; 1; 2; 624
702; 689; 2; 1; 627
546; 605; 1; 2; 642
594; 521; 1; 2; 653
646; 435; 1; 2; 661
484; 674; 2; 1; 680
495; 608; 1; 2; 689
545; 592; 1; 2; 700
454; 485; 2; 1; 703
666; 553; 2; 1; 708
690; 655; 2; 1; 730
449; 466; 2; 1; 730
513; 601; 1; 2; 738
692; 610; 1; 2; 745
458; 562; 2; 1; 749
570; 567; 1; 2; 758
513; 508; 2; 1; 765
683; 537; 2; 1; 768
446; 453; 2; 1; 769
632; 654; 2; 1; 778
587; 544; 2; 1; 783
614; 618; 2; 1; 803
577; 530; 1; 2; 803
624; 535; 2; 1; 804
445; 568; 1; 2; 809
487; 662; 2; 1; 817
611; 573; 2; 1; 826
499; 549; 1; 2; 827
661; 661; 2; 1; 829
683; 431; 2; 1; 839
442; 416; 1; 2; 840
443; 585; 2; 1; 840
686; 441; 1; 2; 843
672; 484; 1; 2; 846
605; 505; 1; 2; 857
491; 554; 1; 2; 874
438; 434; 1; 2; 879
561; 473; 2; 1; 886
672; 452; 1; 2; 889
471; 622; 2; 1; 900
649; 541; 2; 1; 904
677; 504; 1; 2; 908
650; 477; 2; 1; 912
577; 533; 2; 1; 915
424; 640; 1; 2; 922
578; 458; 2; 1; 929
646; 504; 1; 2; 931
640; 653; 2; 1; 940
432; 666; 1; 2; 941
437; 494; 2; 1; 957
596; 455; 2; 1; 959
592; 602; 1; 2; 961
702; 688; 2; 1; 968
612; 603; 1; 2; 975
448; 536; 2; 1; 975
484; 416; 1; 2; 978
474; 618; 2; 1; 993
616; 509; 2; 1; 1007
29
18; 1; 26; 682
16; 1; 38; 2519
1; 1; 19; 3297
12; 1; 42; 7239
6; 1; 16; 10088
19; 1; 34; 10107
7; 1; 5; 11768
25; 1; 27; 14079
17; 1; 4; 17852
21; 1; 26; 27142
22; 1; 1; 29164
28; 1; 18; 30716
20; 1; 7; 33698
8; 1; 25; 41192
26; 1; 12; 43263
0; 1; 3; 48043
11; 1; 11; 48950
5; 1; 13; 50746
4; 1; 29; 51728
14; 1; 24; 52447
9; 1; 23; 53318
27; 1; 24; 57573
2; 1; 27; 60406
23; 1; 13; 66439
3; 1; 47; 67982
13; 1; 16; 71008
15; 1; 14; 72617
24; 1; 45; 73240
10; 1; 45; 73792
