**** 918 ****
133
627; 707; 1; 2; 9
592; 456; 1; 2; 33
420; 627; 1; 2; 41
529; 709; 1; 2; 42
692; 499; 1; 2; 57
444; 657; 1; 2; 58
502; 699; 2; 1; 59
626; 710; 1; 2; 60
668; 583; 2; 1; 62
704; 687; 2; 1; 83
536; 471; 1; 2; 93
679; 680; 1; 2; 94
418; 699; 2; 1; 100
622; 542; 1; 2; 102
613; 687; 1; 2; 105
527; 563; 1; 2; 109
550; 490; 1; 2; 114
592; 520; 2; 1; 119
573; 704; 1; 2; 134
432; 434; 2; 1; 135
638; 529; 2; 1; 139
689; 662; 1; 2; 146
634; 599; 2; 1; 161
656; 590; 1; 2; 181
698; 630; 1; 2; 195
462; 705; 1; 2; 199
452; 422; 2; 1; 199
623; 573; 2; 1; 213
581; 610; 1; 2; 213
635; 569; 1; 2; 214
526; 520; 1; 2; 219
566; 640; 2; 1; 225
574; 437; 2; 1; 240
613; 519; 1; 2; 248
649; 573; 2; 1; 273
463; 544; 1; 2; 288
451; 708; 2; 1; 290
499; 579; 2; 1; 291
566; 458; 2; 1; 304
475; 466; 2; 1; 321
700; 693; 2; 1; 331
641; 468; 1; 2; 336
650; 621; 2; 1; 346
700; 641; 1; 2; 359
709; 623; 1; 2; 360
617; 555; 1; 2; 363
558; 603; 1; 2; 374
533; 544; 2; 1; 374
657; 676; 1; 2; 377
524; 708; 1; 2; 417
684; 419; 2; 1; 418
666; 672; 1; 2; 432
617; 492; 1; 2; 437
672; 482; 2; 1; 439
451; 583; 2; 1; 448
650; 577; 1; 2; 450
572; 657; 1; 2; 452
643; 686; 1; 2; 459
641; 417; 2; 1; 465
576; 659; 2; 1; 467
661; 483; 2; 1; 476
479; 691; 2; 1; 500
644; 703; 2; 1; 500
535; 442; 1; 2; 504
661; 690; 1; 2; 508
709; 601; 1; 2; 510
476; 466; 2; 1; 534
459; 628; 1; 2; 573
538; 563; 1; 2; 574
494; 616; 2; 1; 575
630; 503; 1; 2; 577
676; 466; 2; 1; 578
420; 419; 2; 1; 587
596; 530; 1; 2; 591
621; 686; 2; 1; 623
606; 507; 1; 2; 623
660; 694; 1; 2; 626
649; 456; 1; 2; 652
684; 513; 2; 1; 656
676; 644; 2; 1; 671
435; 649; 2; 1; 679
502; 518; 1; 2; 680
431; 525; 2; 1; 690
579; 468; 1; 2; 691
522; 448; 2; 1; 692
505; 446; 1; 2; 693
529; 422; 2; 1; 697
433; 657; 2; 1; 699
427; 466; 1; 2; 701
713; 459; 1; 2; 706
418; 538; 2; 1; 709
461; 690; 2; 1; 715
568; 447; 2; 1; 724
440; 501; 2; 1; 727
668; 594; 2; 1; 729
573; 606; 1; 2; 734
495; 453; 2; 1; 741
648; 435; 2; 1; 748
677; 534; 2; 1; 753
610; 656; 2; 1; 759
459; 418; 1; 2; 759
679; 506; 1; 2; 760
561; 678; 2; 1; 763
443; 589; 2; 1; 775
654; 617; 2; 1; 776
438; 488; 1; 2; 784
426; 501; 2; 1; 784
511; 520; 2; 1; 793
509; 440; 2; 1; 793
508; 549; 1; 2; 794
581; 451; 1; 2; 796
667; 486; 1; 2; 798
452; 555; 2; 1; 799
654; 602; 2; 1; 806
631; 566; 1; 2; 820
462; 637; 2; 1; 823
640; 660; 1; 2; 835
629; 422; 2; 1; 836
457; 650; 2; 1; 856
531; 597; 2; 1; 881
531; 432; 1; 2; 883
627; 583; 2; 1; 893
692; 523; 1; 2; 910
444; 660; 1; 2; 916
624; 515; 2; 1; 917
659; 675; 1; 2; 930
657; 471; 1; 2; 969
444; 488; 2; 1; 971
632; 628; 2; 1; 984
665; 678; 2; 1; 998
620; 617; 2; 1; 998
710; 432; 1; 2; 1000
663; 666; 2; 1; 1005
29
20; 1; 27; 216
17; 1; 13; 4264
10; 1; 11; 16871
23; 1; 38; 18446
1; 1; 49; 18892
6; 1; 4; 22748
8; 1; 43; 26732
22; 1; 12; 29512
5; 1; 40; 31967
0; 1; 35; 34100
3; 1; 16; 36308
27; 1; 37; 37961
19; 1; 45; 38370
18; 1; 16; 42238
28; 1; 39; 42354
13; 1; 32; 44383
16; 1; 28; 50652
12; 1; 24; 51001
7; 1; 35; 51775
15; 1; 6; 52819
4; 1; 45; 56355
24; 1; 25; 58694
26; 1; 21; 61021
11; 1; 37; 64662
9; 1; 5; 64898
25; 1; 31; 66366
2; 1; 43; 66554
21; 1; 20; 73977
14; 1; 10; 75285
