**** 919 ****
133
587; 457; 2; 1; 11
695; 662; 2; 1; 24
585; 529; 2; 1; 37
709; 592; 2; 1; 69
584; 446; 2; 1; 70
588; 576; 2; 1; 73
575; 605; 1; 2; 80
526; 632; 1; 2; 81
642; 572; 2; 1; 94
585; 437; 2; 1; 102
424; 600; 2; 1; 109
503; 591; 2; 1; 125
441; 485; 2; 1; 127
566; 705; 2; 1; 134
444; 587; 1; 2; 137
465; 567; 2; 1; 152
522; 545; 2; 1; 157
465; 601; 1; 2; 160
487; 455; 2; 1; 163
645; 679; 1; 2; 165
508; 557; 2; 1; 171
501; 628; 2; 1; 176
559; 438; 2; 1; 177
535; 672; 2; 1; 189
485; 481; 1; 2; 213
560; 674; 1; 2; 216
436; 430; 2; 1; 230
453; 475; 1; 2; 235
642; 629; 2; 1; 240
497; 655; 2; 1; 255
444; 454; 2; 1; 258
457; 603; 1; 2; 263
498; 536; 2; 1; 285
423; 473; 1; 2; 288
660; 704; 1; 2; 305
419; 692; 1; 2; 313
469; 439; 2; 1; 319
671; 481; 2; 1; 330
541; 678; 2; 1; 333
594; 498; 1; 2; 343
640; 436; 1; 2; 353
509; 474; 2; 1; 357
524; 497; 1; 2; 362
600; 544; 1; 2; 370
422; 527; 2; 1; 383
677; 566; 2; 1; 384
539; 617; 1; 2; 384
656; 576; 1; 2; 390
524; 461; 1; 2; 400
700; 550; 2; 1; 401
686; 429; 2; 1; 425
654; 417; 1; 2; 430
473; 443; 1; 2; 445
538; 549; 2; 1; 445
427; 550; 1; 2; 448
559; 587; 2; 1; 467
673; 579; 2; 1; 471
666; 498; 2; 1; 476
706; 608; 1; 2; 480
589; 498; 1; 2; 483
562; 685; 2; 1; 495
684; 690; 2; 1; 508
469; 436; 2; 1; 510
561; 644; 1; 2; 515
641; 588; 2; 1; 528
509; 519; 1; 2; 532
531; 676; 1; 2; 533
657; 642; 2; 1; 535
610; 700; 2; 1; 536
433; 642; 1; 2; 557
605; 707; 2; 1; 558
537; 611; 2; 1; 566
541; 427; 1; 2; 568
456; 634; 1; 2; 569
618; 518; 1; 2; 572
630; 648; 1; 2; 576
476; 674; 2; 1; 582
659; 495; 2; 1; 587
536; 560; 1; 2; 632
543; 668; 2; 1; 635
545; 677; 1; 2; 656
597; 666; 1; 2; 665
420; 661; 1; 2; 666
475; 667; 2; 1; 669
675; 522; 2; 1; 674
682; 511; 2; 1; 681
691; 606; 1; 2; 690
709; 480; 2; 1; 698
566; 470; 2; 1; 699
636; 442; 2; 1; 708
594; 424; 2; 1; 710
707; 712; 1; 2; 713
659; 569; 2; 1; 718
457; 591; 2; 1; 722
654; 645; 2; 1; 725
671; 685; 1; 2; 732
638; 707; 2; 1; 740
696; 532; 1; 2; 751
539; 427; 1; 2; 764
583; 677; 1; 2; 767
619; 454; 2; 1; 769
521; 581; 1; 2; 781
683; 659; 1; 2; 782
488; 596; 2; 1; 802
591; 662; 1; 2; 812
595; 611; 2; 1; 813
519; 710; 1; 2; 813
687; 545; 2; 1; 822
609; 654; 2; 1; 831
445; 610; 1; 2; 855
418; 469; 2; 1; 857
514; 685; 2; 1; 857
485; 544; 2; 1; 861
654; 444; 1; 2; 862
427; 507; 2; 1; 864
516; 547; 2; 1; 880
460; 543; 1; 2; 894
553; 561; 2; 1; 900
700; 694; 2; 1; 905
601; 457; 2; 1; 914
665; 586; 1; 2; 915
479; 707; 2; 1; 932
653; 692; 2; 1; 946
625; 677; 1; 2; 947
538; 433; 1; 2; 983
574; 550; 2; 1; 984
446; 569; 1; 2; 989
506; 526; 1; 2; 990
603; 711; 2; 1; 992
440; 683; 2; 1; 998
543; 690; 2; 1; 1008
514; 464; 2; 1; 1015
442; 540; 1; 2; 1017
29
4; 1; 4; 1695
19; 1; 26; 2157
11; 1; 7; 10436
7; 1; 9; 12498
9; 1; 8; 20220
3; 1; 18; 23044
20; 1; 21; 23755
12; 1; 38; 25031
13; 1; 44; 25519
1; 1; 10; 26151
26; 1; 39; 26288
24; 1; 5; 26697
23; 1; 8; 27136
6; 1; 20; 29966
15; 1; 25; 32284
17; 1; 9; 34713
25; 1; 44; 38198
5; 1; 33; 38370
0; 1; 17; 44646
21; 1; 10; 45517
2; 1; 31; 48525
18; 1; 19; 52474
28; 1; 46; 58028
8; 1; 5; 59951
10; 1; 48; 65594
14; 1; 22; 66475
16; 1; 40; 66836
22; 1; 39; 67389
27; 1; 18; 69157
