**** 92 ****
58
45; 90; 1; 2; 0
80; 101; 2; 1; 3
49; 105; 2; 1; 3
54; 100; 1; 2; 8
92; 112; 1; 2; 11
84; 77; 2; 1; 13
49; 76; 1; 2; 17
90; 67; 1; 2; 22
42; 53; 1; 2; 27
113; 102; 2; 1; 37
55; 103; 1; 2; 41
63; 60; 1; 2; 45
85; 64; 2; 1; 48
109; 112; 1; 2; 53
43; 58; 1; 2; 55
44; 98; 1; 2; 59
113; 91; 2; 1; 61
60; 96; 2; 1; 65
44; 101; 1; 2; 66
54; 91; 2; 1; 68
90; 61; 2; 1; 70
62; 113; 2; 1; 72
52; 106; 1; 2; 74
100; 62; 2; 1; 76
59; 75; 1; 2; 80
70; 47; 2; 1; 80
71; 63; 2; 1; 85
90; 98; 2; 1; 99
86; 104; 1; 2; 101
98; 93; 1; 2; 103
82; 75; 1; 2; 103
101; 81; 2; 1; 108
83; 56; 1; 2; 112
77; 103; 1; 2; 113
103; 82; 1; 2; 119
96; 100; 1; 2; 119
52; 113; 1; 2; 120
50; 73; 1; 2; 124
72; 109; 2; 1; 125
108; 54; 2; 1; 128
54; 106; 2; 1; 128
85; 43; 1; 2; 130
86; 97; 2; 1; 130
112; 52; 2; 1; 132
76; 91; 2; 1; 135
70; 59; 2; 1; 142
67; 43; 1; 2; 144
62; 111; 1; 2; 144
58; 97; 2; 1; 145
58; 100; 2; 1; 150
79; 110; 2; 1; 154
112; 71; 2; 1; 166
76; 63; 2; 1; 168
110; 63; 2; 1; 172
54; 101; 1; 2; 177
67; 95; 2; 1; 180
75; 102; 2; 1; 187
56; 52; 2; 1; 190
14
7; 1; 8; 137
0; 1; 33; 437
2; 1; 46; 623
1; 1; 33; 822
4; 1; 3; 1135
13; 1; 47; 1351
8; 1; 8; 1764
12; 1; 39; 2006
5; 1; 13; 3343
6; 1; 41; 3449
11; 1; 17; 3550
10; 1; 41; 3795
3; 1; 33; 3963
9; 1; 1; 4427
