**** 920 ****
133
695; 549; 2; 1; 20
620; 621; 1; 2; 20
597; 588; 1; 2; 21
495; 531; 2; 1; 23
638; 632; 2; 1; 43
605; 508; 1; 2; 45
572; 623; 1; 2; 58
438; 685; 1; 2; 64
590; 482; 1; 2; 65
494; 450; 1; 2; 72
637; 576; 2; 1; 73
454; 506; 1; 2; 78
558; 651; 1; 2; 82
577; 560; 1; 2; 107
594; 589; 1; 2; 109
685; 441; 1; 2; 113
447; 531; 2; 1; 116
704; 527; 1; 2; 122
420; 417; 2; 1; 128
677; 696; 2; 1; 128
452; 619; 2; 1; 136
575; 499; 2; 1; 143
559; 505; 2; 1; 143
607; 431; 2; 1; 147
516; 424; 2; 1; 149
518; 602; 1; 2; 155
551; 678; 1; 2; 155
708; 554; 2; 1; 165
431; 712; 1; 2; 174
437; 438; 1; 2; 174
666; 709; 2; 1; 177
446; 632; 2; 1; 182
615; 477; 1; 2; 208
691; 568; 1; 2; 209
566; 664; 2; 1; 211
491; 688; 1; 2; 214
591; 546; 1; 2; 223
707; 652; 2; 1; 224
513; 694; 2; 1; 241
556; 424; 1; 2; 247
450; 688; 1; 2; 249
577; 442; 2; 1; 258
449; 693; 2; 1; 259
547; 573; 1; 2; 267
454; 628; 2; 1; 274
590; 421; 2; 1; 293
620; 469; 2; 1; 295
698; 515; 2; 1; 298
584; 607; 2; 1; 303
643; 651; 1; 2; 310
432; 617; 1; 2; 323
530; 432; 2; 1; 326
578; 663; 1; 2; 326
448; 652; 1; 2; 334
653; 575; 2; 1; 344
642; 628; 2; 1; 351
430; 648; 1; 2; 361
712; 672; 1; 2; 366
624; 689; 1; 2; 380
560; 527; 2; 1; 386
427; 605; 2; 1; 402
426; 552; 1; 2; 406
508; 516; 1; 2; 417
603; 641; 2; 1; 438
584; 541; 2; 1; 439
684; 458; 1; 2; 446
439; 537; 1; 2; 464
475; 505; 2; 1; 465
492; 485; 1; 2; 470
507; 561; 1; 2; 475
431; 485; 2; 1; 481
495; 432; 1; 2; 485
679; 457; 2; 1; 492
444; 518; 2; 1; 511
597; 614; 2; 1; 515
578; 536; 2; 1; 517
430; 707; 2; 1; 521
662; 462; 1; 2; 523
455; 453; 1; 2; 527
659; 485; 1; 2; 532
676; 468; 1; 2; 533
589; 492; 1; 2; 553
467; 526; 1; 2; 556
669; 532; 2; 1; 558
634; 668; 2; 1; 571
568; 663; 1; 2; 581
434; 422; 1; 2; 592
705; 701; 1; 2; 598
514; 663; 1; 2; 604
565; 704; 1; 2; 609
666; 573; 1; 2; 627
664; 423; 1; 2; 629
679; 445; 2; 1; 657
695; 612; 1; 2; 666
650; 445; 2; 1; 668
542; 690; 1; 2; 688
566; 633; 2; 1; 688
547; 523; 1; 2; 689
433; 558; 2; 1; 692
564; 505; 2; 1; 701
600; 462; 2; 1; 712
623; 619; 2; 1; 715
674; 615; 2; 1; 718
488; 654; 2; 1; 732
574; 657; 2; 1; 733
504; 709; 2; 1; 740
539; 557; 1; 2; 745
667; 669; 2; 1; 750
593; 538; 1; 2; 751
708; 625; 1; 2; 760
566; 478; 2; 1; 789
473; 424; 2; 1; 796
597; 473; 2; 1; 796
586; 581; 2; 1; 805
698; 467; 2; 1; 812
447; 433; 2; 1; 814
665; 712; 2; 1; 817
423; 567; 1; 2; 818
441; 627; 1; 2; 823
508; 691; 2; 1; 846
651; 502; 1; 2; 865
660; 628; 1; 2; 871
666; 575; 2; 1; 877
631; 656; 2; 1; 906
497; 490; 1; 2; 911
639; 578; 1; 2; 934
475; 499; 2; 1; 951
456; 512; 2; 1; 959
493; 581; 1; 2; 960
492; 417; 2; 1; 961
436; 549; 1; 2; 1001
470; 597; 1; 2; 1008
653; 591; 2; 1; 1018
29
20; 1; 22; 2118
22; 1; 24; 2389
1; 1; 1; 5955
9; 1; 41; 7378
17; 1; 39; 7447
28; 1; 15; 8323
0; 1; 27; 12044
10; 1; 28; 15959
26; 1; 25; 19554
19; 1; 10; 23893
11; 1; 11; 24984
21; 1; 5; 32703
24; 1; 25; 33470
5; 1; 42; 36783
16; 1; 37; 37196
2; 1; 49; 39409
4; 1; 33; 40987
27; 1; 35; 47629
14; 1; 20; 49940
8; 1; 6; 59580
13; 1; 2; 61434
6; 1; 1; 61796
7; 1; 36; 63286
23; 1; 23; 64495
12; 1; 42; 66161
15; 1; 2; 66914
25; 1; 43; 67135
18; 1; 40; 67184
3; 1; 13; 67481
