**** 921 ****
133
607; 514; 2; 1; 12
600; 649; 1; 2; 18
473; 545; 1; 2; 20
659; 519; 2; 1; 28
694; 671; 1; 2; 41
661; 454; 2; 1; 43
606; 612; 1; 2; 47
524; 630; 2; 1; 53
646; 507; 2; 1; 58
516; 621; 2; 1; 61
668; 608; 2; 1; 61
670; 710; 1; 2; 72
449; 711; 1; 2; 88
551; 472; 2; 1; 92
572; 500; 1; 2; 106
610; 461; 1; 2; 109
577; 655; 2; 1; 115
561; 532; 2; 1; 116
663; 640; 2; 1; 119
593; 625; 1; 2; 128
617; 438; 1; 2; 133
654; 624; 1; 2; 136
644; 606; 1; 2; 140
590; 578; 1; 2; 143
478; 617; 2; 1; 153
429; 707; 2; 1; 157
455; 600; 1; 2; 159
484; 605; 1; 2; 180
493; 582; 2; 1; 200
587; 494; 2; 1; 205
650; 423; 2; 1; 209
624; 437; 2; 1; 210
659; 454; 1; 2; 230
679; 540; 2; 1; 234
425; 694; 2; 1; 241
619; 697; 1; 2; 250
472; 610; 1; 2; 252
689; 690; 1; 2; 263
438; 462; 1; 2; 277
465; 606; 1; 2; 305
592; 659; 2; 1; 306
602; 543; 2; 1; 312
693; 646; 2; 1; 313
418; 425; 2; 1; 315
692; 544; 2; 1; 318
464; 587; 2; 1; 324
688; 539; 2; 1; 334
585; 585; 2; 1; 337
425; 599; 1; 2; 338
540; 638; 2; 1; 339
531; 606; 1; 2; 345
549; 500; 2; 1; 351
639; 676; 1; 2; 376
417; 594; 1; 2; 377
634; 591; 2; 1; 402
576; 611; 2; 1; 410
572; 469; 2; 1; 411
710; 570; 1; 2; 430
440; 430; 2; 1; 438
581; 528; 2; 1; 442
638; 528; 1; 2; 455
685; 491; 1; 2; 468
497; 683; 1; 2; 470
643; 520; 1; 2; 471
487; 610; 2; 1; 479
497; 437; 1; 2; 480
548; 686; 1; 2; 485
584; 429; 1; 2; 489
695; 627; 1; 2; 503
422; 535; 1; 2; 512
644; 546; 2; 1; 547
607; 433; 1; 2; 562
595; 433; 2; 1; 578
457; 512; 2; 1; 579
626; 666; 1; 2; 579
641; 693; 1; 2; 593
632; 683; 2; 1; 596
440; 700; 2; 1; 609
455; 495; 1; 2; 640
532; 472; 2; 1; 643
587; 576; 1; 2; 645
558; 642; 1; 2; 665
607; 579; 1; 2; 677
546; 651; 1; 2; 677
551; 619; 2; 1; 678
551; 468; 1; 2; 679
695; 661; 2; 1; 687
481; 673; 2; 1; 690
611; 421; 2; 1; 696
625; 467; 1; 2; 704
499; 686; 1; 2; 707
465; 639; 1; 2; 710
518; 546; 2; 1; 711
463; 709; 1; 2; 716
536; 524; 2; 1; 723
582; 484; 1; 2; 760
653; 574; 1; 2; 770
559; 587; 1; 2; 773
469; 685; 2; 1; 788
448; 510; 2; 1; 793
703; 485; 2; 1; 797
529; 525; 2; 1; 808
630; 615; 2; 1; 821
450; 434; 2; 1; 827
604; 522; 2; 1; 827
604; 566; 2; 1; 829
513; 685; 1; 2; 840
576; 690; 2; 1; 847
694; 499; 1; 2; 858
686; 625; 1; 2; 865
613; 635; 1; 2; 875
548; 474; 1; 2; 880
623; 517; 1; 2; 882
496; 445; 1; 2; 888
549; 674; 1; 2; 891
665; 500; 1; 2; 892
650; 655; 2; 1; 898
567; 644; 1; 2; 913
536; 496; 2; 1; 925
678; 679; 2; 1; 926
603; 500; 1; 2; 947
422; 639; 2; 1; 956
529; 487; 2; 1; 957
583; 618; 2; 1; 958
466; 442; 2; 1; 968
442; 662; 2; 1; 968
427; 488; 2; 1; 976
561; 536; 2; 1; 977
543; 521; 1; 2; 1005
417; 479; 2; 1; 1005
505; 497; 2; 1; 1007
530; 418; 2; 1; 1009
554; 650; 2; 1; 1012
29
22; 1; 15; 1365
3; 1; 45; 1913
12; 1; 25; 6304
13; 1; 29; 8683
6; 1; 6; 9309
25; 1; 35; 10537
7; 1; 5; 11796
20; 1; 1; 26584
2; 1; 3; 27233
15; 1; 47; 28427
24; 1; 31; 33027
16; 1; 2; 34357
1; 1; 11; 36830
28; 1; 26; 37198
5; 1; 23; 39533
4; 1; 8; 41828
23; 1; 32; 44176
14; 1; 15; 44829
9; 1; 6; 46298
0; 1; 22; 49550
26; 1; 18; 52816
17; 1; 6; 55749
27; 1; 41; 63860
10; 1; 6; 65329
19; 1; 49; 66518
8; 1; 38; 66591
11; 1; 13; 67981
18; 1; 14; 72920
21; 1; 18; 73355
