**** 922 ****
133
561; 521; 2; 1; 0
492; 658; 2; 1; 4
585; 537; 2; 1; 5
667; 526; 2; 1; 18
678; 708; 1; 2; 38
470; 662; 1; 2; 51
712; 691; 1; 2; 59
633; 683; 2; 1; 78
447; 478; 2; 1; 81
585; 697; 2; 1; 82
487; 542; 2; 1; 83
510; 696; 1; 2; 83
575; 479; 1; 2; 94
605; 521; 2; 1; 100
629; 575; 1; 2; 124
663; 623; 1; 2; 126
710; 684; 2; 1; 148
524; 710; 2; 1; 153
709; 580; 1; 2; 158
658; 646; 1; 2; 164
514; 590; 1; 2; 166
628; 445; 1; 2; 169
456; 622; 2; 1; 171
703; 604; 2; 1; 173
692; 679; 1; 2; 183
503; 644; 2; 1; 202
507; 677; 1; 2; 212
604; 652; 1; 2; 235
630; 457; 1; 2; 242
494; 433; 2; 1; 242
549; 480; 2; 1; 263
423; 457; 2; 1; 265
705; 661; 1; 2; 268
458; 701; 2; 1; 277
631; 498; 2; 1; 278
709; 530; 1; 2; 283
706; 635; 2; 1; 292
465; 665; 1; 2; 329
666; 600; 1; 2; 332
566; 453; 2; 1; 335
684; 510; 1; 2; 352
528; 536; 2; 1; 364
699; 570; 2; 1; 376
598; 459; 1; 2; 392
506; 457; 1; 2; 394
661; 460; 1; 2; 399
683; 645; 2; 1; 401
423; 477; 1; 2; 417
708; 629; 1; 2; 418
427; 559; 1; 2; 430
478; 659; 1; 2; 435
554; 693; 1; 2; 438
429; 486; 2; 1; 450
591; 624; 2; 1; 460
609; 670; 2; 1; 472
544; 660; 2; 1; 475
686; 672; 1; 2; 477
604; 562; 1; 2; 494
684; 591; 2; 1; 501
677; 630; 1; 2; 501
616; 463; 1; 2; 516
540; 436; 2; 1; 523
663; 662; 2; 1; 545
584; 627; 1; 2; 546
576; 553; 1; 2; 557
638; 497; 2; 1; 561
509; 637; 1; 2; 571
683; 645; 2; 1; 573
580; 596; 2; 1; 576
618; 610; 2; 1; 581
627; 428; 1; 2; 589
507; 515; 2; 1; 590
694; 665; 2; 1; 590
517; 527; 1; 2; 596
583; 421; 1; 2; 599
459; 474; 1; 2; 606
629; 446; 1; 2; 610
707; 541; 2; 1; 614
424; 553; 2; 1; 629
639; 582; 1; 2; 637
488; 685; 2; 1; 640
615; 713; 1; 2; 652
703; 698; 2; 1; 653
690; 685; 2; 1; 656
550; 640; 1; 2; 663
692; 494; 1; 2; 673
546; 618; 2; 1; 675
684; 644; 1; 2; 690
621; 432; 1; 2; 701
503; 463; 1; 2; 724
615; 694; 2; 1; 726
514; 532; 2; 1; 727
643; 580; 2; 1; 728
678; 510; 1; 2; 734
612; 537; 1; 2; 740
678; 442; 1; 2; 747
586; 422; 2; 1; 754
539; 576; 1; 2; 792
630; 553; 1; 2; 795
660; 523; 2; 1; 796
484; 698; 2; 1; 797
640; 598; 2; 1; 802
712; 668; 1; 2; 802
461; 459; 2; 1; 808
701; 540; 2; 1; 816
589; 431; 1; 2; 821
516; 571; 2; 1; 824
666; 418; 1; 2; 827
424; 712; 1; 2; 838
556; 498; 1; 2; 867
648; 669; 1; 2; 883
486; 644; 2; 1; 887
469; 422; 1; 2; 889
416; 488; 1; 2; 890
472; 693; 1; 2; 904
514; 459; 2; 1; 905
558; 450; 1; 2; 912
638; 692; 1; 2; 920
576; 499; 1; 2; 921
563; 445; 1; 2; 924
579; 506; 1; 2; 941
424; 474; 1; 2; 951
597; 633; 1; 2; 951
542; 594; 1; 2; 953
436; 467; 1; 2; 971
648; 421; 1; 2; 974
466; 586; 1; 2; 986
552; 505; 2; 1; 993
592; 681; 1; 2; 995
521; 667; 1; 2; 1003
632; 695; 1; 2; 1011
701; 578; 2; 1; 1012
641; 504; 1; 2; 1013
29
12; 1; 27; 725
0; 1; 31; 5657
6; 1; 36; 7929
27; 1; 3; 15214
5; 1; 30; 15239
23; 1; 5; 15491
28; 1; 41; 17081
8; 1; 2; 19929
25; 1; 17; 25396
17; 1; 33; 28800
15; 1; 39; 39140
9; 1; 35; 41134
11; 1; 32; 41866
4; 1; 19; 43182
24; 1; 16; 43998
19; 1; 11; 44867
20; 1; 1; 44884
21; 1; 8; 50455
1; 1; 41; 51485
14; 1; 9; 51912
10; 1; 39; 55736
7; 1; 13; 55825
3; 1; 25; 57797
26; 1; 22; 58232
18; 1; 9; 59502
2; 1; 19; 60875
16; 1; 10; 60903
13; 1; 5; 61970
22; 1; 14; 64642
