**** 923 ****
133
605; 566; 1; 2; 8
594; 530; 1; 2; 15
505; 709; 1; 2; 17
522; 426; 1; 2; 19
433; 556; 2; 1; 19
705; 698; 2; 1; 39
600; 661; 2; 1; 43
530; 564; 2; 1; 56
504; 614; 1; 2; 56
560; 587; 1; 2; 60
422; 626; 1; 2; 63
547; 445; 1; 2; 69
427; 416; 2; 1; 92
678; 594; 1; 2; 115
421; 555; 2; 1; 120
506; 425; 1; 2; 123
615; 562; 2; 1; 143
648; 435; 1; 2; 148
498; 589; 1; 2; 152
667; 568; 2; 1; 166
536; 600; 2; 1; 184
617; 603; 2; 1; 185
686; 502; 1; 2; 204
488; 569; 1; 2; 207
463; 422; 1; 2; 220
432; 562; 2; 1; 224
583; 446; 1; 2; 238
491; 586; 2; 1; 241
650; 421; 2; 1; 242
496; 503; 1; 2; 267
519; 520; 1; 2; 272
643; 575; 1; 2; 284
676; 491; 1; 2; 287
627; 548; 1; 2; 301
537; 712; 2; 1; 305
640; 457; 1; 2; 324
645; 709; 2; 1; 343
427; 520; 2; 1; 345
484; 594; 2; 1; 345
511; 474; 2; 1; 348
427; 483; 1; 2; 351
433; 711; 1; 2; 358
578; 676; 2; 1; 366
527; 457; 2; 1; 397
585; 559; 2; 1; 399
644; 459; 2; 1; 402
611; 566; 2; 1; 402
487; 477; 1; 2; 410
574; 463; 2; 1; 419
625; 569; 2; 1; 426
685; 510; 2; 1; 431
492; 697; 2; 1; 447
593; 665; 1; 2; 454
462; 698; 2; 1; 454
453; 591; 1; 2; 458
454; 583; 2; 1; 471
571; 417; 2; 1; 477
439; 533; 2; 1; 479
504; 488; 1; 2; 494
618; 708; 1; 2; 501
486; 602; 2; 1; 503
577; 476; 2; 1; 510
459; 701; 1; 2; 520
578; 629; 1; 2; 523
693; 670; 1; 2; 537
542; 688; 2; 1; 546
709; 562; 1; 2; 550
684; 567; 1; 2; 568
460; 592; 1; 2; 573
507; 530; 1; 2; 584
593; 566; 1; 2; 585
635; 672; 1; 2; 590
482; 451; 2; 1; 594
637; 520; 1; 2; 601
639; 498; 1; 2; 605
536; 621; 1; 2; 629
541; 699; 2; 1; 637
474; 604; 2; 1; 649
474; 572; 1; 2; 658
452; 515; 2; 1; 666
632; 523; 1; 2; 672
596; 478; 2; 1; 678
507; 441; 2; 1; 690
675; 436; 2; 1; 691
644; 533; 2; 1; 711
657; 589; 2; 1; 719
577; 604; 2; 1; 725
539; 460; 1; 2; 729
550; 621; 1; 2; 742
471; 436; 2; 1; 745
501; 703; 2; 1; 745
461; 617; 1; 2; 748
524; 567; 2; 1; 765
654; 419; 2; 1; 767
688; 532; 2; 1; 770
432; 672; 2; 1; 786
443; 622; 1; 2; 793
664; 583; 2; 1; 800
539; 508; 1; 2; 802
592; 697; 1; 2; 808
507; 526; 1; 2; 823
593; 541; 2; 1; 828
584; 656; 2; 1; 846
574; 449; 2; 1; 849
509; 545; 1; 2; 851
660; 649; 1; 2; 869
416; 638; 2; 1; 884
524; 595; 1; 2; 886
468; 473; 1; 2; 892
709; 501; 1; 2; 899
627; 506; 2; 1; 901
511; 484; 1; 2; 916
695; 596; 1; 2; 926
708; 482; 1; 2; 926
521; 625; 2; 1; 932
597; 673; 1; 2; 933
640; 635; 1; 2; 939
439; 644; 2; 1; 941
674; 567; 2; 1; 945
544; 628; 1; 2; 945
575; 615; 1; 2; 954
479; 433; 1; 2; 956
420; 478; 1; 2; 966
604; 451; 2; 1; 979
511; 558; 2; 1; 987
598; 691; 1; 2; 987
569; 703; 2; 1; 994
564; 554; 2; 1; 997
670; 654; 2; 1; 1002
579; 461; 2; 1; 1014
496; 561; 1; 2; 1018
460; 608; 2; 1; 1020
581; 712; 1; 2; 1020
29
3; 1; 43; 43
21; 1; 3; 543
10; 1; 26; 1133
1; 1; 9; 3974
13; 1; 44; 5931
25; 1; 43; 8183
22; 1; 49; 15340
4; 1; 9; 15854
28; 1; 47; 19631
18; 1; 47; 21592
24; 1; 16; 23074
12; 1; 46; 24605
7; 1; 34; 28436
0; 1; 40; 32386
17; 1; 30; 36239
14; 1; 41; 36467
5; 1; 10; 37957
19; 1; 34; 38601
16; 1; 13; 39938
9; 1; 29; 43384
27; 1; 17; 44340
8; 1; 22; 50993
6; 1; 24; 57494
15; 1; 28; 57645
2; 1; 43; 58948
20; 1; 5; 59741
23; 1; 1; 60290
26; 1; 22; 66569
11; 1; 32; 67291
