**** 924 ****
134
500; 682; 1; 2; 2
517; 427; 2; 1; 5
491; 631; 1; 2; 7
600; 567; 1; 2; 19
605; 528; 1; 2; 33
465; 501; 2; 1; 34
599; 600; 2; 1; 36
471; 459; 1; 2; 45
634; 472; 1; 2; 59
679; 684; 1; 2; 67
637; 550; 2; 1; 70
685; 477; 2; 1; 71
618; 584; 1; 2; 73
572; 437; 1; 2; 74
638; 651; 1; 2; 79
616; 570; 2; 1; 84
641; 551; 1; 2; 107
544; 681; 1; 2; 128
565; 598; 2; 1; 150
657; 715; 1; 2; 155
575; 508; 1; 2; 158
454; 505; 1; 2; 186
521; 651; 1; 2; 195
648; 696; 2; 1; 199
623; 445; 1; 2; 199
558; 710; 2; 1; 206
623; 436; 2; 1; 213
541; 644; 2; 1; 217
675; 687; 2; 1; 272
452; 618; 1; 2; 272
607; 445; 1; 2; 284
472; 515; 1; 2; 288
487; 663; 1; 2; 291
510; 706; 2; 1; 300
455; 463; 2; 1; 301
517; 465; 1; 2; 311
529; 432; 2; 1; 319
526; 550; 1; 2; 321
709; 505; 2; 1; 324
708; 583; 1; 2; 329
711; 640; 1; 2; 337
508; 493; 1; 2; 344
487; 617; 1; 2; 346
679; 687; 1; 2; 351
463; 602; 2; 1; 370
559; 438; 1; 2; 371
623; 456; 1; 2; 380
606; 680; 1; 2; 390
716; 653; 1; 2; 417
604; 629; 1; 2; 422
476; 481; 1; 2; 430
686; 678; 1; 2; 437
476; 633; 1; 2; 439
473; 465; 2; 1; 443
670; 695; 2; 1; 450
434; 706; 2; 1; 451
563; 546; 1; 2; 459
549; 594; 1; 2; 463
616; 597; 1; 2; 464
604; 606; 2; 1; 465
691; 590; 1; 2; 475
519; 527; 2; 1; 480
523; 720; 2; 1; 505
434; 508; 1; 2; 510
456; 556; 1; 2; 525
509; 609; 1; 2; 527
449; 480; 2; 1; 532
515; 546; 1; 2; 549
455; 572; 2; 1; 553
479; 619; 2; 1; 555
615; 709; 1; 2; 557
501; 602; 1; 2; 560
570; 556; 1; 2; 561
711; 643; 2; 1; 564
483; 439; 2; 1; 568
479; 707; 2; 1; 568
595; 484; 1; 2; 575
593; 480; 2; 1; 592
666; 453; 2; 1; 612
495; 467; 2; 1; 612
575; 591; 1; 2; 619
639; 600; 1; 2; 624
471; 510; 1; 2; 636
705; 503; 1; 2; 637
449; 565; 2; 1; 647
594; 704; 1; 2; 655
471; 661; 2; 1; 663
489; 426; 1; 2; 668
581; 700; 1; 2; 671
428; 438; 1; 2; 680
565; 591; 2; 1; 683
648; 468; 2; 1; 691
444; 716; 2; 1; 694
661; 611; 1; 2; 703
552; 489; 2; 1; 706
618; 559; 1; 2; 732
512; 510; 1; 2; 733
564; 495; 2; 1; 738
586; 503; 2; 1; 741
660; 462; 2; 1; 741
626; 480; 2; 1; 755
651; 717; 2; 1; 762
520; 447; 2; 1; 769
525; 606; 1; 2; 793
478; 508; 2; 1; 796
605; 547; 2; 1; 796
532; 505; 2; 1; 806
702; 452; 1; 2; 810
506; 658; 2; 1; 829
455; 600; 1; 2; 831
630; 688; 2; 1; 839
507; 599; 1; 2; 844
421; 672; 2; 1; 866
687; 502; 2; 1; 877
452; 653; 1; 2; 887
704; 439; 1; 2; 892
614; 426; 2; 1; 893
550; 525; 1; 2; 905
538; 496; 1; 2; 917
592; 659; 1; 2; 929
433; 466; 1; 2; 940
617; 530; 2; 1; 954
703; 490; 2; 1; 958
647; 701; 2; 1; 961
654; 535; 2; 1; 970
458; 702; 1; 2; 978
436; 704; 1; 2; 979
533; 588; 2; 1; 981
717; 504; 2; 1; 982
542; 433; 1; 2; 991
701; 630; 1; 2; 992
489; 632; 2; 1; 1004
483; 467; 2; 1; 1010
443; 464; 1; 2; 1015
29
25; 1; 1; 2866
12; 1; 31; 3696
20; 1; 43; 4699
10; 1; 17; 4790
21; 1; 16; 4851
18; 1; 34; 6921
6; 1; 22; 10275
19; 1; 15; 12294
27; 1; 44; 13546
8; 1; 48; 13749
17; 1; 38; 19167
26; 1; 15; 19217
2; 1; 14; 21377
0; 1; 44; 31129
13; 1; 32; 31318
9; 1; 13; 35717
1; 1; 14; 35737
24; 1; 14; 36678
22; 1; 35; 36977
16; 1; 14; 37328
14; 1; 20; 41123
23; 1; 2; 44192
15; 1; 43; 48520
7; 1; 27; 51688
11; 1; 41; 56680
3; 1; 5; 64430
28; 1; 23; 69056
4; 1; 24; 69942
5; 1; 40; 73913
