**** 925 ****
134
601; 716; 2; 1; 12
719; 539; 1; 2; 33
668; 669; 1; 2; 37
439; 647; 2; 1; 37
476; 511; 1; 2; 43
682; 612; 1; 2; 80
685; 593; 2; 1; 89
477; 577; 2; 1; 109
445; 599; 2; 1; 122
713; 604; 2; 1; 126
650; 611; 1; 2; 127
489; 543; 2; 1; 137
631; 501; 1; 2; 146
559; 655; 1; 2; 160
704; 496; 2; 1; 181
614; 555; 1; 2; 185
568; 674; 1; 2; 199
598; 460; 1; 2; 200
451; 478; 1; 2; 200
698; 429; 1; 2; 206
472; 609; 1; 2; 215
609; 669; 2; 1; 234
465; 658; 2; 1; 242
559; 452; 2; 1; 244
685; 678; 2; 1; 261
526; 720; 2; 1; 261
426; 629; 2; 1; 268
501; 469; 2; 1; 275
681; 423; 2; 1; 276
555; 500; 2; 1; 279
447; 614; 1; 2; 291
720; 660; 1; 2; 291
423; 493; 2; 1; 301
561; 686; 1; 2; 307
510; 623; 1; 2; 317
607; 496; 2; 1; 321
487; 621; 2; 1; 339
669; 560; 2; 1; 365
517; 478; 2; 1; 375
524; 582; 2; 1; 383
637; 443; 2; 1; 384
707; 720; 1; 2; 384
593; 446; 2; 1; 385
543; 594; 1; 2; 390
591; 516; 2; 1; 396
459; 529; 2; 1; 400
588; 689; 2; 1; 406
674; 457; 1; 2; 420
537; 499; 2; 1; 424
547; 439; 1; 2; 429
518; 573; 2; 1; 438
441; 612; 1; 2; 446
553; 643; 1; 2; 457
658; 668; 2; 1; 473
562; 667; 2; 1; 486
692; 657; 2; 1; 496
617; 510; 1; 2; 499
508; 528; 1; 2; 499
557; 677; 2; 1; 500
704; 716; 1; 2; 502
679; 713; 1; 2; 503
494; 642; 1; 2; 509
698; 452; 1; 2; 515
718; 644; 2; 1; 520
521; 713; 1; 2; 521
594; 602; 1; 2; 527
701; 528; 2; 1; 531
514; 496; 2; 1; 546
681; 486; 1; 2; 546
469; 649; 1; 2; 556
629; 427; 1; 2; 557
701; 671; 2; 1; 559
436; 538; 2; 1; 560
597; 699; 2; 1; 571
526; 560; 1; 2; 571
655; 581; 2; 1; 586
660; 697; 1; 2; 591
633; 478; 2; 1; 599
642; 548; 1; 2; 599
497; 536; 2; 1; 601
602; 558; 1; 2; 610
450; 647; 1; 2; 612
597; 711; 1; 2; 614
423; 718; 1; 2; 615
543; 501; 1; 2; 623
565; 526; 1; 2; 631
593; 436; 1; 2; 635
423; 547; 1; 2; 639
558; 452; 1; 2; 645
610; 591; 1; 2; 645
570; 553; 2; 1; 650
698; 643; 2; 1; 656
602; 474; 1; 2; 667
578; 602; 2; 1; 670
599; 587; 2; 1; 671
608; 631; 2; 1; 690
494; 485; 1; 2; 696
600; 554; 2; 1; 707
640; 499; 1; 2; 708
524; 449; 2; 1; 723
448; 538; 1; 2; 729
700; 537; 2; 1; 733
524; 493; 2; 1; 741
488; 480; 2; 1; 762
557; 500; 2; 1; 765
522; 638; 1; 2; 774
659; 494; 1; 2; 775
697; 703; 1; 2; 826
567; 570; 1; 2; 827
499; 613; 1; 2; 827
482; 567; 1; 2; 829
491; 612; 2; 1; 845
496; 564; 1; 2; 858
680; 449; 1; 2; 860
701; 584; 2; 1; 864
468; 460; 1; 2; 881
601; 697; 2; 1; 888
468; 665; 2; 1; 899
578; 577; 1; 2; 915
579; 498; 2; 1; 918
717; 448; 2; 1; 918
698; 430; 1; 2; 928
587; 715; 1; 2; 931
663; 429; 2; 1; 943
497; 464; 2; 1; 964
477; 586; 1; 2; 967
464; 631; 2; 1; 969
608; 451; 1; 2; 975
493; 583; 1; 2; 975
640; 701; 1; 2; 989
512; 706; 2; 1; 1001
523; 583; 2; 1; 1007
535; 579; 2; 1; 1014
486; 531; 1; 2; 1022
29
23; 1; 37; 3847
12; 1; 46; 5023
7; 1; 24; 10879
20; 1; 7; 11213
8; 1; 12; 13212
22; 1; 42; 18175
14; 1; 15; 21372
1; 1; 15; 21428
15; 1; 41; 22659
19; 1; 11; 29803
27; 1; 24; 30022
24; 1; 42; 38516
2; 1; 36; 39170
21; 1; 18; 43563
4; 1; 5; 44592
16; 1; 6; 45300
26; 1; 13; 47267
13; 1; 12; 47323
5; 1; 45; 47807
17; 1; 35; 48154
9; 1; 18; 55350
6; 1; 25; 57378
0; 1; 34; 58914
25; 1; 12; 62763
10; 1; 14; 63077
18; 1; 31; 64138
3; 1; 36; 65237
11; 1; 10; 74262
28; 1; 31; 76748
