**** 926 ****
134
479; 448; 1; 2; 28
477; 432; 1; 2; 36
621; 473; 2; 1; 40
658; 714; 2; 1; 42
616; 576; 1; 2; 42
682; 667; 2; 1; 45
619; 685; 2; 1; 59
603; 455; 2; 1; 63
656; 546; 1; 2; 67
477; 552; 1; 2; 68
439; 542; 1; 2; 69
493; 581; 2; 1; 78
713; 656; 2; 1; 78
630; 494; 2; 1; 79
615; 436; 2; 1; 98
530; 696; 2; 1; 107
455; 636; 1; 2; 108
471; 615; 2; 1; 124
624; 446; 2; 1; 133
705; 450; 1; 2; 141
596; 533; 2; 1; 153
563; 630; 1; 2; 157
690; 474; 2; 1; 168
714; 536; 1; 2; 174
528; 679; 1; 2; 176
455; 656; 1; 2; 183
521; 449; 2; 1; 184
512; 610; 2; 1; 188
656; 537; 1; 2; 199
497; 554; 2; 1; 210
445; 520; 2; 1; 218
713; 686; 2; 1; 220
570; 456; 2; 1; 233
429; 525; 1; 2; 240
691; 702; 1; 2; 240
491; 651; 2; 1; 242
463; 524; 1; 2; 248
541; 525; 1; 2; 265
630; 555; 1; 2; 265
686; 588; 2; 1; 266
660; 555; 2; 1; 269
509; 714; 2; 1; 271
524; 544; 1; 2; 307
661; 673; 1; 2; 317
721; 686; 1; 2; 342
467; 549; 2; 1; 357
558; 591; 1; 2; 361
485; 510; 2; 1; 364
679; 470; 1; 2; 372
700; 512; 1; 2; 377
623; 700; 2; 1; 384
634; 566; 2; 1; 384
541; 684; 2; 1; 384
570; 516; 2; 1; 407
678; 463; 1; 2; 407
491; 544; 1; 2; 430
589; 643; 1; 2; 433
719; 445; 1; 2; 447
489; 439; 1; 2; 451
580; 680; 2; 1; 461
532; 707; 2; 1; 470
633; 637; 2; 1; 487
643; 625; 1; 2; 501
445; 652; 2; 1; 505
654; 552; 2; 1; 517
523; 594; 1; 2; 521
586; 522; 1; 2; 526
568; 597; 2; 1; 536
541; 531; 2; 1; 539
638; 695; 2; 1; 540
602; 702; 2; 1; 561
426; 565; 2; 1; 563
584; 658; 2; 1; 566
653; 458; 2; 1; 572
508; 487; 1; 2; 579
662; 710; 1; 2; 600
599; 486; 1; 2; 607
593; 581; 1; 2; 617
644; 694; 1; 2; 620
718; 622; 1; 2; 624
607; 710; 1; 2; 627
548; 627; 2; 1; 628
479; 508; 2; 1; 632
503; 525; 1; 2; 635
490; 544; 1; 2; 644
591; 439; 2; 1; 653
611; 705; 2; 1; 655
591; 650; 1; 2; 683
553; 597; 2; 1; 693
487; 621; 1; 2; 720
446; 454; 1; 2; 727
702; 680; 1; 2; 732
710; 497; 1; 2; 732
649; 543; 1; 2; 732
647; 534; 1; 2; 736
516; 464; 2; 1; 738
676; 592; 1; 2; 745
635; 646; 1; 2; 747
636; 639; 2; 1; 748
468; 519; 1; 2; 757
512; 600; 1; 2; 769
573; 626; 2; 1; 774
421; 433; 1; 2; 783
522; 596; 2; 1; 790
468; 561; 1; 2; 792
554; 583; 2; 1; 812
553; 680; 1; 2; 816
670; 710; 2; 1; 827
430; 570; 1; 2; 839
508; 621; 2; 1; 868
599; 626; 1; 2; 879
496; 701; 1; 2; 882
429; 455; 2; 1; 884
544; 551; 1; 2; 884
587; 474; 2; 1; 886
707; 488; 1; 2; 888
452; 669; 1; 2; 892
622; 524; 1; 2; 910
426; 553; 1; 2; 915
576; 427; 1; 2; 920
532; 623; 1; 2; 936
549; 480; 2; 1; 948
480; 518; 1; 2; 948
497; 587; 1; 2; 950
482; 439; 1; 2; 958
495; 571; 2; 1; 959
486; 524; 1; 2; 966
528; 655; 1; 2; 968
470; 430; 2; 1; 980
644; 608; 1; 2; 985
426; 599; 1; 2; 998
674; 551; 1; 2; 1000
526; 567; 1; 2; 1010
522; 436; 2; 1; 1021
29
26; 1; 36; 1128
16; 1; 16; 2674
14; 1; 36; 4472
28; 1; 2; 8348
7; 1; 31; 8984
0; 1; 20; 9343
21; 1; 14; 10897
20; 1; 29; 15005
1; 1; 10; 17719
15; 1; 2; 18435
12; 1; 37; 19116
10; 1; 29; 22307
3; 1; 26; 22938
4; 1; 4; 26142
8; 1; 44; 27266
18; 1; 1; 33042
27; 1; 28; 33740
5; 1; 49; 34298
23; 1; 10; 43104
22; 1; 37; 45139
19; 1; 43; 51852
6; 1; 42; 53045
25; 1; 42; 57169
9; 1; 12; 57254
13; 1; 20; 58972
17; 1; 3; 64520
11; 1; 40; 67483
24; 1; 8; 70376
2; 1; 32; 76039
