**** 927 ****
134
452; 431; 1; 2; 2
437; 461; 1; 2; 18
653; 544; 2; 1; 21
689; 603; 1; 2; 32
461; 679; 2; 1; 41
642; 667; 2; 1; 42
525; 572; 2; 1; 46
444; 588; 2; 1; 54
567; 707; 1; 2; 56
653; 425; 1; 2; 65
578; 430; 2; 1; 65
629; 699; 1; 2; 70
689; 537; 2; 1; 77
614; 634; 2; 1; 79
443; 582; 2; 1; 81
459; 556; 1; 2; 88
665; 537; 1; 2; 94
651; 481; 2; 1; 107
709; 491; 1; 2; 112
460; 704; 2; 1; 117
446; 539; 2; 1; 124
486; 696; 1; 2; 127
617; 711; 2; 1; 137
680; 599; 1; 2; 142
656; 579; 2; 1; 165
627; 527; 1; 2; 179
571; 698; 2; 1; 188
581; 618; 1; 2; 205
676; 520; 1; 2; 217
485; 502; 2; 1; 218
507; 529; 1; 2; 220
423; 584; 2; 1; 234
440; 585; 1; 2; 247
690; 537; 1; 2; 253
430; 446; 2; 1; 262
648; 450; 2; 1; 281
495; 493; 1; 2; 305
609; 578; 2; 1; 306
516; 555; 2; 1; 308
520; 468; 2; 1; 309
667; 513; 1; 2; 314
447; 511; 1; 2; 323
607; 468; 1; 2; 330
653; 586; 1; 2; 336
510; 541; 1; 2; 336
707; 716; 1; 2; 339
721; 611; 2; 1; 344
557; 487; 1; 2; 370
483; 644; 1; 2; 376
687; 645; 1; 2; 387
603; 616; 1; 2; 387
465; 445; 2; 1; 388
522; 582; 1; 2; 415
585; 598; 2; 1; 434
611; 574; 1; 2; 446
675; 638; 2; 1; 447
520; 537; 1; 2; 450
539; 470; 1; 2; 460
609; 448; 1; 2; 461
602; 434; 1; 2; 463
671; 449; 1; 2; 465
630; 713; 2; 1; 466
567; 453; 2; 1; 468
461; 467; 2; 1; 502
454; 686; 2; 1; 518
655; 527; 2; 1; 526
481; 491; 1; 2; 533
529; 656; 2; 1; 553
661; 497; 2; 1; 558
572; 577; 2; 1; 559
486; 721; 2; 1; 565
611; 512; 1; 2; 566
654; 487; 1; 2; 566
499; 642; 2; 1; 566
566; 718; 2; 1; 567
496; 684; 2; 1; 570
431; 555; 1; 2; 577
458; 586; 1; 2; 582
656; 627; 2; 1; 597
429; 632; 1; 2; 610
594; 531; 2; 1; 620
575; 635; 1; 2; 627
595; 714; 1; 2; 628
703; 435; 2; 1; 630
566; 701; 1; 2; 630
528; 611; 1; 2; 636
687; 516; 2; 1; 638
501; 643; 2; 1; 643
587; 624; 2; 1; 653
673; 538; 1; 2; 654
586; 573; 1; 2; 669
493; 566; 1; 2; 681
690; 619; 1; 2; 685
653; 688; 1; 2; 693
439; 519; 2; 1; 696
458; 718; 1; 2; 700
628; 691; 2; 1; 701
686; 499; 2; 1; 705
477; 507; 2; 1; 708
441; 429; 1; 2; 718
649; 457; 1; 2; 719
615; 581; 2; 1; 726
594; 696; 2; 1; 729
677; 685; 1; 2; 731
453; 476; 1; 2; 738
421; 528; 1; 2; 741
452; 577; 1; 2; 752
697; 452; 2; 1; 760
468; 537; 2; 1; 765
699; 592; 2; 1; 768
604; 547; 1; 2; 776
506; 670; 2; 1; 776
536; 603; 2; 1; 788
663; 582; 2; 1; 790
661; 531; 2; 1; 794
448; 556; 2; 1; 799
477; 544; 1; 2; 812
442; 704; 1; 2; 816
423; 488; 1; 2; 825
503; 604; 1; 2; 847
681; 468; 1; 2; 854
638; 667; 2; 1; 861
431; 472; 2; 1; 865
668; 478; 1; 2; 882
674; 638; 1; 2; 887
609; 444; 2; 1; 894
550; 533; 1; 2; 905
591; 706; 2; 1; 922
488; 516; 2; 1; 933
650; 539; 1; 2; 938
459; 506; 2; 1; 943
629; 573; 2; 1; 955
457; 655; 1; 2; 1022
621; 681; 1; 2; 1022
29
8; 1; 30; 878
19; 1; 33; 6469
11; 1; 25; 8256
7; 1; 32; 8690
0; 1; 40; 11447
1; 1; 35; 15077
10; 1; 18; 17047
18; 1; 44; 17772
12; 1; 45; 25095
15; 1; 2; 25408
22; 1; 41; 25741
5; 1; 22; 26540
23; 1; 6; 28024
28; 1; 11; 32819
27; 1; 8; 34513
25; 1; 9; 35680
2; 1; 33; 35948
20; 1; 15; 38133
26; 1; 11; 43406
16; 1; 15; 49291
3; 1; 40; 50426
17; 1; 8; 51350
13; 1; 35; 52789
6; 1; 44; 56413
14; 1; 46; 63156
9; 1; 1; 69214
21; 1; 38; 71322
24; 1; 23; 71598
4; 1; 41; 72609
