**** 928 ****
134
687; 642; 1; 2; 1
712; 540; 1; 2; 13
568; 641; 1; 2; 34
584; 620; 1; 2; 36
514; 652; 2; 1; 37
498; 638; 2; 1; 51
714; 673; 2; 1; 61
452; 603; 2; 1; 72
488; 523; 2; 1; 76
459; 536; 2; 1; 85
546; 545; 1; 2; 97
543; 562; 2; 1; 102
622; 650; 1; 2; 132
462; 619; 2; 1; 135
531; 528; 2; 1; 139
641; 503; 1; 2; 154
595; 598; 1; 2; 160
564; 467; 2; 1; 162
656; 604; 2; 1; 166
709; 659; 1; 2; 192
629; 425; 1; 2; 213
506; 566; 1; 2; 216
713; 670; 1; 2; 221
457; 651; 1; 2; 232
489; 705; 2; 1; 253
507; 541; 1; 2; 272
618; 585; 1; 2; 278
611; 494; 1; 2; 285
623; 481; 2; 1; 290
516; 436; 1; 2; 291
716; 526; 2; 1; 305
546; 595; 2; 1; 328
708; 449; 1; 2; 329
580; 442; 1; 2; 348
544; 450; 1; 2; 349
466; 702; 2; 1; 349
569; 559; 1; 2; 350
555; 635; 2; 1; 357
676; 581; 2; 1; 359
685; 467; 1; 2; 359
620; 509; 2; 1; 363
588; 605; 2; 1; 380
491; 552; 1; 2; 384
593; 675; 1; 2; 406
585; 532; 1; 2; 409
587; 467; 2; 1; 411
615; 670; 2; 1; 421
572; 660; 2; 1; 449
678; 475; 2; 1; 458
667; 464; 2; 1; 480
429; 524; 1; 2; 484
551; 574; 1; 2; 489
619; 691; 1; 2; 494
450; 435; 2; 1; 525
478; 680; 2; 1; 529
430; 592; 2; 1; 548
509; 542; 2; 1; 550
495; 638; 2; 1; 552
586; 675; 1; 2; 560
705; 555; 1; 2; 569
433; 470; 2; 1; 574
453; 461; 2; 1; 576
449; 492; 2; 1; 585
675; 675; 1; 2; 591
482; 443; 2; 1; 595
529; 497; 1; 2; 604
553; 485; 2; 1; 613
669; 511; 1; 2; 622
502; 718; 1; 2; 631
521; 570; 2; 1; 632
471; 660; 1; 2; 633
657; 479; 1; 2; 635
628; 447; 1; 2; 649
634; 649; 1; 2; 652
470; 593; 1; 2; 657
507; 507; 1; 2; 662
582; 522; 1; 2; 662
556; 498; 1; 2; 675
711; 676; 1; 2; 697
697; 454; 2; 1; 703
567; 445; 1; 2; 715
586; 549; 2; 1; 724
688; 609; 2; 1; 742
650; 689; 2; 1; 745
431; 430; 2; 1; 746
684; 557; 2; 1; 751
459; 497; 1; 2; 758
626; 643; 1; 2; 762
506; 610; 1; 2; 774
611; 671; 2; 1; 788
598; 490; 2; 1; 802
638; 431; 2; 1; 804
455; 560; 2; 1; 840
480; 509; 1; 2; 845
616; 712; 1; 2; 845
595; 701; 2; 1; 847
584; 434; 2; 1; 851
704; 561; 1; 2; 855
600; 622; 1; 2; 857
611; 530; 2; 1; 859
693; 513; 1; 2; 860
545; 431; 1; 2; 861
469; 460; 2; 1; 869
691; 452; 1; 2; 870
556; 531; 2; 1; 872
602; 668; 2; 1; 883
567; 691; 1; 2; 884
706; 561; 2; 1; 895
584; 646; 2; 1; 895
721; 636; 1; 2; 904
515; 619; 2; 1; 915
538; 593; 1; 2; 921
560; 535; 1; 2; 941
428; 510; 2; 1; 947
493; 660; 1; 2; 948
437; 458; 2; 1; 955
664; 701; 2; 1; 961
673; 430; 2; 1; 961
597; 448; 2; 1; 961
574; 546; 1; 2; 962
642; 524; 1; 2; 962
476; 599; 2; 1; 963
438; 512; 2; 1; 964
523; 663; 1; 2; 979
504; 527; 2; 1; 981
435; 585; 2; 1; 987
695; 618; 1; 2; 990
458; 587; 2; 1; 993
498; 548; 2; 1; 1001
715; 538; 1; 2; 1004
715; 711; 1; 2; 1010
517; 592; 1; 2; 1011
597; 604; 2; 1; 1012
475; 534; 1; 2; 1017
29
22; 1; 12; 534
6; 1; 10; 669
24; 1; 2; 4988
17; 1; 42; 5218
18; 1; 37; 11560
10; 1; 11; 12551
14; 1; 19; 13055
0; 1; 5; 14221
23; 1; 39; 16877
15; 1; 34; 17931
8; 1; 32; 19587
20; 1; 7; 22369
12; 1; 33; 23613
7; 1; 44; 31442
4; 1; 35; 32984
27; 1; 10; 36885
19; 1; 37; 48315
13; 1; 19; 50762
1; 1; 8; 52173
26; 1; 49; 52854
28; 1; 19; 53411
25; 1; 39; 59671
3; 1; 12; 62060
5; 1; 36; 62251
2; 1; 17; 63319
16; 1; 8; 64417
21; 1; 3; 65165
9; 1; 18; 68713
11; 1; 3; 69438
