**** 929 ****
134
438; 680; 1; 2; 13
494; 626; 2; 1; 27
697; 500; 2; 1; 44
642; 687; 1; 2; 45
527; 474; 1; 2; 48
624; 663; 1; 2; 57
710; 536; 1; 2; 61
490; 604; 1; 2; 64
627; 513; 2; 1; 65
543; 689; 2; 1; 70
585; 544; 2; 1; 93
623; 702; 2; 1; 98
577; 475; 2; 1; 104
593; 527; 1; 2; 107
436; 658; 1; 2; 116
471; 455; 2; 1; 118
700; 458; 2; 1; 127
544; 696; 1; 2; 127
498; 440; 1; 2; 130
565; 498; 1; 2; 132
502; 633; 2; 1; 140
566; 436; 2; 1; 141
494; 590; 2; 1; 141
536; 656; 1; 2; 141
629; 626; 2; 1; 144
697; 651; 1; 2; 145
507; 515; 1; 2; 148
426; 716; 1; 2; 150
455; 474; 1; 2; 151
552; 639; 2; 1; 156
594; 594; 1; 2; 162
513; 597; 1; 2; 171
428; 549; 2; 1; 180
690; 676; 2; 1; 187
706; 579; 1; 2; 198
703; 596; 2; 1; 212
535; 666; 1; 2; 213
497; 700; 2; 1; 231
634; 685; 1; 2; 234
603; 715; 1; 2; 239
671; 530; 2; 1; 249
423; 625; 2; 1; 250
465; 566; 2; 1; 263
433; 498; 1; 2; 267
501; 694; 1; 2; 294
448; 706; 1; 2; 300
574; 569; 2; 1; 308
652; 538; 1; 2; 310
621; 430; 1; 2; 312
633; 645; 1; 2; 316
501; 440; 2; 1; 321
685; 450; 1; 2; 331
580; 496; 1; 2; 335
712; 515; 1; 2; 358
448; 618; 1; 2; 370
482; 681; 2; 1; 371
688; 558; 2; 1; 375
677; 464; 1; 2; 403
473; 535; 1; 2; 414
598; 484; 2; 1; 418
704; 541; 1; 2; 419
657; 589; 1; 2; 422
471; 709; 1; 2; 424
684; 677; 2; 1; 426
624; 482; 1; 2; 456
651; 455; 1; 2; 466
619; 642; 1; 2; 480
652; 446; 1; 2; 491
425; 690; 1; 2; 492
450; 713; 1; 2; 516
583; 569; 2; 1; 575
504; 614; 2; 1; 575
496; 440; 1; 2; 583
453; 540; 2; 1; 597
548; 571; 2; 1; 598
670; 662; 1; 2; 610
648; 581; 2; 1; 613
583; 641; 2; 1; 615
693; 537; 2; 1; 619
477; 580; 2; 1; 620
455; 487; 1; 2; 633
657; 526; 2; 1; 643
578; 488; 2; 1; 646
486; 599; 1; 2; 661
580; 651; 2; 1; 662
561; 472; 2; 1; 668
676; 583; 1; 2; 673
694; 687; 1; 2; 679
536; 497; 2; 1; 679
600; 460; 2; 1; 679
477; 622; 1; 2; 684
460; 458; 1; 2; 685
571; 522; 2; 1; 687
636; 511; 2; 1; 714
462; 674; 1; 2; 718
452; 644; 1; 2; 741
700; 531; 2; 1; 748
666; 562; 1; 2; 748
619; 551; 1; 2; 750
689; 501; 1; 2; 753
639; 455; 1; 2; 759
630; 442; 1; 2; 771
551; 453; 1; 2; 774
534; 619; 1; 2; 774
521; 632; 1; 2; 786
449; 496; 1; 2; 806
699; 427; 2; 1; 817
693; 576; 1; 2; 819
550; 523; 2; 1; 827
566; 674; 1; 2; 828
702; 446; 1; 2; 830
675; 594; 2; 1; 843
668; 519; 2; 1; 847
543; 443; 2; 1; 848
600; 645; 2; 1; 870
684; 430; 1; 2; 877
581; 686; 1; 2; 911
474; 505; 1; 2; 913
607; 661; 1; 2; 915
593; 436; 2; 1; 916
502; 458; 1; 2; 922
668; 582; 1; 2; 947
421; 545; 1; 2; 958
482; 455; 2; 1; 965
609; 535; 2; 1; 978
567; 705; 2; 1; 980
666; 574; 1; 2; 988
633; 677; 1; 2; 1002
444; 637; 2; 1; 1006
490; 440; 1; 2; 1007
542; 469; 2; 1; 1010
568; 712; 2; 1; 1013
553; 659; 1; 2; 1017
528; 613; 1; 2; 1022
29
23; 1; 34; 134
15; 1; 21; 6714
24; 1; 39; 11829
20; 1; 4; 13188
18; 1; 10; 14556
27; 1; 13; 16715
22; 1; 36; 17848
14; 1; 8; 20581
12; 1; 42; 20842
10; 1; 32; 22165
9; 1; 31; 22876
5; 1; 17; 27293
4; 1; 32; 30065
17; 1; 40; 30969
19; 1; 25; 34306
11; 1; 16; 39627
6; 1; 4; 41576
25; 1; 37; 45851
16; 1; 27; 46775
8; 1; 18; 50537
28; 1; 3; 54144
13; 1; 19; 57494
2; 1; 22; 59204
26; 1; 32; 60010
0; 1; 45; 60048
21; 1; 38; 60986
3; 1; 39; 67643
7; 1; 30; 70211
1; 1; 21; 71016
