**** 93 ****
58
65; 63; 1; 2; 1
107; 50; 1; 2; 4
62; 80; 2; 1; 10
107; 86; 2; 1; 13
56; 92; 2; 1; 20
81; 48; 2; 1; 21
48; 63; 2; 1; 23
113; 105; 2; 1; 23
47; 68; 2; 1; 33
106; 50; 1; 2; 33
68; 90; 2; 1; 37
102; 46; 2; 1; 41
84; 88; 2; 1; 46
85; 74; 1; 2; 47
86; 89; 1; 2; 48
102; 79; 1; 2; 54
49; 45; 1; 2; 55
52; 82; 2; 1; 57
103; 80; 2; 1; 60
75; 43; 2; 1; 63
111; 94; 1; 2; 63
55; 97; 1; 2; 63
72; 90; 1; 2; 64
61; 67; 2; 1; 68
104; 62; 2; 1; 72
75; 90; 2; 1; 77
68; 91; 1; 2; 78
74; 44; 2; 1; 88
62; 82; 1; 2; 96
44; 81; 1; 2; 105
101; 105; 2; 1; 109
80; 92; 1; 2; 110
83; 60; 2; 1; 113
107; 56; 2; 1; 114
55; 113; 1; 2; 121
113; 67; 1; 2; 123
67; 72; 1; 2; 124
49; 110; 1; 2; 124
79; 64; 2; 1; 128
102; 77; 1; 2; 129
65; 90; 2; 1; 132
51; 106; 2; 1; 142
113; 43; 2; 1; 143
88; 67; 1; 2; 143
64; 85; 2; 1; 145
74; 89; 2; 1; 146
108; 72; 1; 2; 149
78; 62; 1; 2; 151
89; 94; 1; 2; 153
83; 51; 1; 2; 154
103; 68; 2; 1; 158
72; 71; 2; 1; 159
97; 64; 2; 1; 165
75; 96; 2; 1; 167
47; 109; 2; 1; 169
73; 90; 1; 2; 171
84; 65; 1; 2; 185
57; 47; 1; 2; 186
14
8; 1; 27; 1078
0; 1; 22; 1175
6; 1; 45; 1237
12; 1; 9; 1494
2; 1; 37; 1805
5; 1; 49; 1860
4; 1; 29; 2455
7; 1; 31; 2599
11; 1; 15; 3494
1; 1; 21; 3681
9; 1; 39; 3709
13; 1; 13; 3829
3; 1; 26; 4191
10; 1; 22; 4237
