**** 930 ****
134
594; 572; 2; 1; 2
467; 434; 1; 2; 15
492; 559; 1; 2; 16
450; 490; 1; 2; 23
475; 631; 1; 2; 39
547; 666; 1; 2; 39
523; 439; 2; 1; 54
486; 679; 2; 1; 55
692; 709; 1; 2; 61
596; 457; 1; 2; 68
710; 569; 2; 1; 74
465; 649; 1; 2; 95
612; 486; 2; 1; 98
590; 455; 2; 1; 102
609; 648; 1; 2; 122
615; 641; 1; 2; 127
721; 562; 2; 1; 138
491; 640; 1; 2; 142
702; 485; 2; 1; 151
450; 525; 2; 1; 155
698; 578; 1; 2; 157
598; 592; 1; 2; 159
604; 677; 2; 1; 161
473; 461; 1; 2; 163
461; 578; 2; 1; 184
588; 580; 1; 2; 185
501; 571; 2; 1; 187
507; 522; 1; 2; 196
433; 716; 1; 2; 197
444; 564; 2; 1; 211
719; 550; 2; 1; 220
657; 476; 1; 2; 231
707; 467; 1; 2; 238
428; 669; 2; 1; 262
616; 528; 2; 1; 271
622; 449; 2; 1; 296
581; 599; 1; 2; 303
712; 712; 1; 2; 319
525; 537; 1; 2; 341
495; 565; 1; 2; 343
555; 657; 1; 2; 347
457; 624; 1; 2; 347
523; 660; 1; 2; 352
566; 581; 1; 2; 353
426; 522; 2; 1; 356
704; 661; 1; 2; 359
471; 714; 2; 1; 367
517; 649; 1; 2; 396
672; 545; 2; 1; 400
624; 529; 1; 2; 406
614; 669; 2; 1; 407
526; 547; 2; 1; 408
486; 503; 1; 2; 411
458; 449; 1; 2; 418
696; 684; 2; 1; 418
464; 560; 1; 2; 436
510; 645; 2; 1; 442
662; 676; 2; 1; 449
455; 497; 1; 2; 450
525; 628; 2; 1; 455
642; 434; 1; 2; 468
494; 636; 2; 1; 468
568; 531; 1; 2; 475
441; 448; 2; 1; 480
556; 700; 1; 2; 481
502; 572; 2; 1; 494
448; 580; 1; 2; 507
649; 496; 2; 1; 508
548; 500; 2; 1; 514
578; 460; 1; 2; 531
450; 493; 1; 2; 532
430; 611; 2; 1; 544
687; 543; 1; 2; 545
588; 627; 1; 2; 547
489; 470; 1; 2; 549
674; 499; 2; 1; 575
542; 561; 2; 1; 578
425; 627; 2; 1; 580
711; 708; 2; 1; 590
544; 695; 1; 2; 608
552; 574; 1; 2; 645
682; 444; 2; 1; 649
623; 454; 2; 1; 649
564; 691; 1; 2; 650
539; 695; 1; 2; 651
631; 575; 2; 1; 660
612; 678; 1; 2; 666
596; 550; 2; 1; 671
545; 624; 2; 1; 686
504; 425; 1; 2; 689
547; 553; 1; 2; 692
600; 641; 2; 1; 694
618; 464; 2; 1; 695
515; 467; 1; 2; 703
537; 719; 1; 2; 713
502; 496; 1; 2; 716
498; 566; 2; 1; 717
435; 561; 2; 1; 723
565; 708; 1; 2; 725
705; 475; 2; 1; 726
461; 641; 1; 2; 737
655; 677; 2; 1; 742
630; 589; 1; 2; 752
562; 495; 1; 2; 791
701; 701; 1; 2; 797
426; 706; 2; 1; 799
498; 506; 2; 1; 824
448; 568; 1; 2; 825
677; 707; 1; 2; 835
662; 607; 1; 2; 836
695; 721; 2; 1; 837
687; 684; 2; 1; 839
429; 714; 1; 2; 845
476; 507; 1; 2; 871
550; 614; 2; 1; 888
656; 525; 1; 2; 890
575; 664; 1; 2; 894
529; 430; 1; 2; 896
486; 474; 2; 1; 899
663; 473; 1; 2; 908
636; 580; 2; 1; 915
496; 625; 2; 1; 923
523; 549; 2; 1; 942
605; 558; 1; 2; 943
456; 675; 2; 1; 945
527; 433; 1; 2; 973
557; 694; 1; 2; 976
657; 532; 2; 1; 991
642; 655; 2; 1; 994
465; 539; 1; 2; 997
568; 462; 1; 2; 1012
534; 452; 1; 2; 1020
619; 500; 1; 2; 1022
460; 601; 2; 1; 1027
29
10; 1; 3; 19
26; 1; 2; 342
15; 1; 42; 1298
8; 1; 32; 3623
18; 1; 39; 6340
3; 1; 5; 9308
22; 1; 23; 9878
12; 1; 40; 18320
5; 1; 15; 20058
25; 1; 12; 23661
9; 1; 39; 29305
19; 1; 45; 33839
7; 1; 29; 34948
4; 1; 32; 38650
21; 1; 3; 41565
6; 1; 20; 43405
16; 1; 18; 44557
23; 1; 30; 47121
28; 1; 42; 52554
1; 1; 45; 56982
27; 1; 24; 57041
17; 1; 35; 62077
2; 1; 22; 64975
14; 1; 49; 65736
20; 1; 32; 67760
11; 1; 47; 68162
13; 1; 4; 71204
0; 1; 45; 73047
24; 1; 41; 74926
