**** 931 ****
134
631; 623; 1; 2; 5
536; 541; 2; 1; 9
511; 579; 1; 2; 9
713; 602; 1; 2; 18
570; 682; 2; 1; 23
457; 715; 2; 1; 48
524; 443; 1; 2; 57
640; 663; 1; 2; 64
599; 466; 1; 2; 74
498; 602; 2; 1; 75
584; 484; 2; 1; 83
539; 562; 1; 2; 84
640; 552; 2; 1; 93
517; 560; 1; 2; 94
666; 462; 1; 2; 103
665; 428; 1; 2; 103
630; 641; 2; 1; 104
423; 662; 2; 1; 105
680; 631; 2; 1; 111
504; 602; 2; 1; 112
678; 641; 1; 2; 117
557; 560; 2; 1; 123
437; 496; 1; 2; 124
482; 453; 2; 1; 128
511; 438; 1; 2; 130
589; 586; 1; 2; 130
662; 536; 2; 1; 135
589; 715; 1; 2; 137
627; 608; 1; 2; 138
422; 438; 1; 2; 145
487; 588; 1; 2; 155
686; 464; 2; 1; 168
559; 697; 2; 1; 173
433; 588; 2; 1; 215
442; 566; 1; 2; 219
462; 601; 1; 2; 231
655; 690; 1; 2; 233
501; 689; 2; 1; 241
540; 459; 2; 1; 255
655; 631; 1; 2; 255
443; 706; 1; 2; 266
608; 687; 1; 2; 269
588; 479; 2; 1; 272
486; 572; 1; 2; 276
645; 527; 2; 1; 287
535; 715; 1; 2; 310
509; 482; 1; 2; 310
556; 521; 2; 1; 329
586; 520; 2; 1; 330
624; 605; 1; 2; 331
600; 499; 1; 2; 340
709; 514; 1; 2; 358
424; 529; 2; 1; 361
490; 670; 2; 1; 372
624; 512; 1; 2; 376
537; 499; 1; 2; 397
620; 715; 2; 1; 398
452; 430; 2; 1; 401
486; 587; 1; 2; 401
533; 492; 2; 1; 414
559; 424; 2; 1; 415
424; 555; 2; 1; 434
454; 631; 1; 2; 458
490; 442; 1; 2; 472
488; 463; 1; 2; 473
592; 685; 2; 1; 475
679; 446; 1; 2; 475
510; 651; 2; 1; 477
462; 615; 1; 2; 479
685; 497; 2; 1; 495
553; 506; 2; 1; 498
573; 499; 1; 2; 499
643; 656; 1; 2; 502
561; 516; 2; 1; 506
691; 480; 2; 1; 525
688; 479; 1; 2; 528
490; 563; 2; 1; 531
567; 484; 1; 2; 537
615; 551; 2; 1; 541
650; 605; 2; 1; 549
648; 557; 2; 1; 562
698; 692; 2; 1; 586
659; 662; 2; 1; 587
581; 484; 1; 2; 594
683; 564; 2; 1; 600
647; 694; 2; 1; 608
658; 556; 2; 1; 609
469; 439; 2; 1; 614
432; 563; 2; 1; 626
579; 617; 2; 1; 631
579; 446; 2; 1; 649
550; 434; 1; 2; 661
499; 500; 2; 1; 662
512; 692; 2; 1; 667
447; 602; 2; 1; 699
631; 510; 1; 2; 702
448; 518; 1; 2; 705
658; 486; 1; 2; 723
544; 456; 1; 2; 743
537; 617; 2; 1; 747
566; 466; 1; 2; 754
705; 718; 2; 1; 763
581; 702; 2; 1; 775
449; 450; 1; 2; 783
540; 506; 1; 2; 789
478; 496; 2; 1; 789
467; 431; 2; 1; 795
438; 603; 1; 2; 795
645; 619; 2; 1; 800
432; 671; 2; 1; 803
604; 438; 2; 1; 819
430; 568; 1; 2; 826
512; 458; 2; 1; 827
554; 664; 2; 1; 837
622; 518; 2; 1; 843
676; 673; 2; 1; 863
550; 659; 1; 2; 882
672; 639; 2; 1; 883
689; 463; 2; 1; 890
666; 560; 2; 1; 897
582; 547; 2; 1; 901
482; 568; 2; 1; 913
465; 511; 2; 1; 917
450; 557; 2; 1; 917
444; 692; 2; 1; 939
669; 474; 2; 1; 950
592; 649; 2; 1; 952
654; 572; 2; 1; 981
627; 583; 1; 2; 981
591; 675; 1; 2; 984
513; 465; 1; 2; 994
560; 511; 1; 2; 994
613; 626; 1; 2; 1010
498; 670; 1; 2; 1011
29
22; 1; 45; 1970
8; 1; 2; 7044
12; 1; 8; 8699
11; 1; 2; 13704
26; 1; 14; 17173
28; 1; 2; 18923
4; 1; 6; 30550
16; 1; 30; 33356
3; 1; 31; 33877
2; 1; 11; 34610
25; 1; 11; 36690
15; 1; 35; 39187
27; 1; 6; 39751
13; 1; 15; 41047
19; 1; 38; 41777
24; 1; 26; 44501
9; 1; 22; 45762
21; 1; 12; 50448
5; 1; 16; 54586
10; 1; 26; 57007
14; 1; 42; 57325
18; 1; 31; 57549
7; 1; 37; 58457
17; 1; 37; 58613
6; 1; 12; 61282
23; 1; 5; 62884
20; 1; 43; 63395
1; 1; 9; 69021
0; 1; 36; 73826
