**** 932 ****
134
426; 603; 1; 2; 8
669; 539; 1; 2; 24
689; 681; 1; 2; 28
700; 570; 2; 1; 29
685; 479; 1; 2; 46
430; 584; 2; 1; 49
545; 720; 1; 2; 51
690; 715; 2; 1; 54
601; 562; 2; 1; 56
577; 629; 2; 1; 63
430; 597; 1; 2; 66
446; 427; 1; 2; 79
673; 703; 2; 1; 91
500; 645; 1; 2; 92
711; 678; 1; 2; 96
697; 634; 1; 2; 97
539; 618; 1; 2; 130
596; 644; 1; 2; 159
466; 598; 2; 1; 180
610; 548; 1; 2; 186
499; 434; 1; 2; 189
598; 510; 2; 1; 191
649; 543; 1; 2; 201
720; 689; 2; 1; 201
648; 636; 2; 1; 209
440; 455; 1; 2; 224
547; 564; 1; 2; 224
497; 441; 1; 2; 238
675; 606; 2; 1; 250
499; 562; 2; 1; 256
554; 555; 2; 1; 261
703; 453; 2; 1; 275
448; 505; 1; 2; 285
635; 472; 1; 2; 287
511; 488; 2; 1; 303
671; 514; 2; 1; 306
676; 701; 2; 1; 310
466; 677; 1; 2; 315
704; 665; 2; 1; 324
699; 641; 2; 1; 327
506; 632; 2; 1; 327
721; 630; 2; 1; 335
430; 563; 1; 2; 335
585; 692; 2; 1; 340
567; 720; 1; 2; 341
689; 554; 1; 2; 346
440; 539; 2; 1; 348
686; 466; 2; 1; 352
480; 425; 2; 1; 354
645; 602; 1; 2; 360
662; 562; 2; 1; 363
520; 614; 2; 1; 364
586; 715; 1; 2; 374
598; 580; 1; 2; 387
594; 543; 1; 2; 393
612; 701; 2; 1; 397
653; 458; 2; 1; 421
612; 481; 1; 2; 436
644; 504; 2; 1; 443
579; 460; 1; 2; 456
443; 701; 2; 1; 456
480; 602; 2; 1; 459
637; 684; 2; 1; 466
641; 462; 1; 2; 473
457; 587; 2; 1; 481
497; 720; 1; 2; 491
676; 602; 1; 2; 505
635; 560; 1; 2; 507
525; 640; 2; 1; 509
490; 536; 1; 2; 520
563; 614; 1; 2; 521
556; 713; 2; 1; 526
458; 429; 2; 1; 530
495; 428; 2; 1; 531
465; 627; 2; 1; 535
513; 559; 1; 2; 537
485; 606; 1; 2; 552
472; 567; 2; 1; 552
701; 432; 1; 2; 556
715; 694; 1; 2; 563
662; 512; 2; 1; 577
713; 561; 1; 2; 598
537; 697; 1; 2; 602
532; 553; 2; 1; 624
653; 632; 2; 1; 642
483; 456; 2; 1; 646
486; 590; 2; 1; 658
624; 562; 2; 1; 661
682; 659; 2; 1; 664
438; 707; 2; 1; 673
648; 641; 2; 1; 686
453; 563; 1; 2; 700
600; 660; 2; 1; 736
677; 435; 2; 1; 765
500; 678; 1; 2; 783
491; 519; 2; 1; 786
533; 428; 1; 2; 799
564; 532; 2; 1; 800
457; 662; 2; 1; 808
572; 622; 1; 2; 811
536; 481; 2; 1; 816
703; 440; 1; 2; 816
502; 452; 1; 2; 820
649; 465; 1; 2; 823
587; 593; 2; 1; 824
505; 721; 2; 1; 828
697; 579; 1; 2; 839
501; 526; 2; 1; 842
507; 596; 1; 2; 844
647; 643; 2; 1; 847
434; 467; 1; 2; 865
547; 666; 2; 1; 878
570; 718; 1; 2; 898
528; 509; 1; 2; 898
674; 562; 1; 2; 911
650; 639; 2; 1; 913
550; 474; 2; 1; 926
717; 597; 2; 1; 930
647; 710; 1; 2; 933
558; 608; 2; 1; 938
611; 627; 2; 1; 944
423; 691; 1; 2; 947
516; 699; 2; 1; 963
711; 559; 2; 1; 963
602; 485; 2; 1; 973
578; 706; 2; 1; 977
421; 482; 2; 1; 980
660; 482; 2; 1; 998
596; 430; 1; 2; 1003
648; 573; 2; 1; 1010
580; 426; 2; 1; 1015
460; 650; 2; 1; 1028
488; 614; 1; 2; 1029
698; 668; 2; 1; 1029
29
0; 1; 11; 282
15; 1; 30; 4168
23; 1; 44; 9522
25; 1; 12; 13977
5; 1; 46; 17539
8; 1; 25; 17902
9; 1; 36; 23699
20; 1; 18; 31913
10; 1; 33; 32689
3; 1; 18; 36001
6; 1; 29; 36712
18; 1; 38; 40555
24; 1; 47; 41452
4; 1; 4; 46196
16; 1; 20; 46805
22; 1; 31; 46957
12; 1; 29; 49224
26; 1; 31; 53899
17; 1; 37; 60338
13; 1; 26; 65279
14; 1; 23; 65321
2; 1; 8; 67060
21; 1; 11; 69067
1; 1; 2; 71048
28; 1; 5; 71994
7; 1; 40; 72172
27; 1; 15; 74403
19; 1; 14; 74590
11; 1; 30; 75913
