**** 933 ****
134
707; 563; 2; 1; 5
663; 532; 2; 1; 8
712; 477; 2; 1; 12
432; 701; 1; 2; 13
549; 628; 2; 1; 43
715; 429; 2; 1; 52
466; 483; 2; 1; 59
649; 516; 1; 2; 71
506; 576; 2; 1; 81
429; 464; 2; 1; 100
576; 708; 2; 1; 102
716; 437; 1; 2; 110
634; 468; 1; 2; 120
571; 577; 2; 1; 141
435; 539; 1; 2; 141
662; 624; 2; 1; 142
603; 459; 2; 1; 146
664; 672; 1; 2; 147
445; 546; 1; 2; 157
679; 526; 2; 1; 161
683; 706; 2; 1; 161
572; 525; 2; 1; 168
534; 433; 1; 2; 172
576; 712; 1; 2; 173
720; 629; 1; 2; 178
530; 426; 1; 2; 181
480; 599; 2; 1; 186
645; 478; 1; 2; 191
554; 467; 2; 1; 216
478; 500; 2; 1; 219
539; 681; 2; 1; 224
494; 583; 2; 1; 243
543; 493; 1; 2; 266
558; 467; 1; 2; 278
538; 483; 2; 1; 279
463; 463; 1; 2; 281
570; 703; 2; 1; 303
500; 601; 1; 2; 304
488; 471; 1; 2; 307
693; 530; 2; 1; 320
710; 659; 2; 1; 326
636; 551; 1; 2; 330
599; 684; 2; 1; 361
696; 464; 1; 2; 364
459; 476; 2; 1; 367
572; 488; 1; 2; 369
650; 656; 1; 2; 375
459; 513; 1; 2; 379
576; 638; 1; 2; 383
472; 708; 1; 2; 385
691; 540; 2; 1; 397
453; 480; 1; 2; 398
580; 537; 1; 2; 402
508; 567; 1; 2; 409
580; 522; 2; 1; 421
583; 553; 1; 2; 422
632; 685; 2; 1; 424
485; 489; 2; 1; 428
622; 688; 2; 1; 432
424; 645; 2; 1; 444
584; 425; 2; 1; 448
511; 638; 2; 1; 458
536; 628; 1; 2; 471
687; 440; 1; 2; 476
450; 521; 1; 2; 480
427; 572; 1; 2; 491
696; 692; 1; 2; 518
586; 497; 2; 1; 522
609; 592; 2; 1; 529
601; 590; 2; 1; 531
492; 546; 2; 1; 539
506; 629; 1; 2; 539
427; 505; 2; 1; 541
421; 450; 1; 2; 545
662; 604; 2; 1; 566
524; 450; 2; 1; 567
499; 698; 2; 1; 576
650; 647; 1; 2; 586
674; 577; 1; 2; 594
448; 607; 2; 1; 597
697; 542; 1; 2; 605
672; 637; 1; 2; 613
499; 515; 1; 2; 614
600; 498; 2; 1; 632
574; 720; 2; 1; 643
576; 702; 2; 1; 651
704; 444; 2; 1; 652
704; 518; 1; 2; 656
498; 658; 1; 2; 657
464; 458; 1; 2; 664
712; 570; 2; 1; 665
533; 598; 1; 2; 666
647; 476; 1; 2; 671
485; 599; 2; 1; 681
479; 578; 1; 2; 686
574; 606; 2; 1; 694
618; 629; 1; 2; 695
465; 454; 2; 1; 702
534; 461; 1; 2; 732
677; 460; 2; 1; 743
638; 553; 1; 2; 746
567; 583; 2; 1; 755
588; 454; 2; 1; 770
502; 678; 1; 2; 778
676; 475; 2; 1; 782
700; 428; 2; 1; 788
496; 598; 2; 1; 817
617; 657; 1; 2; 819
635; 525; 2; 1; 820
586; 713; 2; 1; 831
604; 555; 1; 2; 840
623; 668; 2; 1; 848
438; 661; 1; 2; 859
474; 568; 1; 2; 870
712; 587; 1; 2; 878
543; 615; 2; 1; 879
706; 476; 2; 1; 888
442; 622; 2; 1; 895
489; 720; 2; 1; 896
594; 590; 2; 1; 898
589; 606; 2; 1; 907
558; 507; 1; 2; 924
523; 456; 1; 2; 933
596; 610; 1; 2; 942
617; 709; 1; 2; 946
570; 565; 2; 1; 964
571; 646; 1; 2; 976
453; 454; 2; 1; 978
640; 470; 1; 2; 985
668; 569; 1; 2; 989
434; 532; 1; 2; 1006
433; 534; 2; 1; 1014
578; 514; 2; 1; 1020
582; 439; 2; 1; 1024
29
13; 1; 29; 5178
18; 1; 1; 7456
24; 1; 19; 8616
26; 1; 6; 9146
27; 1; 2; 11740
12; 1; 11; 14613
10; 1; 22; 15521
1; 1; 1; 20523
15; 1; 28; 22952
21; 1; 28; 30641
5; 1; 14; 32764
6; 1; 20; 35542
23; 1; 15; 36811
28; 1; 23; 38665
7; 1; 18; 43930
3; 1; 16; 45059
4; 1; 34; 45831
22; 1; 46; 49962
11; 1; 16; 50098
25; 1; 17; 53173
9; 1; 39; 53455
2; 1; 4; 56627
16; 1; 33; 58101
8; 1; 37; 59326
19; 1; 9; 62126
20; 1; 45; 62679
0; 1; 41; 67784
14; 1; 39; 68615
17; 1; 32; 73073
