**** 934 ****
134
525; 451; 2; 1; 4
503; 461; 2; 1; 7
675; 684; 2; 1; 18
694; 621; 1; 2; 20
711; 459; 2; 1; 25
438; 618; 2; 1; 32
567; 458; 1; 2; 44
591; 713; 2; 1; 52
674; 484; 2; 1; 60
582; 436; 2; 1; 66
692; 660; 1; 2; 75
607; 660; 1; 2; 107
699; 453; 1; 2; 125
656; 465; 1; 2; 126
461; 546; 1; 2; 133
682; 504; 1; 2; 134
693; 427; 2; 1; 140
665; 508; 1; 2; 162
492; 629; 2; 1; 163
650; 594; 2; 1; 165
674; 454; 1; 2; 169
631; 683; 1; 2; 169
486; 461; 1; 2; 178
555; 669; 2; 1; 200
448; 644; 1; 2; 210
636; 431; 2; 1; 212
450; 623; 1; 2; 221
638; 481; 2; 1; 242
643; 633; 2; 1; 250
465; 715; 2; 1; 255
504; 669; 1; 2; 259
560; 452; 1; 2; 272
513; 587; 1; 2; 274
533; 567; 1; 2; 282
497; 553; 1; 2; 283
550; 707; 2; 1; 286
619; 578; 2; 1; 290
541; 696; 1; 2; 290
690; 719; 2; 1; 291
462; 716; 1; 2; 295
562; 633; 1; 2; 295
475; 431; 1; 2; 308
615; 476; 1; 2; 313
573; 433; 1; 2; 325
638; 580; 2; 1; 330
665; 573; 2; 1; 333
611; 529; 2; 1; 345
436; 642; 1; 2; 350
428; 422; 1; 2; 356
627; 595; 2; 1; 359
500; 588; 2; 1; 359
629; 429; 2; 1; 365
632; 692; 1; 2; 369
422; 654; 1; 2; 370
539; 429; 2; 1; 370
612; 582; 2; 1; 376
547; 444; 1; 2; 378
671; 595; 1; 2; 383
618; 599; 1; 2; 400
606; 478; 2; 1; 406
655; 536; 1; 2; 407
687; 428; 1; 2; 409
707; 560; 1; 2; 409
496; 496; 2; 1; 426
531; 713; 1; 2; 430
441; 483; 1; 2; 431
463; 631; 1; 2; 435
592; 490; 2; 1; 446
709; 541; 1; 2; 454
577; 713; 2; 1; 475
533; 710; 2; 1; 475
483; 702; 1; 2; 475
482; 599; 1; 2; 479
579; 525; 1; 2; 483
452; 535; 1; 2; 483
436; 640; 1; 2; 489
651; 546; 1; 2; 502
507; 537; 1; 2; 507
583; 496; 2; 1; 537
665; 680; 2; 1; 542
508; 505; 1; 2; 545
717; 636; 1; 2; 569
487; 561; 2; 1; 587
684; 474; 1; 2; 588
585; 425; 1; 2; 598
521; 516; 2; 1; 602
520; 579; 2; 1; 606
478; 445; 1; 2; 616
586; 682; 1; 2; 621
503; 552; 1; 2; 646
575; 476; 1; 2; 656
708; 585; 1; 2; 679
501; 462; 1; 2; 687
647; 566; 2; 1; 710
617; 512; 1; 2; 711
441; 664; 1; 2; 712
520; 666; 2; 1; 735
637; 706; 1; 2; 735
670; 713; 1; 2; 740
675; 435; 2; 1; 741
457; 568; 2; 1; 747
612; 503; 1; 2; 749
693; 608; 2; 1; 753
599; 449; 2; 1; 761
706; 578; 1; 2; 764
613; 680; 1; 2; 783
541; 484; 1; 2; 795
556; 423; 1; 2; 819
575; 570; 2; 1; 840
578; 719; 1; 2; 842
596; 514; 1; 2; 845
615; 705; 1; 2; 851
430; 701; 2; 1; 851
443; 477; 1; 2; 859
696; 686; 2; 1; 865
445; 545; 1; 2; 868
424; 637; 2; 1; 873
615; 444; 1; 2; 904
579; 439; 1; 2; 905
629; 574; 2; 1; 905
660; 627; 2; 1; 909
665; 458; 1; 2; 915
458; 487; 2; 1; 922
629; 580; 2; 1; 922
720; 715; 1; 2; 934
656; 675; 2; 1; 951
494; 549; 1; 2; 962
557; 460; 2; 1; 962
625; 488; 2; 1; 964
680; 649; 2; 1; 970
462; 629; 2; 1; 996
698; 662; 2; 1; 1006
697; 551; 2; 1; 1012
674; 670; 2; 1; 1029
29
11; 1; 1; 47
20; 1; 19; 67
0; 1; 27; 163
28; 1; 4; 1849
12; 1; 44; 2273
27; 1; 35; 2646
3; 1; 5; 3711
7; 1; 37; 4470
4; 1; 31; 7039
10; 1; 33; 9576
5; 1; 49; 11398
19; 1; 37; 11816
1; 1; 23; 24219
23; 1; 40; 26565
18; 1; 31; 27847
16; 1; 19; 31329
24; 1; 5; 35682
26; 1; 21; 40993
8; 1; 7; 43381
17; 1; 41; 45135
15; 1; 48; 50560
21; 1; 10; 52595
13; 1; 33; 55256
22; 1; 5; 57412
9; 1; 5; 57514
6; 1; 29; 57697
14; 1; 36; 57781
25; 1; 32; 69349
2; 1; 45; 73437
