**** 935 ****
135
604; 717; 1; 2; 12
605; 426; 1; 2; 14
569; 532; 2; 1; 44
535; 455; 1; 2; 46
532; 653; 1; 2; 59
654; 433; 1; 2; 64
446; 540; 1; 2; 70
618; 522; 1; 2; 73
506; 588; 2; 1; 78
671; 707; 1; 2; 84
515; 433; 2; 1; 98
428; 678; 2; 1; 99
528; 566; 1; 2; 101
549; 624; 1; 2; 103
532; 542; 1; 2; 110
592; 556; 2; 1; 119
674; 489; 2; 1; 139
706; 713; 1; 2; 142
669; 433; 1; 2; 142
696; 482; 2; 1; 157
702; 528; 2; 1; 168
476; 715; 2; 1; 168
433; 546; 2; 1; 181
586; 699; 2; 1; 195
557; 653; 1; 2; 214
654; 622; 2; 1; 225
659; 431; 2; 1; 227
713; 718; 1; 2; 245
531; 577; 1; 2; 246
559; 464; 1; 2; 249
463; 482; 2; 1; 261
662; 692; 2; 1; 267
687; 458; 2; 1; 278
663; 707; 1; 2; 280
549; 507; 2; 1; 286
454; 459; 2; 1; 287
498; 522; 1; 2; 287
499; 487; 2; 1; 292
475; 568; 2; 1; 298
461; 507; 1; 2; 298
543; 705; 1; 2; 305
713; 723; 1; 2; 313
512; 527; 1; 2; 328
591; 594; 2; 1; 332
575; 562; 1; 2; 336
538; 515; 2; 1; 345
472; 696; 2; 1; 351
537; 518; 1; 2; 352
662; 634; 1; 2; 362
514; 626; 2; 1; 364
586; 626; 1; 2; 373
457; 535; 2; 1; 376
660; 609; 1; 2; 376
673; 683; 2; 1; 384
652; 692; 1; 2; 384
597; 434; 1; 2; 397
669; 454; 2; 1; 399
716; 519; 2; 1; 403
579; 585; 1; 2; 418
705; 429; 2; 1; 423
474; 609; 1; 2; 430
626; 483; 2; 1; 433
502; 703; 2; 1; 436
565; 496; 2; 1; 441
570; 572; 1; 2; 445
565; 510; 2; 1; 449
711; 616; 1; 2; 460
554; 505; 1; 2; 472
439; 639; 2; 1; 476
665; 445; 1; 2; 480
603; 468; 1; 2; 482
606; 640; 1; 2; 486
613; 509; 1; 2; 493
673; 462; 2; 1; 506
697; 683; 1; 2; 509
489; 726; 2; 1; 513
490; 441; 1; 2; 515
651; 469; 1; 2; 529
487; 518; 2; 1; 546
600; 434; 2; 1; 564
569; 496; 1; 2; 567
451; 559; 1; 2; 568
720; 626; 2; 1; 572
541; 680; 2; 1; 590
670; 695; 2; 1; 597
683; 429; 2; 1; 603
721; 544; 1; 2; 608
430; 622; 1; 2; 612
432; 702; 1; 2; 613
718; 661; 1; 2; 622
426; 595; 1; 2; 628
462; 471; 1; 2; 634
559; 509; 2; 1; 635
528; 702; 2; 1; 643
653; 447; 2; 1; 648
590; 474; 2; 1; 648
696; 649; 2; 1; 660
586; 433; 2; 1; 673
475; 640; 1; 2; 676
485; 659; 1; 2; 688
609; 608; 2; 1; 718
593; 557; 1; 2; 720
476; 510; 2; 1; 751
698; 701; 1; 2; 754
503; 427; 2; 1; 766
536; 532; 2; 1; 770
713; 725; 2; 1; 770
592; 552; 1; 2; 772
481; 521; 1; 2; 787
516; 648; 1; 2; 789
477; 459; 1; 2; 790
477; 547; 2; 1; 794
563; 428; 1; 2; 820
632; 643; 2; 1; 832
655; 601; 2; 1; 833
647; 434; 2; 1; 839
609; 694; 1; 2; 843
601; 663; 1; 2; 844
557; 558; 2; 1; 846
539; 697; 2; 1; 864
602; 489; 2; 1; 868
588; 531; 1; 2; 887
446; 676; 2; 1; 916
610; 683; 2; 1; 956
715; 565; 1; 2; 957
524; 627; 1; 2; 957
553; 451; 2; 1; 963
520; 428; 2; 1; 964
614; 654; 1; 2; 965
667; 662; 1; 2; 968
496; 560; 2; 1; 974
444; 441; 1; 2; 979
463; 431; 2; 1; 991
637; 673; 2; 1; 995
545; 640; 2; 1; 997
29
6; 1; 3; 187
15; 1; 8; 2489
11; 1; 36; 8648
23; 1; 28; 13403
13; 1; 12; 13715
24; 1; 40; 15846
16; 1; 15; 16124
0; 1; 6; 16882
12; 1; 10; 21129
19; 1; 31; 24931
4; 1; 16; 26154
25; 1; 15; 26204
10; 1; 15; 28376
1; 1; 38; 31637
5; 1; 26; 32703
20; 1; 10; 36520
27; 1; 44; 37442
8; 1; 34; 39551
3; 1; 35; 41982
9; 1; 33; 42709
17; 1; 44; 42840
22; 1; 30; 44655
26; 1; 6; 48621
14; 1; 16; 59887
2; 1; 15; 64350
18; 1; 29; 65478
21; 1; 47; 70973
28; 1; 2; 72168
7; 1; 40; 72275
