**** 936 ****
135
447; 676; 1; 2; 0
616; 586; 1; 2; 5
438; 689; 2; 1; 15
572; 560; 1; 2; 16
463; 706; 1; 2; 21
623; 573; 2; 1; 28
539; 693; 1; 2; 29
675; 458; 2; 1; 40
439; 604; 1; 2; 46
685; 475; 2; 1; 65
668; 544; 1; 2; 91
568; 491; 2; 1; 93
594; 527; 1; 2; 95
727; 450; 1; 2; 101
523; 470; 2; 1; 103
651; 508; 2; 1; 104
513; 563; 1; 2; 106
520; 600; 1; 2; 115
557; 429; 1; 2; 118
701; 556; 1; 2; 137
486; 480; 1; 2; 142
658; 527; 1; 2; 144
445; 437; 2; 1; 154
665; 682; 1; 2; 155
582; 447; 1; 2; 155
575; 569; 1; 2; 155
477; 687; 2; 1; 161
435; 669; 2; 1; 173
560; 546; 2; 1; 179
478; 448; 1; 2; 186
539; 443; 1; 2; 192
529; 548; 1; 2; 211
636; 612; 2; 1; 216
590; 554; 2; 1; 229
540; 633; 1; 2; 242
532; 463; 2; 1; 244
506; 727; 1; 2; 250
436; 578; 2; 1; 251
654; 605; 2; 1; 262
690; 657; 1; 2; 265
475; 441; 2; 1; 292
489; 707; 2; 1; 297
475; 549; 1; 2; 299
452; 646; 2; 1; 308
527; 650; 1; 2; 311
710; 431; 2; 1; 322
487; 681; 2; 1; 333
544; 450; 2; 1; 345
473; 477; 2; 1; 355
505; 557; 1; 2; 359
603; 630; 1; 2; 376
672; 472; 1; 2; 388
673; 496; 1; 2; 401
680; 527; 1; 2; 402
450; 629; 1; 2; 415
449; 598; 2; 1; 425
507; 442; 2; 1; 426
572; 709; 2; 1; 444
719; 578; 2; 1; 446
591; 721; 1; 2; 447
480; 663; 2; 1; 455
632; 451; 1; 2; 470
500; 528; 1; 2; 474
591; 448; 2; 1; 475
495; 615; 2; 1; 479
482; 429; 2; 1; 487
597; 514; 2; 1; 490
663; 490; 2; 1; 491
707; 468; 2; 1; 492
475; 628; 2; 1; 496
578; 710; 1; 2; 499
600; 429; 2; 1; 505
631; 513; 2; 1; 536
599; 658; 1; 2; 547
610; 689; 2; 1; 549
596; 499; 2; 1; 595
690; 509; 1; 2; 605
578; 459; 1; 2; 609
672; 627; 1; 2; 613
614; 600; 2; 1; 628
527; 516; 2; 1; 629
646; 628; 1; 2; 665
476; 669; 2; 1; 682
516; 599; 2; 1; 685
658; 650; 2; 1; 693
508; 440; 2; 1; 709
598; 527; 1; 2; 714
722; 698; 1; 2; 716
724; 595; 2; 1; 716
481; 722; 1; 2; 723
503; 501; 2; 1; 725
468; 677; 1; 2; 725
664; 526; 2; 1; 744
503; 593; 1; 2; 745
715; 428; 2; 1; 753
487; 573; 1; 2; 759
641; 729; 2; 1; 766
642; 530; 1; 2; 772
488; 666; 1; 2; 774
562; 664; 1; 2; 778
483; 591; 1; 2; 785
462; 629; 1; 2; 786
722; 708; 1; 2; 787
683; 457; 1; 2; 789
583; 476; 2; 1; 791
685; 717; 2; 1; 801
503; 610; 1; 2; 802
573; 718; 2; 1; 813
726; 474; 1; 2; 844
593; 646; 2; 1; 857
426; 484; 1; 2; 862
695; 705; 2; 1; 867
727; 670; 2; 1; 868
673; 677; 1; 2; 871
633; 608; 2; 1; 874
518; 640; 1; 2; 902
711; 430; 1; 2; 915
543; 614; 2; 1; 916
726; 631; 2; 1; 919
542; 497; 2; 1; 920
443; 620; 1; 2; 926
653; 508; 1; 2; 930
528; 687; 2; 1; 937
428; 673; 1; 2; 950
511; 576; 1; 2; 966
563; 692; 2; 1; 969
529; 447; 1; 2; 972
643; 433; 1; 2; 979
654; 526; 2; 1; 982
507; 462; 2; 1; 990
587; 522; 1; 2; 993
697; 478; 2; 1; 1005
511; 649; 1; 2; 1009
640; 604; 1; 2; 1027
641; 541; 1; 2; 1028
29
12; 1; 47; 5484
5; 1; 15; 7378
3; 1; 5; 8213
11; 1; 32; 9788
9; 1; 33; 15124
1; 1; 26; 20848
13; 1; 11; 21183
6; 1; 36; 27633
17; 1; 12; 29806
2; 1; 45; 33930
20; 1; 2; 34109
28; 1; 19; 34305
8; 1; 7; 34521
18; 1; 24; 36340
24; 1; 13; 41827
10; 1; 2; 45298
7; 1; 19; 46658
21; 1; 13; 47956
22; 1; 1; 49113
19; 1; 23; 49202
16; 1; 19; 50307
14; 1; 18; 58047
15; 1; 24; 59377
25; 1; 43; 60492
0; 1; 3; 64306
4; 1; 30; 69094
27; 1; 35; 69979
23; 1; 16; 72353
26; 1; 34; 75975
