**** 937 ****
135
703; 661; 1; 2; 5
585; 718; 1; 2; 23
722; 554; 1; 2; 44
714; 587; 2; 1; 52
495; 557; 2; 1; 64
596; 524; 1; 2; 69
569; 451; 2; 1; 71
667; 588; 2; 1; 73
516; 699; 2; 1; 78
561; 595; 2; 1; 79
515; 595; 2; 1; 81
651; 575; 1; 2; 81
636; 509; 1; 2; 97
700; 478; 2; 1; 100
562; 525; 1; 2; 117
518; 608; 1; 2; 118
589; 608; 2; 1; 121
570; 539; 1; 2; 132
651; 656; 2; 1; 147
687; 616; 1; 2; 161
502; 607; 2; 1; 166
548; 479; 1; 2; 169
695; 648; 2; 1; 171
688; 707; 2; 1; 181
449; 427; 2; 1; 191
486; 574; 2; 1; 194
603; 450; 2; 1; 196
487; 503; 1; 2; 205
437; 455; 1; 2; 210
590; 456; 1; 2; 211
547; 486; 2; 1; 212
546; 604; 1; 2; 213
681; 618; 2; 1; 234
722; 451; 1; 2; 235
535; 685; 2; 1; 244
626; 590; 2; 1; 245
588; 536; 1; 2; 254
662; 475; 2; 1; 256
622; 436; 1; 2; 275
710; 620; 1; 2; 278
638; 660; 1; 2; 301
599; 492; 2; 1; 307
597; 613; 2; 1; 309
650; 571; 2; 1; 316
548; 652; 2; 1; 346
698; 512; 1; 2; 347
695; 482; 1; 2; 351
684; 567; 1; 2; 351
545; 488; 1; 2; 358
549; 632; 2; 1; 366
585; 536; 2; 1; 384
440; 564; 2; 1; 391
618; 471; 2; 1; 404
675; 655; 1; 2; 413
562; 534; 1; 2; 422
589; 450; 1; 2; 434
443; 490; 1; 2; 437
632; 557; 1; 2; 437
634; 442; 1; 2; 438
456; 573; 1; 2; 446
587; 601; 1; 2; 463
596; 587; 1; 2; 467
474; 469; 1; 2; 501
703; 601; 1; 2; 517
604; 471; 1; 2; 544
531; 607; 1; 2; 545
586; 597; 2; 1; 547
690; 488; 2; 1; 567
645; 444; 2; 1; 569
433; 725; 1; 2; 572
508; 615; 1; 2; 573
427; 724; 2; 1; 577
630; 486; 1; 2; 587
440; 684; 2; 1; 595
696; 494; 2; 1; 599
449; 442; 2; 1; 602
474; 553; 1; 2; 616
489; 593; 1; 2; 616
687; 649; 1; 2; 627
623; 465; 2; 1; 634
505; 629; 1; 2; 644
670; 692; 2; 1; 650
589; 728; 1; 2; 650
686; 562; 1; 2; 657
511; 715; 2; 1; 662
585; 601; 2; 1; 678
472; 497; 1; 2; 682
729; 601; 1; 2; 682
594; 481; 1; 2; 689
662; 729; 2; 1; 691
546; 436; 2; 1; 695
646; 433; 2; 1; 697
640; 611; 2; 1; 713
729; 588; 2; 1; 726
658; 498; 1; 2; 746
727; 460; 1; 2; 770
724; 671; 1; 2; 777
627; 704; 2; 1; 786
504; 622; 1; 2; 791
566; 679; 2; 1; 801
503; 690; 2; 1; 803
524; 427; 1; 2; 804
565; 438; 2; 1; 809
720; 525; 1; 2; 825
548; 707; 1; 2; 829
500; 589; 1; 2; 841
709; 447; 1; 2; 841
476; 662; 2; 1; 847
531; 443; 1; 2; 854
694; 691; 1; 2; 856
729; 540; 2; 1; 861
687; 542; 1; 2; 865
581; 677; 2; 1; 866
530; 496; 1; 2; 867
706; 443; 1; 2; 870
622; 576; 2; 1; 876
502; 461; 2; 1; 892
499; 716; 1; 2; 915
431; 471; 1; 2; 924
440; 580; 1; 2; 930
609; 477; 2; 1; 943
650; 471; 1; 2; 958
605; 452; 2; 1; 960
473; 717; 1; 2; 963
691; 614; 2; 1; 978
632; 677; 2; 1; 983
667; 672; 1; 2; 988
642; 429; 1; 2; 991
620; 551; 2; 1; 1000
495; 458; 2; 1; 1006
554; 678; 1; 2; 1014
564; 497; 1; 2; 1015
696; 573; 2; 1; 1015
574; 644; 1; 2; 1025
461; 586; 1; 2; 1029
29
28; 1; 8; 182
22; 1; 11; 1277
8; 1; 25; 3147
0; 1; 43; 6867
10; 1; 23; 13334
12; 1; 48; 13885
2; 1; 16; 15538
4; 1; 29; 22819
9; 1; 29; 23534
11; 1; 32; 23836
25; 1; 8; 25327
20; 1; 28; 27741
17; 1; 6; 29600
23; 1; 30; 35244
19; 1; 22; 44909
15; 1; 13; 45137
27; 1; 25; 47864
16; 1; 7; 50060
3; 1; 19; 50740
13; 1; 33; 51192
24; 1; 29; 60986
7; 1; 40; 66223
21; 1; 47; 68651
5; 1; 6; 72947
1; 1; 4; 73956
18; 1; 49; 75422
14; 1; 33; 77954
6; 1; 27; 78138
26; 1; 9; 79147
