**** 938 ****
135
573; 586; 2; 1; 1
628; 434; 2; 1; 3
512; 483; 2; 1; 7
544; 534; 1; 2; 20
613; 652; 1; 2; 22
449; 685; 2; 1; 38
452; 479; 1; 2; 44
693; 723; 2; 1; 44
558; 430; 1; 2; 57
723; 673; 2; 1; 63
458; 614; 1; 2; 69
692; 716; 2; 1; 71
491; 709; 2; 1; 72
662; 607; 2; 1; 84
720; 493; 2; 1; 90
645; 431; 2; 1; 93
629; 434; 1; 2; 100
694; 573; 1; 2; 102
440; 537; 1; 2; 104
614; 486; 1; 2; 106
677; 555; 2; 1; 109
500; 638; 2; 1; 119
432; 468; 1; 2; 129
558; 616; 1; 2; 136
650; 677; 1; 2; 162
570; 628; 1; 2; 166
545; 677; 2; 1; 174
492; 511; 2; 1; 175
694; 602; 1; 2; 176
572; 481; 1; 2; 182
496; 551; 2; 1; 198
715; 566; 2; 1; 203
553; 539; 2; 1; 224
449; 469; 2; 1; 235
541; 603; 1; 2; 252
526; 514; 2; 1; 265
660; 623; 1; 2; 272
556; 597; 1; 2; 276
505; 725; 1; 2; 278
629; 442; 1; 2; 278
712; 435; 2; 1; 279
700; 465; 1; 2; 284
593; 629; 2; 1; 287
495; 728; 2; 1; 303
643; 725; 1; 2; 306
556; 435; 1; 2; 333
520; 435; 1; 2; 343
467; 598; 2; 1; 347
660; 548; 1; 2; 350
713; 724; 1; 2; 350
444; 512; 2; 1; 350
539; 479; 1; 2; 355
613; 481; 2; 1; 357
588; 693; 2; 1; 358
536; 537; 2; 1; 367
470; 467; 2; 1; 367
597; 577; 2; 1; 376
557; 588; 2; 1; 381
653; 463; 2; 1; 389
681; 576; 2; 1; 402
681; 548; 2; 1; 407
507; 615; 1; 2; 418
535; 702; 2; 1; 420
514; 575; 2; 1; 427
681; 600; 2; 1; 439
516; 435; 1; 2; 443
447; 538; 2; 1; 446
483; 517; 2; 1; 447
643; 719; 2; 1; 471
513; 636; 1; 2; 499
649; 708; 1; 2; 502
447; 531; 1; 2; 503
492; 613; 2; 1; 505
532; 629; 2; 1; 509
591; 683; 1; 2; 517
445; 532; 2; 1; 524
678; 627; 1; 2; 540
689; 726; 2; 1; 556
706; 614; 1; 2; 584
678; 499; 2; 1; 589
694; 634; 1; 2; 593
690; 544; 2; 1; 602
553; 571; 1; 2; 617
431; 446; 2; 1; 619
446; 435; 2; 1; 622
605; 465; 2; 1; 631
713; 581; 2; 1; 654
492; 431; 1; 2; 688
522; 583; 2; 1; 688
584; 597; 1; 2; 694
573; 638; 1; 2; 696
520; 671; 1; 2; 704
511; 529; 1; 2; 707
479; 627; 2; 1; 708
683; 527; 2; 1; 718
468; 487; 2; 1; 725
686; 500; 2; 1; 733
657; 646; 1; 2; 751
642; 606; 1; 2; 757
543; 578; 2; 1; 763
537; 727; 1; 2; 763
451; 525; 1; 2; 765
447; 437; 1; 2; 766
715; 695; 2; 1; 782
534; 504; 2; 1; 785
444; 608; 1; 2; 785
493; 708; 2; 1; 799
670; 567; 1; 2; 811
449; 526; 2; 1; 822
457; 546; 2; 1; 828
492; 463; 1; 2; 831
458; 665; 2; 1; 832
486; 438; 2; 1; 832
538; 507; 1; 2; 834
719; 429; 1; 2; 846
482; 657; 1; 2; 853
466; 485; 2; 1; 861
434; 717; 1; 2; 886
719; 521; 2; 1; 899
454; 718; 2; 1; 901
655; 530; 1; 2; 922
634; 527; 1; 2; 934
443; 502; 1; 2; 935
541; 586; 2; 1; 940
488; 452; 1; 2; 953
615; 432; 2; 1; 964
443; 511; 1; 2; 964
618; 547; 1; 2; 978
438; 587; 2; 1; 981
461; 559; 1; 2; 986
447; 546; 2; 1; 999
460; 582; 1; 2; 1015
606; 438; 1; 2; 1031
475; 483; 2; 1; 1033
452; 439; 2; 1; 1035
29
5; 1; 36; 2359
25; 1; 14; 5421
24; 1; 48; 7428
11; 1; 44; 7920
17; 1; 34; 10861
26; 1; 43; 11579
28; 1; 16; 12333
23; 1; 3; 16294
7; 1; 40; 22075
9; 1; 25; 23137
3; 1; 39; 28035
21; 1; 14; 36344
14; 1; 46; 36700
10; 1; 41; 38353
20; 1; 40; 40323
18; 1; 9; 40590
12; 1; 33; 41709
8; 1; 11; 42198
0; 1; 24; 43980
27; 1; 37; 50673
19; 1; 25; 53006
15; 1; 21; 57170
2; 1; 10; 62039
1; 1; 46; 62412
6; 1; 4; 63411
22; 1; 2; 66915
16; 1; 40; 69033
4; 1; 35; 73019
13; 1; 46; 74497
