**** 939 ****
135
507; 617; 1; 2; 2
446; 557; 2; 1; 2
463; 653; 2; 1; 4
541; 432; 1; 2; 6
583; 461; 1; 2; 8
463; 486; 1; 2; 21
468; 441; 1; 2; 31
606; 556; 1; 2; 48
697; 625; 1; 2; 49
458; 496; 1; 2; 55
709; 623; 2; 1; 69
591; 707; 2; 1; 73
630; 716; 1; 2; 107
600; 513; 2; 1; 111
561; 439; 2; 1; 112
454; 603; 1; 2; 128
612; 437; 1; 2; 141
612; 493; 1; 2; 141
669; 524; 1; 2; 143
480; 671; 2; 1; 148
572; 440; 2; 1; 154
472; 456; 1; 2; 172
517; 474; 2; 1; 179
650; 508; 1; 2; 182
585; 530; 1; 2; 183
637; 704; 1; 2; 184
578; 461; 2; 1; 192
582; 582; 2; 1; 198
621; 621; 1; 2; 201
642; 449; 2; 1; 203
682; 557; 1; 2; 218
494; 713; 1; 2; 221
612; 538; 1; 2; 228
474; 713; 1; 2; 245
562; 667; 2; 1; 248
427; 500; 1; 2; 276
427; 669; 2; 1; 277
540; 669; 1; 2; 279
507; 628; 2; 1; 285
729; 572; 2; 1; 289
521; 649; 1; 2; 295
525; 467; 2; 1; 299
527; 436; 1; 2; 300
713; 709; 2; 1; 308
523; 632; 2; 1; 308
666; 588; 1; 2; 317
653; 597; 1; 2; 328
463; 680; 1; 2; 331
607; 432; 1; 2; 346
502; 469; 2; 1; 354
541; 516; 1; 2; 356
612; 442; 2; 1; 359
658; 551; 2; 1; 364
467; 597; 1; 2; 373
432; 571; 2; 1; 393
588; 675; 1; 2; 394
705; 515; 1; 2; 409
663; 641; 2; 1; 412
438; 479; 1; 2; 413
567; 513; 1; 2; 433
613; 595; 2; 1; 436
453; 617; 2; 1; 440
608; 668; 1; 2; 448
546; 524; 2; 1; 461
584; 589; 1; 2; 469
728; 623; 1; 2; 475
623; 494; 2; 1; 476
426; 690; 1; 2; 483
606; 534; 2; 1; 485
676; 595; 1; 2; 497
625; 486; 1; 2; 509
500; 615; 1; 2; 522
619; 614; 2; 1; 525
516; 549; 1; 2; 526
514; 556; 1; 2; 530
662; 602; 1; 2; 532
615; 495; 1; 2; 532
718; 448; 1; 2; 550
719; 574; 1; 2; 559
448; 676; 2; 1; 570
657; 678; 2; 1; 581
683; 598; 2; 1; 585
659; 594; 2; 1; 599
717; 645; 2; 1; 601
626; 626; 1; 2; 602
635; 468; 1; 2; 616
667; 431; 1; 2; 629
528; 507; 2; 1; 632
542; 476; 2; 1; 646
450; 482; 2; 1; 647
560; 514; 1; 2; 647
583; 710; 1; 2; 649
665; 725; 2; 1; 661
676; 650; 2; 1; 662
520; 686; 1; 2; 674
683; 472; 2; 1; 681
691; 629; 2; 1; 695
613; 452; 2; 1; 702
684; 638; 1; 2; 705
490; 710; 2; 1; 717
568; 584; 2; 1; 724
542; 448; 1; 2; 735
435; 606; 2; 1; 750
517; 656; 1; 2; 765
695; 454; 2; 1; 766
543; 436; 1; 2; 770
620; 510; 2; 1; 772
430; 709; 1; 2; 775
664; 568; 1; 2; 777
553; 729; 2; 1; 813
510; 658; 2; 1; 815
620; 540; 1; 2; 833
519; 642; 2; 1; 839
647; 639; 2; 1; 850
470; 444; 2; 1; 851
533; 645; 2; 1; 865
662; 578; 1; 2; 884
500; 505; 2; 1; 890
526; 426; 2; 1; 891
483; 633; 1; 2; 895
707; 569; 2; 1; 898
583; 530; 2; 1; 903
507; 525; 1; 2; 920
426; 480; 2; 1; 921
655; 469; 2; 1; 924
486; 571; 1; 2; 933
672; 538; 1; 2; 939
539; 678; 2; 1; 963
495; 615; 1; 2; 970
606; 617; 2; 1; 984
494; 505; 2; 1; 992
535; 533; 1; 2; 1000
607; 480; 1; 2; 1012
574; 681; 1; 2; 1017
625; 672; 2; 1; 1021
29
3; 1; 45; 2371
21; 1; 20; 3739
11; 1; 25; 4846
2; 1; 25; 7897
20; 1; 39; 19093
7; 1; 23; 19178
8; 1; 43; 20049
27; 1; 2; 21075
5; 1; 26; 22554
1; 1; 24; 24378
6; 1; 30; 34184
15; 1; 4; 34777
23; 1; 44; 40016
18; 1; 17; 41776
9; 1; 16; 42223
16; 1; 10; 42613
13; 1; 42; 43400
17; 1; 4; 44820
28; 1; 14; 50579
10; 1; 41; 50684
22; 1; 17; 51506
12; 1; 5; 54017
24; 1; 2; 54041
14; 1; 43; 54161
0; 1; 31; 58723
25; 1; 25; 64878
19; 1; 38; 65389
4; 1; 33; 69735
26; 1; 18; 73934
