**** 94 ****
58
55; 63; 1; 2; 4
113; 71; 1; 2; 4
41; 76; 1; 2; 6
89; 49; 2; 1; 6
61; 76; 2; 1; 15
68; 79; 2; 1; 24
44; 108; 2; 1; 32
51; 59; 1; 2; 32
113; 53; 2; 1; 33
88; 91; 1; 2; 37
45; 55; 2; 1; 37
74; 106; 1; 2; 37
49; 78; 2; 1; 39
62; 55; 2; 1; 53
76; 57; 2; 1; 56
72; 47; 2; 1; 59
42; 96; 2; 1; 71
113; 88; 1; 2; 80
47; 82; 2; 1; 80
79; 66; 2; 1; 81
70; 97; 2; 1; 83
97; 62; 2; 1; 83
86; 92; 2; 1; 85
102; 101; 2; 1; 92
41; 85; 2; 1; 94
77; 71; 2; 1; 94
57; 44; 2; 1; 100
75; 100; 2; 1; 104
45; 58; 1; 2; 104
86; 60; 1; 2; 111
80; 111; 1; 2; 117
106; 56; 2; 1; 120
52; 84; 2; 1; 127
85; 49; 2; 1; 128
82; 85; 2; 1; 129
68; 44; 2; 1; 131
103; 108; 2; 1; 137
50; 71; 1; 2; 139
58; 67; 2; 1; 140
73; 77; 1; 2; 150
100; 112; 2; 1; 154
70; 89; 2; 1; 157
92; 101; 2; 1; 158
57; 84; 1; 2; 164
92; 49; 1; 2; 165
66; 90; 2; 1; 166
110; 63; 1; 2; 167
88; 54; 1; 2; 169
112; 76; 1; 2; 177
61; 55; 2; 1; 177
52; 65; 2; 1; 178
78; 59; 2; 1; 180
60; 64; 2; 1; 181
47; 101; 1; 2; 182
92; 50; 1; 2; 187
64; 105; 2; 1; 188
62; 43; 1; 2; 188
62; 97; 1; 2; 189
14
5; 1; 31; 84
6; 1; 41; 907
7; 1; 7; 1229
10; 1; 49; 1315
1; 1; 20; 1592
12; 1; 48; 1706
11; 1; 31; 2335
3; 1; 2; 2520
8; 1; 16; 2626
9; 1; 1; 2916
0; 1; 46; 3059
4; 1; 8; 3799
13; 1; 15; 3969
2; 1; 10; 4012
