**** 940 ****
135
656; 674; 2; 1; 1
635; 450; 2; 1; 11
633; 499; 2; 1; 11
436; 661; 2; 1; 16
674; 578; 2; 1; 27
689; 628; 2; 1; 40
480; 678; 2; 1; 52
728; 705; 2; 1; 60
438; 721; 2; 1; 94
486; 625; 1; 2; 111
676; 634; 2; 1; 125
594; 530; 1; 2; 129
635; 658; 1; 2; 141
617; 456; 1; 2; 148
676; 658; 1; 2; 162
469; 684; 1; 2; 169
693; 670; 1; 2; 175
487; 681; 2; 1; 180
549; 620; 1; 2; 181
689; 558; 1; 2; 181
443; 573; 2; 1; 187
534; 566; 2; 1; 199
585; 464; 1; 2; 200
508; 502; 1; 2; 220
656; 606; 2; 1; 235
443; 618; 1; 2; 260
466; 638; 1; 2; 263
547; 677; 1; 2; 266
697; 710; 1; 2; 275
433; 468; 1; 2; 279
457; 624; 2; 1; 284
615; 462; 2; 1; 286
433; 594; 1; 2; 286
655; 457; 1; 2; 288
719; 443; 1; 2; 295
695; 600; 1; 2; 298
692; 662; 1; 2; 310
609; 432; 2; 1; 314
461; 689; 1; 2; 317
563; 557; 2; 1; 330
555; 687; 2; 1; 337
714; 489; 2; 1; 341
544; 557; 1; 2; 343
596; 639; 2; 1; 344
688; 671; 2; 1; 344
558; 471; 2; 1; 348
494; 550; 1; 2; 349
501; 723; 2; 1; 367
624; 516; 2; 1; 368
499; 514; 1; 2; 373
646; 567; 1; 2; 379
498; 597; 1; 2; 390
638; 530; 1; 2; 399
558; 511; 1; 2; 403
519; 726; 1; 2; 409
729; 627; 1; 2; 413
477; 616; 1; 2; 420
705; 674; 1; 2; 431
554; 643; 2; 1; 436
593; 561; 2; 1; 437
698; 550; 2; 1; 438
556; 426; 1; 2; 446
583; 644; 2; 1; 454
711; 524; 2; 1; 455
494; 546; 2; 1; 469
723; 562; 2; 1; 482
626; 635; 1; 2; 484
587; 659; 1; 2; 485
609; 470; 2; 1; 496
703; 534; 2; 1; 499
694; 699; 2; 1; 516
726; 656; 1; 2; 528
460; 470; 1; 2; 546
563; 670; 1; 2; 560
594; 483; 1; 2; 570
636; 662; 2; 1; 574
561; 558; 1; 2; 589
525; 711; 1; 2; 605
696; 698; 1; 2; 625
446; 515; 1; 2; 627
662; 695; 1; 2; 633
699; 432; 1; 2; 647
625; 551; 1; 2; 650
541; 726; 1; 2; 652
456; 480; 2; 1; 654
602; 702; 2; 1; 656
615; 618; 1; 2; 671
510; 646; 2; 1; 674
638; 448; 1; 2; 675
442; 538; 2; 1; 682
451; 539; 2; 1; 684
598; 568; 2; 1; 691
592; 615; 2; 1; 718
590; 634; 1; 2; 726
719; 501; 2; 1; 727
610; 437; 2; 1; 734
473; 632; 2; 1; 741
573; 455; 2; 1; 747
451; 531; 2; 1; 752
587; 628; 2; 1; 752
700; 718; 1; 2; 758
572; 697; 1; 2; 764
462; 654; 2; 1; 776
662; 444; 2; 1; 785
727; 428; 1; 2; 790
495; 611; 1; 2; 814
619; 441; 1; 2; 820
625; 642; 1; 2; 838
506; 722; 1; 2; 845
590; 610; 1; 2; 852
498; 712; 1; 2; 856
545; 447; 2; 1; 859
627; 568; 1; 2; 862
453; 579; 1; 2; 871
557; 692; 1; 2; 880
598; 466; 1; 2; 888
544; 682; 2; 1; 889
623; 598; 1; 2; 893
616; 459; 1; 2; 899
594; 524; 2; 1; 911
614; 453; 2; 1; 926
610; 528; 2; 1; 931
466; 544; 2; 1; 943
569; 489; 2; 1; 949
491; 605; 1; 2; 959
575; 510; 1; 2; 960
714; 526; 1; 2; 962
576; 578; 1; 2; 974
473; 441; 2; 1; 1000
581; 536; 1; 2; 1010
497; 441; 1; 2; 1016
701; 440; 2; 1; 1022
725; 676; 1; 2; 1027
605; 567; 2; 1; 1032
533; 610; 2; 1; 1034
29
9; 1; 6; 3603
12; 1; 27; 3971
1; 1; 25; 6862
14; 1; 42; 7534
4; 1; 47; 13015
18; 1; 33; 13625
0; 1; 16; 13828
16; 1; 48; 16056
5; 1; 32; 17889
23; 1; 42; 19240
22; 1; 31; 21160
15; 1; 10; 22088
8; 1; 48; 24476
17; 1; 41; 26272
19; 1; 9; 33245
21; 1; 38; 33392
3; 1; 29; 35524
6; 1; 40; 40905
20; 1; 43; 41934
24; 1; 9; 47237
13; 1; 16; 51760
10; 1; 11; 54101
28; 1; 2; 58316
27; 1; 17; 63670
26; 1; 25; 65752
7; 1; 25; 66837
11; 1; 41; 72854
25; 1; 5; 75148
2; 1; 21; 77239
