**** 941 ****
135
460; 544; 1; 2; 5
544; 484; 1; 2; 5
445; 580; 1; 2; 8
632; 644; 1; 2; 17
639; 555; 1; 2; 22
476; 534; 1; 2; 25
479; 671; 1; 2; 40
472; 567; 2; 1; 44
510; 486; 1; 2; 60
726; 431; 1; 2; 67
526; 631; 1; 2; 74
687; 490; 1; 2; 81
434; 471; 1; 2; 88
528; 459; 2; 1; 106
428; 537; 2; 1; 108
486; 665; 1; 2; 113
725; 638; 2; 1; 117
445; 601; 2; 1; 125
571; 480; 2; 1; 141
491; 673; 1; 2; 157
450; 579; 2; 1; 178
522; 545; 2; 1; 188
632; 711; 1; 2; 192
529; 647; 2; 1; 193
649; 586; 1; 2; 202
696; 579; 1; 2; 206
574; 565; 1; 2; 211
446; 664; 2; 1; 213
565; 701; 1; 2; 217
602; 448; 2; 1; 218
544; 462; 1; 2; 227
697; 690; 2; 1; 229
681; 473; 2; 1; 237
720; 471; 1; 2; 273
473; 436; 1; 2; 283
573; 685; 2; 1; 289
486; 562; 2; 1; 317
616; 464; 2; 1; 325
547; 566; 2; 1; 332
486; 639; 2; 1; 334
531; 431; 1; 2; 339
446; 509; 2; 1; 340
629; 465; 1; 2; 351
623; 651; 1; 2; 357
644; 476; 2; 1; 371
545; 608; 1; 2; 372
728; 483; 1; 2; 372
605; 533; 2; 1; 376
615; 680; 1; 2; 385
630; 671; 2; 1; 394
695; 641; 1; 2; 402
468; 467; 1; 2; 407
554; 649; 1; 2; 411
650; 490; 2; 1; 415
504; 472; 1; 2; 424
698; 567; 1; 2; 426
549; 575; 2; 1; 441
708; 708; 1; 2; 443
700; 530; 2; 1; 445
636; 457; 1; 2; 447
447; 528; 2; 1; 461
475; 671; 2; 1; 464
649; 680; 2; 1; 465
713; 508; 1; 2; 476
544; 572; 1; 2; 482
537; 519; 1; 2; 487
530; 430; 1; 2; 497
635; 456; 1; 2; 501
622; 606; 2; 1; 508
552; 706; 2; 1; 514
438; 669; 1; 2; 519
710; 604; 1; 2; 522
464; 487; 1; 2; 522
433; 697; 2; 1; 538
613; 721; 2; 1; 540
513; 656; 2; 1; 549
715; 440; 1; 2; 551
435; 664; 2; 1; 552
537; 652; 2; 1; 557
622; 717; 1; 2; 581
710; 626; 1; 2; 588
538; 642; 2; 1; 600
681; 485; 2; 1; 604
492; 612; 2; 1; 611
497; 557; 2; 1; 619
432; 466; 1; 2; 623
647; 536; 2; 1; 633
683; 511; 1; 2; 640
616; 508; 2; 1; 642
427; 446; 2; 1; 652
624; 446; 2; 1; 652
444; 473; 1; 2; 661
626; 716; 2; 1; 672
721; 550; 1; 2; 707
596; 724; 1; 2; 717
609; 471; 1; 2; 731
633; 480; 1; 2; 763
716; 637; 1; 2; 775
504; 598; 2; 1; 809
531; 721; 1; 2; 814
630; 581; 1; 2; 815
619; 660; 1; 2; 823
588; 590; 2; 1; 828
483; 463; 1; 2; 835
714; 544; 2; 1; 842
444; 521; 1; 2; 843
544; 669; 2; 1; 843
553; 616; 2; 1; 845
482; 705; 1; 2; 850
503; 581; 1; 2; 853
442; 652; 1; 2; 863
499; 498; 1; 2; 864
429; 685; 2; 1; 891
713; 684; 1; 2; 895
627; 465; 2; 1; 900
505; 646; 2; 1; 906
707; 673; 1; 2; 911
543; 645; 2; 1; 922
489; 722; 1; 2; 934
718; 707; 2; 1; 937
729; 602; 1; 2; 943
706; 680; 2; 1; 950
620; 715; 1; 2; 951
562; 486; 1; 2; 959
540; 499; 1; 2; 965
465; 569; 1; 2; 971
493; 667; 1; 2; 974
654; 645; 2; 1; 977
461; 538; 1; 2; 979
729; 450; 2; 1; 982
514; 485; 2; 1; 991
648; 570; 2; 1; 993
430; 696; 2; 1; 1032
613; 679; 1; 2; 1037
501; 653; 2; 1; 1038
29
6; 1; 49; 9670
10; 1; 19; 12449
27; 1; 26; 18013
16; 1; 3; 21893
14; 1; 39; 23557
19; 1; 49; 24307
12; 1; 38; 24709
24; 1; 4; 25568
8; 1; 33; 29918
0; 1; 16; 31184
3; 1; 20; 34956
26; 1; 26; 35534
17; 1; 14; 41571
13; 1; 15; 42271
22; 1; 35; 47270
15; 1; 3; 48330
5; 1; 15; 50187
21; 1; 47; 51042
25; 1; 12; 51374
7; 1; 15; 53368
20; 1; 27; 53409
4; 1; 12; 53923
28; 1; 46; 65241
23; 1; 39; 68060
18; 1; 7; 70284
9; 1; 20; 70403
1; 1; 48; 70956
11; 1; 30; 72127
2; 1; 29; 76035
