**** 942 ****
135
615; 659; 2; 1; 0
467; 714; 2; 1; 3
560; 712; 2; 1; 4
455; 444; 2; 1; 11
460; 542; 2; 1; 16
568; 471; 2; 1; 32
434; 446; 2; 1; 58
713; 684; 1; 2; 62
515; 506; 1; 2; 79
440; 492; 2; 1; 82
620; 628; 1; 2; 97
442; 639; 2; 1; 110
561; 502; 2; 1; 118
469; 539; 2; 1; 132
479; 492; 2; 1; 137
427; 448; 1; 2; 139
720; 565; 1; 2; 147
574; 658; 2; 1; 149
674; 723; 2; 1; 159
572; 456; 1; 2; 190
566; 661; 2; 1; 195
705; 671; 1; 2; 202
655; 508; 2; 1; 207
666; 690; 2; 1; 208
643; 450; 1; 2; 231
672; 594; 1; 2; 237
565; 668; 2; 1; 247
580; 653; 2; 1; 252
426; 594; 2; 1; 269
641; 596; 2; 1; 271
565; 722; 2; 1; 276
649; 640; 1; 2; 281
627; 591; 1; 2; 282
526; 556; 2; 1; 288
707; 446; 2; 1; 298
451; 646; 2; 1; 311
555; 597; 2; 1; 313
590; 661; 1; 2; 318
454; 550; 1; 2; 330
520; 537; 1; 2; 331
627; 670; 1; 2; 331
597; 599; 2; 1; 344
625; 499; 2; 1; 346
627; 584; 1; 2; 346
512; 719; 1; 2; 353
666; 502; 1; 2; 357
548; 660; 2; 1; 364
492; 632; 2; 1; 366
705; 580; 2; 1; 390
450; 541; 1; 2; 396
594; 584; 1; 2; 398
442; 522; 1; 2; 398
625; 545; 1; 2; 407
634; 647; 2; 1; 408
725; 696; 2; 1; 419
554; 605; 2; 1; 429
697; 624; 2; 1; 430
714; 485; 2; 1; 455
682; 673; 2; 1; 464
720; 537; 1; 2; 475
556; 692; 2; 1; 488
658; 504; 2; 1; 500
433; 729; 2; 1; 500
541; 521; 2; 1; 524
654; 556; 2; 1; 527
611; 682; 1; 2; 533
722; 437; 1; 2; 534
613; 548; 2; 1; 534
568; 619; 2; 1; 570
645; 600; 1; 2; 572
629; 717; 1; 2; 581
540; 708; 2; 1; 589
561; 506; 1; 2; 606
644; 660; 2; 1; 608
482; 508; 1; 2; 611
665; 482; 2; 1; 614
486; 689; 1; 2; 614
623; 619; 1; 2; 622
643; 677; 1; 2; 636
701; 525; 1; 2; 639
690; 710; 2; 1; 653
523; 704; 1; 2; 656
606; 558; 1; 2; 664
525; 566; 1; 2; 668
563; 478; 1; 2; 700
468; 634; 2; 1; 706
723; 439; 2; 1; 716
667; 563; 1; 2; 723
726; 699; 2; 1; 724
506; 673; 1; 2; 731
603; 463; 1; 2; 752
479; 577; 1; 2; 753
719; 676; 2; 1; 756
472; 438; 2; 1; 758
689; 555; 2; 1; 779
576; 722; 1; 2; 779
496; 449; 2; 1; 782
586; 699; 2; 1; 784
576; 553; 2; 1; 784
472; 461; 2; 1; 789
704; 465; 1; 2; 790
442; 569; 2; 1; 796
622; 552; 1; 2; 803
634; 562; 1; 2; 812
580; 488; 1; 2; 814
502; 658; 1; 2; 814
609; 506; 1; 2; 816
555; 596; 2; 1; 817
625; 603; 2; 1; 826
662; 530; 2; 1; 842
459; 528; 2; 1; 845
458; 530; 1; 2; 846
568; 672; 1; 2; 857
439; 662; 2; 1; 863
564; 604; 2; 1; 867
454; 590; 2; 1; 877
617; 676; 1; 2; 886
451; 709; 1; 2; 898
632; 466; 1; 2; 921
525; 686; 2; 1; 922
496; 662; 1; 2; 927
590; 682; 2; 1; 944
638; 717; 2; 1; 961
669; 625; 2; 1; 964
564; 559; 2; 1; 966
497; 497; 2; 1; 976
629; 456; 2; 1; 977
699; 548; 2; 1; 983
525; 465; 2; 1; 998
529; 703; 1; 2; 1019
488; 446; 2; 1; 1021
441; 437; 2; 1; 1024
604; 496; 2; 1; 1028
699; 654; 2; 1; 1032
722; 582; 2; 1; 1036
29
5; 1; 37; 806
7; 1; 8; 4588
22; 1; 6; 9143
3; 1; 34; 17507
9; 1; 43; 21367
10; 1; 11; 29299
26; 1; 16; 29391
11; 1; 27; 31047
18; 1; 23; 34327
1; 1; 48; 39379
4; 1; 41; 40543
13; 1; 1; 41119
21; 1; 5; 44286
14; 1; 10; 44544
15; 1; 47; 44975
24; 1; 6; 45786
6; 1; 27; 47785
2; 1; 19; 48061
12; 1; 47; 50240
25; 1; 11; 53102
8; 1; 40; 54066
19; 1; 39; 57031
27; 1; 10; 62920
17; 1; 47; 64818
0; 1; 3; 65241
23; 1; 39; 67616
16; 1; 2; 71074
28; 1; 5; 71436
20; 1; 19; 72842
