**** 943 ****
135
635; 544; 2; 1; 3
608; 537; 1; 2; 11
530; 514; 1; 2; 15
441; 470; 1; 2; 47
433; 595; 2; 1; 49
444; 477; 1; 2; 57
434; 660; 1; 2; 59
527; 469; 2; 1; 60
520; 504; 1; 2; 67
662; 639; 1; 2; 71
468; 701; 1; 2; 94
690; 698; 2; 1; 95
527; 583; 2; 1; 103
652; 723; 2; 1; 138
550; 448; 2; 1; 148
495; 526; 1; 2; 153
513; 538; 1; 2; 185
473; 524; 2; 1; 190
651; 490; 2; 1; 215
694; 630; 2; 1; 227
564; 504; 1; 2; 229
431; 664; 1; 2; 231
677; 448; 2; 1; 232
563; 538; 2; 1; 236
504; 559; 2; 1; 244
484; 497; 1; 2; 258
519; 616; 2; 1; 261
631; 578; 1; 2; 262
606; 453; 2; 1; 266
549; 601; 1; 2; 294
649; 591; 1; 2; 318
666; 502; 1; 2; 329
630; 563; 1; 2; 336
556; 522; 1; 2; 354
724; 521; 2; 1; 359
665; 655; 2; 1; 361
465; 612; 1; 2; 365
501; 496; 1; 2; 375
582; 675; 2; 1; 383
554; 659; 2; 1; 391
627; 594; 1; 2; 416
697; 446; 2; 1; 421
507; 462; 1; 2; 424
482; 580; 2; 1; 428
473; 698; 2; 1; 438
655; 464; 1; 2; 450
723; 526; 2; 1; 450
499; 437; 2; 1; 474
635; 690; 2; 1; 476
595; 718; 1; 2; 476
554; 487; 1; 2; 486
659; 615; 1; 2; 497
509; 527; 1; 2; 504
551; 467; 2; 1; 507
542; 595; 1; 2; 508
680; 558; 1; 2; 522
490; 665; 2; 1; 528
638; 654; 2; 1; 534
455; 698; 2; 1; 551
698; 429; 2; 1; 554
548; 614; 2; 1; 571
666; 670; 1; 2; 585
620; 511; 2; 1; 590
604; 434; 2; 1; 615
608; 517; 2; 1; 623
690; 522; 1; 2; 625
649; 556; 1; 2; 631
528; 633; 2; 1; 632
560; 448; 1; 2; 651
436; 431; 1; 2; 653
566; 563; 1; 2; 655
509; 718; 1; 2; 659
551; 549; 1; 2; 659
496; 520; 1; 2; 660
720; 652; 1; 2; 671
701; 649; 2; 1; 673
612; 716; 2; 1; 678
614; 462; 2; 1; 685
534; 441; 1; 2; 687
631; 563; 2; 1; 691
480; 445; 2; 1; 694
651; 450; 2; 1; 714
688; 489; 1; 2; 729
654; 637; 1; 2; 732
544; 489; 2; 1; 745
624; 634; 2; 1; 752
556; 547; 1; 2; 767
542; 582; 2; 1; 774
426; 592; 1; 2; 776
677; 524; 1; 2; 790
499; 566; 1; 2; 802
478; 684; 2; 1; 804
523; 461; 1; 2; 810
711; 533; 1; 2; 810
433; 723; 2; 1; 814
726; 618; 2; 1; 814
659; 630; 2; 1; 815
674; 482; 1; 2; 819
670; 533; 1; 2; 820
632; 486; 1; 2; 829
452; 662; 1; 2; 838
623; 641; 2; 1; 842
549; 617; 2; 1; 843
561; 550; 2; 1; 858
711; 442; 1; 2; 864
482; 643; 2; 1; 877
629; 685; 1; 2; 881
677; 580; 2; 1; 885
673; 645; 1; 2; 888
691; 596; 2; 1; 894
638; 441; 1; 2; 903
488; 466; 1; 2; 913
682; 722; 2; 1; 919
678; 519; 2; 1; 920
724; 668; 2; 1; 930
629; 637; 2; 1; 934
635; 556; 1; 2; 936
442; 626; 2; 1; 950
518; 471; 1; 2; 963
648; 428; 1; 2; 979
638; 566; 2; 1; 982
597; 457; 2; 1; 982
710; 469; 2; 1; 984
695; 675; 1; 2; 990
650; 689; 2; 1; 994
587; 490; 1; 2; 995
702; 563; 1; 2; 1000
531; 624; 2; 1; 1006
591; 727; 2; 1; 1009
478; 566; 1; 2; 1012
697; 716; 1; 2; 1016
580; 653; 1; 2; 1017
480; 601; 1; 2; 1019
716; 595; 2; 1; 1020
555; 505; 2; 1; 1036
29
11; 1; 8; 1317
18; 1; 33; 1762
5; 1; 29; 3965
26; 1; 7; 4527
12; 1; 20; 11119
13; 1; 14; 11299
25; 1; 19; 13634
15; 1; 27; 14670
19; 1; 26; 19195
1; 1; 25; 24271
8; 1; 47; 26687
22; 1; 13; 30806
10; 1; 48; 32160
2; 1; 9; 33117
0; 1; 10; 34004
17; 1; 28; 39350
3; 1; 11; 40195
14; 1; 17; 42876
7; 1; 41; 52871
20; 1; 20; 55781
27; 1; 10; 56590
21; 1; 40; 57449
4; 1; 26; 60055
28; 1; 23; 61324
24; 1; 1; 62595
23; 1; 30; 63711
9; 1; 27; 65509
16; 1; 43; 68665
6; 1; 20; 72708
