**** 944 ****
135
604; 647; 1; 2; 8
551; 466; 2; 1; 8
514; 486; 2; 1; 11
593; 566; 1; 2; 12
685; 649; 2; 1; 19
648; 594; 2; 1; 25
537; 567; 1; 2; 36
599; 718; 1; 2; 40
429; 696; 2; 1; 44
693; 657; 1; 2; 45
675; 684; 2; 1; 51
700; 606; 1; 2; 68
654; 460; 1; 2; 78
458; 613; 2; 1; 81
503; 555; 2; 1; 87
681; 445; 1; 2; 88
438; 467; 2; 1; 89
432; 648; 2; 1; 90
556; 527; 2; 1; 90
475; 657; 1; 2; 99
691; 485; 1; 2; 105
476; 617; 1; 2; 106
691; 638; 2; 1; 132
669; 550; 1; 2; 136
708; 583; 1; 2; 143
605; 521; 1; 2; 145
491; 559; 2; 1; 148
701; 588; 2; 1; 150
528; 539; 2; 1; 158
525; 555; 1; 2; 168
523; 507; 2; 1; 180
660; 665; 1; 2; 193
683; 664; 2; 1; 193
502; 611; 1; 2; 193
545; 551; 2; 1; 196
602; 461; 1; 2; 204
613; 728; 2; 1; 209
563; 477; 2; 1; 210
667; 674; 1; 2; 218
596; 520; 2; 1; 222
657; 493; 2; 1; 226
706; 674; 2; 1; 253
678; 536; 2; 1; 259
648; 536; 2; 1; 271
447; 437; 1; 2; 290
523; 453; 2; 1; 291
671; 432; 1; 2; 296
461; 599; 2; 1; 305
648; 629; 1; 2; 310
478; 708; 1; 2; 314
618; 446; 2; 1; 316
651; 698; 2; 1; 322
637; 687; 2; 1; 330
621; 519; 2; 1; 331
719; 661; 2; 1; 331
451; 605; 2; 1; 337
629; 644; 1; 2; 346
474; 472; 2; 1; 354
698; 468; 1; 2; 377
557; 637; 1; 2; 393
508; 527; 2; 1; 410
533; 640; 2; 1; 421
644; 672; 1; 2; 433
574; 689; 1; 2; 433
542; 578; 1; 2; 433
626; 686; 2; 1; 449
468; 489; 1; 2; 461
645; 655; 1; 2; 488
488; 613; 1; 2; 494
590; 437; 2; 1; 503
653; 437; 2; 1; 509
640; 642; 2; 1; 509
704; 469; 2; 1; 510
489; 566; 1; 2; 520
646; 533; 1; 2; 525
494; 648; 2; 1; 532
437; 688; 2; 1; 536
598; 572; 1; 2; 537
722; 465; 2; 1; 561
532; 536; 2; 1; 565
640; 705; 1; 2; 576
514; 556; 2; 1; 578
599; 567; 2; 1; 579
536; 717; 2; 1; 581
656; 430; 2; 1; 589
473; 628; 2; 1; 589
657; 436; 1; 2; 598
696; 686; 1; 2; 623
598; 493; 1; 2; 629
708; 616; 2; 1; 649
681; 534; 2; 1; 651
511; 563; 1; 2; 676
462; 609; 1; 2; 678
655; 562; 1; 2; 679
432; 639; 1; 2; 690
490; 600; 1; 2; 699
446; 671; 2; 1; 703
454; 542; 2; 1; 711
725; 634; 2; 1; 718
472; 534; 2; 1; 719
545; 490; 1; 2; 720
598; 610; 2; 1; 724
598; 579; 1; 2; 740
658; 645; 1; 2; 746
703; 536; 2; 1; 760
629; 530; 1; 2; 760
540; 708; 2; 1; 760
554; 478; 1; 2; 762
727; 545; 1; 2; 763
493; 524; 1; 2; 786
623; 462; 2; 1; 803
473; 496; 1; 2; 807
513; 453; 1; 2; 809
526; 532; 1; 2; 809
587; 587; 2; 1; 810
660; 509; 1; 2; 820
427; 704; 1; 2; 828
504; 434; 1; 2; 829
658; 633; 1; 2; 840
454; 711; 1; 2; 873
526; 668; 2; 1; 874
646; 692; 2; 1; 890
572; 686; 2; 1; 903
724; 686; 2; 1; 904
729; 586; 2; 1; 930
676; 515; 1; 2; 941
430; 626; 1; 2; 954
504; 704; 2; 1; 975
692; 569; 2; 1; 976
620; 561; 1; 2; 994
515; 579; 1; 2; 999
681; 688; 1; 2; 1012
515; 687; 2; 1; 1023
609; 677; 1; 2; 1029
506; 686; 1; 2; 1042
29
13; 1; 21; 3913
18; 1; 14; 4813
17; 1; 22; 6948
9; 1; 46; 7077
26; 1; 45; 8736
27; 1; 47; 9338
4; 1; 30; 11127
8; 1; 38; 11273
0; 1; 12; 11455
5; 1; 31; 15637
22; 1; 31; 17129
7; 1; 14; 18232
24; 1; 18; 21793
3; 1; 20; 21908
23; 1; 35; 22078
1; 1; 20; 26927
11; 1; 26; 29296
15; 1; 12; 33557
10; 1; 29; 33990
20; 1; 15; 35263
19; 1; 39; 38529
6; 1; 47; 46014
25; 1; 41; 46491
28; 1; 27; 62882
16; 1; 41; 66674
12; 1; 35; 72248
2; 1; 26; 76407
21; 1; 19; 77881
14; 1; 49; 78182
