**** 945 ****
135
715; 438; 2; 1; 4
659; 590; 2; 1; 7
574; 481; 1; 2; 12
560; 670; 1; 2; 18
709; 661; 1; 2; 20
623; 493; 2; 1; 22
540; 697; 2; 1; 23
458; 544; 2; 1; 33
612; 631; 1; 2; 36
729; 642; 1; 2; 46
552; 578; 2; 1; 49
473; 579; 2; 1; 50
650; 674; 2; 1; 55
475; 659; 2; 1; 89
706; 479; 2; 1; 90
589; 431; 2; 1; 97
598; 656; 1; 2; 102
682; 602; 2; 1; 106
600; 619; 2; 1; 126
484; 548; 2; 1; 126
620; 471; 1; 2; 128
541; 452; 1; 2; 131
704; 727; 2; 1; 135
512; 578; 2; 1; 143
508; 488; 1; 2; 143
729; 584; 1; 2; 145
626; 552; 1; 2; 149
539; 614; 1; 2; 168
579; 522; 1; 2; 174
452; 462; 2; 1; 178
605; 650; 1; 2; 182
590; 602; 1; 2; 189
503; 472; 2; 1; 193
723; 498; 1; 2; 194
561; 681; 1; 2; 204
713; 428; 2; 1; 214
444; 536; 2; 1; 219
462; 641; 1; 2; 241
566; 606; 1; 2; 249
519; 530; 2; 1; 255
722; 605; 1; 2; 276
506; 435; 2; 1; 276
686; 703; 1; 2; 293
592; 446; 2; 1; 296
680; 573; 2; 1; 296
726; 609; 2; 1; 298
550; 593; 2; 1; 301
502; 462; 2; 1; 318
628; 658; 1; 2; 323
722; 628; 2; 1; 330
530; 557; 1; 2; 332
721; 493; 1; 2; 338
677; 488; 2; 1; 369
437; 583; 1; 2; 369
666; 441; 2; 1; 371
637; 670; 2; 1; 379
600; 438; 1; 2; 380
549; 552; 1; 2; 383
446; 708; 1; 2; 386
487; 474; 1; 2; 393
701; 702; 1; 2; 408
456; 503; 2; 1; 432
466; 492; 1; 2; 433
713; 539; 2; 1; 456
673; 462; 2; 1; 462
483; 520; 2; 1; 476
531; 433; 2; 1; 488
666; 501; 1; 2; 501
726; 689; 2; 1; 509
672; 474; 1; 2; 521
464; 658; 1; 2; 522
464; 643; 2; 1; 535
720; 443; 1; 2; 536
456; 574; 1; 2; 545
726; 437; 2; 1; 555
578; 598; 2; 1; 577
539; 464; 1; 2; 578
654; 565; 1; 2; 579
690; 728; 2; 1; 588
556; 565; 2; 1; 590
549; 724; 1; 2; 604
637; 571; 1; 2; 605
435; 680; 2; 1; 620
576; 489; 1; 2; 621
590; 431; 1; 2; 639
617; 700; 2; 1; 650
428; 492; 1; 2; 658
520; 539; 2; 1; 663
677; 708; 2; 1; 691
586; 669; 1; 2; 700
636; 562; 2; 1; 713
622; 486; 2; 1; 719
499; 650; 1; 2; 721
699; 568; 1; 2; 736
692; 457; 1; 2; 737
713; 556; 2; 1; 738
511; 581; 1; 2; 742
711; 600; 1; 2; 747
439; 566; 2; 1; 752
626; 609; 2; 1; 752
444; 580; 2; 1; 772
427; 546; 2; 1; 806
729; 660; 2; 1; 812
487; 637; 2; 1; 815
718; 512; 2; 1; 833
644; 703; 1; 2; 840
540; 569; 2; 1; 853
546; 677; 1; 2; 870
640; 605; 2; 1; 870
434; 516; 1; 2; 892
594; 550; 2; 1; 895
443; 649; 1; 2; 895
520; 696; 1; 2; 899
490; 591; 2; 1; 902
554; 684; 1; 2; 908
596; 436; 1; 2; 910
557; 723; 1; 2; 923
676; 440; 2; 1; 933
432; 624; 1; 2; 937
601; 554; 1; 2; 941
501; 452; 1; 2; 943
505; 712; 2; 1; 952
700; 517; 2; 1; 958
465; 579; 2; 1; 968
659; 648; 2; 1; 973
545; 699; 2; 1; 976
541; 490; 1; 2; 981
715; 702; 2; 1; 986
672; 683; 1; 2; 1003
671; 477; 1; 2; 1014
642; 707; 1; 2; 1030
683; 620; 2; 1; 1033
634; 530; 1; 2; 1035
604; 448; 1; 2; 1035
671; 523; 2; 1; 1038
29
6; 1; 5; 635
27; 1; 12; 10856
24; 1; 48; 14020
8; 1; 5; 19271
20; 1; 9; 21219
4; 1; 40; 21897
26; 1; 37; 25116
17; 1; 25; 26878
16; 1; 36; 40133
25; 1; 7; 42824
12; 1; 25; 45256
23; 1; 2; 46203
3; 1; 15; 47831
9; 1; 27; 47872
11; 1; 33; 51028
0; 1; 27; 51261
1; 1; 2; 54590
2; 1; 16; 57830
14; 1; 48; 59187
18; 1; 20; 59435
5; 1; 45; 64625
7; 1; 11; 66739
28; 1; 13; 70787
10; 1; 47; 71464
22; 1; 32; 73164
21; 1; 36; 74124
15; 1; 39; 74788
13; 1; 41; 75032
19; 1; 25; 78487
