**** 946 ****
136
613; 657; 2; 1; 5
540; 587; 1; 2; 13
647; 463; 2; 1; 19
649; 560; 2; 1; 22
493; 657; 2; 1; 26
592; 518; 1; 2; 37
605; 513; 2; 1; 54
560; 507; 2; 1; 54
470; 619; 2; 1; 62
731; 616; 1; 2; 65
655; 658; 1; 2; 74
679; 643; 1; 2; 78
687; 700; 2; 1; 89
676; 727; 2; 1; 102
653; 620; 1; 2; 102
460; 709; 2; 1; 106
554; 639; 1; 2; 113
620; 525; 2; 1; 121
629; 536; 2; 1; 126
729; 472; 1; 2; 132
724; 661; 2; 1; 137
469; 705; 2; 1; 138
439; 611; 1; 2; 144
453; 656; 2; 1; 149
442; 674; 1; 2; 152
499; 652; 1; 2; 162
513; 559; 2; 1; 166
472; 638; 2; 1; 171
494; 688; 1; 2; 176
602; 457; 1; 2; 201
545; 569; 1; 2; 201
470; 624; 1; 2; 215
731; 677; 1; 2; 224
699; 624; 1; 2; 228
602; 433; 2; 1; 257
656; 503; 2; 1; 264
543; 539; 2; 1; 269
509; 463; 2; 1; 276
532; 578; 1; 2; 281
595; 476; 2; 1; 290
730; 546; 2; 1; 290
569; 593; 1; 2; 294
564; 615; 1; 2; 300
485; 685; 1; 2; 304
471; 566; 1; 2; 308
596; 666; 1; 2; 309
726; 656; 1; 2; 311
669; 637; 1; 2; 339
644; 713; 2; 1; 343
561; 558; 2; 1; 367
435; 667; 1; 2; 367
674; 523; 2; 1; 370
462; 449; 2; 1; 394
699; 514; 2; 1; 394
686; 443; 2; 1; 395
534; 673; 2; 1; 397
457; 656; 1; 2; 403
632; 671; 2; 1; 404
575; 691; 2; 1; 405
495; 615; 1; 2; 409
646; 706; 1; 2; 419
603; 478; 1; 2; 449
464; 559; 2; 1; 454
566; 608; 2; 1; 462
725; 589; 2; 1; 465
611; 551; 2; 1; 471
621; 715; 1; 2; 476
500; 606; 1; 2; 480
731; 687; 1; 2; 482
569; 468; 2; 1; 498
586; 532; 2; 1; 505
518; 725; 2; 1; 513
480; 686; 2; 1; 515
494; 679; 1; 2; 518
437; 683; 1; 2; 522
632; 627; 1; 2; 523
478; 620; 1; 2; 553
604; 525; 2; 1; 564
490; 439; 1; 2; 580
727; 703; 2; 1; 580
576; 667; 1; 2; 581
613; 536; 2; 1; 591
589; 664; 2; 1; 597
705; 493; 1; 2; 597
457; 728; 1; 2; 601
631; 726; 2; 1; 608
547; 723; 1; 2; 609
644; 641; 1; 2; 609
513; 542; 1; 2; 613
503; 570; 2; 1; 616
493; 554; 1; 2; 640
669; 474; 1; 2; 646
560; 522; 1; 2; 656
441; 544; 2; 1; 659
689; 618; 2; 1; 689
438; 473; 1; 2; 690
706; 711; 1; 2; 697
547; 722; 1; 2; 701
641; 658; 1; 2; 703
700; 681; 2; 1; 721
689; 563; 1; 2; 723
584; 442; 1; 2; 730
629; 651; 2; 1; 733
497; 695; 1; 2; 766
602; 611; 1; 2; 778
589; 439; 2; 1; 782
582; 680; 2; 1; 785
616; 468; 1; 2; 788
557; 608; 2; 1; 792
558; 552; 2; 1; 795
656; 623; 1; 2; 798
718; 441; 1; 2; 804
692; 489; 1; 2; 806
592; 478; 1; 2; 808
566; 641; 1; 2; 811
604; 662; 2; 1; 816
471; 724; 1; 2; 816
494; 449; 1; 2; 833
472; 619; 1; 2; 838
711; 569; 2; 1; 861
709; 484; 1; 2; 863
552; 460; 1; 2; 884
642; 449; 1; 2; 885
463; 536; 1; 2; 892
629; 533; 2; 1; 900
711; 466; 2; 1; 901
578; 714; 2; 1; 905
691; 626; 2; 1; 942
447; 701; 2; 1; 953
485; 468; 1; 2; 961
632; 482; 2; 1; 964
474; 567; 1; 2; 979
464; 565; 1; 2; 982
625; 537; 1; 2; 1030
503; 715; 2; 1; 1033
592; 586; 1; 2; 1038
30
0; 1; 32; 1089
11; 1; 34; 1448
17; 1; 14; 4667
28; 1; 21; 4796
14; 1; 16; 6667
29; 1; 33; 7729
7; 1; 13; 9320
3; 1; 40; 12435
25; 1; 42; 13579
12; 1; 46; 13802
6; 1; 34; 17472
10; 1; 37; 21489
8; 1; 26; 22677
13; 1; 6; 25296
9; 1; 47; 30398
24; 1; 24; 38701
23; 1; 49; 41510
20; 1; 22; 44157
19; 1; 20; 44299
15; 1; 3; 48328
4; 1; 28; 50625
5; 1; 40; 50926
18; 1; 43; 51217
26; 1; 2; 51261
22; 1; 26; 54811
16; 1; 23; 59322
27; 1; 48; 59548
1; 1; 22; 67124
21; 1; 45; 68565
2; 1; 2; 78035
