**** 947 ****
136
591; 532; 1; 2; 4
734; 733; 1; 2; 23
612; 569; 1; 2; 31
728; 480; 1; 2; 35
710; 582; 2; 1; 42
472; 467; 2; 1; 52
500; 649; 2; 1; 56
536; 597; 1; 2; 60
603; 455; 2; 1; 64
676; 436; 1; 2; 78
640; 627; 2; 1; 80
722; 554; 1; 2; 82
435; 444; 1; 2; 86
514; 593; 2; 1; 99
697; 587; 2; 1; 105
546; 698; 2; 1; 122
701; 663; 2; 1; 126
524; 585; 1; 2; 139
607; 475; 2; 1; 154
615; 528; 1; 2; 156
712; 436; 2; 1; 171
548; 509; 1; 2; 177
719; 550; 1; 2; 181
647; 731; 2; 1; 184
519; 576; 1; 2; 184
437; 503; 2; 1; 196
669; 467; 1; 2; 206
433; 500; 2; 1; 213
523; 678; 2; 1; 222
609; 570; 1; 2; 229
568; 699; 1; 2; 229
714; 640; 1; 2; 233
484; 632; 2; 1; 243
502; 675; 2; 1; 243
490; 502; 1; 2; 247
643; 482; 2; 1; 251
567; 517; 1; 2; 253
569; 519; 2; 1; 255
455; 645; 2; 1; 258
472; 649; 2; 1; 263
615; 516; 2; 1; 272
449; 538; 1; 2; 284
472; 654; 2; 1; 314
461; 610; 1; 2; 316
662; 666; 2; 1; 321
575; 451; 1; 2; 323
596; 478; 1; 2; 334
631; 584; 1; 2; 336
623; 462; 1; 2; 340
707; 705; 1; 2; 340
609; 706; 1; 2; 347
463; 636; 2; 1; 352
450; 511; 1; 2; 366
517; 511; 2; 1; 372
580; 671; 1; 2; 391
629; 595; 2; 1; 393
525; 540; 1; 2; 396
471; 489; 2; 1; 415
542; 664; 2; 1; 424
654; 568; 2; 1; 426
564; 679; 1; 2; 426
508; 468; 1; 2; 428
621; 442; 2; 1; 430
638; 608; 2; 1; 439
551; 578; 1; 2; 439
436; 434; 1; 2; 440
618; 712; 2; 1; 447
583; 560; 2; 1; 463
444; 704; 1; 2; 466
631; 682; 2; 1; 470
656; 565; 2; 1; 476
599; 557; 1; 2; 496
675; 662; 1; 2; 497
621; 520; 2; 1; 509
700; 491; 1; 2; 510
692; 639; 1; 2; 515
686; 664; 2; 1; 525
622; 676; 1; 2; 535
597; 681; 1; 2; 540
435; 736; 1; 2; 553
643; 676; 1; 2; 563
432; 499; 1; 2; 606
452; 458; 1; 2; 611
581; 601; 1; 2; 612
698; 647; 1; 2; 627
713; 610; 2; 1; 636
659; 604; 1; 2; 639
623; 515; 2; 1; 643
542; 612; 1; 2; 650
672; 637; 1; 2; 657
603; 546; 1; 2; 679
623; 585; 1; 2; 679
459; 633; 1; 2; 686
670; 727; 1; 2; 698
712; 578; 1; 2; 709
503; 731; 1; 2; 712
615; 608; 2; 1; 727
515; 634; 1; 2; 729
615; 528; 2; 1; 732
687; 733; 1; 2; 733
469; 445; 2; 1; 734
446; 620; 2; 1; 748
519; 480; 2; 1; 752
634; 680; 1; 2; 753
708; 522; 1; 2; 762
607; 530; 1; 2; 783
701; 731; 2; 1; 786
622; 471; 2; 1; 796
691; 686; 1; 2; 800
520; 720; 1; 2; 822
567; 546; 1; 2; 849
597; 612; 1; 2; 860
552; 472; 1; 2; 867
612; 487; 2; 1; 872
567; 463; 1; 2; 881
704; 543; 1; 2; 887
459; 663; 1; 2; 889
447; 497; 1; 2; 915
671; 499; 2; 1; 933
626; 617; 1; 2; 943
721; 648; 1; 2; 946
626; 508; 2; 1; 947
512; 735; 2; 1; 955
462; 441; 2; 1; 955
509; 656; 2; 1; 956
451; 449; 1; 2; 957
633; 550; 1; 2; 963
551; 600; 1; 2; 981
476; 463; 2; 1; 982
627; 619; 1; 2; 991
686; 489; 2; 1; 993
679; 648; 1; 2; 1000
622; 440; 1; 2; 1007
656; 519; 1; 2; 1009
552; 658; 1; 2; 1041
532; 641; 1; 2; 1042
30
29; 1; 40; 3865
28; 1; 9; 4821
11; 1; 17; 5478
27; 1; 26; 9385
21; 1; 14; 12656
15; 1; 49; 15745
26; 1; 28; 16090
13; 1; 13; 17430
9; 1; 19; 20466
18; 1; 11; 23862
16; 1; 7; 23878
19; 1; 38; 26584
17; 1; 32; 33949
4; 1; 21; 34556
12; 1; 40; 34907
6; 1; 31; 35498
10; 1; 26; 36690
1; 1; 41; 38461
7; 1; 36; 39968
25; 1; 47; 48557
22; 1; 10; 49182
23; 1; 29; 49532
14; 1; 29; 50369
2; 1; 6; 50438
3; 1; 15; 50475
20; 1; 7; 52234
8; 1; 3; 52705
0; 1; 2; 63052
24; 1; 9; 65895
5; 1; 47; 79493
