**** 948 ****
136
686; 440; 1; 2; 5
557; 692; 1; 2; 9
506; 699; 1; 2; 25
699; 635; 1; 2; 29
448; 608; 1; 2; 29
553; 638; 2; 1; 47
595; 715; 2; 1; 53
521; 503; 2; 1; 60
726; 443; 2; 1; 73
466; 435; 2; 1; 89
699; 594; 1; 2; 90
534; 674; 1; 2; 97
442; 483; 1; 2; 98
593; 551; 2; 1; 126
584; 696; 2; 1; 132
502; 735; 2; 1; 143
559; 674; 1; 2; 167
552; 446; 1; 2; 172
593; 474; 2; 1; 182
633; 567; 2; 1; 187
579; 701; 1; 2; 203
622; 516; 1; 2; 207
585; 732; 2; 1; 227
618; 615; 1; 2; 238
484; 659; 2; 1; 245
681; 543; 2; 1; 277
668; 574; 1; 2; 279
715; 456; 2; 1; 291
603; 472; 2; 1; 296
623; 529; 1; 2; 308
522; 533; 2; 1; 318
492; 486; 1; 2; 337
639; 628; 2; 1; 342
669; 657; 2; 1; 347
475; 520; 2; 1; 354
433; 636; 1; 2; 359
572; 528; 2; 1; 364
434; 522; 2; 1; 388
649; 592; 2; 1; 395
538; 438; 2; 1; 408
557; 534; 2; 1; 421
468; 684; 2; 1; 427
673; 600; 2; 1; 432
677; 682; 2; 1; 435
445; 724; 1; 2; 436
522; 574; 1; 2; 441
481; 606; 1; 2; 444
680; 646; 1; 2; 450
634; 437; 2; 1; 454
689; 676; 2; 1; 456
612; 657; 2; 1; 472
449; 687; 1; 2; 482
595; 471; 2; 1; 483
712; 446; 2; 1; 486
724; 548; 2; 1; 489
726; 628; 2; 1; 496
471; 432; 2; 1; 499
642; 620; 1; 2; 501
654; 482; 2; 1; 505
465; 701; 1; 2; 508
507; 727; 2; 1; 516
733; 663; 1; 2; 519
524; 641; 1; 2; 529
444; 695; 1; 2; 534
459; 509; 2; 1; 545
438; 523; 2; 1; 556
642; 696; 1; 2; 557
560; 695; 1; 2; 557
679; 448; 1; 2; 575
495; 641; 1; 2; 575
709; 519; 1; 2; 576
610; 653; 1; 2; 583
474; 707; 1; 2; 584
725; 640; 2; 1; 589
673; 478; 1; 2; 591
652; 725; 1; 2; 597
616; 720; 2; 1; 597
600; 606; 1; 2; 602
557; 528; 1; 2; 614
545; 622; 2; 1; 615
637; 733; 1; 2; 615
484; 543; 1; 2; 616
508; 666; 2; 1; 622
661; 718; 1; 2; 634
594; 545; 1; 2; 636
510; 700; 2; 1; 642
676; 583; 1; 2; 644
452; 534; 2; 1; 651
660; 511; 1; 2; 665
439; 709; 2; 1; 673
471; 592; 2; 1; 674
592; 636; 2; 1; 686
657; 520; 1; 2; 687
453; 444; 2; 1; 708
537; 601; 1; 2; 726
497; 618; 2; 1; 727
628; 622; 1; 2; 730
629; 486; 1; 2; 731
515; 668; 2; 1; 733
691; 479; 2; 1; 748
659; 463; 2; 1; 755
658; 476; 2; 1; 760
618; 478; 2; 1; 766
644; 542; 1; 2; 771
670; 583; 2; 1; 771
545; 612; 1; 2; 787
528; 562; 1; 2; 800
507; 432; 1; 2; 802
517; 455; 1; 2; 822
518; 675; 2; 1; 825
463; 663; 2; 1; 830
533; 550; 1; 2; 835
431; 653; 1; 2; 838
442; 522; 2; 1; 842
652; 642; 1; 2; 844
710; 663; 1; 2; 854
723; 488; 1; 2; 866
662; 683; 2; 1; 868
592; 589; 2; 1; 883
540; 493; 2; 1; 894
601; 589; 2; 1; 894
644; 543; 1; 2; 895
496; 450; 2; 1; 919
637; 681; 1; 2; 923
641; 680; 1; 2; 931
699; 599; 1; 2; 959
521; 538; 1; 2; 970
485; 491; 2; 1; 970
627; 688; 2; 1; 996
668; 522; 1; 2; 999
470; 456; 1; 2; 1002
511; 532; 1; 2; 1005
527; 697; 1; 2; 1011
686; 495; 2; 1; 1019
728; 559; 2; 1; 1038
725; 599; 1; 2; 1041
30
23; 1; 36; 3205
4; 1; 37; 3258
14; 1; 28; 14670
13; 1; 20; 15478
16; 1; 47; 18783
25; 1; 34; 21343
27; 1; 18; 27612
24; 1; 32; 32406
29; 1; 34; 33831
20; 1; 44; 37035
1; 1; 49; 37208
22; 1; 38; 37310
17; 1; 27; 38230
26; 1; 17; 40741
11; 1; 13; 42326
18; 1; 36; 42650
21; 1; 1; 43193
2; 1; 46; 43231
5; 1; 19; 44982
9; 1; 14; 49785
12; 1; 35; 58940
6; 1; 19; 59477
10; 1; 22; 61499
3; 1; 12; 62096
0; 1; 32; 67091
19; 1; 42; 67126
7; 1; 4; 69507
15; 1; 16; 69799
28; 1; 3; 73112
8; 1; 2; 78460
