**** 949 ****
136
517; 727; 1; 2; 4
489; 672; 1; 2; 6
542; 641; 1; 2; 8
697; 671; 2; 1; 21
612; 658; 1; 2; 35
521; 487; 1; 2; 40
703; 716; 1; 2; 45
688; 433; 1; 2; 48
485; 445; 1; 2; 53
538; 719; 1; 2; 59
570; 624; 2; 1; 75
632; 632; 2; 1; 79
431; 575; 2; 1; 83
660; 546; 1; 2; 84
624; 655; 2; 1; 85
566; 708; 1; 2; 88
704; 636; 2; 1; 90
545; 695; 2; 1; 108
723; 733; 2; 1; 109
728; 617; 1; 2; 110
464; 488; 1; 2; 114
558; 689; 2; 1; 120
463; 525; 1; 2; 126
718; 728; 1; 2; 131
631; 684; 1; 2; 150
465; 589; 2; 1; 159
714; 483; 1; 2; 179
661; 487; 1; 2; 182
610; 566; 2; 1; 190
453; 635; 1; 2; 196
441; 445; 2; 1; 202
690; 463; 1; 2; 208
616; 685; 2; 1; 232
690; 726; 1; 2; 244
585; 570; 1; 2; 244
460; 652; 1; 2; 247
695; 647; 1; 2; 251
435; 466; 2; 1; 254
704; 661; 1; 2; 266
716; 734; 1; 2; 268
598; 618; 2; 1; 269
560; 443; 2; 1; 272
547; 524; 2; 1; 277
441; 705; 2; 1; 293
538; 732; 1; 2; 297
597; 645; 1; 2; 300
710; 540; 2; 1; 321
675; 483; 2; 1; 330
445; 489; 1; 2; 341
570; 722; 1; 2; 357
610; 631; 2; 1; 363
530; 497; 2; 1; 367
527; 493; 1; 2; 368
479; 536; 1; 2; 375
496; 598; 1; 2; 382
493; 647; 2; 1; 388
492; 682; 2; 1; 393
655; 579; 1; 2; 398
694; 634; 2; 1; 405
478; 605; 2; 1; 409
486; 686; 2; 1; 419
518; 431; 2; 1; 431
538; 506; 2; 1; 436
458; 570; 2; 1; 436
714; 520; 1; 2; 448
715; 615; 1; 2; 451
478; 729; 2; 1; 459
517; 464; 2; 1; 463
599; 617; 1; 2; 465
464; 632; 2; 1; 486
588; 496; 1; 2; 510
543; 634; 2; 1; 516
695; 672; 2; 1; 521
698; 494; 1; 2; 524
664; 443; 2; 1; 528
611; 657; 1; 2; 528
479; 594; 1; 2; 530
442; 715; 1; 2; 536
512; 640; 2; 1; 546
575; 712; 2; 1; 557
440; 477; 2; 1; 568
632; 581; 2; 1; 569
606; 712; 2; 1; 571
457; 658; 2; 1; 571
721; 554; 2; 1; 590
543; 442; 2; 1; 591
502; 480; 1; 2; 594
601; 453; 2; 1; 605
598; 510; 1; 2; 618
592; 571; 2; 1; 618
557; 490; 1; 2; 636
461; 610; 2; 1; 655
598; 626; 2; 1; 670
518; 472; 1; 2; 676
473; 718; 2; 1; 679
694; 569; 2; 1; 679
711; 506; 2; 1; 681
724; 551; 1; 2; 689
676; 589; 2; 1; 693
691; 727; 2; 1; 694
527; 637; 2; 1; 703
602; 735; 1; 2; 703
465; 470; 2; 1; 704
692; 678; 2; 1; 708
525; 441; 2; 1; 711
666; 523; 2; 1; 751
619; 482; 2; 1; 754
473; 609; 2; 1; 769
673; 677; 2; 1; 777
601; 460; 1; 2; 788
684; 552; 2; 1; 790
645; 533; 1; 2; 792
537; 538; 1; 2; 797
586; 461; 2; 1; 805
618; 703; 1; 2; 813
538; 655; 1; 2; 816
549; 649; 1; 2; 820
557; 713; 1; 2; 829
667; 502; 2; 1; 851
451; 718; 1; 2; 859
597; 719; 1; 2; 872
544; 513; 2; 1; 908
707; 592; 1; 2; 914
699; 676; 2; 1; 933
524; 690; 1; 2; 943
482; 446; 1; 2; 955
598; 490; 1; 2; 957
523; 737; 1; 2; 957
481; 723; 1; 2; 962
531; 702; 2; 1; 974
726; 640; 1; 2; 991
656; 504; 2; 1; 994
623; 694; 2; 1; 999
612; 509; 1; 2; 1016
735; 544; 1; 2; 1033
694; 626; 1; 2; 1039
30
14; 1; 40; 438
1; 1; 42; 1877
3; 1; 43; 5811
11; 1; 22; 8980
20; 1; 25; 9342
27; 1; 23; 9383
15; 1; 11; 11948
18; 1; 37; 12763
17; 1; 31; 13085
13; 1; 2; 14917
8; 1; 39; 15571
21; 1; 26; 16009
7; 1; 40; 19384
2; 1; 24; 23525
28; 1; 46; 27710
19; 1; 46; 28493
9; 1; 48; 32901
16; 1; 1; 34448
0; 1; 29; 35872
10; 1; 19; 38811
23; 1; 38; 39763
25; 1; 24; 40126
5; 1; 48; 50325
26; 1; 5; 58294
6; 1; 16; 59523
29; 1; 7; 59946
4; 1; 47; 61284
12; 1; 37; 62939
24; 1; 3; 75566
22; 1; 16; 79539
