**** 95 ****
58
98; 108; 1; 2; 10
107; 84; 2; 1; 11
99; 95; 1; 2; 13
103; 43; 2; 1; 19
67; 42; 1; 2; 19
45; 51; 2; 1; 21
45; 64; 1; 2; 25
83; 89; 1; 2; 35
99; 71; 2; 1; 38
45; 42; 1; 2; 49
65; 113; 2; 1; 50
104; 48; 2; 1; 53
91; 46; 2; 1; 55
98; 102; 2; 1; 60
60; 85; 2; 1; 66
65; 68; 1; 2; 70
77; 69; 2; 1; 71
59; 102; 2; 1; 75
73; 47; 1; 2; 77
90; 107; 2; 1; 77
59; 82; 2; 1; 80
110; 99; 1; 2; 83
73; 42; 1; 2; 85
41; 71; 2; 1; 88
57; 110; 1; 2; 89
98; 69; 2; 1; 90
59; 83; 1; 2; 90
86; 91; 2; 1; 95
56; 53; 2; 1; 96
60; 106; 2; 1; 96
78; 55; 1; 2; 98
95; 57; 1; 2; 99
101; 110; 1; 2; 100
96; 43; 1; 2; 102
82; 57; 1; 2; 108
104; 97; 1; 2; 129
81; 73; 1; 2; 133
79; 71; 1; 2; 135
54; 43; 2; 1; 138
96; 79; 2; 1; 146
66; 62; 2; 1; 150
73; 75; 1; 2; 151
47; 52; 1; 2; 157
108; 73; 1; 2; 157
47; 97; 2; 1; 159
63; 64; 2; 1; 159
109; 44; 2; 1; 168
70; 44; 1; 2; 172
69; 111; 2; 1; 172
56; 102; 1; 2; 177
98; 92; 2; 1; 178
72; 71; 1; 2; 183
48; 48; 1; 2; 185
92; 56; 1; 2; 186
71; 101; 1; 2; 187
46; 75; 2; 1; 191
108; 50; 2; 1; 192
76; 81; 2; 1; 193
14
6; 1; 6; 32
3; 1; 47; 431
5; 1; 46; 917
9; 1; 1; 1623
4; 1; 32; 1915
8; 1; 4; 2227
0; 1; 7; 2750
13; 1; 49; 3140
2; 1; 33; 3198
12; 1; 7; 3784
1; 1; 24; 4303
10; 1; 45; 4339
7; 1; 35; 4557
11; 1; 21; 4740
