**** 950 ****
136
650; 617; 2; 1; 9
711; 531; 2; 1; 10
544; 661; 1; 2; 16
624; 502; 2; 1; 30
607; 536; 1; 2; 30
676; 572; 1; 2; 32
653; 610; 2; 1; 49
548; 598; 1; 2; 58
542; 579; 1; 2; 64
565; 543; 1; 2; 83
473; 512; 2; 1; 84
462; 540; 1; 2; 89
527; 657; 1; 2; 93
438; 540; 1; 2; 95
540; 605; 2; 1; 99
519; 578; 1; 2; 105
682; 714; 1; 2; 111
475; 493; 1; 2; 115
576; 662; 1; 2; 130
708; 717; 1; 2; 136
488; 676; 2; 1; 141
600; 541; 2; 1; 158
493; 485; 1; 2; 167
630; 448; 1; 2; 172
566; 717; 2; 1; 194
557; 646; 2; 1; 197
684; 684; 1; 2; 202
583; 452; 1; 2; 204
678; 650; 1; 2; 211
508; 648; 1; 2; 212
619; 511; 1; 2; 215
718; 563; 2; 1; 220
662; 598; 2; 1; 221
587; 534; 1; 2; 249
566; 726; 1; 2; 252
687; 500; 1; 2; 258
613; 459; 2; 1; 260
579; 431; 2; 1; 263
701; 664; 1; 2; 267
538; 640; 1; 2; 283
661; 514; 2; 1; 299
443; 563; 2; 1; 306
643; 601; 1; 2; 311
505; 737; 2; 1; 318
473; 468; 1; 2; 322
477; 518; 1; 2; 323
578; 507; 1; 2; 327
457; 444; 1; 2; 357
545; 669; 1; 2; 363
528; 519; 1; 2; 371
605; 608; 1; 2; 373
673; 531; 1; 2; 373
489; 618; 1; 2; 383
448; 592; 1; 2; 389
593; 583; 2; 1; 395
608; 694; 2; 1; 406
712; 456; 2; 1; 412
550; 700; 1; 2; 415
457; 561; 2; 1; 416
732; 656; 1; 2; 417
593; 581; 1; 2; 435
705; 470; 1; 2; 439
669; 732; 2; 1; 455
531; 704; 2; 1; 460
571; 645; 2; 1; 460
444; 516; 2; 1; 466
516; 637; 2; 1; 479
684; 637; 1; 2; 480
482; 442; 1; 2; 481
612; 708; 1; 2; 484
694; 600; 1; 2; 498
504; 538; 2; 1; 510
603; 637; 2; 1; 512
496; 585; 2; 1; 518
530; 456; 2; 1; 519
651; 554; 2; 1; 528
605; 541; 1; 2; 535
516; 453; 2; 1; 541
569; 522; 1; 2; 559
469; 689; 2; 1; 561
670; 519; 1; 2; 590
627; 730; 1; 2; 601
545; 559; 1; 2; 614
622; 466; 1; 2; 618
523; 730; 1; 2; 620
475; 483; 2; 1; 624
443; 588; 1; 2; 627
662; 656; 1; 2; 633
711; 482; 2; 1; 639
550; 563; 2; 1; 643
534; 541; 1; 2; 645
530; 615; 1; 2; 645
450; 688; 1; 2; 651
526; 486; 2; 1; 652
543; 647; 1; 2; 652
585; 642; 1; 2; 686
488; 716; 1; 2; 697
645; 487; 1; 2; 701
698; 553; 2; 1; 712
503; 737; 1; 2; 716
662; 651; 2; 1; 720
573; 596; 2; 1; 722
490; 462; 1; 2; 723
582; 675; 1; 2; 729
581; 432; 2; 1; 731
563; 515; 2; 1; 735
654; 576; 2; 1; 757
707; 610; 1; 2; 769
680; 501; 1; 2; 770
549; 511; 2; 1; 775
684; 551; 1; 2; 777
572; 720; 2; 1; 786
611; 460; 1; 2; 813
541; 555; 2; 1; 817
726; 505; 1; 2; 818
704; 574; 2; 1; 820
474; 550; 1; 2; 838
544; 454; 2; 1; 861
685; 484; 2; 1; 861
589; 445; 1; 2; 866
658; 735; 2; 1; 880
701; 432; 2; 1; 893
474; 579; 2; 1; 894
580; 720; 1; 2; 921
544; 444; 1; 2; 935
525; 659; 1; 2; 937
695; 621; 2; 1; 968
558; 690; 2; 1; 981
578; 585; 1; 2; 985
564; 631; 1; 2; 999
603; 639; 1; 2; 1014
587; 712; 2; 1; 1015
492; 717; 1; 2; 1016
577; 462; 1; 2; 1021
484; 735; 1; 2; 1027
692; 727; 2; 1; 1029
30
11; 1; 30; 1995
16; 1; 21; 2521
0; 1; 43; 2637
9; 1; 24; 3195
6; 1; 29; 5518
29; 1; 6; 5553
5; 1; 37; 7822
3; 1; 46; 8661
26; 1; 14; 18287
8; 1; 19; 18918
13; 1; 18; 21782
17; 1; 32; 24461
19; 1; 28; 29649
24; 1; 48; 34081
1; 1; 25; 38014
28; 1; 40; 40975
22; 1; 38; 44047
12; 1; 45; 45870
27; 1; 18; 50336
4; 1; 43; 51457
15; 1; 17; 51788
14; 1; 40; 56368
18; 1; 32; 59718
23; 1; 1; 62311
21; 1; 31; 63486
2; 1; 48; 64380
20; 1; 39; 65335
7; 1; 34; 69543
10; 1; 14; 73159
25; 1; 10; 75243
