**** 951 ****
136
651; 560; 2; 1; 3
471; 590; 1; 2; 6
461; 486; 1; 2; 18
643; 711; 1; 2; 25
645; 474; 2; 1; 32
684; 708; 1; 2; 42
618; 593; 2; 1; 44
636; 722; 1; 2; 45
469; 553; 1; 2; 51
435; 449; 2; 1; 51
573; 494; 2; 1; 57
556; 471; 1; 2; 70
642; 576; 1; 2; 78
442; 568; 2; 1; 80
654; 493; 2; 1; 86
586; 454; 1; 2; 96
668; 531; 2; 1; 101
533; 685; 1; 2; 108
519; 715; 1; 2; 114
518; 617; 2; 1; 126
444; 603; 2; 1; 133
588; 583; 1; 2; 136
701; 635; 1; 2; 137
554; 598; 1; 2; 147
455; 454; 2; 1; 189
705; 624; 2; 1; 203
497; 600; 2; 1; 206
726; 704; 2; 1; 213
590; 449; 2; 1; 215
440; 619; 2; 1; 218
509; 501; 2; 1; 224
541; 458; 1; 2; 229
521; 625; 1; 2; 230
686; 512; 1; 2; 238
524; 722; 2; 1; 245
458; 519; 1; 2; 246
434; 536; 1; 2; 248
567; 442; 2; 1; 252
531; 456; 1; 2; 253
614; 477; 1; 2; 254
674; 729; 2; 1; 274
595; 732; 2; 1; 275
665; 540; 1; 2; 285
662; 697; 2; 1; 287
695; 493; 2; 1; 288
691; 701; 2; 1; 303
712; 508; 2; 1; 305
431; 623; 1; 2; 309
464; 566; 2; 1; 313
574; 679; 1; 2; 320
496; 719; 2; 1; 347
524; 444; 1; 2; 354
714; 531; 1; 2; 369
612; 522; 1; 2; 373
513; 651; 2; 1; 376
657; 581; 2; 1; 378
639; 573; 1; 2; 378
726; 503; 2; 1; 391
446; 500; 2; 1; 393
528; 477; 2; 1; 393
492; 541; 1; 2; 395
510; 555; 1; 2; 403
728; 540; 2; 1; 407
592; 495; 1; 2; 410
684; 491; 1; 2; 410
476; 558; 1; 2; 412
534; 714; 2; 1; 419
479; 550; 1; 2; 420
547; 704; 2; 1; 426
668; 730; 1; 2; 437
726; 504; 2; 1; 438
621; 618; 1; 2; 441
540; 628; 1; 2; 444
620; 633; 1; 2; 457
560; 727; 1; 2; 462
467; 533; 2; 1; 464
652; 467; 2; 1; 471
512; 625; 2; 1; 489
623; 481; 1; 2; 505
672; 634; 2; 1; 516
668; 549; 1; 2; 532
590; 450; 1; 2; 536
662; 544; 1; 2; 540
575; 485; 2; 1; 558
585; 605; 2; 1; 570
501; 544; 2; 1; 575
586; 726; 1; 2; 576
593; 689; 1; 2; 586
486; 467; 2; 1; 596
691; 463; 1; 2; 615
729; 632; 1; 2; 622
641; 531; 2; 1; 643
510; 648; 2; 1; 653
595; 564; 1; 2; 655
455; 716; 1; 2; 657
521; 519; 2; 1; 658
699; 634; 2; 1; 661
621; 434; 2; 1; 672
737; 492; 2; 1; 673
560; 713; 1; 2; 678
620; 552; 1; 2; 701
494; 577; 1; 2; 705
458; 443; 1; 2; 708
629; 543; 2; 1; 724
653; 588; 1; 2; 736
659; 701; 1; 2; 741
646; 708; 2; 1; 746
572; 546; 1; 2; 751
468; 706; 2; 1; 752
453; 525; 2; 1; 754
617; 600; 1; 2; 756
572; 579; 2; 1; 766
464; 651; 1; 2; 769
589; 702; 2; 1; 769
522; 676; 2; 1; 776
436; 519; 1; 2; 781
636; 603; 2; 1; 784
656; 439; 2; 1; 813
490; 548; 1; 2; 822
532; 647; 2; 1; 822
523; 711; 1; 2; 823
661; 531; 1; 2; 838
569; 621; 1; 2; 871
668; 670; 2; 1; 897
655; 598; 1; 2; 897
662; 726; 1; 2; 907
550; 737; 2; 1; 912
723; 723; 1; 2; 933
644; 699; 2; 1; 944
612; 575; 1; 2; 949
693; 623; 2; 1; 995
577; 482; 1; 2; 997
613; 540; 1; 2; 1019
682; 557; 2; 1; 1024
710; 657; 2; 1; 1028
703; 489; 2; 1; 1037
30
2; 1; 15; 2179
29; 1; 40; 2483
15; 1; 39; 2674
3; 1; 34; 9536
18; 1; 20; 11793
14; 1; 1; 11864
4; 1; 32; 12320
26; 1; 33; 13152
17; 1; 48; 20560
24; 1; 2; 21408
7; 1; 8; 28782
22; 1; 45; 32223
10; 1; 41; 32994
28; 1; 24; 34670
21; 1; 49; 36256
6; 1; 25; 39692
8; 1; 39; 40620
12; 1; 39; 41034
5; 1; 38; 41203
25; 1; 39; 43054
27; 1; 27; 46827
13; 1; 23; 47995
16; 1; 30; 49452
23; 1; 27; 50234
20; 1; 7; 51181
1; 1; 12; 51920
0; 1; 19; 70817
19; 1; 22; 70977
11; 1; 21; 71797
9; 1; 17; 73484
