**** 952 ****
136
715; 475; 2; 1; 2
695; 632; 2; 1; 3
666; 697; 1; 2; 13
669; 676; 2; 1; 27
683; 471; 2; 1; 32
601; 459; 2; 1; 56
434; 542; 1; 2; 69
442; 555; 2; 1; 73
438; 588; 2; 1; 75
677; 574; 1; 2; 82
673; 495; 1; 2; 95
604; 600; 1; 2; 106
630; 470; 2; 1; 107
735; 732; 1; 2; 116
594; 672; 1; 2; 135
645; 603; 1; 2; 152
613; 603; 2; 1; 159
448; 509; 1; 2; 167
693; 635; 2; 1; 176
508; 437; 1; 2; 190
527; 586; 2; 1; 198
478; 734; 1; 2; 198
459; 563; 2; 1; 216
516; 552; 1; 2; 232
567; 736; 1; 2; 234
582; 719; 1; 2; 240
547; 721; 1; 2; 250
468; 441; 1; 2; 260
492; 645; 1; 2; 270
452; 516; 2; 1; 272
543; 734; 1; 2; 273
628; 684; 2; 1; 287
639; 735; 1; 2; 288
657; 642; 2; 1; 295
690; 730; 1; 2; 297
465; 622; 1; 2; 300
461; 540; 2; 1; 304
623; 631; 2; 1; 309
680; 734; 2; 1; 312
731; 483; 1; 2; 322
693; 709; 2; 1; 330
640; 439; 1; 2; 333
609; 587; 1; 2; 338
737; 541; 1; 2; 345
538; 673; 2; 1; 346
558; 477; 2; 1; 356
533; 498; 1; 2; 368
712; 464; 2; 1; 375
497; 652; 2; 1; 383
578; 593; 1; 2; 389
635; 484; 1; 2; 404
562; 691; 1; 2; 415
577; 694; 1; 2; 427
616; 537; 1; 2; 432
624; 438; 2; 1; 453
489; 572; 2; 1; 454
660; 662; 2; 1; 458
727; 689; 1; 2; 470
647; 548; 2; 1; 488
509; 675; 2; 1; 492
494; 670; 1; 2; 497
678; 590; 1; 2; 499
437; 545; 2; 1; 504
459; 483; 1; 2; 513
461; 607; 1; 2; 566
593; 512; 2; 1; 580
660; 728; 1; 2; 582
509; 545; 2; 1; 589
461; 728; 1; 2; 591
599; 648; 2; 1; 595
464; 536; 2; 1; 599
630; 468; 2; 1; 600
556; 568; 1; 2; 615
581; 559; 2; 1; 615
445; 637; 1; 2; 618
645; 715; 1; 2; 624
564; 649; 2; 1; 637
467; 456; 1; 2; 642
478; 594; 1; 2; 657
680; 503; 2; 1; 665
630; 655; 1; 2; 670
450; 731; 1; 2; 680
717; 478; 2; 1; 688
498; 520; 2; 1; 692
526; 614; 2; 1; 694
626; 694; 2; 1; 708
464; 539; 1; 2; 715
699; 669; 1; 2; 724
706; 692; 1; 2; 737
461; 662; 1; 2; 739
626; 669; 1; 2; 746
530; 495; 2; 1; 751
602; 620; 2; 1; 756
686; 457; 1; 2; 776
674; 616; 1; 2; 786
698; 604; 2; 1; 797
593; 477; 1; 2; 798
695; 659; 2; 1; 816
691; 474; 1; 2; 818
680; 733; 2; 1; 818
681; 632; 2; 1; 827
599; 552; 1; 2; 831
603; 682; 2; 1; 831
690; 541; 2; 1; 832
567; 520; 1; 2; 839
704; 478; 2; 1; 844
510; 485; 1; 2; 845
684; 499; 2; 1; 849
634; 553; 1; 2; 852
542; 677; 1; 2; 873
475; 680; 1; 2; 885
697; 450; 2; 1; 895
564; 533; 2; 1; 901
554; 667; 2; 1; 903
661; 548; 2; 1; 908
703; 534; 1; 2; 916
501; 560; 1; 2; 920
644; 460; 2; 1; 923
496; 688; 2; 1; 930
512; 478; 2; 1; 931
676; 729; 1; 2; 935
665; 462; 1; 2; 936
565; 686; 1; 2; 940
558; 647; 1; 2; 950
619; 441; 2; 1; 957
725; 467; 1; 2; 961
720; 467; 1; 2; 961
476; 673; 1; 2; 972
489; 707; 1; 2; 990
613; 649; 2; 1; 991
685; 525; 1; 2; 993
723; 673; 1; 2; 1022
658; 538; 2; 1; 1023
650; 719; 2; 1; 1025
576; 508; 2; 1; 1027
710; 637; 2; 1; 1039
30
10; 1; 8; 6477
27; 1; 10; 7740
24; 1; 21; 9777
6; 1; 12; 10413
25; 1; 23; 11116
16; 1; 44; 13793
3; 1; 21; 18699
11; 1; 22; 21116
29; 1; 7; 24874
14; 1; 5; 28809
1; 1; 26; 36545
17; 1; 35; 44386
4; 1; 23; 45049
0; 1; 19; 47894
26; 1; 13; 47920
9; 1; 13; 49970
15; 1; 8; 51852
18; 1; 34; 52935
28; 1; 13; 54059
7; 1; 29; 57807
5; 1; 48; 59696
23; 1; 37; 60018
2; 1; 9; 61102
22; 1; 48; 63292
8; 1; 37; 68877
12; 1; 16; 68987
20; 1; 17; 69667
19; 1; 41; 70200
21; 1; 4; 73695
13; 1; 34; 80602
