**** 953 ****
136
604; 594; 1; 2; 7
643; 580; 2; 1; 9
538; 644; 1; 2; 10
435; 699; 1; 2; 13
583; 519; 2; 1; 17
679; 549; 2; 1; 22
554; 505; 1; 2; 28
546; 451; 2; 1; 34
504; 449; 2; 1; 36
484; 720; 2; 1; 49
698; 652; 2; 1; 52
495; 478; 1; 2; 59
668; 573; 2; 1; 81
431; 555; 1; 2; 106
520; 468; 1; 2; 107
692; 519; 2; 1; 113
505; 719; 1; 2; 113
445; 456; 1; 2; 113
654; 572; 2; 1; 113
518; 702; 1; 2; 120
713; 715; 1; 2; 124
695; 655; 1; 2; 145
604; 545; 1; 2; 150
455; 608; 1; 2; 154
690; 611; 1; 2; 157
581; 639; 1; 2; 158
501; 621; 1; 2; 175
648; 432; 1; 2; 182
646; 734; 2; 1; 189
445; 720; 2; 1; 190
601; 523; 2; 1; 200
607; 554; 2; 1; 219
540; 456; 2; 1; 231
574; 447; 1; 2; 233
538; 662; 2; 1; 234
680; 541; 1; 2; 239
691; 547; 2; 1; 256
710; 560; 2; 1; 257
572; 721; 2; 1; 269
663; 597; 1; 2; 276
629; 505; 1; 2; 281
524; 508; 1; 2; 285
581; 564; 1; 2; 300
532; 601; 1; 2; 301
458; 472; 1; 2; 305
706; 486; 2; 1; 310
584; 449; 1; 2; 312
657; 432; 1; 2; 315
565; 539; 1; 2; 333
472; 431; 2; 1; 334
557; 696; 1; 2; 350
715; 530; 2; 1; 355
689; 611; 1; 2; 365
690; 733; 1; 2; 399
650; 559; 1; 2; 404
532; 675; 2; 1; 408
611; 460; 2; 1; 409
697; 441; 2; 1; 411
638; 594; 2; 1; 418
608; 517; 1; 2; 421
474; 521; 2; 1; 425
710; 510; 2; 1; 433
561; 485; 2; 1; 435
673; 472; 1; 2; 439
663; 569; 2; 1; 451
574; 508; 2; 1; 460
617; 524; 1; 2; 464
606; 626; 2; 1; 464
712; 693; 1; 2; 469
704; 611; 2; 1; 496
482; 431; 1; 2; 499
541; 572; 1; 2; 532
691; 672; 2; 1; 532
447; 541; 1; 2; 535
434; 514; 2; 1; 543
668; 549; 2; 1; 545
539; 673; 1; 2; 547
477; 716; 2; 1; 553
457; 611; 1; 2; 570
692; 582; 2; 1; 571
625; 436; 2; 1; 579
437; 535; 2; 1; 593
463; 565; 2; 1; 598
696; 700; 1; 2; 617
546; 714; 2; 1; 623
567; 612; 2; 1; 625
458; 508; 2; 1; 628
627; 718; 1; 2; 634
732; 618; 1; 2; 635
657; 640; 1; 2; 635
719; 649; 1; 2; 637
623; 688; 1; 2; 647
493; 707; 2; 1; 655
570; 670; 1; 2; 673
582; 660; 1; 2; 717
644; 588; 2; 1; 724
638; 699; 2; 1; 734
434; 483; 1; 2; 737
718; 618; 1; 2; 740
678; 620; 2; 1; 741
552; 530; 2; 1; 746
697; 464; 2; 1; 758
654; 500; 1; 2; 769
621; 534; 1; 2; 770
515; 697; 1; 2; 779
702; 471; 1; 2; 787
730; 573; 1; 2; 797
525; 643; 2; 1; 799
557; 473; 1; 2; 814
578; 439; 1; 2; 815
632; 476; 1; 2; 822
547; 577; 1; 2; 832
682; 524; 1; 2; 842
461; 650; 2; 1; 844
676; 574; 2; 1; 854
587; 629; 2; 1; 868
689; 568; 1; 2; 871
596; 499; 1; 2; 875
655; 535; 2; 1; 897
585; 516; 1; 2; 902
707; 640; 2; 1; 910
522; 641; 2; 1; 920
522; 628; 2; 1; 920
666; 435; 2; 1; 922
491; 709; 1; 2; 924
439; 440; 1; 2; 968
723; 597; 2; 1; 982
542; 695; 1; 2; 983
490; 434; 2; 1; 988
677; 629; 2; 1; 996
509; 564; 2; 1; 997
732; 550; 2; 1; 1007
503; 613; 1; 2; 1017
587; 564; 1; 2; 1025
533; 493; 1; 2; 1028
489; 695; 1; 2; 1029
30
25; 1; 7; 545
16; 1; 9; 2081
24; 1; 18; 3493
0; 1; 2; 4774
12; 1; 1; 5551
26; 1; 17; 5981
27; 1; 33; 8325
19; 1; 2; 9971
4; 1; 29; 11658
28; 1; 41; 12065
14; 1; 7; 19201
11; 1; 22; 28659
6; 1; 16; 30822
13; 1; 13; 34198
2; 1; 2; 42513
22; 1; 3; 44572
10; 1; 21; 46437
1; 1; 8; 48905
15; 1; 1; 52687
29; 1; 30; 53513
5; 1; 22; 54498
17; 1; 20; 57653
20; 1; 44; 57896
21; 1; 32; 59585
3; 1; 39; 60346
9; 1; 8; 62209
18; 1; 31; 65474
23; 1; 49; 68526
8; 1; 46; 76445
7; 1; 8; 77179
