**** 954 ****
136
562; 549; 2; 1; 2
659; 549; 1; 2; 5
664; 593; 2; 1; 18
474; 616; 1; 2; 20
447; 669; 2; 1; 34
616; 594; 1; 2; 37
477; 551; 2; 1; 38
456; 555; 1; 2; 43
559; 618; 2; 1; 48
608; 715; 2; 1; 58
591; 613; 1; 2; 69
538; 440; 1; 2; 88
531; 493; 1; 2; 94
499; 637; 1; 2; 99
594; 648; 1; 2; 107
724; 605; 2; 1; 113
563; 624; 1; 2; 121
474; 479; 1; 2; 129
700; 446; 2; 1; 139
529; 731; 2; 1; 145
683; 633; 2; 1; 150
630; 618; 1; 2; 152
607; 469; 1; 2; 165
703; 467; 2; 1; 172
592; 723; 2; 1; 183
582; 580; 1; 2; 188
706; 545; 1; 2; 190
533; 659; 2; 1; 193
548; 449; 1; 2; 195
695; 721; 2; 1; 196
690; 500; 2; 1; 213
627; 661; 1; 2; 218
596; 443; 1; 2; 229
653; 597; 1; 2; 274
444; 443; 1; 2; 278
508; 708; 1; 2; 282
490; 439; 2; 1; 295
584; 720; 2; 1; 304
434; 737; 1; 2; 332
642; 663; 2; 1; 333
434; 517; 2; 1; 334
432; 555; 1; 2; 340
645; 445; 2; 1; 355
709; 612; 2; 1; 362
535; 435; 1; 2; 367
526; 691; 2; 1; 368
659; 450; 2; 1; 371
591; 606; 1; 2; 387
563; 553; 2; 1; 391
605; 567; 1; 2; 391
525; 664; 1; 2; 391
680; 572; 2; 1; 391
614; 709; 1; 2; 402
688; 665; 2; 1; 410
681; 675; 2; 1; 411
591; 533; 2; 1; 414
444; 698; 1; 2; 417
448; 736; 2; 1; 424
463; 642; 2; 1; 437
449; 713; 2; 1; 452
613; 538; 2; 1; 463
505; 495; 1; 2; 468
529; 686; 1; 2; 491
661; 734; 1; 2; 514
572; 578; 1; 2; 516
723; 727; 2; 1; 516
651; 451; 1; 2; 525
499; 726; 1; 2; 530
579; 608; 1; 2; 531
536; 729; 1; 2; 550
708; 495; 2; 1; 578
715; 635; 1; 2; 583
694; 534; 2; 1; 608
612; 581; 2; 1; 612
480; 648; 1; 2; 615
573; 560; 1; 2; 619
474; 692; 2; 1; 645
586; 659; 1; 2; 656
554; 660; 1; 2; 661
501; 528; 1; 2; 664
440; 568; 1; 2; 673
650; 620; 2; 1; 674
472; 509; 2; 1; 701
504; 612; 1; 2; 710
737; 731; 2; 1; 720
667; 480; 2; 1; 724
580; 566; 1; 2; 729
456; 449; 1; 2; 731
718; 457; 1; 2; 733
462; 658; 2; 1; 740
504; 698; 1; 2; 741
599; 533; 2; 1; 752
586; 549; 1; 2; 765
614; 462; 2; 1; 769
697; 644; 2; 1; 770
729; 499; 2; 1; 776
436; 529; 2; 1; 776
505; 543; 1; 2; 783
531; 589; 1; 2; 785
509; 579; 1; 2; 801
555; 727; 1; 2; 821
468; 574; 1; 2; 837
665; 540; 2; 1; 838
436; 591; 2; 1; 846
694; 552; 1; 2; 855
610; 678; 2; 1; 856
666; 610; 2; 1; 859
486; 592; 1; 2; 878
691; 556; 2; 1; 882
689; 477; 1; 2; 898
505; 496; 1; 2; 900
542; 546; 1; 2; 909
720; 549; 2; 1; 917
581; 688; 1; 2; 923
651; 440; 1; 2; 926
645; 621; 1; 2; 927
436; 684; 1; 2; 927
505; 714; 2; 1; 930
729; 544; 2; 1; 961
570; 694; 1; 2; 972
447; 436; 1; 2; 973
478; 588; 2; 1; 980
494; 454; 1; 2; 983
482; 478; 1; 2; 984
523; 710; 1; 2; 1004
531; 456; 2; 1; 1005
645; 485; 1; 2; 1017
482; 459; 1; 2; 1018
717; 627; 2; 1; 1024
705; 692; 2; 1; 1032
596; 551; 2; 1; 1032
631; 558; 2; 1; 1033
584; 562; 1; 2; 1035
578; 617; 2; 1; 1047
648; 529; 1; 2; 1048
673; 463; 1; 2; 1050
30
9; 1; 33; 966
23; 1; 10; 4481
28; 1; 30; 12324
8; 1; 28; 15042
21; 1; 29; 15830
24; 1; 31; 17457
16; 1; 20; 24647
1; 1; 27; 34241
12; 1; 42; 34646
29; 1; 35; 35872
22; 1; 7; 36297
5; 1; 7; 38507
15; 1; 15; 43870
0; 1; 4; 44302
7; 1; 30; 50053
13; 1; 28; 51925
11; 1; 17; 53881
17; 1; 3; 53919
26; 1; 19; 55643
27; 1; 4; 57271
10; 1; 40; 59192
2; 1; 17; 59487
25; 1; 45; 60587
3; 1; 4; 66402
20; 1; 37; 69168
14; 1; 28; 70027
4; 1; 35; 72743
18; 1; 23; 75202
6; 1; 28; 76923
19; 1; 34; 78151
