**** 955 ****
136
551; 438; 2; 1; 6
538; 622; 2; 1; 30
725; 563; 1; 2; 48
491; 443; 2; 1; 49
564; 560; 2; 1; 54
685; 452; 1; 2; 63
556; 633; 1; 2; 65
470; 463; 2; 1; 73
680; 487; 1; 2; 73
663; 696; 2; 1; 76
680; 659; 2; 1; 78
731; 668; 1; 2; 81
572; 597; 1; 2; 91
465; 510; 1; 2; 97
465; 453; 1; 2; 101
453; 632; 1; 2; 102
534; 431; 2; 1; 119
559; 540; 2; 1; 124
674; 685; 1; 2; 132
631; 541; 2; 1; 132
567; 620; 1; 2; 136
577; 586; 1; 2; 143
663; 504; 1; 2; 151
472; 586; 1; 2; 158
725; 619; 2; 1; 158
719; 584; 1; 2; 161
485; 477; 1; 2; 162
484; 480; 2; 1; 182
611; 636; 2; 1; 182
514; 687; 1; 2; 191
461; 464; 2; 1; 199
648; 478; 1; 2; 200
589; 696; 1; 2; 206
490; 530; 2; 1; 208
583; 655; 1; 2; 216
536; 719; 1; 2; 226
604; 590; 1; 2; 230
577; 731; 2; 1; 231
686; 541; 2; 1; 232
693; 524; 2; 1; 232
536; 450; 1; 2; 239
515; 532; 1; 2; 244
444; 436; 1; 2; 267
677; 509; 2; 1; 273
602; 616; 2; 1; 278
651; 657; 1; 2; 282
576; 535; 2; 1; 284
525; 504; 1; 2; 284
510; 677; 2; 1; 286
527; 439; 2; 1; 291
663; 529; 2; 1; 306
520; 613; 2; 1; 315
737; 533; 1; 2; 315
574; 588; 2; 1; 316
584; 513; 2; 1; 338
435; 733; 1; 2; 371
640; 632; 2; 1; 383
587; 559; 1; 2; 388
566; 556; 2; 1; 393
530; 603; 1; 2; 398
562; 636; 1; 2; 409
512; 434; 2; 1; 417
540; 580; 2; 1; 428
683; 470; 1; 2; 429
565; 505; 1; 2; 431
570; 645; 2; 1; 439
625; 544; 2; 1; 451
441; 570; 1; 2; 473
702; 544; 2; 1; 509
497; 729; 2; 1; 562
567; 649; 1; 2; 575
712; 729; 1; 2; 577
560; 602; 1; 2; 578
586; 581; 1; 2; 584
674; 653; 2; 1; 587
431; 567; 2; 1; 591
590; 598; 2; 1; 592
477; 450; 2; 1; 602
730; 433; 1; 2; 610
707; 477; 2; 1; 614
574; 488; 1; 2; 618
443; 435; 2; 1; 620
549; 494; 2; 1; 621
519; 668; 1; 2; 640
704; 465; 1; 2; 659
465; 529; 1; 2; 662
686; 473; 2; 1; 675
681; 693; 1; 2; 676
549; 561; 1; 2; 677
700; 734; 1; 2; 687
471; 574; 2; 1; 690
495; 688; 2; 1; 712
584; 630; 1; 2; 722
621; 451; 2; 1; 727
723; 590; 2; 1; 742
614; 659; 1; 2; 745
495; 523; 2; 1; 750
721; 595; 1; 2; 755
712; 474; 2; 1; 760
592; 496; 2; 1; 763
513; 682; 2; 1; 768
461; 591; 1; 2; 769
580; 453; 2; 1; 781
652; 609; 1; 2; 794
704; 657; 2; 1; 811
622; 641; 2; 1; 820
613; 549; 1; 2; 845
571; 433; 1; 2; 866
722; 514; 1; 2; 868
547; 665; 1; 2; 870
560; 442; 2; 1; 874
530; 534; 1; 2; 880
528; 696; 2; 1; 885
726; 502; 2; 1; 899
719; 594; 1; 2; 899
724; 440; 2; 1; 903
568; 710; 1; 2; 909
637; 547; 1; 2; 910
484; 537; 2; 1; 916
613; 582; 2; 1; 930
517; 641; 2; 1; 940
469; 644; 2; 1; 944
467; 720; 2; 1; 954
447; 674; 2; 1; 956
601; 454; 1; 2; 977
502; 508; 1; 2; 984
464; 461; 2; 1; 988
482; 442; 1; 2; 989
702; 522; 2; 1; 991
613; 458; 1; 2; 993
736; 706; 2; 1; 1003
654; 516; 2; 1; 1006
549; 464; 1; 2; 1007
581; 550; 2; 1; 1021
463; 460; 2; 1; 1023
641; 484; 1; 2; 1043
30
1; 1; 21; 224
24; 1; 42; 288
11; 1; 31; 11998
23; 1; 3; 16876
16; 1; 9; 21653
22; 1; 36; 23703
9; 1; 20; 33044
19; 1; 3; 34184
26; 1; 20; 36274
18; 1; 25; 38142
21; 1; 49; 40800
3; 1; 4; 43007
10; 1; 48; 50626
7; 1; 48; 50814
5; 1; 48; 51453
2; 1; 17; 54198
29; 1; 10; 54263
13; 1; 31; 54481
17; 1; 34; 54571
8; 1; 33; 57897
4; 1; 1; 58592
12; 1; 33; 60350
14; 1; 23; 64431
25; 1; 34; 64946
27; 1; 38; 65536
6; 1; 43; 66268
15; 1; 17; 71030
20; 1; 7; 72406
28; 1; 32; 74797
0; 1; 6; 75143
