**** 956 ****
136
713; 534; 1; 2; 13
660; 575; 2; 1; 21
602; 661; 1; 2; 28
559; 620; 2; 1; 34
698; 710; 1; 2; 35
737; 504; 2; 1; 41
574; 728; 1; 2; 44
728; 643; 1; 2; 50
635; 499; 1; 2; 50
714; 448; 1; 2; 56
546; 688; 1; 2; 56
580; 648; 2; 1; 59
522; 581; 2; 1; 64
501; 506; 2; 1; 71
561; 485; 2; 1; 91
702; 628; 1; 2; 96
649; 613; 2; 1; 96
555; 561; 2; 1; 109
721; 450; 1; 2; 114
646; 498; 2; 1; 121
671; 442; 1; 2; 126
555; 595; 1; 2; 132
583; 440; 1; 2; 135
508; 728; 1; 2; 135
591; 633; 1; 2; 136
489; 439; 1; 2; 137
444; 453; 2; 1; 141
694; 592; 1; 2; 146
588; 559; 2; 1; 154
603; 473; 1; 2; 163
611; 719; 2; 1; 165
515; 463; 1; 2; 182
470; 458; 1; 2; 182
470; 540; 2; 1; 199
546; 550; 1; 2; 200
487; 607; 2; 1; 211
611; 593; 2; 1; 212
531; 440; 1; 2; 215
587; 717; 1; 2; 225
530; 519; 1; 2; 241
593; 636; 2; 1; 242
673; 445; 1; 2; 242
492; 602; 2; 1; 243
587; 503; 2; 1; 245
632; 734; 1; 2; 253
642; 717; 1; 2; 261
464; 629; 2; 1; 274
474; 619; 2; 1; 276
577; 536; 1; 2; 277
572; 547; 2; 1; 291
629; 495; 1; 2; 297
679; 610; 1; 2; 304
737; 583; 2; 1; 311
618; 686; 1; 2; 315
710; 604; 1; 2; 320
476; 680; 2; 1; 321
462; 565; 2; 1; 327
511; 603; 2; 1; 327
536; 600; 1; 2; 330
455; 712; 2; 1; 349
696; 543; 1; 2; 375
433; 443; 2; 1; 390
680; 510; 2; 1; 405
565; 727; 1; 2; 412
707; 725; 1; 2; 428
631; 624; 2; 1; 428
486; 528; 1; 2; 430
469; 665; 1; 2; 437
611; 712; 1; 2; 439
678; 565; 1; 2; 443
577; 656; 2; 1; 446
549; 467; 1; 2; 460
707; 476; 1; 2; 512
543; 469; 1; 2; 517
509; 730; 2; 1; 531
695; 437; 1; 2; 541
492; 723; 1; 2; 552
479; 478; 2; 1; 554
688; 559; 1; 2; 558
693; 735; 2; 1; 559
531; 511; 2; 1; 569
524; 634; 2; 1; 575
664; 651; 2; 1; 575
575; 715; 1; 2; 580
543; 535; 1; 2; 582
698; 688; 1; 2; 588
478; 637; 2; 1; 596
604; 534; 2; 1; 607
650; 556; 2; 1; 625
479; 465; 2; 1; 631
608; 678; 2; 1; 635
571; 548; 2; 1; 639
714; 650; 1; 2; 658
505; 623; 1; 2; 664
689; 626; 2; 1; 674
484; 635; 1; 2; 683
605; 623; 1; 2; 688
538; 506; 2; 1; 689
680; 719; 2; 1; 692
475; 432; 1; 2; 706
610; 458; 1; 2; 746
482; 460; 2; 1; 747
545; 456; 2; 1; 752
446; 736; 2; 1; 753
548; 631; 1; 2; 756
706; 697; 2; 1; 769
597; 468; 1; 2; 772
675; 578; 1; 2; 773
443; 612; 2; 1; 780
487; 725; 1; 2; 791
600; 484; 1; 2; 809
438; 454; 1; 2; 813
704; 550; 2; 1; 818
471; 521; 2; 1; 831
657; 479; 1; 2; 836
686; 660; 1; 2; 841
439; 621; 1; 2; 866
734; 579; 2; 1; 871
622; 673; 2; 1; 889
673; 624; 2; 1; 896
523; 655; 2; 1; 904
547; 707; 1; 2; 908
680; 464; 1; 2; 917
453; 549; 1; 2; 918
693; 660; 1; 2; 919
679; 548; 1; 2; 933
551; 730; 1; 2; 940
592; 503; 1; 2; 944
604; 568; 2; 1; 947
574; 599; 1; 2; 949
580; 608; 1; 2; 953
503; 549; 1; 2; 968
466; 461; 1; 2; 978
502; 457; 2; 1; 996
612; 555; 2; 1; 1044
683; 695; 2; 1; 1054
30
0; 1; 30; 5329
28; 1; 45; 7003
3; 1; 27; 13947
13; 1; 28; 21528
6; 1; 2; 24731
29; 1; 44; 25622
17; 1; 9; 26166
11; 1; 29; 27078
24; 1; 48; 28618
9; 1; 15; 35663
10; 1; 1; 35935
23; 1; 11; 39569
18; 1; 2; 41628
25; 1; 7; 42908
4; 1; 6; 43866
12; 1; 40; 45744
1; 1; 7; 48226
5; 1; 33; 49335
14; 1; 3; 55355
27; 1; 6; 57475
19; 1; 45; 58406
7; 1; 27; 60263
16; 1; 10; 62371
21; 1; 47; 63672
20; 1; 18; 66086
15; 1; 35; 67056
22; 1; 49; 67623
8; 1; 30; 73387
2; 1; 36; 76575
26; 1; 33; 78095
