**** 957 ****
137
702; 577; 1; 2; 8
585; 574; 2; 1; 15
700; 478; 2; 1; 18
649; 666; 1; 2; 30
501; 729; 1; 2; 32
715; 626; 1; 2; 54
492; 599; 1; 2; 61
549; 512; 1; 2; 64
567; 554; 2; 1; 98
515; 527; 1; 2; 107
675; 690; 2; 1; 107
610; 567; 2; 1; 113
692; 736; 1; 2; 120
742; 523; 2; 1; 127
686; 635; 1; 2; 132
690; 513; 1; 2; 137
683; 600; 1; 2; 147
534; 516; 2; 1; 161
510; 574; 1; 2; 181
729; 440; 1; 2; 190
443; 707; 1; 2; 204
601; 523; 2; 1; 212
573; 467; 1; 2; 216
466; 718; 2; 1; 219
535; 612; 1; 2; 226
730; 494; 2; 1; 234
546; 539; 2; 1; 248
457; 588; 2; 1; 252
610; 673; 2; 1; 254
644; 460; 2; 1; 263
470; 546; 1; 2; 273
585; 617; 1; 2; 283
504; 548; 1; 2; 289
478; 500; 1; 2; 293
524; 667; 2; 1; 308
621; 564; 2; 1; 312
656; 572; 1; 2; 318
602; 449; 2; 1; 319
627; 443; 2; 1; 322
505; 715; 2; 1; 332
655; 489; 1; 2; 334
474; 533; 2; 1; 334
538; 735; 2; 1; 340
699; 508; 2; 1; 352
697; 610; 1; 2; 364
648; 701; 2; 1; 370
667; 641; 2; 1; 372
716; 719; 1; 2; 376
560; 518; 2; 1; 379
605; 641; 1; 2; 394
453; 680; 2; 1; 401
536; 695; 2; 1; 408
641; 459; 1; 2; 416
492; 561; 1; 2; 428
635; 655; 1; 2; 459
470; 642; 1; 2; 462
483; 563; 1; 2; 465
587; 457; 2; 1; 476
507; 452; 1; 2; 481
445; 737; 2; 1; 484
539; 723; 2; 1; 484
515; 727; 2; 1; 485
730; 479; 2; 1; 490
628; 517; 2; 1; 504
606; 594; 2; 1; 504
672; 729; 1; 2; 506
588; 461; 2; 1; 524
725; 540; 1; 2; 525
707; 498; 2; 1; 532
728; 472; 1; 2; 537
473; 723; 1; 2; 537
707; 610; 1; 2; 538
638; 460; 2; 1; 540
737; 538; 2; 1; 542
493; 547; 2; 1; 551
554; 507; 1; 2; 554
683; 742; 1; 2; 565
476; 665; 1; 2; 583
451; 493; 1; 2; 610
645; 577; 2; 1; 617
717; 721; 2; 1; 623
512; 508; 1; 2; 624
509; 619; 1; 2; 649
443; 602; 1; 2; 654
714; 644; 2; 1; 656
502; 671; 1; 2; 687
476; 646; 1; 2; 701
546; 544; 2; 1; 701
631; 472; 1; 2; 702
662; 580; 2; 1; 729
564; 735; 1; 2; 730
672; 536; 2; 1; 737
542; 495; 1; 2; 740
695; 508; 2; 1; 752
513; 720; 2; 1; 755
661; 656; 1; 2; 781
450; 472; 1; 2; 786
471; 680; 1; 2; 788
702; 610; 2; 1; 793
693; 536; 1; 2; 793
633; 555; 2; 1; 801
565; 734; 1; 2; 804
451; 617; 2; 1; 805
683; 544; 1; 2; 806
562; 598; 2; 1; 808
678; 635; 1; 2; 830
527; 694; 2; 1; 835
513; 672; 1; 2; 836
480; 534; 2; 1; 836
571; 636; 2; 1; 838
683; 455; 1; 2; 839
695; 670; 2; 1; 840
677; 697; 2; 1; 841
594; 475; 2; 1; 842
673; 472; 1; 2; 855
635; 588; 2; 1; 862
698; 731; 2; 1; 898
601; 664; 1; 2; 904
668; 643; 1; 2; 919
461; 552; 2; 1; 919
592; 725; 1; 2; 921
484; 629; 2; 1; 921
571; 564; 1; 2; 924
708; 703; 2; 1; 931
609; 544; 1; 2; 934
561; 536; 1; 2; 940
711; 636; 1; 2; 952
444; 459; 2; 1; 957
546; 567; 2; 1; 962
689; 660; 1; 2; 982
570; 535; 1; 2; 998
458; 611; 2; 1; 998
713; 715; 1; 2; 1008
646; 620; 2; 1; 1032
482; 451; 2; 1; 1035
503; 688; 1; 2; 1054
520; 603; 2; 1; 1055
30
16; 1; 35; 26
25; 1; 25; 518
27; 1; 22; 3412
0; 1; 48; 5830
20; 1; 27; 5896
19; 1; 39; 12720
28; 1; 43; 12889
13; 1; 18; 15425
10; 1; 36; 16027
5; 1; 3; 18022
9; 1; 11; 34260
24; 1; 25; 35398
4; 1; 35; 36196
8; 1; 48; 38101
18; 1; 15; 38349
2; 1; 29; 42777
21; 1; 42; 44251
14; 1; 7; 49231
3; 1; 44; 53813
1; 1; 12; 55064
7; 1; 43; 56134
11; 1; 24; 58108
6; 1; 43; 60117
23; 1; 18; 60536
22; 1; 14; 67635
17; 1; 10; 69890
12; 1; 40; 70476
26; 1; 31; 74789
15; 1; 25; 78715
29; 1; 17; 79501
