**** 958 ****
137
606; 664; 2; 1; 1
483; 664; 2; 1; 7
481; 628; 2; 1; 28
460; 519; 2; 1; 29
716; 500; 2; 1; 31
513; 583; 1; 2; 34
620; 452; 2; 1; 43
512; 646; 1; 2; 51
715; 645; 1; 2; 60
669; 691; 1; 2; 62
717; 597; 1; 2; 65
581; 436; 1; 2; 86
689; 641; 2; 1; 111
575; 444; 2; 1; 113
733; 621; 2; 1; 116
523; 623; 2; 1; 135
730; 700; 1; 2; 139
477; 442; 2; 1; 142
535; 619; 2; 1; 152
479; 437; 2; 1; 153
733; 542; 2; 1; 167
459; 727; 2; 1; 177
497; 708; 1; 2; 184
652; 616; 2; 1; 221
674; 583; 1; 2; 229
689; 591; 2; 1; 229
745; 591; 2; 1; 248
636; 508; 1; 2; 255
446; 538; 2; 1; 267
454; 681; 1; 2; 270
674; 730; 2; 1; 280
715; 644; 2; 1; 280
615; 538; 2; 1; 282
501; 509; 2; 1; 282
624; 450; 1; 2; 295
680; 529; 2; 1; 298
634; 575; 2; 1; 314
733; 466; 1; 2; 319
504; 450; 1; 2; 328
719; 584; 1; 2; 338
725; 657; 1; 2; 339
712; 525; 1; 2; 340
605; 600; 1; 2; 352
677; 525; 1; 2; 358
476; 675; 1; 2; 360
467; 556; 2; 1; 368
641; 482; 1; 2; 371
701; 584; 1; 2; 396
596; 665; 1; 2; 404
692; 583; 1; 2; 415
716; 473; 2; 1; 431
739; 712; 1; 2; 433
457; 732; 2; 1; 445
449; 489; 1; 2; 447
712; 570; 1; 2; 451
436; 734; 1; 2; 473
551; 575; 2; 1; 487
591; 549; 2; 1; 489
638; 706; 2; 1; 495
664; 490; 1; 2; 507
559; 446; 2; 1; 515
711; 460; 1; 2; 526
678; 620; 1; 2; 526
677; 695; 1; 2; 536
662; 446; 2; 1; 544
581; 533; 1; 2; 548
533; 612; 2; 1; 548
591; 603; 1; 2; 549
686; 645; 1; 2; 549
454; 696; 2; 1; 553
467; 599; 1; 2; 554
459; 708; 1; 2; 554
611; 532; 1; 2; 580
715; 626; 2; 1; 582
453; 478; 1; 2; 583
501; 574; 2; 1; 584
445; 662; 1; 2; 608
495; 566; 2; 1; 608
540; 671; 1; 2; 622
448; 661; 1; 2; 625
647; 596; 2; 1; 627
517; 712; 1; 2; 647
729; 440; 1; 2; 648
689; 496; 2; 1; 655
656; 581; 2; 1; 664
744; 627; 1; 2; 674
463; 663; 2; 1; 678
744; 715; 2; 1; 678
717; 681; 2; 1; 680
498; 701; 1; 2; 680
506; 721; 1; 2; 684
461; 683; 2; 1; 695
712; 535; 1; 2; 695
544; 677; 2; 1; 707
567; 736; 1; 2; 720
516; 744; 1; 2; 729
723; 678; 1; 2; 732
657; 547; 2; 1; 739
531; 605; 2; 1; 741
507; 735; 2; 1; 748
519; 605; 2; 1; 750
631; 642; 1; 2; 751
726; 678; 2; 1; 770
520; 458; 2; 1; 772
550; 545; 2; 1; 772
438; 556; 1; 2; 781
617; 633; 2; 1; 783
620; 571; 1; 2; 790
439; 501; 1; 2; 796
502; 662; 1; 2; 804
601; 482; 1; 2; 810
662; 540; 1; 2; 812
509; 511; 1; 2; 817
472; 552; 2; 1; 820
590; 549; 1; 2; 820
662; 727; 1; 2; 855
543; 742; 2; 1; 863
535; 682; 2; 1; 869
493; 590; 2; 1; 878
677; 672; 1; 2; 885
643; 471; 1; 2; 889
487; 636; 2; 1; 905
676; 442; 1; 2; 911
706; 481; 1; 2; 921
727; 635; 1; 2; 930
663; 441; 2; 1; 934
519; 649; 2; 1; 958
652; 744; 1; 2; 960
684; 684; 2; 1; 965
608; 546; 1; 2; 969
697; 656; 2; 1; 977
729; 687; 2; 1; 982
480; 715; 1; 2; 1002
689; 490; 2; 1; 1032
700; 684; 2; 1; 1036
655; 443; 2; 1; 1040
607; 532; 2; 1; 1053
30
15; 1; 20; 359
19; 1; 45; 1106
11; 1; 15; 4957
16; 1; 43; 11507
9; 1; 42; 12218
26; 1; 35; 14726
17; 1; 1; 15472
25; 1; 15; 19021
13; 1; 30; 20908
0; 1; 26; 32137
2; 1; 2; 33566
12; 1; 28; 38065
23; 1; 42; 40537
22; 1; 23; 44018
27; 1; 23; 45047
4; 1; 38; 46919
14; 1; 4; 49665
29; 1; 36; 55773
18; 1; 34; 56388
20; 1; 21; 59820
21; 1; 22; 61167
10; 1; 11; 61636
7; 1; 1; 66105
5; 1; 15; 67492
24; 1; 17; 68848
1; 1; 43; 70692
3; 1; 18; 72848
28; 1; 23; 75653
8; 1; 10; 78603
6; 1; 45; 81389
