**** 959 ****
137
678; 725; 2; 1; 10
505; 723; 1; 2; 11
620; 662; 1; 2; 12
561; 485; 1; 2; 42
549; 595; 1; 2; 64
680; 742; 1; 2; 70
443; 702; 2; 1; 87
556; 448; 1; 2; 90
631; 594; 1; 2; 95
482; 475; 2; 1; 99
558; 480; 1; 2; 116
616; 462; 2; 1; 117
721; 596; 1; 2; 134
585; 682; 1; 2; 155
524; 530; 2; 1; 161
550; 619; 2; 1; 165
612; 536; 2; 1; 166
526; 555; 1; 2; 181
713; 493; 1; 2; 181
628; 657; 1; 2; 186
656; 649; 2; 1; 204
716; 582; 1; 2; 209
655; 620; 1; 2; 228
707; 500; 1; 2; 236
647; 716; 2; 1; 239
461; 582; 1; 2; 258
711; 467; 2; 1; 267
440; 613; 2; 1; 286
450; 688; 2; 1; 291
470; 505; 2; 1; 301
552; 546; 2; 1; 305
595; 737; 2; 1; 314
726; 644; 1; 2; 317
530; 454; 1; 2; 363
504; 507; 2; 1; 390
742; 622; 1; 2; 410
636; 711; 1; 2; 420
494; 629; 2; 1; 428
595; 441; 1; 2; 443
696; 538; 2; 1; 450
726; 739; 1; 2; 460
632; 461; 1; 2; 463
640; 515; 1; 2; 470
508; 673; 1; 2; 473
457; 626; 2; 1; 475
703; 679; 1; 2; 482
614; 512; 1; 2; 484
676; 683; 1; 2; 486
671; 619; 1; 2; 491
740; 647; 1; 2; 494
596; 696; 1; 2; 494
675; 448; 2; 1; 505
744; 467; 2; 1; 511
509; 493; 1; 2; 524
460; 597; 1; 2; 524
524; 594; 2; 1; 526
572; 512; 1; 2; 538
562; 587; 1; 2; 540
473; 705; 2; 1; 541
530; 549; 1; 2; 548
625; 659; 2; 1; 568
693; 511; 1; 2; 582
538; 604; 2; 1; 583
592; 617; 2; 1; 587
500; 652; 2; 1; 593
659; 721; 1; 2; 603
483; 559; 1; 2; 609
523; 711; 2; 1; 618
663; 704; 2; 1; 624
701; 475; 1; 2; 626
437; 450; 2; 1; 636
675; 498; 2; 1; 641
562; 490; 2; 1; 642
471; 535; 2; 1; 644
502; 560; 2; 1; 644
736; 672; 2; 1; 651
553; 724; 1; 2; 671
647; 548; 1; 2; 673
569; 552; 1; 2; 674
660; 552; 2; 1; 682
583; 722; 1; 2; 688
640; 722; 2; 1; 692
710; 648; 2; 1; 694
622; 698; 2; 1; 699
665; 683; 2; 1; 710
671; 726; 1; 2; 734
696; 469; 1; 2; 735
689; 475; 1; 2; 746
482; 510; 1; 2; 748
595; 603; 1; 2; 753
507; 544; 1; 2; 754
520; 714; 1; 2; 780
563; 642; 2; 1; 787
582; 444; 1; 2; 792
620; 671; 2; 1; 800
692; 674; 2; 1; 802
437; 497; 1; 2; 809
679; 586; 1; 2; 826
441; 468; 1; 2; 827
498; 546; 1; 2; 828
681; 638; 2; 1; 831
671; 573; 2; 1; 833
741; 516; 1; 2; 834
498; 569; 1; 2; 836
561; 499; 2; 1; 851
743; 717; 1; 2; 855
539; 682; 2; 1; 860
484; 537; 2; 1; 862
438; 588; 2; 1; 874
533; 443; 2; 1; 879
536; 723; 1; 2; 900
537; 598; 1; 2; 900
571; 470; 2; 1; 902
512; 495; 1; 2; 904
464; 619; 2; 1; 925
708; 583; 2; 1; 925
713; 499; 2; 1; 927
702; 537; 1; 2; 930
463; 612; 2; 1; 931
596; 650; 1; 2; 941
612; 745; 1; 2; 944
730; 439; 2; 1; 948
676; 567; 1; 2; 951
673; 628; 2; 1; 953
645; 524; 1; 2; 953
662; 650; 1; 2; 960
633; 602; 2; 1; 963
479; 687; 2; 1; 963
472; 731; 1; 2; 968
700; 607; 2; 1; 981
669; 453; 1; 2; 984
589; 729; 1; 2; 994
596; 587; 2; 1; 995
722; 447; 2; 1; 1010
440; 544; 2; 1; 1019
436; 699; 1; 2; 1028
726; 716; 1; 2; 1047
30
9; 1; 24; 3637
3; 1; 14; 3988
29; 1; 23; 8298
15; 1; 15; 12173
25; 1; 20; 13920
21; 1; 4; 23567
20; 1; 13; 26315
8; 1; 27; 27327
2; 1; 25; 27572
12; 1; 44; 27740
7; 1; 25; 27838
22; 1; 41; 31444
10; 1; 18; 32299
16; 1; 14; 32556
24; 1; 35; 35567
19; 1; 31; 41078
13; 1; 48; 52108
23; 1; 25; 52397
18; 1; 34; 54551
4; 1; 39; 67637
17; 1; 41; 69339
14; 1; 21; 71775
26; 1; 49; 74920
1; 1; 20; 75387
28; 1; 20; 76027
27; 1; 11; 76681
11; 1; 21; 76857
6; 1; 32; 78482
0; 1; 8; 80825
5; 1; 3; 81299
