**** 96 ****
58
85; 92; 1; 2; 1
93; 65; 1; 2; 6
85; 56; 1; 2; 12
82; 79; 1; 2; 14
102; 46; 2; 1; 15
90; 80; 2; 1; 19
52; 71; 2; 1; 23
102; 95; 2; 1; 23
100; 100; 1; 2; 33
58; 46; 1; 2; 34
49; 74; 2; 1; 35
99; 94; 1; 2; 40
94; 41; 2; 1; 41
46; 63; 1; 2; 43
112; 94; 2; 1; 45
71; 107; 1; 2; 49
69; 74; 2; 1; 50
82; 109; 2; 1; 50
66; 48; 2; 1; 55
61; 60; 2; 1; 56
78; 43; 1; 2; 62
111; 106; 2; 1; 73
44; 46; 1; 2; 74
69; 64; 1; 2; 75
71; 105; 1; 2; 77
112; 81; 2; 1; 78
61; 80; 1; 2; 78
80; 90; 2; 1; 90
110; 113; 2; 1; 95
111; 43; 2; 1; 97
78; 56; 2; 1; 113
89; 97; 1; 2; 113
82; 86; 2; 1; 113
78; 44; 1; 2; 118
41; 63; 2; 1; 119
57; 46; 1; 2; 119
48; 106; 1; 2; 124
57; 66; 2; 1; 124
74; 85; 2; 1; 129
52; 99; 2; 1; 141
41; 90; 1; 2; 141
76; 71; 2; 1; 142
54; 96; 1; 2; 145
51; 73; 2; 1; 149
77; 94; 2; 1; 151
92; 83; 2; 1; 163
112; 47; 2; 1; 163
107; 74; 2; 1; 167
100; 57; 2; 1; 172
43; 44; 2; 1; 175
51; 59; 2; 1; 179
47; 110; 1; 2; 179
67; 54; 1; 2; 181
50; 102; 1; 2; 181
67; 51; 1; 2; 181
92; 50; 1; 2; 184
88; 103; 1; 2; 187
64; 106; 1; 2; 191
14
9; 1; 1; 363
6; 1; 5; 443
7; 1; 36; 1216
10; 1; 34; 1696
3; 1; 19; 1814
13; 1; 14; 2123
4; 1; 29; 2922
1; 1; 21; 3191
2; 1; 12; 3572
11; 1; 25; 3844
8; 1; 26; 3925
0; 1; 49; 4191
5; 1; 41; 4370
12; 1; 31; 4549
