**** 960 ****
137
492; 597; 2; 1; 11
571; 486; 2; 1; 19
492; 485; 2; 1; 28
495; 527; 2; 1; 35
689; 721; 1; 2; 52
687; 681; 1; 2; 70
523; 660; 1; 2; 76
600; 572; 2; 1; 81
612; 599; 2; 1; 92
509; 505; 1; 2; 96
730; 691; 1; 2; 98
626; 559; 1; 2; 120
700; 692; 1; 2; 121
497; 603; 2; 1; 138
609; 529; 2; 1; 140
650; 510; 1; 2; 144
707; 451; 1; 2; 149
502; 590; 2; 1; 150
519; 699; 2; 1; 151
617; 495; 1; 2; 151
617; 564; 1; 2; 152
697; 626; 1; 2; 161
544; 674; 1; 2; 169
538; 738; 1; 2; 176
547; 660; 2; 1; 184
715; 691; 2; 1; 190
598; 523; 2; 1; 191
465; 670; 2; 1; 200
652; 701; 2; 1; 200
719; 674; 1; 2; 201
607; 691; 1; 2; 201
459; 690; 2; 1; 205
618; 740; 2; 1; 221
715; 517; 1; 2; 223
594; 604; 1; 2; 234
507; 528; 1; 2; 245
676; 524; 1; 2; 257
587; 542; 1; 2; 260
471; 716; 1; 2; 277
506; 474; 2; 1; 288
614; 499; 1; 2; 298
622; 448; 2; 1; 307
469; 595; 1; 2; 310
699; 695; 1; 2; 312
597; 658; 1; 2; 314
453; 725; 2; 1; 321
696; 518; 2; 1; 326
440; 457; 1; 2; 341
728; 705; 1; 2; 364
458; 658; 2; 1; 368
525; 455; 1; 2; 373
544; 623; 1; 2; 376
554; 610; 1; 2; 403
593; 652; 2; 1; 406
659; 550; 1; 2; 407
517; 560; 1; 2; 424
633; 695; 2; 1; 425
628; 512; 1; 2; 429
478; 510; 1; 2; 433
545; 587; 2; 1; 435
674; 513; 1; 2; 436
696; 681; 1; 2; 452
632; 657; 1; 2; 458
597; 685; 2; 1; 471
694; 540; 1; 2; 478
629; 682; 1; 2; 485
585; 509; 1; 2; 497
606; 639; 1; 2; 499
638; 529; 1; 2; 508
491; 728; 2; 1; 508
446; 539; 1; 2; 514
554; 640; 1; 2; 527
667; 739; 2; 1; 535
598; 503; 1; 2; 544
607; 522; 2; 1; 547
554; 476; 2; 1; 548
627; 502; 2; 1; 562
645; 694; 1; 2; 577
603; 531; 1; 2; 595
594; 565; 1; 2; 599
694; 533; 2; 1; 601
669; 658; 1; 2; 602
468; 581; 2; 1; 609
621; 643; 1; 2; 614
463; 565; 1; 2; 614
648; 494; 2; 1; 618
494; 477; 1; 2; 622
661; 661; 2; 1; 626
693; 614; 2; 1; 633
482; 594; 2; 1; 648
650; 484; 1; 2; 663
482; 721; 1; 2; 668
583; 437; 2; 1; 683
671; 594; 2; 1; 689
715; 648; 1; 2; 699
437; 463; 1; 2; 710
602; 591; 2; 1; 718
560; 731; 2; 1; 731
451; 702; 2; 1; 734
604; 739; 1; 2; 745
622; 640; 1; 2; 749
642; 509; 1; 2; 751
475; 438; 2; 1; 755
541; 565; 2; 1; 764
590; 673; 2; 1; 776
601; 509; 1; 2; 786
526; 468; 2; 1; 793
593; 688; 1; 2; 799
668; 481; 1; 2; 811
651; 580; 2; 1; 823
498; 679; 1; 2; 845
701; 467; 2; 1; 845
565; 676; 1; 2; 847
639; 594; 1; 2; 870
576; 633; 1; 2; 878
440; 596; 1; 2; 885
647; 731; 2; 1; 895
618; 647; 2; 1; 897
677; 485; 2; 1; 915
576; 729; 1; 2; 916
674; 712; 2; 1; 924
683; 528; 2; 1; 930
466; 733; 1; 2; 936
587; 652; 2; 1; 937
614; 640; 1; 2; 938
542; 463; 2; 1; 941
627; 715; 2; 1; 951
499; 533; 1; 2; 954
717; 599; 2; 1; 959
443; 629; 2; 1; 984
652; 567; 2; 1; 997
480; 579; 1; 2; 1009
453; 649; 1; 2; 1012
708; 458; 2; 1; 1038
653; 551; 2; 1; 1049
597; 718; 1; 2; 1050
617; 719; 1; 2; 1053
30
16; 1; 46; 2285
6; 1; 42; 4239
9; 1; 38; 9209
4; 1; 19; 10198
8; 1; 10; 15184
26; 1; 11; 18923
3; 1; 39; 23752
23; 1; 44; 25606
1; 1; 32; 27175
29; 1; 27; 28238
21; 1; 23; 31647
12; 1; 34; 32314
14; 1; 9; 34893
19; 1; 26; 38096
24; 1; 29; 42438
20; 1; 9; 46060
18; 1; 49; 47570
0; 1; 2; 48039
10; 1; 12; 50711
13; 1; 48; 52847
25; 1; 26; 54580
7; 1; 44; 59996
28; 1; 9; 61240
17; 1; 29; 62210
5; 1; 2; 69701
15; 1; 42; 70067
2; 1; 44; 72642
27; 1; 44; 73392
22; 1; 42; 75143
11; 1; 18; 76818
