**** 961 ****
137
492; 585; 2; 1; 8
637; 462; 2; 1; 14
570; 471; 1; 2; 28
516; 559; 2; 1; 37
536; 725; 1; 2; 48
745; 573; 2; 1; 59
632; 584; 2; 1; 60
511; 554; 2; 1; 74
560; 484; 1; 2; 77
617; 735; 1; 2; 82
568; 502; 1; 2; 90
745; 480; 1; 2; 93
710; 666; 2; 1; 101
561; 548; 2; 1; 105
486; 549; 2; 1; 111
569; 715; 2; 1; 116
618; 539; 2; 1; 123
621; 651; 1; 2; 131
618; 689; 1; 2; 150
665; 570; 1; 2; 157
468; 622; 1; 2; 161
530; 520; 1; 2; 162
446; 655; 1; 2; 196
729; 733; 1; 2; 201
510; 639; 1; 2; 219
700; 441; 2; 1; 221
682; 683; 1; 2; 224
651; 721; 2; 1; 237
537; 730; 1; 2; 238
670; 581; 1; 2; 239
582; 465; 1; 2; 239
679; 680; 2; 1; 264
489; 489; 2; 1; 265
643; 587; 2; 1; 270
469; 516; 2; 1; 275
601; 475; 1; 2; 277
498; 479; 1; 2; 279
556; 496; 2; 1; 284
681; 728; 1; 2; 286
459; 591; 1; 2; 294
624; 453; 1; 2; 301
439; 562; 1; 2; 301
527; 628; 2; 1; 324
612; 530; 2; 1; 334
513; 728; 2; 1; 338
533; 614; 2; 1; 393
726; 543; 1; 2; 394
450; 742; 1; 2; 401
708; 738; 1; 2; 411
625; 533; 2; 1; 415
655; 468; 2; 1; 418
658; 439; 2; 1; 422
437; 538; 2; 1; 431
514; 466; 2; 1; 442
443; 692; 2; 1; 448
701; 539; 1; 2; 453
515; 473; 2; 1; 456
456; 660; 1; 2; 457
742; 605; 2; 1; 459
686; 586; 2; 1; 459
636; 624; 2; 1; 466
738; 436; 2; 1; 468
587; 545; 1; 2; 477
610; 731; 2; 1; 478
518; 597; 1; 2; 487
710; 449; 2; 1; 490
643; 438; 2; 1; 492
467; 730; 2; 1; 501
452; 535; 1; 2; 504
465; 704; 1; 2; 509
666; 539; 2; 1; 514
466; 566; 1; 2; 526
721; 547; 1; 2; 528
514; 675; 2; 1; 529
621; 730; 2; 1; 533
550; 485; 1; 2; 544
719; 598; 2; 1; 545
524; 635; 2; 1; 551
488; 720; 2; 1; 552
720; 607; 1; 2; 565
542; 652; 2; 1; 572
572; 613; 2; 1; 600
680; 519; 1; 2; 606
561; 438; 2; 1; 614
553; 559; 2; 1; 617
473; 645; 1; 2; 628
445; 544; 2; 1; 656
679; 518; 1; 2; 663
663; 580; 1; 2; 681
711; 444; 2; 1; 710
528; 687; 1; 2; 712
601; 523; 2; 1; 713
734; 581; 1; 2; 734
501; 596; 1; 2; 749
728; 675; 2; 1; 752
655; 655; 1; 2; 768
635; 579; 2; 1; 776
740; 540; 1; 2; 778
459; 709; 1; 2; 780
664; 523; 1; 2; 782
691; 734; 1; 2; 794
577; 718; 1; 2; 798
524; 652; 2; 1; 807
681; 442; 2; 1; 810
585; 613; 2; 1; 815
711; 708; 1; 2; 834
739; 544; 1; 2; 840
715; 594; 1; 2; 845
658; 736; 2; 1; 855
443; 572; 1; 2; 855
704; 590; 1; 2; 858
611; 730; 2; 1; 872
736; 460; 1; 2; 873
732; 688; 1; 2; 891
676; 543; 1; 2; 900
443; 568; 1; 2; 900
541; 636; 2; 1; 903
574; 655; 2; 1; 939
646; 608; 1; 2; 945
454; 690; 1; 2; 945
619; 640; 1; 2; 951
621; 550; 1; 2; 953
436; 666; 2; 1; 954
487; 681; 1; 2; 954
482; 646; 1; 2; 961
656; 584; 1; 2; 979
715; 484; 1; 2; 979
517; 626; 1; 2; 983
736; 742; 2; 1; 984
710; 460; 1; 2; 986
606; 563; 1; 2; 996
593; 646; 2; 1; 1002
597; 522; 2; 1; 1005
640; 664; 1; 2; 1018
723; 704; 1; 2; 1046
478; 503; 2; 1; 1048
551; 587; 1; 2; 1053
30
26; 1; 40; 11799
18; 1; 47; 13772
29; 1; 7; 15616
9; 1; 21; 17825
8; 1; 25; 18589
4; 1; 29; 22616
24; 1; 27; 23389
25; 1; 15; 24613
14; 1; 26; 35214
17; 1; 41; 36121
16; 1; 39; 37174
19; 1; 15; 37220
0; 1; 30; 38530
6; 1; 13; 41263
20; 1; 43; 41499
3; 1; 5; 42248
15; 1; 19; 47534
23; 1; 30; 51258
5; 1; 6; 51865
11; 1; 43; 54585
21; 1; 28; 55952
13; 1; 19; 58210
27; 1; 2; 60925
12; 1; 8; 62643
2; 1; 42; 63044
22; 1; 27; 70617
10; 1; 11; 72103
7; 1; 22; 73761
1; 1; 46; 73972
28; 1; 15; 77570
