**** 962 ****
137
709; 715; 1; 2; 9
725; 705; 2; 1; 14
575; 453; 2; 1; 21
713; 598; 1; 2; 24
536; 622; 1; 2; 41
440; 645; 1; 2; 45
572; 589; 1; 2; 49
489; 660; 1; 2; 53
514; 581; 2; 1; 71
672; 739; 2; 1; 79
665; 598; 1; 2; 95
522; 697; 2; 1; 98
743; 733; 1; 2; 100
553; 646; 1; 2; 133
672; 687; 1; 2; 141
532; 646; 2; 1; 144
656; 602; 2; 1; 152
730; 565; 2; 1; 154
560; 497; 2; 1; 162
727; 569; 1; 2; 178
455; 686; 1; 2; 189
744; 743; 1; 2; 192
593; 729; 2; 1; 196
575; 484; 2; 1; 199
519; 562; 1; 2; 200
631; 688; 1; 2; 201
630; 543; 1; 2; 203
644; 645; 2; 1; 211
638; 455; 1; 2; 213
650; 546; 2; 1; 215
626; 526; 2; 1; 220
499; 569; 1; 2; 237
667; 607; 2; 1; 251
645; 490; 2; 1; 255
570; 650; 1; 2; 258
517; 711; 1; 2; 266
718; 574; 2; 1; 268
498; 582; 1; 2; 285
683; 634; 2; 1; 287
446; 650; 2; 1; 316
648; 437; 2; 1; 320
597; 726; 1; 2; 329
621; 651; 1; 2; 341
572; 669; 2; 1; 342
440; 583; 1; 2; 348
681; 438; 2; 1; 349
453; 438; 2; 1; 374
531; 659; 1; 2; 375
699; 598; 2; 1; 415
658; 734; 1; 2; 422
574; 725; 1; 2; 435
475; 743; 1; 2; 436
700; 716; 1; 2; 439
561; 737; 2; 1; 446
615; 501; 2; 1; 456
563; 711; 1; 2; 469
464; 728; 1; 2; 475
552; 487; 1; 2; 484
710; 526; 2; 1; 488
471; 614; 2; 1; 490
458; 542; 1; 2; 493
609; 518; 2; 1; 495
439; 525; 1; 2; 526
572; 564; 2; 1; 527
437; 741; 2; 1; 534
618; 494; 1; 2; 537
596; 601; 1; 2; 538
613; 599; 2; 1; 539
690; 626; 2; 1; 539
507; 448; 1; 2; 551
712; 583; 2; 1; 554
627; 589; 2; 1; 558
588; 742; 1; 2; 576
463; 705; 2; 1; 608
443; 675; 2; 1; 618
490; 599; 2; 1; 619
718; 454; 2; 1; 623
691; 546; 1; 2; 628
529; 632; 1; 2; 633
641; 605; 2; 1; 638
691; 511; 1; 2; 647
672; 586; 2; 1; 651
681; 639; 2; 1; 659
647; 661; 1; 2; 665
662; 735; 1; 2; 668
707; 567; 2; 1; 671
736; 654; 1; 2; 686
661; 536; 2; 1; 687
626; 466; 1; 2; 713
600; 469; 2; 1; 714
694; 617; 2; 1; 714
590; 693; 1; 2; 732
453; 605; 1; 2; 733
513; 453; 2; 1; 741
587; 461; 2; 1; 749
599; 644; 1; 2; 760
722; 605; 1; 2; 780
546; 589; 1; 2; 790
665; 667; 2; 1; 807
470; 551; 2; 1; 819
471; 646; 2; 1; 825
473; 526; 1; 2; 834
640; 715; 2; 1; 845
540; 440; 2; 1; 855
498; 726; 2; 1; 880
686; 482; 2; 1; 887
459; 715; 1; 2; 891
584; 598; 2; 1; 900
590; 555; 2; 1; 928
490; 694; 1; 2; 931
645; 519; 2; 1; 935
483; 504; 1; 2; 937
448; 703; 2; 1; 940
655; 537; 2; 1; 948
496; 568; 2; 1; 950
522; 629; 1; 2; 950
522; 603; 2; 1; 950
576; 689; 2; 1; 953
474; 525; 2; 1; 968
515; 614; 2; 1; 968
611; 574; 2; 1; 980
588; 525; 1; 2; 980
571; 495; 1; 2; 986
690; 454; 2; 1; 990
710; 638; 1; 2; 998
556; 617; 2; 1; 999
710; 445; 1; 2; 1000
646; 711; 1; 2; 1010
654; 574; 1; 2; 1011
529; 575; 2; 1; 1017
502; 704; 2; 1; 1026
516; 572; 1; 2; 1029
676; 481; 2; 1; 1034
706; 577; 2; 1; 1035
512; 509; 1; 2; 1036
654; 686; 2; 1; 1038
496; 695; 2; 1; 1040
30
1; 1; 20; 590
19; 1; 29; 1511
11; 1; 9; 5586
22; 1; 3; 8710
25; 1; 20; 8933
4; 1; 17; 11270
14; 1; 36; 12105
16; 1; 5; 13462
18; 1; 9; 16386
17; 1; 38; 17981
12; 1; 14; 19615
10; 1; 5; 21889
8; 1; 36; 22119
20; 1; 36; 29643
9; 1; 12; 30581
5; 1; 39; 34042
21; 1; 14; 37162
26; 1; 49; 37438
7; 1; 23; 39229
13; 1; 31; 41241
23; 1; 36; 44613
28; 1; 32; 47809
6; 1; 33; 51644
15; 1; 20; 51909
27; 1; 16; 52252
2; 1; 47; 53942
24; 1; 25; 55089
0; 1; 22; 61114
3; 1; 27; 70611
29; 1; 5; 74904
