**** 963 ****
137
597; 493; 2; 1; 3
647; 579; 1; 2; 9
661; 538; 2; 1; 11
461; 539; 1; 2; 17
734; 736; 1; 2; 22
459; 550; 2; 1; 31
740; 660; 1; 2; 42
547; 474; 1; 2; 43
614; 741; 1; 2; 48
444; 650; 1; 2; 51
543; 696; 2; 1; 53
633; 671; 1; 2; 60
734; 595; 2; 1; 69
589; 576; 2; 1; 108
684; 561; 2; 1; 109
437; 733; 1; 2; 112
702; 449; 1; 2; 117
658; 446; 2; 1; 119
657; 656; 1; 2; 120
496; 504; 2; 1; 123
643; 651; 2; 1; 128
636; 613; 2; 1; 130
593; 478; 2; 1; 144
534; 438; 2; 1; 150
461; 659; 1; 2; 156
524; 672; 2; 1; 161
655; 718; 2; 1; 161
694; 593; 2; 1; 165
584; 438; 2; 1; 168
649; 698; 2; 1; 174
646; 734; 2; 1; 176
624; 444; 1; 2; 179
607; 702; 1; 2; 198
607; 589; 2; 1; 201
441; 738; 2; 1; 211
625; 667; 1; 2; 231
637; 676; 1; 2; 248
523; 704; 2; 1; 252
654; 699; 2; 1; 274
724; 545; 1; 2; 290
472; 633; 1; 2; 299
689; 613; 1; 2; 306
668; 689; 2; 1; 313
671; 649; 2; 1; 318
737; 644; 2; 1; 324
535; 701; 2; 1; 339
511; 488; 1; 2; 353
618; 727; 1; 2; 357
526; 618; 2; 1; 361
474; 716; 1; 2; 368
685; 710; 2; 1; 377
731; 653; 2; 1; 379
562; 437; 1; 2; 379
502; 482; 2; 1; 382
512; 440; 2; 1; 401
701; 702; 1; 2; 403
450; 684; 2; 1; 404
609; 637; 2; 1; 426
574; 572; 2; 1; 431
695; 700; 1; 2; 435
649; 572; 1; 2; 460
518; 613; 2; 1; 467
509; 492; 1; 2; 472
732; 455; 1; 2; 477
612; 511; 2; 1; 485
695; 533; 1; 2; 501
457; 658; 1; 2; 516
707; 482; 1; 2; 521
701; 540; 1; 2; 542
681; 648; 2; 1; 543
437; 615; 2; 1; 584
731; 469; 1; 2; 590
503; 636; 1; 2; 598
732; 466; 1; 2; 604
618; 506; 1; 2; 604
638; 575; 1; 2; 612
691; 682; 2; 1; 615
674; 437; 1; 2; 623
525; 521; 1; 2; 624
631; 659; 1; 2; 631
652; 731; 1; 2; 655
679; 720; 1; 2; 656
509; 564; 2; 1; 656
490; 658; 1; 2; 657
472; 530; 1; 2; 662
453; 477; 1; 2; 663
671; 662; 2; 1; 668
582; 490; 1; 2; 673
669; 662; 1; 2; 685
736; 742; 1; 2; 703
624; 705; 1; 2; 709
563; 534; 1; 2; 716
686; 649; 2; 1; 720
708; 500; 2; 1; 723
698; 566; 1; 2; 725
573; 693; 1; 2; 751
464; 565; 2; 1; 755
474; 661; 1; 2; 765
456; 519; 1; 2; 769
631; 654; 2; 1; 771
722; 520; 2; 1; 775
743; 574; 2; 1; 786
667; 484; 2; 1; 787
500; 447; 2; 1; 791
563; 463; 2; 1; 794
492; 478; 2; 1; 798
722; 501; 1; 2; 809
723; 701; 2; 1; 822
651; 662; 2; 1; 831
738; 512; 1; 2; 835
468; 500; 1; 2; 843
681; 590; 2; 1; 846
559; 623; 2; 1; 856
525; 681; 2; 1; 857
542; 695; 2; 1; 865
504; 686; 1; 2; 896
462; 671; 2; 1; 898
615; 507; 1; 2; 900
551; 471; 1; 2; 903
732; 440; 1; 2; 924
498; 630; 2; 1; 925
694; 730; 2; 1; 926
722; 592; 1; 2; 942
489; 678; 1; 2; 948
437; 454; 1; 2; 949
640; 535; 1; 2; 950
671; 452; 2; 1; 958
570; 517; 1; 2; 969
471; 676; 2; 1; 970
724; 573; 2; 1; 973
448; 633; 1; 2; 1018
628; 705; 2; 1; 1025
545; 597; 1; 2; 1037
744; 542; 1; 2; 1043
688; 650; 1; 2; 1050
681; 642; 1; 2; 1051
537; 670; 2; 1; 1053
30
4; 1; 25; 2534
17; 1; 3; 5329
6; 1; 47; 5409
9; 1; 17; 5463
18; 1; 29; 8643
8; 1; 49; 17160
14; 1; 7; 18329
28; 1; 11; 18517
27; 1; 6; 19041
5; 1; 4; 22477
12; 1; 13; 22883
22; 1; 11; 23636
25; 1; 34; 30296
1; 1; 37; 34312
15; 1; 26; 34705
23; 1; 18; 35451
10; 1; 41; 37249
2; 1; 4; 40252
16; 1; 10; 48620
11; 1; 18; 51971
7; 1; 33; 52962
0; 1; 4; 57193
29; 1; 18; 58322
3; 1; 15; 61270
20; 1; 40; 70487
24; 1; 41; 70581
19; 1; 23; 72880
21; 1; 21; 74111
13; 1; 4; 78504
26; 1; 33; 79066
