**** 964 ****
137
722; 578; 2; 1; 3
504; 601; 2; 1; 4
583; 691; 1; 2; 8
625; 456; 2; 1; 12
702; 706; 1; 2; 31
664; 661; 2; 1; 31
582; 445; 2; 1; 37
650; 484; 1; 2; 39
519; 689; 1; 2; 52
670; 674; 2; 1; 65
637; 543; 2; 1; 73
727; 545; 2; 1; 75
518; 676; 2; 1; 76
540; 659; 2; 1; 77
677; 509; 2; 1; 100
696; 745; 1; 2; 105
463; 583; 1; 2; 115
614; 737; 1; 2; 115
481; 720; 2; 1; 127
744; 559; 1; 2; 136
535; 493; 2; 1; 140
586; 451; 1; 2; 141
603; 713; 2; 1; 147
690; 553; 2; 1; 152
658; 694; 1; 2; 171
599; 530; 1; 2; 173
590; 450; 1; 2; 184
639; 661; 1; 2; 185
716; 711; 1; 2; 210
544; 482; 2; 1; 221
722; 611; 2; 1; 229
519; 481; 1; 2; 229
605; 583; 2; 1; 243
672; 509; 1; 2; 260
462; 592; 1; 2; 274
541; 575; 1; 2; 275
686; 547; 1; 2; 278
457; 724; 1; 2; 279
604; 713; 1; 2; 279
655; 738; 2; 1; 281
697; 441; 2; 1; 282
668; 487; 2; 1; 289
731; 695; 1; 2; 301
441; 446; 1; 2; 302
706; 465; 2; 1; 302
511; 486; 2; 1; 303
672; 735; 2; 1; 311
567; 675; 2; 1; 315
607; 553; 2; 1; 318
448; 449; 1; 2; 320
494; 661; 1; 2; 333
550; 642; 2; 1; 346
708; 676; 1; 2; 365
485; 685; 1; 2; 368
624; 745; 2; 1; 376
624; 718; 2; 1; 386
700; 580; 1; 2; 392
484; 689; 1; 2; 451
653; 693; 2; 1; 467
709; 456; 1; 2; 479
678; 693; 1; 2; 489
704; 436; 2; 1; 497
537; 595; 2; 1; 504
679; 574; 1; 2; 527
666; 609; 2; 1; 529
538; 440; 2; 1; 532
446; 529; 2; 1; 540
737; 460; 1; 2; 541
721; 625; 1; 2; 562
592; 665; 2; 1; 573
621; 736; 1; 2; 573
635; 541; 1; 2; 577
656; 591; 1; 2; 577
538; 654; 1; 2; 581
714; 671; 2; 1; 590
718; 602; 2; 1; 601
492; 545; 1; 2; 612
591; 600; 1; 2; 620
563; 542; 2; 1; 622
595; 610; 1; 2; 626
439; 461; 1; 2; 628
519; 609; 1; 2; 634
452; 446; 1; 2; 638
742; 580; 1; 2; 642
508; 561; 1; 2; 643
564; 563; 2; 1; 647
622; 487; 2; 1; 651
672; 741; 1; 2; 654
588; 720; 2; 1; 662
510; 488; 2; 1; 665
548; 717; 2; 1; 667
740; 544; 2; 1; 680
624; 483; 2; 1; 689
560; 730; 1; 2; 692
678; 691; 1; 2; 694
508; 590; 1; 2; 700
688; 613; 2; 1; 702
587; 502; 2; 1; 707
727; 539; 1; 2; 720
483; 601; 2; 1; 724
690; 477; 1; 2; 725
598; 593; 1; 2; 741
520; 464; 2; 1; 753
529; 579; 1; 2; 754
546; 647; 2; 1; 759
723; 547; 2; 1; 772
531; 669; 2; 1; 790
612; 569; 1; 2; 828
459; 620; 2; 1; 829
531; 740; 1; 2; 859
718; 464; 1; 2; 868
466; 485; 2; 1; 881
520; 577; 1; 2; 881
699; 579; 2; 1; 891
525; 660; 1; 2; 899
738; 620; 2; 1; 920
634; 564; 2; 1; 924
718; 498; 1; 2; 924
565; 564; 1; 2; 925
544; 527; 2; 1; 936
617; 650; 2; 1; 941
466; 613; 1; 2; 956
542; 661; 1; 2; 961
484; 547; 2; 1; 962
443; 690; 2; 1; 964
618; 657; 2; 1; 971
647; 531; 1; 2; 979
449; 442; 1; 2; 989
457; 695; 1; 2; 992
640; 595; 1; 2; 1001
609; 606; 1; 2; 1007
463; 689; 1; 2; 1014
624; 563; 2; 1; 1029
442; 599; 1; 2; 1036
455; 702; 1; 2; 1053
715; 528; 2; 1; 1054
497; 459; 1; 2; 1055
30
21; 1; 27; 4680
7; 1; 44; 5713
29; 1; 18; 9455
27; 1; 48; 14774
10; 1; 23; 16138
8; 1; 38; 16328
16; 1; 40; 18159
4; 1; 48; 18490
3; 1; 6; 23280
28; 1; 27; 31063
2; 1; 37; 31354
9; 1; 11; 36650
24; 1; 10; 36787
14; 1; 44; 37958
1; 1; 38; 38087
25; 1; 17; 40093
18; 1; 28; 41141
23; 1; 19; 42904
20; 1; 15; 45345
11; 1; 30; 47851
6; 1; 28; 48438
15; 1; 37; 50176
5; 1; 4; 55659
17; 1; 18; 57029
19; 1; 20; 60738
22; 1; 2; 63977
12; 1; 7; 77729
13; 1; 25; 78261
0; 1; 24; 79435
26; 1; 38; 80403
