**** 965 ****
137
675; 453; 2; 1; 3
588; 572; 1; 2; 19
474; 461; 1; 2; 20
680; 707; 2; 1; 43
666; 710; 1; 2; 57
673; 504; 1; 2; 66
686; 442; 1; 2; 68
586; 599; 1; 2; 79
695; 650; 1; 2; 80
674; 531; 2; 1; 83
593; 725; 1; 2; 96
730; 451; 1; 2; 114
538; 585; 1; 2; 118
545; 705; 2; 1; 139
578; 544; 1; 2; 149
521; 578; 2; 1; 151
725; 714; 1; 2; 161
472; 637; 2; 1; 165
745; 676; 1; 2; 169
468; 740; 1; 2; 176
497; 439; 1; 2; 183
596; 651; 2; 1; 195
710; 668; 1; 2; 203
609; 461; 2; 1; 206
679; 679; 2; 1; 212
687; 450; 1; 2; 218
586; 570; 2; 1; 241
499; 489; 2; 1; 247
638; 721; 2; 1; 251
474; 601; 2; 1; 259
690; 541; 1; 2; 263
676; 524; 2; 1; 266
550; 561; 1; 2; 269
741; 601; 1; 2; 272
519; 648; 1; 2; 273
684; 492; 1; 2; 277
643; 616; 1; 2; 294
652; 729; 1; 2; 296
459; 585; 1; 2; 301
620; 743; 2; 1; 302
557; 590; 1; 2; 314
462; 571; 2; 1; 314
572; 490; 1; 2; 317
550; 681; 1; 2; 318
532; 555; 1; 2; 319
720; 586; 1; 2; 333
702; 453; 2; 1; 335
639; 621; 1; 2; 337
715; 745; 2; 1; 354
453; 563; 2; 1; 363
532; 651; 2; 1; 367
436; 662; 1; 2; 378
674; 724; 2; 1; 383
535; 447; 1; 2; 385
705; 487; 2; 1; 395
457; 485; 1; 2; 409
679; 442; 2; 1; 410
548; 621; 2; 1; 416
639; 634; 2; 1; 418
538; 662; 1; 2; 421
496; 622; 2; 1; 426
479; 556; 1; 2; 430
709; 594; 2; 1; 469
678; 485; 1; 2; 489
582; 675; 1; 2; 490
493; 608; 1; 2; 494
495; 679; 1; 2; 499
614; 639; 1; 2; 503
737; 697; 1; 2; 512
548; 580; 2; 1; 527
506; 608; 2; 1; 531
657; 742; 1; 2; 537
711; 465; 1; 2; 537
704; 547; 1; 2; 542
591; 595; 1; 2; 544
500; 468; 2; 1; 545
603; 535; 2; 1; 548
703; 723; 1; 2; 557
714; 519; 1; 2; 599
703; 703; 2; 1; 603
617; 459; 1; 2; 606
591; 650; 1; 2; 611
739; 632; 1; 2; 614
561; 452; 2; 1; 632
510; 660; 1; 2; 635
458; 503; 2; 1; 635
695; 561; 1; 2; 645
487; 662; 1; 2; 653
612; 622; 2; 1; 654
725; 686; 1; 2; 656
578; 572; 1; 2; 663
674; 593; 2; 1; 676
664; 711; 2; 1; 681
463; 470; 1; 2; 681
733; 741; 2; 1; 689
583; 519; 2; 1; 699
470; 596; 1; 2; 705
667; 578; 2; 1; 709
557; 632; 1; 2; 713
517; 439; 2; 1; 729
616; 735; 2; 1; 731
540; 463; 2; 1; 743
647; 437; 1; 2; 750
470; 457; 1; 2; 764
496; 637; 1; 2; 766
664; 567; 2; 1; 786
717; 566; 1; 2; 788
537; 506; 2; 1; 797
655; 438; 2; 1; 802
590; 654; 1; 2; 805
688; 625; 2; 1; 806
730; 734; 2; 1; 821
653; 720; 2; 1; 836
672; 584; 1; 2; 847
648; 740; 1; 2; 850
658; 454; 2; 1; 861
450; 557; 2; 1; 862
534; 506; 2; 1; 862
516; 679; 2; 1; 864
570; 513; 1; 2; 896
647; 698; 1; 2; 896
442; 516; 1; 2; 910
642; 639; 2; 1; 913
492; 609; 2; 1; 922
607; 542; 2; 1; 925
691; 453; 1; 2; 925
736; 677; 1; 2; 930
454; 516; 2; 1; 933
468; 582; 2; 1; 941
737; 598; 1; 2; 948
668; 736; 2; 1; 955
633; 621; 1; 2; 964
712; 625; 2; 1; 997
443; 601; 1; 2; 1003
597; 688; 1; 2; 1022
742; 732; 1; 2; 1031
475; 508; 2; 1; 1054
30
24; 1; 28; 3324
29; 1; 36; 3384
23; 1; 23; 4689
15; 1; 24; 8022
11; 1; 8; 10244
16; 1; 3; 12540
3; 1; 40; 14019
25; 1; 12; 21879
9; 1; 32; 30669
6; 1; 5; 36531
8; 1; 4; 37154
26; 1; 49; 44520
17; 1; 31; 51110
27; 1; 13; 55849
10; 1; 14; 56692
5; 1; 29; 57174
18; 1; 31; 61363
0; 1; 19; 64459
14; 1; 48; 65099
19; 1; 48; 65802
7; 1; 28; 68482
2; 1; 46; 68988
21; 1; 31; 69066
20; 1; 47; 70544
13; 1; 17; 70645
12; 1; 20; 72244
4; 1; 4; 72984
22; 1; 2; 76782
1; 1; 43; 81361
28; 1; 43; 81467
