**** 966 ****
137
614; 744; 1; 2; 1
675; 442; 2; 1; 8
648; 465; 1; 2; 15
696; 622; 2; 1; 19
700; 635; 1; 2; 34
693; 507; 2; 1; 40
531; 600; 2; 1; 41
594; 650; 2; 1; 45
725; 741; 1; 2; 60
730; 467; 1; 2; 62
737; 558; 1; 2; 64
659; 537; 1; 2; 75
556; 741; 1; 2; 77
487; 706; 1; 2; 90
452; 736; 2; 1; 101
658; 639; 1; 2; 107
632; 496; 1; 2; 132
640; 634; 2; 1; 143
467; 601; 1; 2; 145
444; 539; 1; 2; 160
715; 723; 2; 1; 162
565; 706; 1; 2; 163
596; 533; 2; 1; 170
626; 531; 1; 2; 181
528; 554; 2; 1; 187
556; 583; 2; 1; 197
490; 638; 1; 2; 209
507; 648; 2; 1; 232
484; 510; 2; 1; 233
721; 727; 1; 2; 266
728; 664; 1; 2; 271
452; 718; 1; 2; 280
667; 546; 2; 1; 282
482; 471; 1; 2; 284
490; 672; 2; 1; 296
633; 448; 2; 1; 306
740; 738; 2; 1; 306
436; 532; 1; 2; 315
523; 659; 1; 2; 320
711; 523; 2; 1; 330
481; 487; 1; 2; 372
629; 483; 2; 1; 376
695; 653; 2; 1; 382
591; 602; 1; 2; 389
709; 604; 2; 1; 395
600; 713; 2; 1; 404
632; 577; 1; 2; 407
440; 511; 2; 1; 414
735; 725; 1; 2; 415
643; 735; 1; 2; 418
607; 612; 2; 1; 424
625; 496; 2; 1; 429
492; 461; 1; 2; 438
452; 604; 1; 2; 440
722; 519; 1; 2; 441
591; 569; 1; 2; 441
464; 550; 1; 2; 448
574; 553; 2; 1; 453
664; 466; 2; 1; 455
712; 578; 1; 2; 467
570; 655; 2; 1; 467
496; 628; 2; 1; 480
624; 518; 2; 1; 488
533; 462; 1; 2; 488
675; 511; 1; 2; 505
671; 708; 1; 2; 510
557; 492; 1; 2; 511
441; 570; 1; 2; 511
710; 648; 2; 1; 522
531; 693; 2; 1; 524
603; 543; 2; 1; 536
537; 464; 1; 2; 538
568; 530; 1; 2; 548
600; 542; 2; 1; 549
678; 523; 1; 2; 553
720; 698; 2; 1; 566
706; 715; 2; 1; 571
666; 436; 2; 1; 589
721; 672; 2; 1; 590
605; 520; 2; 1; 605
500; 694; 1; 2; 612
714; 700; 1; 2; 614
597; 651; 1; 2; 667
586; 536; 1; 2; 674
578; 665; 2; 1; 683
685; 732; 1; 2; 701
732; 477; 2; 1; 705
700; 583; 2; 1; 707
509; 677; 1; 2; 723
713; 537; 2; 1; 730
743; 575; 1; 2; 731
660; 475; 2; 1; 739
543; 490; 2; 1; 754
686; 480; 2; 1; 754
620; 562; 2; 1; 756
481; 741; 1; 2; 756
544; 683; 2; 1; 759
731; 448; 1; 2; 764
708; 492; 2; 1; 764
578; 673; 2; 1; 764
471; 503; 2; 1; 775
609; 527; 1; 2; 776
597; 700; 2; 1; 782
702; 713; 1; 2; 783
552; 658; 1; 2; 785
468; 677; 2; 1; 796
541; 693; 2; 1; 799
536; 592; 1; 2; 803
502; 454; 2; 1; 810
601; 657; 1; 2; 835
559; 572; 2; 1; 844
489; 647; 1; 2; 858
587; 576; 1; 2; 876
502; 737; 2; 1; 879
578; 537; 2; 1; 886
485; 573; 2; 1; 889
581; 725; 2; 1; 894
533; 573; 2; 1; 915
469; 623; 2; 1; 929
470; 542; 1; 2; 938
707; 452; 2; 1; 939
524; 684; 1; 2; 952
520; 479; 2; 1; 961
624; 525; 1; 2; 972
483; 448; 1; 2; 974
645; 704; 1; 2; 975
499; 651; 2; 1; 980
565; 691; 2; 1; 988
677; 570; 1; 2; 989
532; 532; 1; 2; 993
593; 608; 2; 1; 994
561; 644; 2; 1; 995
594; 741; 1; 2; 1000
508; 642; 1; 2; 1000
696; 634; 2; 1; 1021
617; 514; 2; 1; 1034
726; 487; 2; 1; 1062
30
9; 1; 5; 6263
0; 1; 34; 9559
13; 1; 16; 15643
4; 1; 34; 16467
1; 1; 45; 16782
11; 1; 34; 18656
24; 1; 44; 18727
20; 1; 41; 21657
6; 1; 8; 22451
22; 1; 37; 23255
27; 1; 44; 27190
28; 1; 31; 32234
16; 1; 39; 34262
3; 1; 46; 34664
17; 1; 26; 40486
19; 1; 40; 49139
29; 1; 4; 53763
18; 1; 21; 55100
5; 1; 10; 55432
21; 1; 46; 59194
12; 1; 48; 60263
14; 1; 37; 60444
2; 1; 3; 60566
26; 1; 16; 67966
8; 1; 4; 68430
23; 1; 17; 69439
7; 1; 48; 69746
25; 1; 11; 70213
15; 1; 16; 80685
10; 1; 43; 80970
