**** 967 ****
137
475; 600; 2; 1; 6
616; 743; 2; 1; 7
617; 540; 1; 2; 13
440; 470; 1; 2; 28
551; 502; 1; 2; 28
532; 734; 2; 1; 31
498; 477; 1; 2; 45
595; 567; 2; 1; 45
662; 669; 1; 2; 49
607; 577; 1; 2; 51
501; 504; 1; 2; 55
669; 740; 2; 1; 68
459; 740; 1; 2; 74
739; 466; 2; 1; 79
621; 528; 2; 1; 97
453; 456; 1; 2; 104
555; 541; 1; 2; 167
644; 658; 2; 1; 196
616; 733; 1; 2; 198
682; 742; 1; 2; 207
647; 440; 1; 2; 208
670; 481; 2; 1; 210
711; 622; 1; 2; 218
678; 562; 2; 1; 224
623; 615; 2; 1; 231
618; 453; 1; 2; 238
723; 593; 2; 1; 250
651; 444; 1; 2; 260
677; 653; 2; 1; 281
727; 691; 2; 1; 285
724; 578; 1; 2; 290
566; 687; 2; 1; 298
548; 714; 1; 2; 305
493; 562; 1; 2; 306
626; 742; 1; 2; 312
621; 585; 2; 1; 318
452; 639; 1; 2; 322
729; 728; 1; 2; 333
523; 476; 1; 2; 335
560; 466; 1; 2; 337
672; 653; 2; 1; 341
693; 728; 2; 1; 343
696; 651; 2; 1; 344
473; 731; 2; 1; 360
595; 554; 1; 2; 362
481; 522; 2; 1; 367
536; 736; 2; 1; 373
647; 462; 2; 1; 376
541; 468; 1; 2; 387
473; 637; 1; 2; 404
587; 574; 2; 1; 405
498; 442; 2; 1; 412
622; 663; 1; 2; 423
530; 691; 2; 1; 431
644; 460; 1; 2; 444
730; 640; 1; 2; 460
506; 464; 2; 1; 462
651; 543; 1; 2; 478
474; 448; 1; 2; 489
535; 580; 1; 2; 491
732; 441; 2; 1; 493
726; 625; 1; 2; 495
610; 640; 1; 2; 495
436; 692; 2; 1; 498
504; 510; 1; 2; 500
520; 699; 2; 1; 502
655; 629; 2; 1; 506
523; 502; 2; 1; 543
521; 442; 1; 2; 547
702; 614; 1; 2; 549
485; 467; 1; 2; 553
559; 581; 2; 1; 555
517; 514; 2; 1; 559
479; 645; 1; 2; 581
652; 713; 2; 1; 589
495; 737; 1; 2; 597
660; 544; 1; 2; 602
542; 611; 2; 1; 602
539; 719; 1; 2; 612
639; 476; 1; 2; 620
582; 704; 1; 2; 634
482; 479; 2; 1; 635
500; 583; 2; 1; 638
703; 683; 1; 2; 646
712; 605; 2; 1; 648
636; 468; 2; 1; 648
732; 662; 1; 2; 658
484; 698; 1; 2; 662
677; 536; 2; 1; 670
515; 642; 2; 1; 683
689; 735; 2; 1; 684
558; 601; 2; 1; 698
740; 727; 2; 1; 699
516; 575; 2; 1; 717
642; 602; 1; 2; 722
695; 614; 2; 1; 726
701; 655; 2; 1; 742
656; 648; 1; 2; 742
476; 666; 2; 1; 753
524; 521; 1; 2; 774
615; 664; 1; 2; 792
676; 526; 1; 2; 806
467; 509; 1; 2; 836
697; 512; 2; 1; 838
589; 502; 2; 1; 845
651; 573; 2; 1; 851
437; 543; 1; 2; 852
483; 563; 1; 2; 863
736; 744; 2; 1; 865
509; 598; 2; 1; 869
707; 562; 2; 1; 885
608; 467; 1; 2; 890
452; 536; 2; 1; 893
638; 571; 2; 1; 911
634; 559; 2; 1; 915
529; 486; 1; 2; 918
560; 693; 1; 2; 919
695; 459; 1; 2; 923
657; 518; 2; 1; 939
499; 741; 1; 2; 958
670; 708; 1; 2; 982
503; 549; 2; 1; 983
614; 717; 2; 1; 986
445; 488; 1; 2; 989
517; 452; 2; 1; 992
729; 458; 2; 1; 1009
649; 454; 1; 2; 1011
440; 551; 1; 2; 1013
685; 533; 1; 2; 1018
609; 543; 2; 1; 1019
737; 676; 2; 1; 1021
590; 464; 1; 2; 1031
578; 508; 1; 2; 1034
462; 544; 2; 1; 1041
519; 687; 2; 1; 1047
646; 586; 1; 2; 1056
446; 466; 1; 2; 1057
30
3; 1; 34; 8058
0; 1; 27; 8252
7; 1; 26; 14180
1; 1; 46; 15937
2; 1; 14; 17023
20; 1; 30; 19165
10; 1; 4; 28130
21; 1; 39; 29237
11; 1; 44; 30295
24; 1; 9; 30344
6; 1; 7; 38898
5; 1; 46; 38961
8; 1; 31; 39055
15; 1; 40; 39997
22; 1; 3; 43200
13; 1; 30; 46556
14; 1; 32; 49219
12; 1; 11; 51095
27; 1; 2; 51165
17; 1; 44; 51495
28; 1; 14; 57172
16; 1; 30; 58895
26; 1; 22; 61467
29; 1; 43; 62258
9; 1; 12; 65509
23; 1; 10; 74564
25; 1; 14; 75930
4; 1; 42; 76569
18; 1; 4; 76960
19; 1; 48; 79761
