**** 968 ****
138
541; 543; 1; 2; 18
639; 602; 2; 1; 31
520; 710; 1; 2; 34
487; 580; 1; 2; 46
577; 506; 2; 1; 49
567; 517; 2; 1; 61
554; 456; 1; 2; 73
554; 689; 1; 2; 74
689; 472; 1; 2; 86
734; 580; 1; 2; 87
453; 697; 1; 2; 106
517; 724; 2; 1; 118
513; 448; 1; 2; 120
701; 681; 2; 1; 131
591; 536; 2; 1; 139
674; 491; 1; 2; 140
574; 630; 1; 2; 150
727; 556; 2; 1; 152
607; 480; 2; 1; 159
644; 705; 1; 2; 166
745; 752; 2; 1; 174
729; 498; 2; 1; 175
713; 691; 1; 2; 180
549; 680; 1; 2; 183
628; 559; 2; 1; 186
469; 545; 1; 2; 190
647; 576; 2; 1; 198
749; 476; 2; 1; 199
460; 491; 1; 2; 203
519; 719; 1; 2; 205
645; 717; 2; 1; 205
510; 723; 1; 2; 212
654; 670; 2; 1; 233
659; 708; 2; 1; 256
450; 493; 2; 1; 262
619; 677; 2; 1; 265
688; 507; 1; 2; 290
612; 648; 1; 2; 309
577; 674; 2; 1; 325
534; 449; 2; 1; 328
667; 684; 1; 2; 332
552; 616; 1; 2; 337
640; 725; 2; 1; 339
744; 636; 1; 2; 342
636; 671; 2; 1; 344
655; 550; 2; 1; 363
593; 709; 2; 1; 372
619; 661; 1; 2; 373
550; 493; 1; 2; 382
592; 737; 2; 1; 385
458; 497; 2; 1; 389
443; 508; 2; 1; 391
565; 516; 2; 1; 399
718; 600; 1; 2; 402
484; 482; 2; 1; 411
732; 530; 2; 1; 418
459; 540; 1; 2; 418
720; 518; 2; 1; 421
450; 607; 2; 1; 425
445; 656; 2; 1; 430
559; 482; 1; 2; 441
484; 479; 1; 2; 454
589; 520; 1; 2; 456
735; 746; 1; 2; 457
725; 615; 1; 2; 465
499; 563; 1; 2; 467
594; 465; 2; 1; 468
580; 454; 2; 1; 470
494; 716; 1; 2; 474
527; 749; 1; 2; 476
647; 476; 1; 2; 476
564; 740; 2; 1; 478
711; 507; 2; 1; 482
574; 625; 2; 1; 483
610; 529; 1; 2; 490
677; 590; 2; 1; 494
499; 734; 1; 2; 499
549; 589; 1; 2; 519
550; 702; 2; 1; 521
709; 551; 2; 1; 556
664; 465; 2; 1; 562
650; 544; 1; 2; 565
735; 443; 2; 1; 574
731; 652; 2; 1; 576
512; 738; 2; 1; 588
592; 583; 2; 1; 597
451; 631; 1; 2; 612
525; 452; 2; 1; 622
441; 714; 1; 2; 622
629; 725; 2; 1; 628
749; 638; 1; 2; 633
675; 442; 1; 2; 643
449; 444; 2; 1; 651
578; 655; 2; 1; 655
745; 531; 2; 1; 661
462; 617; 2; 1; 678
572; 679; 1; 2; 688
728; 734; 2; 1; 693
711; 570; 2; 1; 695
617; 658; 2; 1; 711
548; 607; 2; 1; 712
606; 670; 2; 1; 716
677; 633; 1; 2; 755
694; 674; 2; 1; 762
618; 485; 2; 1; 765
494; 513; 1; 2; 775
594; 707; 2; 1; 778
441; 562; 1; 2; 786
502; 728; 2; 1; 787
730; 724; 2; 1; 798
673; 522; 1; 2; 810
593; 627; 2; 1; 812
587; 475; 2; 1; 824
484; 466; 2; 1; 825
670; 454; 2; 1; 840
553; 692; 2; 1; 850
706; 504; 2; 1; 850
596; 460; 2; 1; 852
731; 670; 2; 1; 863
568; 539; 1; 2; 868
545; 486; 1; 2; 877
719; 618; 2; 1; 879
645; 701; 1; 2; 882
735; 508; 2; 1; 891
719; 649; 2; 1; 944
737; 444; 2; 1; 955
552; 493; 1; 2; 959
595; 533; 2; 1; 959
717; 669; 1; 2; 971
630; 584; 2; 1; 991
615; 455; 2; 1; 997
528; 725; 1; 2; 1000
463; 484; 1; 2; 1001
751; 638; 2; 1; 1006
644; 568; 1; 2; 1009
691; 566; 1; 2; 1012
643; 749; 1; 2; 1024
443; 710; 1; 2; 1031
30
26; 1; 24; 906
7; 1; 11; 3106
3; 1; 12; 8397
25; 1; 16; 11490
12; 1; 34; 13539
9; 1; 45; 19028
1; 1; 19; 22901
4; 1; 41; 24353
14; 1; 29; 28255
16; 1; 19; 29535
2; 1; 22; 34225
27; 1; 9; 39135
19; 1; 48; 40798
15; 1; 9; 45630
28; 1; 28; 46642
17; 1; 32; 51431
20; 1; 23; 51845
22; 1; 24; 53564
11; 1; 28; 55320
0; 1; 10; 55893
13; 1; 16; 56190
21; 1; 6; 69095
23; 1; 31; 69819
6; 1; 24; 71577
18; 1; 44; 71627
29; 1; 49; 74841
10; 1; 30; 76955
8; 1; 7; 78473
24; 1; 41; 78771
5; 1; 38; 81642
