**** 969 ****
138
646; 697; 1; 2; 13
543; 668; 2; 1; 17
627; 665; 2; 1; 21
746; 584; 1; 2; 25
484; 449; 2; 1; 26
725; 626; 1; 2; 27
580; 658; 1; 2; 32
659; 565; 2; 1; 42
549; 495; 1; 2; 60
462; 670; 1; 2; 80
688; 452; 1; 2; 94
586; 678; 2; 1; 95
680; 642; 2; 1; 99
732; 650; 2; 1; 99
659; 724; 1; 2; 106
592; 633; 2; 1; 119
515; 682; 1; 2; 120
646; 505; 2; 1; 134
751; 653; 2; 1; 136
737; 570; 1; 2; 138
666; 564; 2; 1; 141
698; 655; 1; 2; 150
481; 651; 2; 1; 171
675; 534; 1; 2; 173
727; 532; 1; 2; 184
639; 504; 2; 1; 186
508; 563; 1; 2; 188
536; 655; 1; 2; 198
559; 505; 1; 2; 211
658; 546; 1; 2; 221
742; 682; 2; 1; 225
577; 491; 1; 2; 228
532; 648; 1; 2; 242
528; 601; 2; 1; 298
539; 502; 2; 1; 311
477; 648; 2; 1; 319
511; 617; 1; 2; 320
637; 522; 2; 1; 322
622; 582; 2; 1; 344
452; 505; 1; 2; 359
463; 589; 2; 1; 365
556; 453; 1; 2; 371
515; 491; 1; 2; 378
612; 712; 1; 2; 388
598; 597; 2; 1; 391
693; 558; 2; 1; 394
473; 701; 2; 1; 403
544; 738; 2; 1; 404
624; 597; 2; 1; 448
476; 671; 1; 2; 452
746; 675; 2; 1; 453
481; 637; 2; 1; 453
571; 703; 1; 2; 465
589; 752; 1; 2; 470
483; 506; 1; 2; 472
561; 709; 2; 1; 474
445; 491; 1; 2; 511
484; 450; 1; 2; 519
592; 509; 2; 1; 535
690; 621; 1; 2; 547
618; 583; 2; 1; 559
720; 688; 2; 1; 581
464; 748; 2; 1; 589
650; 649; 2; 1; 592
575; 500; 2; 1; 593
666; 646; 1; 2; 608
666; 698; 1; 2; 626
522; 453; 2; 1; 626
694; 659; 1; 2; 631
681; 563; 1; 2; 640
579; 628; 2; 1; 645
740; 695; 2; 1; 646
497; 480; 2; 1; 646
448; 710; 2; 1; 650
615; 640; 2; 1; 656
653; 614; 2; 1; 658
480; 625; 2; 1; 658
677; 533; 1; 2; 661
591; 502; 2; 1; 661
546; 689; 1; 2; 664
689; 656; 1; 2; 690
570; 687; 2; 1; 698
666; 506; 1; 2; 701
638; 611; 1; 2; 710
536; 479; 1; 2; 713
459; 752; 1; 2; 719
507; 474; 2; 1; 727
482; 729; 1; 2; 728
446; 631; 2; 1; 730
704; 462; 2; 1; 736
631; 699; 1; 2; 738
521; 491; 1; 2; 749
531; 556; 1; 2; 771
740; 690; 1; 2; 779
713; 554; 2; 1; 780
667; 699; 1; 2; 791
668; 527; 1; 2; 799
624; 499; 2; 1; 804
485; 486; 2; 1; 806
460; 604; 2; 1; 819
602; 504; 1; 2; 825
661; 712; 1; 2; 827
682; 531; 2; 1; 832
638; 501; 1; 2; 838
455; 672; 1; 2; 842
642; 471; 2; 1; 843
441; 627; 2; 1; 844
624; 473; 1; 2; 847
539; 553; 1; 2; 852
453; 669; 2; 1; 902
517; 650; 2; 1; 904
619; 503; 1; 2; 906
606; 655; 2; 1; 910
751; 508; 2; 1; 912
684; 737; 1; 2; 919
502; 579; 2; 1; 929
499; 671; 2; 1; 930
705; 612; 1; 2; 936
498; 470; 2; 1; 939
552; 681; 1; 2; 940
453; 490; 1; 2; 948
753; 475; 1; 2; 953
581; 557; 2; 1; 957
700; 667; 1; 2; 968
524; 536; 1; 2; 975
645; 718; 2; 1; 975
622; 464; 2; 1; 979
546; 736; 2; 1; 979
653; 652; 1; 2; 988
623; 649; 2; 1; 988
530; 745; 1; 2; 1003
665; 627; 2; 1; 1016
687; 597; 1; 2; 1021
682; 590; 2; 1; 1040
589; 670; 1; 2; 1044
532; 509; 2; 1; 1052
616; 529; 2; 1; 1052
666; 612; 1; 2; 1057
30
5; 1; 48; 409
7; 1; 9; 480
12; 1; 10; 733
4; 1; 43; 5550
2; 1; 41; 7233
24; 1; 13; 13253
23; 1; 38; 13971
21; 1; 43; 15245
13; 1; 16; 15390
14; 1; 21; 16377
16; 1; 10; 18928
19; 1; 32; 22116
9; 1; 46; 24541
26; 1; 18; 27266
3; 1; 46; 27522
1; 1; 37; 30568
10; 1; 20; 31099
29; 1; 29; 31304
22; 1; 13; 34520
20; 1; 8; 36994
18; 1; 18; 40485
11; 1; 20; 40792
17; 1; 37; 53119
6; 1; 10; 55692
27; 1; 33; 65768
8; 1; 47; 70887
25; 1; 41; 70975
15; 1; 42; 76360
0; 1; 24; 76608
28; 1; 2; 77452
