**** 97 ****
58
60; 103; 2; 1; 0
78; 85; 2; 1; 1
102; 72; 1; 2; 5
111; 49; 2; 1; 5
76; 111; 1; 2; 11
59; 110; 2; 1; 12
81; 74; 2; 1; 16
77; 105; 2; 1; 22
54; 103; 2; 1; 23
51; 62; 2; 1; 24
45; 61; 1; 2; 31
73; 50; 2; 1; 32
62; 105; 1; 2; 38
65; 42; 1; 2; 43
75; 45; 1; 2; 47
61; 62; 1; 2; 52
89; 63; 1; 2; 56
42; 55; 2; 1; 63
88; 96; 2; 1; 64
101; 100; 2; 1; 69
65; 57; 2; 1; 71
92; 75; 1; 2; 72
100; 86; 2; 1; 74
76; 108; 2; 1; 76
90; 42; 2; 1; 79
75; 87; 2; 1; 84
76; 113; 2; 1; 90
102; 102; 2; 1; 91
99; 85; 2; 1; 98
61; 61; 1; 2; 100
99; 59; 1; 2; 104
92; 101; 2; 1; 107
110; 84; 1; 2; 111
41; 83; 2; 1; 124
106; 46; 2; 1; 125
63; 101; 2; 1; 127
92; 99; 1; 2; 129
63; 94; 1; 2; 137
52; 76; 1; 2; 137
52; 64; 2; 1; 146
112; 108; 1; 2; 147
56; 83; 1; 2; 148
62; 85; 1; 2; 152
104; 57; 2; 1; 164
81; 72; 1; 2; 165
94; 43; 1; 2; 168
50; 112; 1; 2; 168
72; 45; 1; 2; 172
81; 66; 2; 1; 174
87; 95; 2; 1; 178
65; 81; 1; 2; 179
76; 75; 2; 1; 180
96; 81; 2; 1; 182
74; 107; 1; 2; 183
75; 57; 2; 1; 184
75; 96; 2; 1; 187
104; 57; 1; 2; 190
109; 95; 1; 2; 191
14
2; 1; 21; 172
6; 1; 42; 500
3; 1; 48; 551
4; 1; 20; 1125
11; 1; 39; 1177
12; 1; 42; 1313
7; 1; 19; 1601
8; 1; 23; 2542
9; 1; 41; 2609
5; 1; 17; 2929
13; 1; 22; 3089
10; 1; 44; 3599
1; 1; 25; 3667
0; 1; 46; 3810
