**** 970 ****
138
492; 620; 1; 2; 6
721; 649; 1; 2; 14
496; 614; 1; 2; 17
520; 720; 1; 2; 18
527; 461; 2; 1; 21
476; 549; 1; 2; 25
713; 739; 2; 1; 41
714; 462; 2; 1; 45
453; 750; 1; 2; 53
721; 693; 1; 2; 72
571; 522; 1; 2; 110
693; 672; 1; 2; 111
741; 444; 1; 2; 112
606; 679; 1; 2; 114
547; 475; 1; 2; 160
632; 752; 1; 2; 163
643; 496; 2; 1; 171
510; 706; 1; 2; 172
627; 604; 2; 1; 173
455; 733; 1; 2; 176
622; 539; 2; 1; 178
468; 479; 1; 2; 181
615; 561; 2; 1; 199
604; 556; 1; 2; 201
546; 747; 1; 2; 204
473; 735; 1; 2; 209
474; 656; 1; 2; 210
723; 687; 2; 1; 210
508; 721; 2; 1; 230
505; 636; 1; 2; 242
453; 552; 2; 1; 245
581; 566; 2; 1; 253
637; 530; 1; 2; 260
529; 500; 1; 2; 262
525; 546; 1; 2; 262
726; 535; 2; 1; 264
730; 721; 2; 1; 284
666; 625; 2; 1; 308
573; 703; 1; 2; 311
605; 544; 1; 2; 313
698; 699; 2; 1; 315
463; 655; 2; 1; 317
675; 583; 2; 1; 318
663; 517; 2; 1; 338
586; 688; 2; 1; 348
448; 523; 1; 2; 356
723; 470; 1; 2; 357
562; 686; 2; 1; 361
501; 712; 1; 2; 368
444; 726; 1; 2; 369
645; 681; 2; 1; 375
708; 524; 1; 2; 381
723; 550; 1; 2; 391
713; 743; 1; 2; 420
694; 709; 2; 1; 427
503; 489; 2; 1; 433
730; 507; 1; 2; 436
508; 692; 1; 2; 453
729; 685; 2; 1; 461
746; 595; 2; 1; 468
643; 731; 2; 1; 477
645; 617; 2; 1; 490
720; 561; 1; 2; 492
455; 540; 1; 2; 526
523; 591; 1; 2; 534
551; 748; 1; 2; 544
450; 685; 1; 2; 547
654; 532; 1; 2; 552
625; 555; 2; 1; 579
587; 635; 1; 2; 585
500; 638; 1; 2; 602
493; 650; 2; 1; 630
648; 446; 1; 2; 632
563; 548; 1; 2; 645
725; 518; 1; 2; 645
682; 681; 1; 2; 647
547; 611; 2; 1; 669
552; 528; 1; 2; 669
492; 453; 2; 1; 669
492; 508; 2; 1; 674
583; 554; 1; 2; 674
708; 694; 2; 1; 681
491; 611; 1; 2; 682
471; 446; 2; 1; 684
589; 563; 2; 1; 685
703; 557; 1; 2; 697
470; 574; 1; 2; 709
674; 628; 2; 1; 709
562; 448; 2; 1; 725
480; 454; 1; 2; 747
498; 446; 1; 2; 749
697; 607; 1; 2; 758
587; 561; 2; 1; 760
578; 702; 1; 2; 807
518; 709; 1; 2; 814
670; 662; 1; 2; 816
561; 471; 1; 2; 819
450; 486; 1; 2; 825
614; 528; 2; 1; 826
549; 743; 1; 2; 829
495; 479; 1; 2; 832
462; 662; 2; 1; 834
628; 670; 1; 2; 857
568; 746; 2; 1; 881
663; 694; 2; 1; 904
716; 502; 1; 2; 908
682; 630; 2; 1; 916
745; 607; 2; 1; 919
590; 546; 2; 1; 920
565; 503; 2; 1; 933
742; 642; 1; 2; 944
682; 487; 2; 1; 944
706; 572; 2; 1; 952
690; 532; 1; 2; 958
686; 628; 2; 1; 961
729; 444; 1; 2; 972
695; 453; 1; 2; 975
668; 497; 2; 1; 993
470; 642; 2; 1; 997
602; 573; 1; 2; 999
608; 452; 2; 1; 1005
566; 721; 2; 1; 1009
665; 637; 2; 1; 1017
710; 500; 2; 1; 1019
671; 510; 1; 2; 1019
568; 736; 2; 1; 1020
649; 731; 1; 2; 1023
538; 581; 2; 1; 1024
484; 504; 2; 1; 1029
565; 673; 1; 2; 1032
591; 443; 2; 1; 1033
516; 445; 2; 1; 1036
688; 656; 2; 1; 1036
656; 555; 2; 1; 1040
454; 656; 1; 2; 1040
678; 585; 1; 2; 1048
510; 695; 1; 2; 1053
533; 722; 1; 2; 1058
30
7; 1; 9; 892
15; 1; 17; 10876
23; 1; 36; 14979
9; 1; 36; 16729
25; 1; 47; 17843
28; 1; 17; 19963
21; 1; 18; 20870
6; 1; 26; 22842
2; 1; 10; 23407
11; 1; 15; 33445
22; 1; 31; 37905
3; 1; 20; 38327
14; 1; 24; 39765
29; 1; 24; 40588
24; 1; 15; 44878
8; 1; 27; 49762
4; 1; 24; 50905
13; 1; 22; 51605
0; 1; 15; 52165
1; 1; 10; 53892
27; 1; 20; 56215
5; 1; 8; 57170
26; 1; 15; 58475
17; 1; 28; 61294
19; 1; 46; 63252
20; 1; 12; 64702
10; 1; 38; 72381
16; 1; 48; 75012
18; 1; 38; 76056
12; 1; 44; 78889
