**** 971 ****
138
749; 518; 2; 1; 3
733; 653; 1; 2; 5
718; 538; 1; 2; 6
543; 495; 2; 1; 7
734; 600; 1; 2; 8
520; 611; 2; 1; 9
582; 497; 2; 1; 13
645; 475; 1; 2; 14
483; 497; 1; 2; 15
748; 547; 2; 1; 20
591; 627; 1; 2; 21
614; 463; 2; 1; 22
547; 700; 2; 1; 41
486; 496; 1; 2; 41
491; 725; 1; 2; 59
590; 636; 1; 2; 64
578; 733; 1; 2; 74
489; 666; 2; 1; 79
494; 516; 2; 1; 82
602; 526; 1; 2; 86
714; 731; 2; 1; 104
480; 524; 2; 1; 105
473; 677; 1; 2; 108
590; 704; 1; 2; 112
611; 636; 1; 2; 125
553; 593; 1; 2; 133
737; 640; 1; 2; 139
568; 488; 2; 1; 183
539; 510; 1; 2; 186
558; 499; 2; 1; 189
541; 582; 1; 2; 199
550; 679; 1; 2; 204
522; 530; 2; 1; 205
654; 748; 1; 2; 217
751; 718; 1; 2; 222
667; 712; 1; 2; 228
731; 578; 2; 1; 243
644; 682; 1; 2; 247
459; 521; 2; 1; 256
664; 504; 1; 2; 265
588; 455; 1; 2; 266
532; 746; 1; 2; 276
448; 574; 1; 2; 281
640; 595; 1; 2; 282
507; 472; 2; 1; 289
628; 558; 2; 1; 293
526; 643; 1; 2; 296
725; 444; 1; 2; 319
450; 699; 2; 1; 324
546; 578; 1; 2; 329
641; 658; 1; 2; 331
700; 684; 1; 2; 338
738; 644; 1; 2; 340
456; 555; 2; 1; 352
461; 480; 2; 1; 353
442; 577; 1; 2; 391
500; 498; 1; 2; 399
607; 574; 1; 2; 400
619; 494; 2; 1; 413
441; 688; 2; 1; 414
636; 725; 1; 2; 415
571; 635; 2; 1; 423
683; 449; 2; 1; 433
592; 643; 1; 2; 433
469; 599; 2; 1; 434
636; 643; 1; 2; 447
683; 633; 2; 1; 461
599; 458; 2; 1; 463
600; 749; 1; 2; 466
641; 649; 1; 2; 473
548; 687; 2; 1; 473
744; 643; 2; 1; 494
548; 728; 1; 2; 496
504; 624; 2; 1; 510
605; 592; 2; 1; 515
643; 723; 1; 2; 517
547; 554; 1; 2; 519
566; 660; 2; 1; 529
466; 517; 2; 1; 531
649; 722; 2; 1; 539
503; 724; 2; 1; 545
588; 609; 1; 2; 555
585; 486; 1; 2; 583
546; 743; 1; 2; 585
591; 563; 1; 2; 592
657; 558; 1; 2; 592
465; 608; 1; 2; 617
623; 710; 1; 2; 625
474; 604; 2; 1; 658
702; 619; 2; 1; 674
743; 673; 2; 1; 686
622; 597; 2; 1; 688
643; 603; 1; 2; 722
710; 664; 1; 2; 728
708; 582; 1; 2; 728
485; 749; 1; 2; 729
680; 650; 2; 1; 731
604; 587; 2; 1; 733
669; 671; 1; 2; 740
558; 741; 1; 2; 742
537; 541; 1; 2; 747
671; 451; 1; 2; 753
645; 698; 2; 1; 758
499; 485; 1; 2; 771
578; 518; 2; 1; 783
708; 615; 1; 2; 788
737; 628; 2; 1; 788
714; 483; 2; 1; 789
449; 549; 1; 2; 801
647; 452; 1; 2; 802
636; 672; 1; 2; 818
577; 583; 2; 1; 818
710; 560; 2; 1; 824
752; 746; 2; 1; 834
530; 702; 1; 2; 845
527; 670; 1; 2; 846
642; 750; 1; 2; 890
489; 714; 1; 2; 893
650; 702; 2; 1; 898
456; 480; 2; 1; 898
640; 465; 1; 2; 900
448; 659; 2; 1; 916
749; 512; 1; 2; 930
507; 610; 1; 2; 940
611; 487; 2; 1; 949
711; 558; 2; 1; 950
579; 691; 2; 1; 954
586; 692; 1; 2; 966
704; 619; 1; 2; 981
626; 505; 2; 1; 992
752; 522; 2; 1; 996
454; 527; 2; 1; 1013
443; 749; 2; 1; 1016
590; 599; 2; 1; 1043
648; 519; 1; 2; 1043
638; 574; 1; 2; 1060
520; 614; 2; 1; 1061
467; 551; 1; 2; 1066
30
29; 1; 5; 2937
0; 1; 17; 3594
16; 1; 46; 3995
6; 1; 1; 5858
2; 1; 42; 7065
21; 1; 48; 8362
27; 1; 11; 8413
3; 1; 8; 11501
24; 1; 31; 14510
7; 1; 43; 15415
13; 1; 18; 16192
23; 1; 39; 17771
11; 1; 23; 18091
9; 1; 32; 19058
18; 1; 23; 21416
19; 1; 27; 31565
1; 1; 6; 31663
8; 1; 49; 35398
5; 1; 13; 44482
4; 1; 39; 51335
12; 1; 43; 52823
26; 1; 49; 55302
20; 1; 36; 55686
15; 1; 41; 57769
17; 1; 3; 65764
22; 1; 19; 66992
28; 1; 49; 67997
10; 1; 38; 72309
14; 1; 10; 75559
25; 1; 12; 81407
