**** 972 ****
138
538; 622; 2; 1; 7
733; 555; 2; 1; 10
497; 587; 2; 1; 20
557; 711; 1; 2; 23
669; 702; 1; 2; 25
689; 635; 2; 1; 38
688; 699; 1; 2; 39
582; 582; 2; 1; 43
650; 662; 1; 2; 50
531; 664; 1; 2; 98
732; 684; 1; 2; 116
713; 521; 1; 2; 133
514; 689; 1; 2; 133
739; 689; 2; 1; 149
734; 588; 2; 1; 151
473; 488; 1; 2; 170
512; 466; 1; 2; 182
594; 485; 1; 2; 189
458; 649; 1; 2; 205
708; 713; 2; 1; 214
609; 488; 1; 2; 214
468; 504; 1; 2; 227
641; 609; 2; 1; 236
631; 619; 1; 2; 238
661; 608; 2; 1; 256
748; 641; 2; 1; 275
526; 610; 2; 1; 277
587; 753; 2; 1; 277
536; 720; 2; 1; 290
589; 575; 1; 2; 299
556; 687; 2; 1; 299
702; 498; 2; 1; 315
595; 680; 1; 2; 318
525; 534; 2; 1; 321
507; 730; 2; 1; 330
624; 476; 1; 2; 331
693; 606; 1; 2; 335
496; 672; 1; 2; 347
457; 670; 1; 2; 347
493; 737; 2; 1; 359
721; 728; 1; 2; 360
694; 709; 1; 2; 360
686; 665; 1; 2; 363
482; 747; 1; 2; 369
578; 690; 2; 1; 369
661; 636; 2; 1; 374
688; 656; 2; 1; 377
605; 445; 2; 1; 386
586; 461; 2; 1; 388
600; 740; 1; 2; 406
587; 574; 2; 1; 435
473; 672; 2; 1; 438
461; 715; 2; 1; 440
521; 658; 1; 2; 447
558; 528; 2; 1; 450
658; 639; 2; 1; 453
689; 553; 1; 2; 453
464; 450; 1; 2; 480
667; 690; 2; 1; 505
694; 646; 2; 1; 506
484; 464; 2; 1; 509
523; 557; 1; 2; 513
612; 620; 1; 2; 526
484; 622; 1; 2; 530
613; 491; 2; 1; 550
626; 560; 1; 2; 550
595; 532; 1; 2; 573
592; 481; 1; 2; 588
675; 473; 1; 2; 590
487; 468; 2; 1; 598
603; 652; 2; 1; 599
652; 494; 1; 2; 602
571; 579; 1; 2; 606
535; 590; 1; 2; 607
636; 638; 2; 1; 613
728; 720; 2; 1; 625
547; 642; 1; 2; 637
611; 634; 2; 1; 665
587; 478; 1; 2; 667
466; 675; 2; 1; 668
511; 574; 1; 2; 670
752; 522; 1; 2; 679
639; 576; 2; 1; 680
733; 747; 1; 2; 694
476; 451; 2; 1; 708
719; 697; 2; 1; 742
606; 708; 1; 2; 742
703; 441; 2; 1; 743
606; 523; 2; 1; 745
607; 614; 2; 1; 746
668; 525; 2; 1; 757
475; 565; 2; 1; 757
686; 730; 2; 1; 759
472; 617; 2; 1; 760
739; 566; 2; 1; 765
749; 482; 2; 1; 780
594; 463; 2; 1; 786
481; 738; 1; 2; 787
719; 613; 1; 2; 792
701; 460; 1; 2; 797
615; 740; 1; 2; 808
509; 446; 1; 2; 810
526; 737; 1; 2; 818
641; 663; 1; 2; 839
536; 609; 1; 2; 845
697; 498; 2; 1; 868
733; 443; 2; 1; 872
695; 448; 1; 2; 886
660; 668; 1; 2; 891
698; 684; 1; 2; 891
487; 547; 2; 1; 906
753; 559; 2; 1; 910
660; 666; 2; 1; 919
543; 555; 2; 1; 923
682; 679; 2; 1; 929
487; 477; 1; 2; 935
506; 679; 2; 1; 943
521; 555; 1; 2; 957
445; 447; 1; 2; 961
507; 501; 1; 2; 962
543; 599; 2; 1; 966
723; 673; 2; 1; 974
507; 514; 2; 1; 998
669; 570; 2; 1; 999
580; 499; 1; 2; 999
501; 585; 1; 2; 1010
727; 551; 1; 2; 1011
568; 575; 1; 2; 1011
705; 706; 1; 2; 1011
550; 451; 1; 2; 1014
693; 557; 2; 1; 1017
528; 575; 1; 2; 1017
595; 543; 2; 1; 1022
650; 518; 2; 1; 1027
692; 638; 1; 2; 1030
747; 538; 1; 2; 1047
629; 486; 2; 1; 1061
511; 677; 2; 1; 1066
30
10; 1; 25; 182
3; 1; 34; 936
21; 1; 18; 1391
8; 1; 39; 4853
23; 1; 4; 7919
4; 1; 31; 8679
24; 1; 29; 9397
29; 1; 14; 12010
2; 1; 43; 16499
13; 1; 1; 17976
18; 1; 24; 20083
5; 1; 48; 23821
11; 1; 23; 26341
27; 1; 34; 26734
7; 1; 43; 27503
25; 1; 33; 27561
12; 1; 15; 30230
28; 1; 47; 35989
0; 1; 15; 37117
19; 1; 31; 41874
20; 1; 32; 44102
16; 1; 5; 44826
14; 1; 26; 54021
1; 1; 40; 59217
26; 1; 37; 63475
22; 1; 26; 65814
6; 1; 46; 69516
9; 1; 42; 76925
17; 1; 33; 76985
15; 1; 11; 78023
