**** 973 ****
138
507; 721; 1; 2; 2
475; 610; 2; 1; 6
450; 698; 2; 1; 18
532; 466; 2; 1; 19
498; 678; 2; 1; 22
592; 746; 1; 2; 23
548; 686; 1; 2; 35
623; 732; 1; 2; 42
462; 679; 2; 1; 44
680; 578; 1; 2; 74
631; 675; 2; 1; 84
622; 663; 2; 1; 98
548; 630; 2; 1; 98
487; 708; 1; 2; 100
469; 498; 2; 1; 120
679; 683; 2; 1; 120
692; 488; 1; 2; 125
476; 743; 1; 2; 132
607; 607; 1; 2; 143
602; 717; 1; 2; 145
647; 450; 1; 2; 152
535; 506; 1; 2; 160
544; 610; 2; 1; 161
563; 526; 1; 2; 165
591; 541; 2; 1; 170
453; 557; 2; 1; 178
489; 619; 1; 2; 186
516; 581; 2; 1; 199
583; 610; 2; 1; 200
670; 453; 1; 2; 206
493; 691; 1; 2; 212
495; 681; 2; 1; 239
721; 625; 1; 2; 245
753; 582; 2; 1; 248
500; 644; 1; 2; 259
607; 632; 2; 1; 274
729; 725; 2; 1; 281
750; 458; 2; 1; 298
713; 611; 1; 2; 314
747; 636; 1; 2; 330
632; 700; 2; 1; 334
653; 641; 2; 1; 335
732; 628; 1; 2; 354
720; 540; 1; 2; 354
497; 498; 2; 1; 366
600; 699; 2; 1; 371
739; 573; 2; 1; 372
604; 693; 2; 1; 372
731; 565; 1; 2; 373
675; 518; 1; 2; 376
574; 562; 2; 1; 384
600; 510; 1; 2; 394
542; 623; 2; 1; 397
535; 523; 1; 2; 411
463; 461; 1; 2; 414
596; 556; 2; 1; 415
451; 665; 2; 1; 419
599; 614; 1; 2; 431
533; 612; 2; 1; 456
568; 542; 1; 2; 462
588; 623; 1; 2; 467
505; 474; 1; 2; 468
612; 723; 2; 1; 473
470; 514; 2; 1; 474
677; 706; 2; 1; 477
523; 669; 1; 2; 480
572; 446; 1; 2; 481
580; 453; 2; 1; 488
528; 550; 2; 1; 495
514; 739; 1; 2; 512
452; 453; 2; 1; 514
637; 670; 1; 2; 529
493; 499; 2; 1; 549
639; 693; 1; 2; 562
537; 721; 2; 1; 563
628; 635; 2; 1; 566
442; 715; 1; 2; 570
460; 630; 2; 1; 570
540; 621; 1; 2; 578
509; 702; 2; 1; 582
660; 735; 1; 2; 586
593; 472; 1; 2; 591
529; 509; 2; 1; 591
607; 443; 2; 1; 592
568; 542; 2; 1; 597
533; 448; 1; 2; 604
663; 578; 1; 2; 608
479; 506; 1; 2; 615
593; 656; 1; 2; 621
712; 648; 1; 2; 623
706; 692; 2; 1; 633
751; 587; 1; 2; 634
624; 511; 1; 2; 638
607; 593; 1; 2; 642
671; 702; 1; 2; 652
578; 702; 2; 1; 659
638; 653; 2; 1; 668
717; 462; 2; 1; 671
639; 600; 2; 1; 692
592; 525; 2; 1; 692
676; 562; 1; 2; 727
468; 467; 1; 2; 728
545; 660; 1; 2; 746
664; 540; 1; 2; 752
713; 578; 2; 1; 759
536; 562; 1; 2; 769
682; 712; 1; 2; 812
547; 690; 1; 2; 831
472; 575; 2; 1; 847
534; 705; 1; 2; 848
602; 520; 1; 2; 852
556; 494; 1; 2; 859
630; 753; 2; 1; 868
589; 717; 1; 2; 880
584; 640; 1; 2; 893
653; 505; 1; 2; 904
517; 461; 2; 1; 926
634; 704; 1; 2; 938
669; 666; 2; 1; 946
590; 452; 1; 2; 966
576; 715; 1; 2; 983
708; 714; 2; 1; 983
586; 651; 2; 1; 987
579; 441; 2; 1; 987
581; 628; 1; 2; 989
464; 629; 1; 2; 989
702; 687; 2; 1; 994
596; 640; 2; 1; 1000
699; 746; 1; 2; 1006
503; 661; 1; 2; 1015
629; 668; 2; 1; 1018
681; 529; 2; 1; 1030
619; 676; 1; 2; 1037
554; 632; 1; 2; 1046
485; 515; 2; 1; 1047
623; 682; 1; 2; 1064
624; 479; 2; 1; 1065
460; 660; 1; 2; 1068
30
3; 1; 18; 355
29; 1; 36; 4122
25; 1; 24; 7428
6; 1; 8; 7474
16; 1; 12; 9992
1; 1; 4; 12381
17; 1; 34; 12772
19; 1; 11; 16743
18; 1; 37; 20133
23; 1; 44; 23607
26; 1; 48; 26690
0; 1; 48; 31179
21; 1; 24; 32914
14; 1; 17; 33818
4; 1; 14; 39313
11; 1; 36; 41753
12; 1; 38; 41827
28; 1; 42; 43857
13; 1; 6; 49413
20; 1; 49; 52645
8; 1; 4; 53613
9; 1; 30; 55089
2; 1; 46; 59249
10; 1; 2; 60248
7; 1; 19; 61094
24; 1; 8; 66637
27; 1; 20; 68997
22; 1; 27; 74929
5; 1; 14; 79216
15; 1; 31; 80953
