**** 974 ****
138
639; 479; 2; 1; 14
442; 527; 1; 2; 16
729; 738; 2; 1; 20
548; 633; 2; 1; 21
464; 667; 1; 2; 24
725; 742; 1; 2; 28
727; 729; 1; 2; 28
631; 728; 2; 1; 43
441; 510; 2; 1; 56
529; 611; 1; 2; 58
718; 619; 1; 2; 61
525; 568; 1; 2; 66
675; 752; 2; 1; 67
705; 450; 2; 1; 69
559; 496; 1; 2; 77
729; 504; 1; 2; 108
651; 608; 2; 1; 109
593; 727; 1; 2; 111
723; 681; 1; 2; 117
562; 746; 2; 1; 128
544; 527; 1; 2; 141
578; 747; 1; 2; 143
530; 692; 2; 1; 145
566; 702; 1; 2; 149
538; 484; 2; 1; 149
581; 741; 1; 2; 152
649; 647; 1; 2; 153
584; 724; 1; 2; 155
572; 694; 2; 1; 156
574; 661; 2; 1; 158
557; 546; 2; 1; 185
477; 694; 1; 2; 186
660; 635; 2; 1; 188
732; 446; 2; 1; 193
593; 587; 2; 1; 205
749; 738; 1; 2; 220
726; 581; 2; 1; 221
731; 562; 1; 2; 224
612; 643; 2; 1; 230
610; 453; 1; 2; 235
577; 533; 2; 1; 243
665; 657; 1; 2; 285
645; 473; 1; 2; 291
673; 512; 2; 1; 312
571; 596; 2; 1; 330
442; 450; 2; 1; 334
570; 617; 2; 1; 335
723; 623; 2; 1; 348
529; 693; 2; 1; 352
605; 532; 1; 2; 372
606; 480; 1; 2; 390
593; 578; 1; 2; 397
681; 741; 1; 2; 397
746; 449; 1; 2; 398
466; 586; 2; 1; 408
530; 633; 1; 2; 409
744; 669; 1; 2; 411
520; 567; 1; 2; 419
598; 726; 2; 1; 422
458; 587; 1; 2; 428
614; 637; 2; 1; 431
693; 730; 1; 2; 441
556; 453; 1; 2; 449
746; 559; 2; 1; 465
516; 548; 1; 2; 480
749; 457; 1; 2; 488
604; 446; 2; 1; 506
560; 649; 1; 2; 510
680; 562; 2; 1; 514
709; 526; 2; 1; 521
716; 666; 2; 1; 526
748; 638; 1; 2; 539
445; 457; 1; 2; 541
526; 538; 1; 2; 543
576; 693; 2; 1; 552
745; 753; 2; 1; 554
520; 548; 2; 1; 563
482; 657; 2; 1; 598
475; 605; 1; 2; 612
540; 617; 2; 1; 618
445; 459; 2; 1; 625
550; 623; 2; 1; 646
514; 448; 2; 1; 648
571; 484; 1; 2; 687
471; 571; 2; 1; 687
561; 622; 1; 2; 707
556; 728; 2; 1; 713
449; 657; 2; 1; 716
460; 519; 2; 1; 717
709; 621; 1; 2; 721
708; 562; 2; 1; 733
626; 711; 2; 1; 742
677; 561; 2; 1; 742
519; 680; 2; 1; 745
646; 504; 2; 1; 760
609; 673; 1; 2; 763
552; 504; 1; 2; 767
656; 574; 1; 2; 772
460; 649; 2; 1; 776
500; 454; 1; 2; 782
698; 672; 1; 2; 785
618; 727; 2; 1; 786
590; 735; 1; 2; 786
661; 509; 2; 1; 787
651; 612; 1; 2; 791
449; 674; 1; 2; 796
740; 597; 1; 2; 797
662; 528; 1; 2; 807
652; 461; 2; 1; 814
615; 505; 1; 2; 816
733; 752; 2; 1; 823
448; 501; 1; 2; 825
605; 593; 2; 1; 826
665; 666; 1; 2; 850
601; 751; 2; 1; 867
752; 535; 1; 2; 877
709; 468; 2; 1; 883
669; 707; 1; 2; 895
471; 641; 1; 2; 899
462; 539; 2; 1; 903
482; 525; 1; 2; 921
737; 649; 1; 2; 929
655; 577; 1; 2; 933
546; 554; 1; 2; 948
680; 720; 1; 2; 952
454; 601; 1; 2; 965
644; 721; 1; 2; 965
570; 581; 1; 2; 970
610; 664; 2; 1; 991
622; 691; 1; 2; 1008
683; 572; 1; 2; 1024
691; 486; 1; 2; 1039
648; 463; 2; 1; 1053
745; 516; 2; 1; 1053
689; 613; 1; 2; 1058
718; 454; 2; 1; 1062
523; 521; 2; 1; 1065
518; 689; 2; 1; 1067
30
26; 1; 24; 683
6; 1; 43; 4569
8; 1; 23; 5654
12; 1; 10; 9966
4; 1; 14; 12552
17; 1; 7; 14727
15; 1; 34; 19435
2; 1; 11; 21201
25; 1; 19; 24799
9; 1; 19; 26380
27; 1; 13; 27796
13; 1; 30; 30182
23; 1; 43; 34523
19; 1; 23; 37300
11; 1; 30; 37980
24; 1; 10; 38530
29; 1; 2; 41601
0; 1; 23; 47089
7; 1; 20; 47677
5; 1; 44; 55038
21; 1; 4; 58021
3; 1; 35; 64119
10; 1; 49; 64736
22; 1; 29; 65446
1; 1; 9; 67199
16; 1; 38; 70610
14; 1; 33; 71378
20; 1; 6; 76840
28; 1; 8; 77402
18; 1; 2; 82498
