**** 975 ****
138
624; 613; 1; 2; 20
503; 547; 2; 1; 33
721; 605; 2; 1; 42
691; 668; 1; 2; 46
656; 746; 1; 2; 48
699; 570; 2; 1; 49
603; 607; 2; 1; 66
552; 749; 1; 2; 66
713; 721; 2; 1; 70
571; 646; 2; 1; 79
500; 667; 1; 2; 87
581; 598; 2; 1; 88
491; 706; 2; 1; 91
524; 634; 2; 1; 96
670; 524; 2; 1; 98
675; 499; 1; 2; 102
632; 719; 2; 1; 102
603; 656; 2; 1; 108
691; 664; 2; 1; 109
738; 742; 2; 1; 117
532; 476; 2; 1; 118
618; 443; 1; 2; 121
540; 724; 2; 1; 167
507; 486; 2; 1; 168
745; 651; 2; 1; 173
670; 622; 1; 2; 173
654; 607; 1; 2; 197
633; 600; 1; 2; 214
664; 635; 2; 1; 235
528; 620; 2; 1; 254
551; 741; 2; 1; 266
452; 523; 1; 2; 269
455; 752; 2; 1; 272
531; 443; 1; 2; 278
502; 447; 1; 2; 314
574; 563; 2; 1; 324
710; 586; 2; 1; 328
543; 527; 2; 1; 365
476; 753; 2; 1; 368
452; 700; 2; 1; 372
721; 666; 1; 2; 373
471; 526; 1; 2; 387
593; 601; 1; 2; 410
461; 606; 2; 1; 431
556; 653; 2; 1; 445
473; 722; 1; 2; 452
487; 528; 2; 1; 464
569; 572; 2; 1; 465
540; 618; 1; 2; 478
712; 620; 2; 1; 480
541; 681; 1; 2; 480
636; 498; 2; 1; 490
543; 508; 1; 2; 491
452; 584; 2; 1; 492
629; 664; 2; 1; 495
580; 644; 1; 2; 504
580; 481; 2; 1; 508
510; 610; 2; 1; 512
744; 603; 1; 2; 516
447; 473; 1; 2; 516
593; 735; 2; 1; 518
499; 536; 1; 2; 519
640; 746; 2; 1; 523
471; 632; 2; 1; 525
652; 699; 1; 2; 527
581; 540; 1; 2; 538
742; 647; 1; 2; 541
719; 668; 1; 2; 546
483; 713; 2; 1; 547
683; 725; 1; 2; 549
494; 486; 1; 2; 554
533; 740; 2; 1; 559
655; 467; 2; 1; 561
735; 585; 2; 1; 573
505; 710; 1; 2; 577
606; 551; 1; 2; 577
726; 589; 1; 2; 592
747; 574; 1; 2; 598
595; 487; 2; 1; 611
678; 645; 1; 2; 612
476; 467; 1; 2; 612
519; 453; 2; 1; 615
457; 516; 1; 2; 621
680; 725; 1; 2; 631
705; 657; 1; 2; 637
494; 567; 2; 1; 648
473; 442; 1; 2; 650
558; 556; 2; 1; 659
646; 495; 2; 1; 661
527; 624; 2; 1; 663
595; 696; 1; 2; 663
692; 752; 1; 2; 667
560; 487; 2; 1; 725
714; 560; 2; 1; 727
666; 550; 2; 1; 731
546; 490; 2; 1; 747
727; 685; 2; 1; 769
536; 616; 1; 2; 770
674; 515; 1; 2; 773
506; 561; 1; 2; 776
649; 703; 2; 1; 794
593; 522; 1; 2; 796
737; 541; 1; 2; 798
573; 644; 2; 1; 798
509; 444; 2; 1; 803
581; 497; 1; 2; 809
745; 735; 2; 1; 810
613; 587; 1; 2; 820
467; 601; 2; 1; 824
454; 567; 2; 1; 826
572; 514; 2; 1; 831
485; 552; 1; 2; 852
615; 527; 1; 2; 858
640; 707; 1; 2; 860
538; 742; 1; 2; 862
723; 721; 2; 1; 879
559; 750; 1; 2; 880
509; 716; 2; 1; 896
581; 497; 1; 2; 919
748; 536; 2; 1; 932
579; 588; 1; 2; 935
727; 521; 2; 1; 935
727; 660; 2; 1; 952
676; 536; 1; 2; 953
661; 697; 2; 1; 970
456; 445; 2; 1; 982
518; 710; 1; 2; 985
523; 615; 1; 2; 994
659; 733; 2; 1; 1002
644; 548; 2; 1; 1011
668; 567; 1; 2; 1013
580; 616; 2; 1; 1015
640; 684; 1; 2; 1016
751; 586; 1; 2; 1038
736; 466; 1; 2; 1045
589; 635; 1; 2; 1050
607; 645; 2; 1; 1061
495; 455; 2; 1; 1067
30
25; 1; 21; 1020
5; 1; 37; 3799
19; 1; 17; 3853
27; 1; 43; 5939
13; 1; 20; 9502
16; 1; 28; 13811
22; 1; 26; 19145
29; 1; 27; 19292
18; 1; 45; 19806
23; 1; 36; 29381
20; 1; 33; 35352
0; 1; 37; 36043
28; 1; 33; 36236
12; 1; 37; 38387
1; 1; 30; 38598
26; 1; 44; 46248
9; 1; 48; 51489
14; 1; 14; 54134
15; 1; 18; 54545
8; 1; 7; 59032
11; 1; 38; 61858
17; 1; 14; 65080
2; 1; 3; 67348
10; 1; 44; 72131
7; 1; 42; 72240
4; 1; 34; 72389
21; 1; 48; 74711
3; 1; 16; 75488
24; 1; 16; 78536
6; 1; 14; 81116
