**** 976 ****
138
689; 731; 1; 2; 10
553; 694; 1; 2; 18
628; 748; 2; 1; 21
490; 584; 1; 2; 29
707; 625; 1; 2; 29
710; 525; 2; 1; 37
659; 652; 2; 1; 38
651; 687; 2; 1; 44
741; 642; 1; 2; 56
734; 727; 1; 2; 58
673; 712; 2; 1; 74
548; 562; 2; 1; 77
455; 566; 2; 1; 96
478; 459; 2; 1; 115
671; 485; 1; 2; 119
655; 738; 1; 2; 125
563; 541; 1; 2; 142
445; 552; 2; 1; 151
548; 718; 2; 1; 152
485; 593; 1; 2; 156
569; 551; 1; 2; 162
600; 469; 2; 1; 178
696; 631; 1; 2; 180
521; 690; 2; 1; 180
489; 571; 1; 2; 187
584; 669; 1; 2; 187
513; 460; 2; 1; 204
529; 753; 2; 1; 210
452; 467; 1; 2; 226
687; 534; 1; 2; 226
603; 634; 2; 1; 236
706; 447; 1; 2; 250
462; 733; 2; 1; 251
537; 638; 1; 2; 252
736; 743; 1; 2; 253
511; 552; 1; 2; 257
620; 472; 2; 1; 257
469; 695; 2; 1; 266
676; 601; 2; 1; 275
481; 501; 1; 2; 280
597; 588; 1; 2; 283
497; 506; 1; 2; 292
607; 451; 2; 1; 299
531; 718; 1; 2; 307
635; 659; 1; 2; 308
502; 530; 1; 2; 311
741; 537; 2; 1; 327
555; 593; 1; 2; 327
613; 673; 2; 1; 340
675; 511; 2; 1; 342
592; 460; 2; 1; 347
646; 645; 2; 1; 349
448; 464; 2; 1; 356
508; 581; 1; 2; 365
590; 597; 1; 2; 371
444; 667; 2; 1; 376
588; 628; 1; 2; 379
624; 568; 1; 2; 384
655; 690; 1; 2; 395
612; 475; 1; 2; 406
696; 570; 2; 1; 413
514; 480; 2; 1; 437
526; 494; 1; 2; 439
721; 653; 2; 1; 453
644; 577; 2; 1; 455
599; 537; 2; 1; 456
738; 718; 2; 1; 467
610; 707; 1; 2; 481
455; 568; 1; 2; 505
532; 557; 1; 2; 515
707; 593; 1; 2; 518
624; 589; 2; 1; 521
643; 625; 1; 2; 523
690; 591; 2; 1; 530
500; 678; 2; 1; 531
641; 627; 2; 1; 545
664; 695; 1; 2; 552
646; 686; 2; 1; 555
713; 721; 2; 1; 555
592; 444; 1; 2; 569
653; 523; 1; 2; 572
468; 473; 1; 2; 572
532; 629; 2; 1; 579
471; 602; 1; 2; 580
637; 448; 1; 2; 585
648; 580; 2; 1; 592
677; 714; 2; 1; 601
538; 638; 1; 2; 607
602; 519; 1; 2; 631
643; 571; 2; 1; 633
565; 497; 2; 1; 637
655; 506; 1; 2; 649
573; 662; 1; 2; 677
746; 680; 2; 1; 691
579; 455; 1; 2; 692
672; 606; 1; 2; 694
690; 624; 1; 2; 696
558; 724; 2; 1; 711
735; 543; 2; 1; 721
504; 458; 1; 2; 727
512; 549; 1; 2; 732
508; 605; 1; 2; 733
597; 591; 2; 1; 746
605; 621; 1; 2; 751
704; 468; 2; 1; 754
525; 583; 2; 1; 773
532; 583; 1; 2; 773
717; 626; 1; 2; 796
656; 461; 1; 2; 797
635; 585; 1; 2; 800
745; 614; 2; 1; 816
711; 489; 2; 1; 818
638; 615; 1; 2; 826
738; 465; 1; 2; 827
752; 688; 2; 1; 837
473; 695; 2; 1; 852
496; 464; 2; 1; 862
549; 471; 2; 1; 879
520; 563; 2; 1; 891
722; 571; 2; 1; 900
516; 628; 1; 2; 913
714; 481; 2; 1; 919
478; 728; 1; 2; 960
538; 613; 2; 1; 979
722; 690; 1; 2; 987
532; 582; 1; 2; 992
590; 623; 1; 2; 1000
507; 453; 2; 1; 1006
753; 739; 2; 1; 1008
654; 681; 2; 1; 1012
481; 485; 1; 2; 1015
654; 506; 1; 2; 1019
496; 531; 1; 2; 1032
589; 519; 1; 2; 1034
710; 503; 1; 2; 1035
677; 469; 1; 2; 1039
513; 559; 2; 1; 1051
596; 484; 1; 2; 1057
30
20; 1; 15; 7706
12; 1; 39; 7768
24; 1; 26; 7816
15; 1; 41; 11511
6; 1; 29; 15756
8; 1; 29; 15954
1; 1; 15; 16767
18; 1; 36; 16792
5; 1; 19; 20975
27; 1; 3; 21877
16; 1; 3; 22486
13; 1; 24; 23108
14; 1; 25; 27334
10; 1; 11; 27810
28; 1; 18; 29663
11; 1; 4; 29889
0; 1; 34; 32140
3; 1; 21; 35672
26; 1; 1; 36178
2; 1; 15; 36689
19; 1; 39; 43594
21; 1; 31; 44821
4; 1; 31; 47015
9; 1; 38; 54723
23; 1; 14; 54885
7; 1; 30; 60674
22; 1; 47; 63707
25; 1; 44; 71815
17; 1; 36; 76390
29; 1; 32; 81284
