**** 977 ****
138
651; 738; 1; 2; 5
502; 542; 2; 1; 8
466; 463; 2; 1; 15
554; 543; 2; 1; 18
599; 555; 1; 2; 22
751; 447; 2; 1; 30
499; 665; 1; 2; 39
678; 578; 2; 1; 39
551; 545; 1; 2; 43
479; 529; 1; 2; 46
743; 690; 2; 1; 59
481; 478; 2; 1; 62
657; 452; 1; 2; 65
688; 560; 1; 2; 84
566; 446; 1; 2; 108
706; 653; 2; 1; 119
683; 700; 2; 1; 120
673; 588; 1; 2; 123
546; 722; 2; 1; 132
675; 677; 2; 1; 132
599; 740; 2; 1; 140
716; 563; 2; 1; 162
571; 448; 2; 1; 195
710; 602; 2; 1; 200
482; 551; 2; 1; 200
532; 674; 2; 1; 213
606; 704; 2; 1; 221
586; 723; 2; 1; 223
518; 530; 1; 2; 226
656; 534; 2; 1; 226
575; 699; 2; 1; 238
643; 629; 2; 1; 240
514; 693; 1; 2; 267
507; 720; 2; 1; 269
576; 630; 1; 2; 282
731; 677; 2; 1; 285
567; 474; 2; 1; 287
559; 659; 2; 1; 302
689; 712; 1; 2; 311
745; 670; 1; 2; 321
467; 455; 2; 1; 325
481; 589; 2; 1; 329
680; 511; 2; 1; 338
532; 633; 1; 2; 339
744; 603; 2; 1; 341
716; 552; 1; 2; 345
600; 455; 2; 1; 350
673; 511; 2; 1; 370
543; 718; 2; 1; 376
713; 689; 2; 1; 377
561; 635; 1; 2; 403
569; 730; 2; 1; 410
625; 442; 1; 2; 411
604; 649; 1; 2; 423
446; 552; 2; 1; 423
537; 478; 1; 2; 431
441; 458; 1; 2; 432
519; 614; 1; 2; 434
519; 584; 1; 2; 436
481; 734; 1; 2; 444
716; 714; 1; 2; 452
637; 514; 1; 2; 457
516; 636; 2; 1; 465
609; 580; 2; 1; 466
442; 521; 1; 2; 484
536; 637; 2; 1; 488
469; 521; 1; 2; 494
605; 592; 1; 2; 496
465; 505; 1; 2; 499
741; 640; 2; 1; 543
555; 480; 1; 2; 547
626; 554; 1; 2; 550
585; 450; 1; 2; 563
700; 522; 2; 1; 565
724; 566; 1; 2; 571
664; 567; 2; 1; 583
733; 490; 2; 1; 599
673; 621; 1; 2; 603
577; 554; 2; 1; 608
484; 693; 2; 1; 617
653; 525; 1; 2; 621
522; 724; 1; 2; 630
647; 520; 2; 1; 640
745; 498; 1; 2; 657
679; 616; 1; 2; 689
610; 517; 2; 1; 693
590; 715; 2; 1; 700
746; 588; 2; 1; 702
585; 617; 1; 2; 707
465; 632; 1; 2; 707
738; 636; 1; 2; 716
549; 590; 1; 2; 734
646; 509; 1; 2; 747
615; 733; 1; 2; 754
734; 595; 2; 1; 758
492; 591; 2; 1; 759
745; 680; 1; 2; 761
538; 749; 1; 2; 762
668; 688; 2; 1; 778
606; 715; 2; 1; 780
720; 601; 2; 1; 782
538; 449; 2; 1; 784
460; 679; 2; 1; 788
728; 752; 1; 2; 788
553; 618; 2; 1; 823
638; 740; 1; 2; 827
654; 482; 2; 1; 843
568; 666; 1; 2; 844
621; 530; 1; 2; 848
588; 472; 1; 2; 852
744; 729; 2; 1; 859
563; 629; 1; 2; 881
725; 698; 2; 1; 881
741; 674; 1; 2; 902
640; 464; 2; 1; 905
487; 700; 1; 2; 908
451; 468; 1; 2; 909
443; 527; 2; 1; 919
692; 619; 2; 1; 929
698; 630; 1; 2; 945
729; 499; 2; 1; 952
550; 651; 2; 1; 957
606; 704; 2; 1; 968
625; 607; 1; 2; 971
724; 694; 1; 2; 979
473; 578; 1; 2; 984
626; 629; 2; 1; 987
752; 549; 1; 2; 987
658; 642; 2; 1; 989
658; 655; 2; 1; 1012
673; 553; 2; 1; 1013
449; 598; 2; 1; 1032
553; 703; 1; 2; 1047
713; 730; 2; 1; 1047
469; 583; 1; 2; 1049
535; 571; 1; 2; 1057
454; 561; 1; 2; 1061
704; 690; 2; 1; 1073
30
10; 1; 40; 6056
17; 1; 22; 6768
4; 1; 29; 9196
28; 1; 11; 10032
9; 1; 32; 16155
23; 1; 33; 21114
7; 1; 2; 23777
29; 1; 18; 25860
11; 1; 36; 26611
21; 1; 24; 30481
5; 1; 32; 34563
1; 1; 41; 40861
0; 1; 1; 43285
13; 1; 35; 44122
2; 1; 46; 46409
18; 1; 29; 48473
24; 1; 41; 48785
15; 1; 20; 49706
16; 1; 18; 52895
8; 1; 18; 57383
14; 1; 42; 61684
3; 1; 14; 65895
27; 1; 9; 65917
26; 1; 28; 66268
20; 1; 45; 70110
19; 1; 9; 70489
6; 1; 34; 71147
12; 1; 24; 72264
22; 1; 3; 76145
25; 1; 22; 79445
