**** 978 ****
138
615; 649; 1; 2; 18
693; 458; 2; 1; 30
617; 455; 1; 2; 31
636; 701; 2; 1; 47
637; 632; 2; 1; 60
481; 474; 1; 2; 63
624; 546; 1; 2; 63
465; 730; 1; 2; 65
499; 743; 1; 2; 69
610; 466; 2; 1; 79
493; 725; 2; 1; 82
673; 540; 2; 1; 88
561; 739; 1; 2; 92
735; 555; 2; 1; 93
733; 570; 2; 1; 95
480; 710; 1; 2; 101
516; 532; 2; 1; 107
662; 472; 1; 2; 123
569; 513; 2; 1; 143
601; 614; 1; 2; 156
595; 493; 1; 2; 187
458; 476; 2; 1; 188
550; 654; 2; 1; 195
713; 454; 1; 2; 195
600; 520; 1; 2; 199
725; 655; 1; 2; 199
702; 733; 2; 1; 207
737; 449; 1; 2; 210
603; 525; 2; 1; 211
660; 496; 2; 1; 219
626; 553; 2; 1; 237
607; 642; 2; 1; 257
675; 557; 2; 1; 263
620; 657; 2; 1; 284
753; 644; 2; 1; 303
642; 682; 1; 2; 306
447; 548; 2; 1; 308
496; 490; 1; 2; 308
686; 689; 1; 2; 310
508; 560; 2; 1; 317
463; 720; 2; 1; 328
531; 497; 1; 2; 342
545; 519; 2; 1; 349
646; 551; 1; 2; 358
501; 596; 1; 2; 368
715; 715; 1; 2; 389
715; 449; 1; 2; 392
558; 706; 2; 1; 396
627; 658; 1; 2; 397
529; 726; 2; 1; 406
685; 674; 2; 1; 413
616; 635; 2; 1; 426
619; 515; 1; 2; 428
655; 457; 1; 2; 439
498; 676; 2; 1; 457
606; 458; 1; 2; 457
669; 494; 2; 1; 458
478; 738; 2; 1; 459
634; 747; 2; 1; 460
702; 492; 2; 1; 472
505; 728; 2; 1; 488
608; 711; 1; 2; 489
458; 475; 2; 1; 500
531; 716; 1; 2; 500
510; 487; 2; 1; 510
704; 542; 2; 1; 517
721; 644; 1; 2; 518
618; 489; 2; 1; 521
611; 585; 2; 1; 527
453; 496; 2; 1; 535
527; 553; 2; 1; 538
517; 705; 1; 2; 538
705; 688; 1; 2; 546
523; 698; 1; 2; 548
628; 455; 1; 2; 552
568; 456; 2; 1; 565
500; 604; 2; 1; 569
531; 489; 2; 1; 573
468; 646; 1; 2; 576
463; 519; 2; 1; 581
706; 613; 1; 2; 582
736; 474; 1; 2; 588
625; 446; 1; 2; 592
661; 683; 1; 2; 609
605; 729; 1; 2; 618
455; 589; 2; 1; 626
484; 544; 2; 1; 627
619; 670; 2; 1; 632
612; 586; 2; 1; 636
576; 443; 1; 2; 639
726; 677; 2; 1; 661
623; 460; 1; 2; 663
736; 536; 2; 1; 666
545; 641; 2; 1; 668
711; 665; 1; 2; 682
742; 614; 2; 1; 688
490; 594; 1; 2; 694
441; 707; 2; 1; 695
583; 600; 2; 1; 703
579; 585; 2; 1; 720
557; 515; 1; 2; 722
575; 716; 2; 1; 733
669; 479; 1; 2; 769
503; 499; 2; 1; 775
590; 611; 2; 1; 783
726; 733; 2; 1; 783
480; 648; 1; 2; 786
689; 630; 1; 2; 802
630; 735; 2; 1; 832
715; 593; 2; 1; 832
456; 481; 2; 1; 837
599; 523; 1; 2; 867
583; 663; 1; 2; 906
562; 631; 1; 2; 910
540; 670; 2; 1; 916
702; 681; 2; 1; 917
598; 623; 2; 1; 937
604; 646; 2; 1; 952
465; 448; 2; 1; 952
451; 622; 1; 2; 968
579; 653; 2; 1; 972
743; 590; 1; 2; 974
467; 705; 2; 1; 987
570; 539; 2; 1; 1001
719; 519; 2; 1; 1006
703; 537; 2; 1; 1009
752; 556; 2; 1; 1010
618; 682; 1; 2; 1019
493; 625; 2; 1; 1019
492; 665; 2; 1; 1031
670; 512; 1; 2; 1038
494; 727; 1; 2; 1048
566; 509; 2; 1; 1053
562; 537; 2; 1; 1059
723; 526; 1; 2; 1066
508; 511; 2; 1; 1067
528; 527; 2; 1; 1070
701; 547; 1; 2; 1073
30
1; 1; 12; 3452
13; 1; 9; 5411
4; 1; 8; 7065
0; 1; 19; 8418
12; 1; 47; 9004
18; 1; 14; 10971
19; 1; 23; 11086
27; 1; 9; 12531
10; 1; 20; 17999
11; 1; 28; 19299
5; 1; 22; 23176
28; 1; 25; 28007
25; 1; 49; 28776
6; 1; 47; 29334
24; 1; 6; 32975
14; 1; 47; 39512
26; 1; 21; 42371
17; 1; 10; 44773
16; 1; 24; 48727
2; 1; 20; 57387
15; 1; 23; 62821
21; 1; 35; 62857
22; 1; 20; 65262
20; 1; 4; 65789
9; 1; 23; 72136
23; 1; 44; 72780
3; 1; 34; 76634
7; 1; 7; 76768
8; 1; 28; 80854
29; 1; 33; 80892
