**** 979 ****
139
676; 681; 2; 1; 5
522; 467; 2; 1; 12
530; 747; 1; 2; 19
473; 701; 1; 2; 22
571; 583; 1; 2; 33
607; 558; 1; 2; 37
657; 542; 2; 1; 38
614; 722; 2; 1; 42
557; 680; 1; 2; 43
455; 454; 2; 1; 44
637; 530; 1; 2; 46
537; 622; 1; 2; 48
524; 701; 2; 1; 61
473; 530; 1; 2; 61
502; 599; 1; 2; 73
518; 590; 2; 1; 73
698; 679; 1; 2; 100
577; 583; 2; 1; 134
535; 471; 1; 2; 141
502; 655; 2; 1; 145
745; 723; 2; 1; 151
745; 710; 1; 2; 164
494; 675; 2; 1; 171
458; 684; 1; 2; 180
690; 494; 2; 1; 184
596; 628; 2; 1; 186
503; 702; 2; 1; 189
701; 540; 2; 1; 192
537; 639; 1; 2; 195
623; 742; 2; 1; 205
571; 662; 1; 2; 206
661; 665; 1; 2; 214
752; 462; 2; 1; 220
671; 724; 1; 2; 224
578; 546; 2; 1; 235
453; 756; 1; 2; 264
546; 751; 1; 2; 272
690; 616; 2; 1; 278
510; 568; 2; 1; 285
453; 631; 2; 1; 300
628; 623; 1; 2; 304
495; 549; 1; 2; 306
568; 693; 2; 1; 307
569; 758; 2; 1; 329
717; 484; 2; 1; 345
678; 622; 2; 1; 346
669; 756; 2; 1; 348
654; 484; 2; 1; 365
696; 635; 1; 2; 374
599; 454; 1; 2; 379
757; 723; 2; 1; 379
706; 471; 2; 1; 403
565; 588; 1; 2; 411
484; 740; 2; 1; 411
570; 737; 1; 2; 414
508; 623; 2; 1; 418
746; 492; 1; 2; 423
716; 679; 1; 2; 428
476; 461; 2; 1; 430
753; 667; 2; 1; 438
535; 744; 1; 2; 440
565; 649; 1; 2; 440
694; 507; 1; 2; 442
488; 552; 1; 2; 455
702; 666; 2; 1; 459
470; 464; 1; 2; 464
676; 750; 2; 1; 469
537; 518; 1; 2; 472
603; 723; 1; 2; 483
723; 568; 1; 2; 484
452; 680; 2; 1; 484
574; 681; 1; 2; 505
727; 559; 1; 2; 523
502; 515; 2; 1; 524
489; 554; 2; 1; 525
616; 686; 2; 1; 529
568; 491; 1; 2; 533
757; 640; 1; 2; 537
591; 636; 2; 1; 584
553; 639; 1; 2; 613
536; 606; 1; 2; 613
626; 550; 2; 1; 626
728; 728; 2; 1; 635
537; 526; 1; 2; 649
721; 526; 1; 2; 656
560; 510; 1; 2; 659
511; 574; 1; 2; 666
705; 677; 2; 1; 671
684; 747; 1; 2; 687
454; 574; 1; 2; 703
664; 679; 1; 2; 705
624; 464; 1; 2; 707
531; 739; 1; 2; 709
446; 458; 2; 1; 711
478; 528; 1; 2; 720
446; 535; 1; 2; 722
658; 640; 2; 1; 726
693; 526; 1; 2; 727
560; 645; 1; 2; 728
666; 723; 2; 1; 732
572; 550; 1; 2; 772
565; 681; 2; 1; 779
580; 627; 1; 2; 779
601; 711; 1; 2; 785
521; 718; 1; 2; 785
602; 675; 1; 2; 799
697; 724; 1; 2; 809
457; 668; 2; 1; 832
712; 662; 2; 1; 844
518; 757; 1; 2; 850
462; 531; 2; 1; 859
684; 547; 1; 2; 860
689; 595; 2; 1; 866
667; 486; 1; 2; 871
576; 692; 2; 1; 878
543; 551; 1; 2; 898
504; 492; 2; 1; 901
517; 704; 1; 2; 902
738; 601; 1; 2; 928
604; 745; 1; 2; 933
568; 508; 1; 2; 947
452; 546; 2; 1; 956
706; 622; 2; 1; 958
592; 691; 1; 2; 987
561; 461; 2; 1; 990
670; 585; 2; 1; 999
681; 683; 1; 2; 999
491; 692; 2; 1; 1000
560; 586; 1; 2; 1009
551; 613; 1; 2; 1025
601; 723; 2; 1; 1029
715; 654; 2; 1; 1033
660; 738; 1; 2; 1041
571; 657; 1; 2; 1042
664; 522; 2; 1; 1048
620; 496; 2; 1; 1057
630; 713; 1; 2; 1062
538; 640; 1; 2; 1064
747; 738; 2; 1; 1073
30
18; 1; 18; 428
5; 1; 7; 637
23; 1; 41; 3617
26; 1; 48; 6163
2; 1; 24; 10193
25; 1; 3; 11700
0; 1; 24; 12929
28; 1; 39; 17950
22; 1; 8; 19515
6; 1; 13; 19625
11; 1; 12; 21709
8; 1; 6; 23238
12; 1; 45; 23884
27; 1; 2; 26659
15; 1; 32; 29373
24; 1; 2; 38273
4; 1; 34; 42181
29; 1; 28; 42777
1; 1; 8; 43161
19; 1; 21; 46332
13; 1; 41; 46949
21; 1; 16; 66879
14; 1; 22; 71254
3; 1; 7; 73242
7; 1; 46; 74157
17; 1; 19; 75583
20; 1; 1; 76521
16; 1; 9; 76661
10; 1; 3; 76695
9; 1; 28; 78118
