**** 98 ****
58
79; 75; 2; 1; 2
83; 106; 1; 2; 10
81; 94; 1; 2; 16
78; 48; 2; 1; 29
62; 74; 1; 2; 29
75; 99; 1; 2; 30
90; 109; 2; 1; 33
112; 55; 1; 2; 37
70; 104; 2; 1; 38
52; 108; 1; 2; 41
110; 76; 1; 2; 43
55; 59; 2; 1; 47
98; 107; 1; 2; 53
86; 106; 1; 2; 55
65; 92; 2; 1; 60
87; 101; 2; 1; 64
103; 108; 1; 2; 70
106; 95; 1; 2; 76
54; 99; 1; 2; 76
101; 81; 2; 1; 77
93; 99; 1; 2; 82
71; 42; 1; 2; 82
42; 78; 2; 1; 83
57; 56; 2; 1; 84
47; 104; 1; 2; 91
56; 71; 2; 1; 92
43; 113; 2; 1; 93
56; 108; 2; 1; 93
54; 109; 1; 2; 98
42; 103; 1; 2; 110
100; 104; 1; 2; 111
83; 101; 2; 1; 114
54; 110; 2; 1; 117
87; 88; 1; 2; 124
107; 110; 1; 2; 132
65; 77; 2; 1; 138
83; 49; 1; 2; 139
47; 57; 1; 2; 139
113; 47; 1; 2; 141
80; 98; 1; 2; 145
74; 77; 1; 2; 146
55; 67; 1; 2; 154
108; 71; 2; 1; 159
98; 105; 1; 2; 165
51; 101; 2; 1; 172
54; 91; 2; 1; 180
53; 108; 1; 2; 181
88; 103; 2; 1; 181
109; 75; 1; 2; 182
104; 80; 2; 1; 183
68; 60; 2; 1; 186
113; 64; 2; 1; 188
101; 105; 1; 2; 188
89; 49; 2; 1; 189
44; 88; 1; 2; 192
112; 98; 1; 2; 193
52; 94; 1; 2; 193
111; 96; 1; 2; 196
14
13; 1; 38; 686
7; 1; 3; 966
8; 1; 30; 1170
5; 1; 21; 1775
2; 1; 45; 1818
9; 1; 7; 2346
12; 1; 28; 2441
11; 1; 26; 3336
0; 1; 10; 3371
1; 1; 44; 3882
4; 1; 6; 3930
3; 1; 45; 3964
6; 1; 15; 4261
10; 1; 2; 4365
