**** 980 ****
139
500; 449; 1; 2; 6
562; 693; 1; 2; 27
718; 618; 2; 1; 33
490; 699; 1; 2; 39
539; 479; 2; 1; 42
563; 756; 2; 1; 47
512; 474; 1; 2; 48
671; 447; 2; 1; 64
691; 591; 2; 1; 69
755; 691; 1; 2; 94
615; 696; 1; 2; 96
472; 579; 1; 2; 99
534; 636; 2; 1; 114
723; 622; 2; 1; 120
530; 517; 2; 1; 128
641; 551; 1; 2; 132
681; 651; 2; 1; 149
632; 648; 1; 2; 155
581; 472; 2; 1; 159
738; 590; 1; 2; 166
637; 716; 2; 1; 172
585; 591; 2; 1; 174
546; 520; 1; 2; 174
559; 666; 1; 2; 193
501; 595; 1; 2; 199
649; 734; 1; 2; 199
551; 627; 1; 2; 220
576; 560; 2; 1; 227
704; 738; 1; 2; 228
456; 529; 2; 1; 231
539; 548; 2; 1; 233
546; 694; 2; 1; 240
577; 447; 1; 2; 282
717; 574; 2; 1; 303
509; 503; 1; 2; 305
759; 479; 1; 2; 312
562; 502; 2; 1; 320
699; 482; 2; 1; 340
674; 534; 1; 2; 341
542; 636; 2; 1; 344
741; 756; 2; 1; 344
510; 455; 2; 1; 346
682; 672; 2; 1; 358
577; 639; 2; 1; 358
542; 492; 2; 1; 373
475; 492; 2; 1; 375
685; 539; 2; 1; 384
502; 704; 2; 1; 407
508; 760; 1; 2; 420
552; 569; 2; 1; 420
622; 691; 1; 2; 425
681; 684; 1; 2; 428
751; 760; 1; 2; 435
595; 737; 1; 2; 440
529; 544; 2; 1; 440
483; 492; 2; 1; 458
646; 683; 1; 2; 458
624; 747; 2; 1; 460
477; 638; 1; 2; 472
695; 500; 1; 2; 482
488; 734; 2; 1; 493
530; 563; 1; 2; 512
468; 670; 1; 2; 513
493; 542; 2; 1; 521
471; 671; 2; 1; 525
690; 587; 1; 2; 554
699; 540; 2; 1; 556
497; 547; 1; 2; 558
647; 596; 2; 1; 561
519; 455; 1; 2; 562
718; 600; 1; 2; 575
570; 703; 2; 1; 576
634; 476; 1; 2; 581
556; 464; 1; 2; 587
735; 702; 1; 2; 590
549; 709; 2; 1; 598
635; 681; 1; 2; 603
583; 600; 1; 2; 622
615; 453; 2; 1; 623
658; 728; 2; 1; 626
573; 698; 2; 1; 629
560; 533; 1; 2; 630
715; 672; 1; 2; 651
517; 517; 1; 2; 660
659; 725; 2; 1; 672
450; 473; 1; 2; 673
495; 527; 1; 2; 677
522; 580; 1; 2; 683
737; 746; 1; 2; 696
747; 544; 2; 1; 709
685; 609; 1; 2; 723
634; 618; 1; 2; 726
544; 507; 2; 1; 733
679; 694; 2; 1; 742
483; 707; 2; 1; 767
489; 580; 1; 2; 778
547; 596; 2; 1; 780
732; 461; 2; 1; 786
604; 609; 1; 2; 794
512; 727; 1; 2; 796
514; 463; 1; 2; 799
650; 539; 1; 2; 803
734; 499; 1; 2; 808
584; 606; 2; 1; 812
539; 734; 1; 2; 826
519; 712; 2; 1; 839
760; 601; 1; 2; 843
761; 570; 1; 2; 857
710; 728; 2; 1; 861
621; 588; 2; 1; 891
496; 706; 2; 1; 896
595; 584; 1; 2; 898
494; 585; 1; 2; 928
545; 552; 2; 1; 928
516; 636; 2; 1; 935
481; 737; 2; 1; 937
656; 493; 1; 2; 947
658; 690; 2; 1; 947
645; 484; 1; 2; 956
572; 599; 2; 1; 967
730; 689; 1; 2; 975
509; 688; 1; 2; 975
601; 648; 2; 1; 978
705; 500; 2; 1; 986
586; 484; 1; 2; 988
733; 512; 1; 2; 989
639; 525; 2; 1; 992
753; 532; 2; 1; 994
636; 669; 1; 2; 1014
517; 515; 1; 2; 1015
477; 449; 2; 1; 1038
706; 665; 1; 2; 1039
638; 723; 2; 1; 1045
533; 449; 2; 1; 1045
629; 716; 2; 1; 1046
579; 560; 1; 2; 1057
503; 492; 2; 1; 1058
459; 682; 1; 2; 1063
495; 664; 2; 1; 1078
30
22; 1; 14; 348
1; 1; 47; 3019
3; 1; 5; 6319
15; 1; 46; 7320
18; 1; 43; 13111
19; 1; 37; 13852
7; 1; 31; 21142
16; 1; 44; 26718
21; 1; 28; 32270
4; 1; 28; 32999
17; 1; 31; 34289
9; 1; 43; 35758
20; 1; 3; 39026
8; 1; 18; 39508
29; 1; 1; 40782
24; 1; 22; 46102
10; 1; 34; 50004
6; 1; 14; 52060
13; 1; 21; 52206
26; 1; 33; 52814
25; 1; 46; 55171
12; 1; 6; 58404
23; 1; 30; 60841
2; 1; 8; 66747
28; 1; 14; 70282
5; 1; 10; 75764
11; 1; 7; 75977
14; 1; 1; 80178
0; 1; 40; 81288
27; 1; 2; 83330
