**** 981 ****
139
680; 597; 1; 2; 1
481; 721; 1; 2; 19
723; 534; 1; 2; 19
596; 665; 2; 1; 20
689; 538; 2; 1; 36
580; 545; 1; 2; 47
510; 562; 2; 1; 50
679; 528; 1; 2; 52
626; 456; 2; 1; 55
690; 471; 1; 2; 58
578; 731; 2; 1; 69
506; 676; 2; 1; 71
753; 740; 1; 2; 73
681; 558; 2; 1; 74
451; 616; 1; 2; 78
517; 722; 2; 1; 82
607; 502; 1; 2; 88
743; 563; 1; 2; 90
585; 662; 2; 1; 98
616; 655; 1; 2; 107
600; 733; 1; 2; 107
666; 614; 2; 1; 136
592; 563; 2; 1; 151
644; 728; 1; 2; 160
685; 676; 2; 1; 164
640; 644; 2; 1; 169
525; 544; 1; 2; 170
683; 633; 1; 2; 171
534; 554; 2; 1; 176
759; 530; 2; 1; 178
472; 742; 1; 2; 183
760; 661; 2; 1; 185
534; 540; 2; 1; 188
489; 746; 2; 1; 195
459; 493; 1; 2; 197
507; 611; 2; 1; 203
621; 537; 2; 1; 205
707; 494; 1; 2; 206
468; 534; 2; 1; 207
522; 743; 2; 1; 211
648; 568; 1; 2; 217
526; 499; 1; 2; 239
726; 567; 1; 2; 240
720; 674; 2; 1; 266
672; 593; 1; 2; 271
716; 543; 1; 2; 277
677; 716; 1; 2; 286
518; 569; 1; 2; 289
716; 705; 1; 2; 291
704; 588; 1; 2; 297
569; 586; 2; 1; 299
735; 587; 1; 2; 301
672; 671; 1; 2; 315
632; 645; 2; 1; 316
596; 493; 2; 1; 328
601; 529; 1; 2; 333
754; 484; 2; 1; 348
680; 730; 1; 2; 365
456; 666; 1; 2; 377
562; 734; 1; 2; 380
582; 752; 2; 1; 380
620; 696; 1; 2; 390
679; 504; 2; 1; 413
504; 606; 2; 1; 421
671; 642; 2; 1; 430
473; 736; 1; 2; 442
669; 691; 1; 2; 491
682; 759; 2; 1; 492
533; 699; 2; 1; 498
461; 740; 1; 2; 500
601; 686; 2; 1; 502
664; 622; 2; 1; 503
695; 471; 2; 1; 507
685; 569; 1; 2; 518
710; 630; 1; 2; 520
663; 483; 2; 1; 524
474; 702; 2; 1; 525
658; 549; 2; 1; 530
637; 562; 1; 2; 536
502; 718; 2; 1; 544
603; 507; 2; 1; 548
742; 521; 1; 2; 554
508; 485; 2; 1; 557
659; 529; 1; 2; 558
474; 747; 1; 2; 563
569; 639; 1; 2; 566
478; 616; 2; 1; 570
450; 622; 2; 1; 584
576; 579; 1; 2; 595
679; 616; 1; 2; 595
464; 480; 1; 2; 603
608; 711; 1; 2; 616
561; 545; 1; 2; 625
559; 551; 2; 1; 632
569; 702; 1; 2; 641
597; 452; 2; 1; 643
502; 676; 1; 2; 656
522; 658; 2; 1; 672
701; 528; 1; 2; 678
619; 473; 2; 1; 692
722; 453; 1; 2; 700
587; 502; 2; 1; 700
587; 552; 2; 1; 721
684; 543; 1; 2; 738
512; 491; 1; 2; 769
536; 678; 2; 1; 774
737; 743; 1; 2; 789
601; 724; 2; 1; 798
539; 570; 2; 1; 833
497; 689; 2; 1; 838
489; 541; 1; 2; 843
481; 582; 2; 1; 844
681; 732; 2; 1; 856
686; 727; 1; 2; 866
515; 617; 1; 2; 877
533; 518; 2; 1; 887
722; 462; 2; 1; 903
518; 631; 1; 2; 905
549; 745; 1; 2; 929
451; 460; 1; 2; 943
670; 730; 2; 1; 943
473; 594; 2; 1; 953
727; 522; 2; 1; 960
581; 447; 2; 1; 972
558; 562; 1; 2; 979
523; 716; 1; 2; 983
514; 536; 2; 1; 989
651; 646; 2; 1; 997
612; 749; 1; 2; 998
687; 626; 1; 2; 1001
471; 480; 1; 2; 1019
545; 576; 1; 2; 1019
446; 540; 2; 1; 1021
488; 643; 1; 2; 1024
499; 650; 2; 1; 1026
597; 622; 1; 2; 1032
694; 463; 2; 1; 1039
562; 740; 1; 2; 1045
462; 503; 2; 1; 1059
30
5; 1; 20; 191
25; 1; 1; 768
28; 1; 29; 2207
19; 1; 23; 6861
6; 1; 17; 11939
0; 1; 41; 13991
21; 1; 36; 18916
10; 1; 29; 22675
7; 1; 43; 23147
9; 1; 16; 26603
23; 1; 22; 28016
20; 1; 48; 31540
26; 1; 22; 33769
22; 1; 11; 36868
8; 1; 17; 40394
4; 1; 19; 42497
29; 1; 15; 45990
18; 1; 37; 46635
11; 1; 10; 48738
16; 1; 45; 53059
12; 1; 28; 58136
14; 1; 24; 61038
2; 1; 29; 61206
27; 1; 22; 64141
13; 1; 23; 66251
24; 1; 25; 67507
1; 1; 21; 72475
17; 1; 4; 79086
15; 1; 48; 82392
3; 1; 11; 83095
