**** 982 ****
139
537; 525; 2; 1; 15
656; 453; 1; 2; 16
735; 529; 1; 2; 24
525; 588; 2; 1; 31
561; 585; 1; 2; 41
536; 560; 1; 2; 47
678; 547; 2; 1; 47
518; 689; 2; 1; 47
620; 665; 2; 1; 56
606; 469; 1; 2; 56
748; 632; 2; 1; 58
674; 675; 2; 1; 66
710; 535; 2; 1; 67
683; 635; 2; 1; 75
751; 572; 2; 1; 80
630; 706; 1; 2; 84
530; 523; 1; 2; 85
739; 521; 1; 2; 107
699; 536; 2; 1; 113
693; 671; 2; 1; 125
530; 717; 1; 2; 126
475; 514; 2; 1; 155
465; 745; 1; 2; 166
685; 646; 2; 1; 171
671; 542; 1; 2; 179
627; 661; 1; 2; 205
622; 537; 2; 1; 215
680; 562; 2; 1; 228
519; 685; 2; 1; 237
503; 609; 1; 2; 251
629; 565; 1; 2; 253
716; 679; 1; 2; 256
700; 498; 1; 2; 258
548; 509; 2; 1; 261
757; 724; 2; 1; 285
671; 527; 2; 1; 287
504; 686; 2; 1; 334
459; 599; 2; 1; 336
471; 656; 1; 2; 338
676; 475; 1; 2; 340
728; 449; 1; 2; 343
650; 490; 2; 1; 346
720; 555; 2; 1; 360
511; 735; 2; 1; 366
709; 490; 1; 2; 372
737; 746; 1; 2; 378
482; 516; 1; 2; 381
455; 509; 1; 2; 381
585; 579; 2; 1; 392
748; 459; 2; 1; 392
510; 489; 2; 1; 403
672; 460; 2; 1; 409
661; 648; 1; 2; 439
469; 521; 1; 2; 443
639; 720; 2; 1; 450
735; 469; 2; 1; 462
702; 635; 2; 1; 462
521; 462; 2; 1; 464
508; 463; 2; 1; 465
666; 755; 2; 1; 465
729; 531; 2; 1; 468
522; 502; 2; 1; 473
686; 647; 2; 1; 473
734; 567; 1; 2; 486
616; 541; 1; 2; 500
475; 753; 2; 1; 515
602; 531; 2; 1; 516
671; 654; 1; 2; 517
662; 500; 1; 2; 524
743; 447; 1; 2; 527
682; 617; 2; 1; 528
703; 593; 2; 1; 546
458; 482; 1; 2; 567
651; 606; 2; 1; 568
578; 712; 2; 1; 573
731; 604; 1; 2; 574
728; 550; 1; 2; 577
493; 685; 1; 2; 593
711; 515; 2; 1; 606
525; 706; 2; 1; 619
528; 743; 2; 1; 625
536; 649; 2; 1; 634
592; 578; 1; 2; 640
485; 475; 2; 1; 652
630; 602; 1; 2; 663
726; 461; 1; 2; 664
742; 619; 2; 1; 667
448; 493; 1; 2; 692
526; 665; 2; 1; 702
737; 714; 2; 1; 705
566; 489; 1; 2; 707
760; 505; 2; 1; 716
615; 561; 2; 1; 718
637; 760; 2; 1; 720
525; 584; 2; 1; 724
565; 480; 2; 1; 726
715; 507; 2; 1; 729
558; 746; 2; 1; 730
631; 645; 2; 1; 734
742; 452; 2; 1; 742
532; 476; 1; 2; 744
642; 529; 2; 1; 773
670; 610; 1; 2; 777
601; 487; 2; 1; 784
737; 584; 1; 2; 789
611; 448; 1; 2; 798
614; 466; 1; 2; 815
548; 747; 1; 2; 818
608; 755; 2; 1; 820
574; 565; 1; 2; 822
496; 693; 1; 2; 823
711; 699; 2; 1; 828
508; 757; 2; 1; 830
463; 691; 1; 2; 840
577; 631; 1; 2; 843
654; 500; 1; 2; 854
761; 712; 1; 2; 899
608; 542; 1; 2; 901
688; 741; 1; 2; 906
687; 692; 1; 2; 910
645; 700; 1; 2; 911
451; 532; 1; 2; 916
542; 711; 1; 2; 943
527; 751; 1; 2; 961
460; 641; 1; 2; 1002
634; 530; 1; 2; 1012
538; 631; 1; 2; 1022
513; 658; 2; 1; 1027
448; 497; 2; 1; 1031
477; 560; 1; 2; 1031
617; 722; 1; 2; 1036
636; 578; 1; 2; 1038
679; 587; 1; 2; 1048
568; 576; 2; 1; 1051
525; 537; 2; 1; 1054
600; 513; 2; 1; 1056
587; 633; 2; 1; 1065
449; 532; 1; 2; 1069
599; 647; 2; 1; 1074
30
1; 1; 21; 1255
17; 1; 3; 4275
19; 1; 32; 7058
13; 1; 29; 7750
29; 1; 10; 18885
27; 1; 36; 19518
8; 1; 47; 19986
10; 1; 8; 25143
28; 1; 29; 27877
18; 1; 8; 32244
26; 1; 27; 35616
7; 1; 25; 36623
22; 1; 1; 40683
6; 1; 48; 45114
3; 1; 26; 49772
4; 1; 39; 49905
12; 1; 27; 51982
21; 1; 22; 53580
25; 1; 42; 57930
24; 1; 21; 66371
11; 1; 35; 69979
16; 1; 22; 71404
9; 1; 25; 72865
5; 1; 42; 73378
2; 1; 26; 75956
0; 1; 2; 78053
14; 1; 37; 78725
15; 1; 37; 79814
20; 1; 18; 80148
23; 1; 35; 82315
