**** 983 ****
139
689; 460; 2; 1; 1
490; 602; 1; 2; 22
482; 452; 2; 1; 32
695; 592; 1; 2; 34
527; 655; 1; 2; 38
627; 474; 2; 1; 51
515; 519; 1; 2; 51
640; 619; 1; 2; 61
458; 613; 1; 2; 64
753; 564; 1; 2; 76
707; 613; 1; 2; 86
587; 645; 2; 1; 102
636; 501; 2; 1; 106
547; 752; 2; 1; 117
725; 661; 1; 2; 127
736; 664; 1; 2; 144
574; 587; 1; 2; 144
668; 665; 2; 1; 146
696; 687; 2; 1; 149
633; 686; 1; 2; 150
708; 703; 2; 1; 163
749; 716; 1; 2; 164
598; 567; 1; 2; 170
639; 552; 2; 1; 174
632; 745; 2; 1; 192
738; 494; 2; 1; 198
746; 691; 2; 1; 200
661; 635; 2; 1; 200
729; 544; 1; 2; 203
545; 667; 1; 2; 214
611; 673; 1; 2; 217
676; 474; 1; 2; 231
655; 463; 1; 2; 233
450; 713; 1; 2; 242
760; 661; 1; 2; 247
483; 532; 2; 1; 257
670; 666; 1; 2; 260
502; 717; 2; 1; 260
587; 644; 2; 1; 275
761; 507; 1; 2; 277
718; 633; 1; 2; 277
653; 758; 2; 1; 279
662; 570; 1; 2; 284
481; 489; 2; 1; 300
456; 727; 1; 2; 317
586; 511; 2; 1; 324
606; 749; 1; 2; 332
644; 761; 2; 1; 336
667; 467; 1; 2; 337
536; 727; 2; 1; 341
669; 478; 2; 1; 349
717; 703; 2; 1; 357
620; 537; 1; 2; 359
651; 695; 2; 1; 362
507; 465; 2; 1; 363
560; 664; 2; 1; 371
736; 639; 1; 2; 377
503; 453; 1; 2; 386
747; 704; 2; 1; 388
577; 596; 2; 1; 393
552; 622; 2; 1; 402
729; 643; 1; 2; 404
498; 652; 1; 2; 406
735; 735; 1; 2; 410
558; 456; 1; 2; 427
616; 598; 1; 2; 427
744; 671; 1; 2; 427
528; 502; 1; 2; 449
591; 622; 2; 1; 454
565; 468; 1; 2; 472
722; 483; 1; 2; 484
611; 551; 1; 2; 484
617; 460; 1; 2; 503
721; 623; 2; 1; 509
460; 705; 1; 2; 538
485; 677; 1; 2; 550
626; 552; 2; 1; 550
630; 611; 2; 1; 554
575; 642; 1; 2; 563
481; 642; 2; 1; 578
658; 526; 1; 2; 584
588; 561; 1; 2; 589
682; 504; 2; 1; 649
454; 526; 1; 2; 653
601; 728; 1; 2; 661
526; 563; 1; 2; 661
453; 447; 1; 2; 664
596; 478; 2; 1; 676
467; 738; 2; 1; 687
699; 713; 1; 2; 693
615; 752; 2; 1; 696
741; 585; 1; 2; 697
547; 584; 1; 2; 699
618; 676; 1; 2; 708
672; 690; 1; 2; 715
709; 559; 2; 1; 733
451; 709; 2; 1; 743
482; 658; 2; 1; 747
577; 446; 1; 2; 747
494; 464; 2; 1; 759
702; 701; 1; 2; 772
460; 645; 1; 2; 779
601; 503; 2; 1; 780
637; 485; 1; 2; 797
535; 749; 1; 2; 806
488; 623; 2; 1; 809
500; 465; 2; 1; 813
653; 754; 2; 1; 827
574; 716; 1; 2; 828
456; 736; 1; 2; 831
759; 461; 2; 1; 838
503; 724; 1; 2; 846
454; 747; 2; 1; 848
459; 512; 2; 1; 866
624; 497; 2; 1; 867
678; 634; 2; 1; 881
696; 710; 2; 1; 884
503; 558; 2; 1; 890
544; 572; 2; 1; 897
734; 491; 1; 2; 898
678; 525; 1; 2; 915
505; 577; 2; 1; 924
519; 524; 2; 1; 925
469; 740; 2; 1; 930
472; 759; 1; 2; 943
591; 745; 1; 2; 950
671; 746; 1; 2; 955
712; 734; 1; 2; 958
554; 691; 2; 1; 969
754; 500; 2; 1; 970
759; 614; 1; 2; 982
565; 722; 2; 1; 991
662; 675; 1; 2; 1020
556; 598; 2; 1; 1020
702; 759; 2; 1; 1040
665; 678; 2; 1; 1045
721; 613; 2; 1; 1057
579; 473; 1; 2; 1069
732; 446; 2; 1; 1078
30
19; 1; 26; 1339
15; 1; 40; 1613
25; 1; 44; 5369
4; 1; 36; 5708
13; 1; 9; 10882
0; 1; 47; 24054
14; 1; 31; 25471
24; 1; 43; 29047
2; 1; 28; 29816
9; 1; 11; 30791
22; 1; 36; 36866
27; 1; 24; 37010
3; 1; 32; 37687
8; 1; 44; 37985
16; 1; 32; 40083
11; 1; 47; 43603
17; 1; 33; 45585
28; 1; 32; 45626
5; 1; 32; 47097
21; 1; 39; 53609
20; 1; 14; 53964
6; 1; 3; 54699
26; 1; 30; 56218
7; 1; 12; 66173
1; 1; 26; 69172
23; 1; 40; 71914
12; 1; 11; 75428
10; 1; 31; 79649
29; 1; 46; 84082
18; 1; 9; 84435
