**** 984 ****
139
556; 577; 1; 2; 12
555; 490; 1; 2; 17
573; 676; 2; 1; 27
752; 600; 2; 1; 27
709; 645; 2; 1; 34
721; 688; 1; 2; 40
461; 449; 1; 2; 45
458; 730; 1; 2; 46
575; 470; 2; 1; 48
678; 507; 1; 2; 52
519; 609; 2; 1; 52
712; 699; 2; 1; 56
477; 582; 1; 2; 59
480; 740; 2; 1; 75
446; 459; 2; 1; 88
525; 659; 2; 1; 92
624; 496; 1; 2; 101
552; 664; 2; 1; 101
480; 489; 1; 2; 102
594; 619; 1; 2; 103
510; 527; 1; 2; 104
701; 534; 2; 1; 105
596; 662; 2; 1; 110
541; 588; 1; 2; 114
718; 719; 2; 1; 131
576; 681; 1; 2; 155
456; 631; 1; 2; 162
677; 613; 1; 2; 176
514; 739; 2; 1; 191
698; 461; 1; 2; 192
625; 541; 1; 2; 196
702; 667; 2; 1; 214
500; 478; 1; 2; 241
536; 698; 2; 1; 247
630; 495; 1; 2; 247
749; 717; 2; 1; 259
578; 635; 2; 1; 278
604; 577; 1; 2; 286
573; 632; 2; 1; 288
634; 474; 1; 2; 292
631; 549; 1; 2; 293
533; 501; 1; 2; 299
705; 639; 2; 1; 302
604; 706; 1; 2; 303
716; 619; 2; 1; 309
452; 601; 2; 1; 321
705; 616; 2; 1; 327
545; 503; 2; 1; 335
708; 715; 2; 1; 348
742; 453; 1; 2; 351
700; 611; 2; 1; 357
638; 464; 1; 2; 364
734; 711; 1; 2; 376
634; 686; 1; 2; 376
496; 541; 1; 2; 380
670; 758; 1; 2; 384
524; 661; 1; 2; 387
607; 449; 2; 1; 392
578; 738; 1; 2; 393
643; 545; 1; 2; 442
509; 627; 2; 1; 442
577; 609; 2; 1; 449
719; 756; 2; 1; 454
737; 740; 2; 1; 461
696; 751; 1; 2; 483
476; 534; 1; 2; 484
530; 599; 1; 2; 487
511; 554; 2; 1; 491
517; 542; 2; 1; 492
495; 715; 2; 1; 494
478; 591; 1; 2; 503
679; 614; 2; 1; 503
731; 563; 1; 2; 536
613; 673; 1; 2; 536
534; 548; 1; 2; 540
632; 652; 2; 1; 561
652; 670; 2; 1; 573
492; 576; 1; 2; 573
668; 723; 2; 1; 581
494; 743; 1; 2; 608
655; 724; 2; 1; 624
451; 517; 2; 1; 632
668; 503; 2; 1; 635
577; 569; 2; 1; 674
589; 550; 1; 2; 684
502; 494; 2; 1; 697
452; 553; 2; 1; 709
536; 584; 2; 1; 714
707; 695; 1; 2; 740
761; 680; 1; 2; 741
675; 687; 1; 2; 742
675; 654; 1; 2; 742
563; 757; 2; 1; 742
574; 508; 2; 1; 770
488; 484; 1; 2; 774
751; 569; 2; 1; 783
703; 497; 2; 1; 804
557; 653; 2; 1; 817
564; 499; 1; 2; 833
711; 761; 2; 1; 838
537; 752; 1; 2; 839
637; 553; 1; 2; 842
562; 679; 2; 1; 845
507; 749; 1; 2; 846
630; 751; 2; 1; 856
646; 711; 2; 1; 857
713; 721; 2; 1; 874
728; 609; 1; 2; 883
721; 510; 1; 2; 891
469; 587; 1; 2; 893
545; 515; 2; 1; 900
505; 465; 1; 2; 903
752; 571; 2; 1; 908
485; 566; 2; 1; 912
627; 457; 1; 2; 916
458; 461; 1; 2; 916
557; 542; 2; 1; 921
631; 540; 2; 1; 923
492; 717; 2; 1; 939
527; 686; 2; 1; 941
672; 700; 1; 2; 951
714; 598; 1; 2; 956
486; 451; 2; 1; 956
572; 552; 2; 1; 959
491; 456; 2; 1; 964
541; 605; 1; 2; 972
539; 752; 1; 2; 980
561; 504; 1; 2; 981
718; 691; 2; 1; 987
492; 721; 2; 1; 987
648; 523; 2; 1; 998
468; 533; 2; 1; 1016
600; 556; 2; 1; 1028
548; 601; 2; 1; 1034
729; 525; 1; 2; 1047
631; 556; 2; 1; 1047
702; 750; 2; 1; 1062
565; 749; 1; 2; 1072
713; 476; 1; 2; 1082
30
2; 1; 8; 1132
4; 1; 28; 9039
1; 1; 10; 10817
15; 1; 22; 12640
23; 1; 6; 17545
22; 1; 22; 19537
24; 1; 44; 23104
6; 1; 21; 24028
13; 1; 16; 26478
26; 1; 12; 29105
14; 1; 44; 30087
0; 1; 48; 30221
18; 1; 48; 30890
3; 1; 16; 35366
10; 1; 10; 35436
17; 1; 19; 38744
9; 1; 22; 46168
25; 1; 7; 47002
16; 1; 13; 47070
8; 1; 15; 52177
21; 1; 5; 54479
20; 1; 30; 61610
29; 1; 14; 68855
27; 1; 35; 72775
7; 1; 14; 73497
5; 1; 33; 75169
12; 1; 20; 75937
11; 1; 1; 76008
19; 1; 28; 77534
28; 1; 39; 81707
