**** 985 ****
139
581; 552; 2; 1; 4
660; 619; 2; 1; 6
512; 732; 2; 1; 7
704; 673; 1; 2; 7
597; 547; 2; 1; 16
580; 465; 1; 2; 17
669; 452; 2; 1; 20
599; 676; 1; 2; 31
473; 760; 2; 1; 43
578; 568; 2; 1; 53
597; 560; 2; 1; 55
462; 481; 2; 1; 60
598; 740; 2; 1; 68
746; 712; 1; 2; 80
603; 587; 2; 1; 103
718; 744; 1; 2; 114
485; 500; 2; 1; 121
678; 512; 1; 2; 153
452; 688; 2; 1; 164
727; 722; 1; 2; 168
619; 720; 2; 1; 175
672; 508; 2; 1; 196
656; 587; 2; 1; 216
721; 696; 1; 2; 252
457; 613; 2; 1; 276
578; 501; 1; 2; 278
455; 633; 1; 2; 281
635; 657; 2; 1; 283
644; 556; 2; 1; 304
586; 735; 1; 2; 319
702; 710; 2; 1; 320
751; 709; 2; 1; 346
685; 630; 1; 2; 347
559; 753; 1; 2; 349
638; 461; 1; 2; 350
468; 486; 1; 2; 362
717; 629; 2; 1; 370
658; 592; 1; 2; 379
749; 555; 1; 2; 380
492; 622; 2; 1; 382
526; 580; 2; 1; 384
759; 535; 1; 2; 385
714; 622; 2; 1; 391
637; 747; 2; 1; 394
574; 690; 1; 2; 397
622; 527; 2; 1; 401
733; 496; 1; 2; 427
583; 467; 1; 2; 444
724; 529; 1; 2; 449
465; 740; 1; 2; 453
761; 738; 1; 2; 472
545; 519; 1; 2; 480
496; 684; 1; 2; 482
528; 750; 2; 1; 483
641; 527; 2; 1; 498
619; 674; 2; 1; 501
644; 701; 2; 1; 511
548; 666; 2; 1; 519
607; 450; 2; 1; 522
483; 569; 1; 2; 535
457; 721; 1; 2; 539
634; 644; 2; 1; 554
480; 658; 2; 1; 561
656; 692; 2; 1; 567
693; 462; 2; 1; 572
712; 538; 1; 2; 584
460; 472; 1; 2; 594
753; 677; 2; 1; 595
536; 530; 2; 1; 597
714; 670; 1; 2; 603
658; 621; 2; 1; 604
651; 624; 2; 1; 614
633; 637; 2; 1; 616
577; 472; 1; 2; 616
558; 500; 1; 2; 619
530; 521; 1; 2; 624
757; 728; 2; 1; 626
503; 756; 1; 2; 630
591; 573; 1; 2; 633
680; 750; 1; 2; 641
693; 645; 2; 1; 644
661; 652; 2; 1; 653
696; 497; 1; 2; 659
522; 485; 1; 2; 677
569; 475; 1; 2; 682
703; 726; 2; 1; 683
707; 602; 1; 2; 689
605; 760; 1; 2; 697
493; 587; 1; 2; 711
488; 542; 1; 2; 720
448; 684; 2; 1; 733
534; 626; 2; 1; 737
594; 630; 2; 1; 739
716; 571; 2; 1; 740
481; 697; 1; 2; 742
641; 737; 1; 2; 743
471; 540; 2; 1; 744
744; 537; 2; 1; 748
633; 546; 2; 1; 752
561; 633; 2; 1; 759
554; 744; 2; 1; 760
755; 720; 1; 2; 761
575; 631; 2; 1; 773
608; 699; 2; 1; 774
512; 631; 2; 1; 808
554; 744; 1; 2; 817
673; 577; 2; 1; 824
507; 665; 1; 2; 831
521; 577; 2; 1; 832
666; 563; 2; 1; 837
604; 622; 1; 2; 839
528; 690; 2; 1; 853
637; 706; 2; 1; 867
474; 605; 2; 1; 874
473; 611; 2; 1; 875
668; 571; 2; 1; 912
683; 673; 1; 2; 916
478; 735; 1; 2; 930
489; 565; 2; 1; 931
503; 548; 1; 2; 936
492; 447; 2; 1; 941
662; 570; 1; 2; 950
728; 699; 1; 2; 953
555; 623; 1; 2; 958
485; 628; 1; 2; 984
732; 496; 1; 2; 986
541; 456; 2; 1; 995
550; 589; 2; 1; 1003
657; 466; 2; 1; 1008
726; 649; 1; 2; 1026
747; 644; 1; 2; 1030
542; 541; 1; 2; 1030
668; 467; 2; 1; 1035
685; 491; 2; 1; 1038
703; 679; 1; 2; 1057
530; 579; 2; 1; 1071
635; 508; 1; 2; 1073
566; 649; 1; 2; 1075
489; 469; 2; 1; 1078
30
11; 1; 20; 16933
10; 1; 38; 19448
5; 1; 49; 20665
27; 1; 5; 24043
25; 1; 38; 25042
21; 1; 22; 26439
13; 1; 2; 27792
22; 1; 22; 31023
28; 1; 45; 31051
24; 1; 31; 38819
0; 1; 7; 39585
20; 1; 12; 41430
8; 1; 25; 44448
26; 1; 9; 44950
4; 1; 43; 45781
2; 1; 9; 46525
16; 1; 35; 47283
1; 1; 30; 57508
29; 1; 18; 58134
9; 1; 16; 59809
6; 1; 23; 61373
14; 1; 45; 61408
23; 1; 28; 62184
17; 1; 26; 63060
19; 1; 28; 66448
12; 1; 1; 71962
7; 1; 26; 74284
15; 1; 29; 74585
18; 1; 34; 79015
3; 1; 37; 81857
