**** 986 ****
139
649; 759; 2; 1; 12
666; 615; 2; 1; 13
456; 718; 2; 1; 16
494; 610; 1; 2; 31
722; 588; 1; 2; 35
723; 741; 1; 2; 47
495; 647; 2; 1; 59
634; 661; 1; 2; 65
717; 559; 1; 2; 87
580; 662; 2; 1; 106
684; 573; 1; 2; 108
721; 635; 1; 2; 111
519; 510; 1; 2; 116
656; 539; 1; 2; 118
579; 453; 2; 1; 123
729; 709; 2; 1; 125
517; 652; 2; 1; 126
479; 555; 2; 1; 131
656; 661; 2; 1; 136
690; 686; 2; 1; 144
666; 503; 2; 1; 144
667; 524; 2; 1; 144
702; 614; 2; 1; 150
629; 637; 1; 2; 158
589; 579; 2; 1; 164
691; 709; 1; 2; 174
705; 581; 2; 1; 186
576; 630; 1; 2; 190
681; 728; 1; 2; 191
729; 744; 2; 1; 197
532; 532; 1; 2; 218
598; 572; 2; 1; 229
720; 572; 2; 1; 237
702; 591; 2; 1; 245
679; 601; 1; 2; 247
494; 578; 1; 2; 249
482; 600; 1; 2; 249
739; 502; 2; 1; 278
707; 534; 2; 1; 279
733; 755; 2; 1; 280
448; 544; 1; 2; 284
533; 468; 2; 1; 298
677; 452; 1; 2; 300
606; 597; 1; 2; 310
648; 695; 1; 2; 314
636; 537; 2; 1; 320
657; 598; 2; 1; 321
478; 700; 2; 1; 325
683; 510; 1; 2; 333
492; 483; 1; 2; 347
620; 581; 2; 1; 356
614; 517; 1; 2; 367
650; 528; 1; 2; 404
741; 597; 1; 2; 413
633; 461; 2; 1; 414
548; 756; 1; 2; 431
735; 463; 2; 1; 433
521; 618; 1; 2; 435
653; 532; 1; 2; 439
650; 676; 2; 1; 444
670; 586; 2; 1; 461
522; 702; 1; 2; 463
488; 686; 1; 2; 463
716; 555; 1; 2; 477
508; 582; 2; 1; 482
677; 711; 1; 2; 487
510; 678; 2; 1; 489
598; 581; 1; 2; 508
593; 731; 1; 2; 521
503; 538; 2; 1; 538
754; 642; 2; 1; 546
471; 592; 2; 1; 546
672; 582; 1; 2; 561
591; 598; 1; 2; 570
525; 577; 1; 2; 584
494; 562; 2; 1; 589
561; 644; 2; 1; 593
553; 682; 2; 1; 594
592; 476; 2; 1; 602
583; 550; 2; 1; 606
523; 622; 1; 2; 612
686; 685; 1; 2; 612
662; 588; 1; 2; 613
735; 584; 1; 2; 614
623; 449; 1; 2; 615
538; 612; 1; 2; 631
696; 477; 2; 1; 640
525; 760; 2; 1; 646
618; 464; 1; 2; 648
708; 638; 2; 1; 676
697; 602; 1; 2; 680
570; 632; 1; 2; 683
483; 488; 1; 2; 691
468; 691; 2; 1; 698
676; 572; 1; 2; 700
488; 557; 2; 1; 704
722; 561; 2; 1; 709
499; 650; 1; 2; 716
745; 702; 2; 1; 725
534; 675; 2; 1; 731
461; 609; 2; 1; 742
682; 680; 2; 1; 743
533; 664; 1; 2; 747
454; 512; 2; 1; 753
558; 616; 1; 2; 756
553; 446; 1; 2; 757
522; 679; 1; 2; 764
559; 498; 2; 1; 778
674; 638; 2; 1; 805
715; 553; 2; 1; 829
484; 478; 2; 1; 839
741; 561; 1; 2; 842
682; 505; 2; 1; 844
576; 449; 2; 1; 852
673; 599; 2; 1; 869
568; 654; 2; 1; 875
628; 633; 1; 2; 890
749; 597; 2; 1; 890
668; 461; 1; 2; 907
452; 543; 1; 2; 912
646; 707; 1; 2; 918
735; 501; 2; 1; 919
760; 675; 2; 1; 921
606; 508; 2; 1; 925
703; 688; 2; 1; 929
537; 512; 1; 2; 931
666; 730; 1; 2; 932
556; 456; 2; 1; 932
629; 561; 1; 2; 955
710; 565; 2; 1; 964
605; 730; 2; 1; 970
565; 479; 2; 1; 972
661; 579; 1; 2; 974
715; 730; 2; 1; 977
644; 473; 1; 2; 981
568; 739; 2; 1; 989
671; 448; 1; 2; 1037
569; 584; 1; 2; 1052
590; 722; 1; 2; 1076
30
10; 1; 8; 1099
26; 1; 44; 2465
1; 1; 49; 2754
24; 1; 14; 3441
11; 1; 47; 8267
23; 1; 1; 9505
6; 1; 38; 9615
13; 1; 22; 10988
19; 1; 15; 12233
18; 1; 33; 13918
7; 1; 8; 14916
2; 1; 23; 16140
21; 1; 22; 20634
29; 1; 19; 35418
3; 1; 31; 38493
4; 1; 36; 40519
22; 1; 11; 40563
16; 1; 28; 41007
9; 1; 23; 45042
27; 1; 5; 47157
14; 1; 5; 48030
5; 1; 37; 52827
8; 1; 20; 53447
12; 1; 26; 57750
15; 1; 14; 66128
25; 1; 44; 77953
28; 1; 37; 78341
0; 1; 45; 79153
20; 1; 14; 84773
17; 1; 16; 85394
