**** 987 ****
139
557; 722; 1; 2; 4
530; 497; 2; 1; 4
610; 520; 1; 2; 4
662; 576; 2; 1; 8
716; 760; 1; 2; 21
597; 733; 1; 2; 32
617; 531; 1; 2; 38
726; 633; 2; 1; 40
759; 603; 2; 1; 52
685; 554; 1; 2; 58
482; 587; 2; 1; 61
505; 454; 1; 2; 62
705; 706; 1; 2; 66
504; 564; 1; 2; 74
573; 708; 1; 2; 87
477; 637; 1; 2; 92
721; 724; 2; 1; 93
613; 563; 2; 1; 104
527; 504; 2; 1; 114
632; 707; 1; 2; 117
463; 636; 2; 1; 121
710; 465; 2; 1; 136
644; 702; 2; 1; 144
730; 654; 2; 1; 147
736; 753; 2; 1; 150
729; 637; 2; 1; 173
492; 521; 1; 2; 179
676; 701; 2; 1; 190
758; 719; 1; 2; 217
738; 714; 2; 1; 261
648; 607; 1; 2; 263
600; 466; 2; 1; 281
734; 739; 1; 2; 282
537; 502; 2; 1; 285
470; 525; 1; 2; 288
513; 634; 2; 1; 299
668; 553; 1; 2; 315
692; 691; 2; 1; 317
671; 643; 1; 2; 326
707; 727; 1; 2; 329
583; 581; 2; 1; 336
505; 495; 1; 2; 342
612; 506; 1; 2; 342
531; 633; 1; 2; 345
606; 615; 2; 1; 360
570; 488; 1; 2; 374
621; 537; 2; 1; 395
718; 542; 1; 2; 407
477; 506; 2; 1; 425
760; 570; 2; 1; 425
710; 571; 2; 1; 443
679; 553; 2; 1; 466
674; 562; 1; 2; 466
586; 692; 1; 2; 468
504; 710; 2; 1; 468
559; 746; 2; 1; 483
703; 737; 1; 2; 485
560; 730; 2; 1; 495
484; 513; 2; 1; 529
491; 750; 2; 1; 529
677; 718; 1; 2; 547
676; 447; 1; 2; 550
623; 692; 1; 2; 571
758; 523; 2; 1; 573
752; 528; 2; 1; 576
552; 473; 1; 2; 578
448; 632; 2; 1; 581
602; 628; 2; 1; 581
529; 619; 2; 1; 586
480; 741; 2; 1; 590
707; 543; 2; 1; 625
497; 689; 1; 2; 628
644; 561; 1; 2; 638
716; 557; 2; 1; 646
683; 597; 2; 1; 647
612; 553; 2; 1; 652
725; 720; 2; 1; 674
495; 510; 2; 1; 675
679; 574; 2; 1; 688
618; 458; 1; 2; 716
467; 589; 1; 2; 724
712; 672; 2; 1; 724
741; 630; 2; 1; 733
665; 668; 2; 1; 736
487; 576; 1; 2; 742
633; 721; 2; 1; 753
620; 672; 1; 2; 760
476; 486; 1; 2; 775
648; 711; 1; 2; 781
587; 659; 1; 2; 781
758; 645; 1; 2; 783
570; 757; 2; 1; 803
571; 651; 1; 2; 814
649; 558; 1; 2; 822
522; 602; 1; 2; 829
628; 466; 1; 2; 838
567; 530; 1; 2; 841
691; 569; 1; 2; 841
531; 722; 2; 1; 844
738; 488; 1; 2; 846
706; 476; 1; 2; 846
699; 529; 1; 2; 854
567; 549; 1; 2; 855
645; 447; 2; 1; 859
532; 453; 1; 2; 861
497; 732; 1; 2; 869
566; 721; 1; 2; 876
480; 750; 1; 2; 883
711; 759; 2; 1; 899
556; 713; 2; 1; 900
609; 626; 2; 1; 900
560; 552; 2; 1; 907
600; 696; 1; 2; 915
754; 580; 2; 1; 917
608; 478; 2; 1; 919
496; 613; 1; 2; 935
475; 602; 1; 2; 938
741; 668; 2; 1; 941
578; 550; 1; 2; 942
740; 595; 2; 1; 953
595; 456; 1; 2; 969
517; 717; 2; 1; 980
725; 747; 2; 1; 982
556; 517; 1; 2; 995
550; 677; 1; 2; 1015
697; 716; 1; 2; 1017
722; 758; 1; 2; 1017
511; 563; 1; 2; 1017
745; 633; 1; 2; 1024
489; 713; 2; 1; 1027
745; 503; 1; 2; 1029
727; 671; 2; 1; 1031
718; 511; 2; 1; 1038
657; 699; 1; 2; 1046
683; 646; 1; 2; 1050
542; 498; 1; 2; 1065
575; 632; 2; 1; 1074
660; 751; 1; 2; 1078
740; 563; 2; 1; 1083
30
6; 1; 36; 4072
27; 1; 35; 5973
28; 1; 48; 9586
13; 1; 5; 10104
15; 1; 18; 17108
1; 1; 46; 19263
3; 1; 12; 22484
14; 1; 45; 25607
18; 1; 45; 26484
22; 1; 14; 30921
26; 1; 3; 34341
20; 1; 43; 34606
17; 1; 36; 35985
2; 1; 13; 37461
16; 1; 47; 37864
10; 1; 37; 38612
21; 1; 31; 43989
25; 1; 13; 45327
24; 1; 27; 46084
8; 1; 16; 47598
4; 1; 49; 50275
7; 1; 42; 55904
11; 1; 21; 59147
12; 1; 42; 63441
0; 1; 19; 65779
29; 1; 27; 71956
23; 1; 30; 80609
19; 1; 21; 84048
5; 1; 39; 85246
9; 1; 19; 85574
