**** 988 ****
139
458; 529; 2; 1; 9
538; 739; 2; 1; 10
721; 454; 1; 2; 12
689; 641; 2; 1; 19
450; 638; 2; 1; 31
713; 662; 2; 1; 33
743; 630; 1; 2; 36
594; 744; 1; 2; 38
746; 563; 1; 2; 40
666; 729; 2; 1; 44
704; 635; 1; 2; 68
756; 758; 1; 2; 85
663; 618; 2; 1; 85
753; 547; 1; 2; 96
701; 639; 2; 1; 99
500; 712; 2; 1; 106
583; 505; 1; 2; 127
709; 507; 2; 1; 130
516; 501; 1; 2; 139
498; 490; 2; 1; 145
684; 496; 1; 2; 150
673; 668; 1; 2; 155
666; 546; 2; 1; 161
720; 721; 1; 2; 166
511; 534; 2; 1; 176
761; 652; 2; 1; 178
458; 589; 1; 2; 183
573; 602; 1; 2; 198
680; 634; 1; 2; 204
757; 683; 2; 1; 207
615; 665; 2; 1; 209
537; 478; 1; 2; 210
603; 473; 2; 1; 211
698; 565; 1; 2; 236
573; 598; 2; 1; 242
643; 543; 1; 2; 244
708; 600; 1; 2; 246
547; 610; 1; 2; 253
679; 726; 1; 2; 259
619; 516; 1; 2; 261
678; 737; 1; 2; 273
504; 751; 1; 2; 285
466; 742; 1; 2; 298
507; 589; 2; 1; 314
619; 616; 1; 2; 314
608; 553; 2; 1; 324
732; 529; 1; 2; 339
467; 578; 2; 1; 340
736; 453; 1; 2; 353
562; 759; 1; 2; 362
741; 700; 2; 1; 369
632; 467; 2; 1; 371
526; 748; 1; 2; 372
554; 487; 2; 1; 375
681; 693; 2; 1; 383
721; 495; 1; 2; 390
728; 650; 2; 1; 406
548; 513; 1; 2; 407
730; 595; 1; 2; 416
485; 574; 1; 2; 426
462; 747; 1; 2; 445
576; 468; 2; 1; 447
491; 531; 2; 1; 462
708; 498; 1; 2; 470
734; 586; 1; 2; 473
622; 574; 2; 1; 480
639; 590; 1; 2; 488
572; 731; 2; 1; 488
732; 566; 2; 1; 497
734; 726; 2; 1; 505
577; 531; 2; 1; 508
723; 741; 2; 1; 522
477; 543; 1; 2; 527
470; 631; 1; 2; 549
669; 711; 1; 2; 595
573; 737; 2; 1; 608
736; 702; 2; 1; 618
714; 631; 2; 1; 619
701; 555; 2; 1; 643
728; 613; 1; 2; 643
722; 577; 1; 2; 658
714; 737; 1; 2; 667
644; 534; 2; 1; 680
690; 725; 2; 1; 694
646; 567; 1; 2; 695
514; 597; 2; 1; 701
757; 539; 1; 2; 701
449; 623; 2; 1; 719
681; 751; 1; 2; 720
527; 460; 2; 1; 734
666; 686; 2; 1; 735
561; 637; 2; 1; 737
528; 466; 2; 1; 744
508; 477; 2; 1; 748
754; 758; 2; 1; 751
493; 478; 2; 1; 764
593; 692; 1; 2; 764
446; 739; 1; 2; 766
731; 456; 1; 2; 771
710; 603; 2; 1; 774
745; 500; 2; 1; 791
451; 475; 2; 1; 799
569; 741; 2; 1; 801
556; 507; 2; 1; 802
499; 685; 1; 2; 813
692; 512; 1; 2; 813
491; 663; 2; 1; 813
511; 668; 2; 1; 815
481; 643; 2; 1; 822
644; 463; 2; 1; 825
740; 618; 2; 1; 834
659; 545; 2; 1; 845
510; 702; 2; 1; 862
685; 627; 1; 2; 865
676; 583; 1; 2; 873
537; 539; 1; 2; 874
607; 721; 2; 1; 880
700; 482; 2; 1; 890
480; 671; 2; 1; 910
452; 515; 1; 2; 951
508; 619; 2; 1; 959
467; 709; 2; 1; 963
749; 730; 2; 1; 965
552; 724; 1; 2; 972
737; 460; 1; 2; 973
596; 567; 2; 1; 982
664; 760; 1; 2; 990
742; 462; 2; 1; 997
750; 589; 2; 1; 999
491; 754; 2; 1; 1001
588; 709; 1; 2; 1010
580; 744; 1; 2; 1021
756; 509; 2; 1; 1032
688; 446; 1; 2; 1037
757; 620; 2; 1; 1044
585; 674; 1; 2; 1055
567; 710; 1; 2; 1067
593; 593; 2; 1; 1067
649; 640; 1; 2; 1073
30
17; 1; 14; 387
9; 1; 32; 3075
25; 1; 30; 5433
15; 1; 14; 6991
12; 1; 45; 12348
22; 1; 41; 13800
23; 1; 35; 16402
4; 1; 3; 16701
7; 1; 2; 19854
20; 1; 38; 21006
24; 1; 33; 35885
10; 1; 41; 36916
3; 1; 32; 37020
21; 1; 43; 37206
14; 1; 15; 39875
28; 1; 23; 48832
26; 1; 34; 49034
1; 1; 37; 54032
5; 1; 7; 58543
13; 1; 43; 61095
2; 1; 13; 62944
16; 1; 35; 65348
0; 1; 7; 69602
19; 1; 15; 71573
18; 1; 5; 75432
8; 1; 36; 78979
11; 1; 9; 80678
27; 1; 38; 80712
29; 1; 16; 83151
6; 1; 3; 84624
