**** 989 ****
139
489; 518; 1; 2; 12
701; 517; 1; 2; 12
673; 590; 2; 1; 30
673; 498; 1; 2; 34
649; 656; 1; 2; 39
649; 501; 1; 2; 41
681; 757; 2; 1; 48
533; 484; 2; 1; 53
523; 549; 1; 2; 56
483; 482; 2; 1; 56
557; 645; 2; 1; 63
631; 735; 2; 1; 68
616; 543; 2; 1; 74
711; 548; 1; 2; 79
694; 730; 1; 2; 80
516; 530; 1; 2; 83
455; 748; 1; 2; 83
723; 542; 1; 2; 93
485; 736; 2; 1; 95
720; 699; 1; 2; 98
635; 452; 2; 1; 102
596; 662; 2; 1; 111
452; 488; 1; 2; 113
475; 755; 2; 1; 115
675; 545; 1; 2; 118
461; 465; 1; 2; 119
621; 631; 2; 1; 119
634; 452; 1; 2; 131
593; 672; 1; 2; 134
580; 655; 1; 2; 138
682; 614; 2; 1; 154
649; 722; 1; 2; 156
697; 752; 1; 2; 158
524; 667; 2; 1; 179
702; 553; 1; 2; 207
532; 636; 2; 1; 208
538; 681; 2; 1; 211
688; 747; 1; 2; 212
573; 483; 2; 1; 219
611; 546; 1; 2; 229
627; 714; 1; 2; 237
735; 751; 1; 2; 238
539; 615; 1; 2; 238
654; 508; 1; 2; 244
689; 508; 2; 1; 252
674; 586; 2; 1; 252
589; 546; 1; 2; 271
558; 591; 1; 2; 285
616; 731; 1; 2; 308
751; 576; 2; 1; 342
479; 501; 1; 2; 351
540; 602; 2; 1; 351
677; 487; 1; 2; 360
652; 683; 1; 2; 365
739; 458; 1; 2; 373
460; 706; 2; 1; 378
552; 733; 2; 1; 390
461; 722; 1; 2; 399
481; 651; 1; 2; 413
713; 515; 1; 2; 421
583; 481; 1; 2; 428
526; 720; 2; 1; 441
451; 664; 1; 2; 442
712; 457; 2; 1; 443
549; 530; 1; 2; 460
561; 616; 2; 1; 474
505; 597; 1; 2; 483
662; 482; 1; 2; 493
622; 552; 1; 2; 510
590; 554; 2; 1; 518
543; 571; 2; 1; 520
586; 584; 2; 1; 529
478; 571; 1; 2; 536
485; 577; 2; 1; 541
538; 635; 2; 1; 544
480; 571; 1; 2; 554
610; 674; 2; 1; 561
498; 701; 1; 2; 576
666; 478; 2; 1; 598
698; 718; 2; 1; 598
526; 459; 2; 1; 603
563; 752; 2; 1; 609
457; 504; 2; 1; 612
667; 618; 1; 2; 616
541; 533; 1; 2; 619
591; 744; 1; 2; 631
736; 659; 2; 1; 632
708; 537; 2; 1; 637
448; 677; 1; 2; 638
646; 681; 2; 1; 640
623; 566; 2; 1; 643
642; 620; 1; 2; 660
633; 719; 1; 2; 664
613; 646; 2; 1; 694
513; 470; 2; 1; 695
761; 749; 1; 2; 698
487; 584; 1; 2; 714
670; 547; 2; 1; 715
508; 595; 2; 1; 717
621; 714; 1; 2; 736
466; 692; 2; 1; 755
486; 550; 1; 2; 762
735; 663; 1; 2; 769
471; 507; 2; 1; 784
713; 565; 1; 2; 789
449; 633; 2; 1; 792
535; 711; 1; 2; 795
673; 638; 2; 1; 796
538; 457; 1; 2; 797
457; 493; 2; 1; 805
518; 630; 2; 1; 813
553; 645; 1; 2; 819
733; 594; 2; 1; 821
579; 676; 2; 1; 827
675; 676; 1; 2; 827
565; 572; 1; 2; 832
682; 707; 1; 2; 833
648; 525; 1; 2; 836
533; 708; 2; 1; 849
478; 517; 1; 2; 850
514; 480; 2; 1; 865
724; 692; 2; 1; 871
627; 497; 1; 2; 884
522; 562; 1; 2; 888
549; 724; 1; 2; 941
602; 453; 2; 1; 941
528; 638; 1; 2; 960
754; 547; 2; 1; 977
592; 591; 2; 1; 978
560; 593; 1; 2; 985
539; 502; 2; 1; 987
512; 552; 2; 1; 995
637; 759; 1; 2; 1002
749; 508; 1; 2; 1024
605; 568; 2; 1; 1025
529; 701; 2; 1; 1030
697; 451; 1; 2; 1065
498; 535; 2; 1; 1071
607; 760; 2; 1; 1074
30
28; 1; 12; 770
22; 1; 20; 1496
1; 1; 39; 1884
18; 1; 49; 5953
16; 1; 41; 12154
6; 1; 39; 20642
19; 1; 17; 23708
8; 1; 29; 25380
27; 1; 34; 32280
14; 1; 17; 33417
29; 1; 9; 33478
26; 1; 4; 35265
21; 1; 41; 36171
7; 1; 3; 37906
11; 1; 45; 38787
9; 1; 16; 41216
15; 1; 26; 49253
23; 1; 6; 55190
24; 1; 23; 56606
20; 1; 42; 58634
13; 1; 11; 59389
0; 1; 6; 59931
10; 1; 30; 63661
3; 1; 7; 65209
12; 1; 18; 74431
4; 1; 44; 76612
2; 1; 15; 77538
25; 1; 43; 78106
5; 1; 25; 78876
17; 1; 19; 80319
