**** 99 ****
59
65; 105; 2; 1; 3
121; 47; 1; 2; 9
81; 103; 2; 1; 10
111; 90; 1; 2; 11
59; 91; 1; 2; 19
77; 84; 2; 1; 24
102; 111; 2; 1; 24
65; 57; 1; 2; 27
77; 56; 1; 2; 33
56; 102; 1; 2; 33
88; 76; 2; 1; 39
68; 115; 2; 1; 40
108; 106; 2; 1; 41
80; 64; 1; 2; 41
67; 47; 2; 1; 52
92; 119; 1; 2; 53
61; 90; 2; 1; 55
72; 112; 2; 1; 58
113; 54; 2; 1; 62
71; 65; 2; 1; 63
98; 73; 1; 2; 65
69; 94; 2; 1; 71
103; 102; 2; 1; 76
84; 68; 1; 2; 84
59; 75; 2; 1; 85
55; 71; 2; 1; 87
50; 80; 1; 2; 89
113; 104; 2; 1; 89
77; 101; 2; 1; 90
50; 95; 2; 1; 90
112; 96; 1; 2; 92
63; 63; 1; 2; 97
97; 84; 2; 1; 102
72; 50; 1; 2; 107
59; 51; 2; 1; 107
78; 119; 1; 2; 108
52; 91; 1; 2; 109
114; 80; 1; 2; 113
114; 94; 2; 1; 115
102; 81; 1; 2; 125
108; 99; 2; 1; 130
106; 108; 1; 2; 133
70; 97; 2; 1; 142
49; 48; 2; 1; 148
62; 67; 2; 1; 152
68; 94; 1; 2; 153
80; 101; 1; 2; 160
63; 102; 2; 1; 164
62; 105; 2; 1; 170
61; 101; 2; 1; 171
99; 72; 1; 2; 175
96; 81; 1; 2; 175
78; 68; 1; 2; 178
93; 82; 1; 2; 178
69; 52; 1; 2; 179
92; 91; 2; 1; 185
115; 112; 2; 1; 185
94; 116; 1; 2; 190
88; 71; 1; 2; 192
14
4; 1; 38; 596
9; 1; 43; 685
13; 1; 49; 1615
2; 1; 44; 1708
3; 1; 47; 1899
1; 1; 26; 1978
11; 1; 48; 2692
7; 1; 37; 3568
10; 1; 49; 3622
8; 1; 8; 3745
12; 1; 30; 4075
0; 1; 46; 4279
5; 1; 24; 4492
6; 1; 13; 4940
