**** 990 ****
140
659; 711; 2; 1; 1
574; 764; 1; 2; 20
571; 593; 2; 1; 20
469; 486; 1; 2; 21
486; 701; 1; 2; 22
698; 491; 1; 2; 26
543; 685; 1; 2; 42
707; 460; 1; 2; 43
476; 681; 2; 1; 49
532; 544; 1; 2; 50
728; 451; 1; 2; 63
630; 579; 2; 1; 68
718; 754; 1; 2; 84
577; 722; 1; 2; 90
765; 736; 1; 2; 94
464; 602; 2; 1; 97
641; 537; 2; 1; 106
757; 601; 2; 1; 113
613; 703; 1; 2; 121
769; 471; 1; 2; 130
466; 643; 1; 2; 137
719; 627; 2; 1; 142
559; 669; 2; 1; 151
589; 564; 1; 2; 153
473; 595; 1; 2; 173
731; 768; 2; 1; 191
751; 639; 1; 2; 207
589; 715; 1; 2; 213
617; 650; 2; 1; 215
511; 501; 1; 2; 231
600; 642; 2; 1; 239
760; 696; 1; 2; 255
509; 606; 2; 1; 255
509; 676; 2; 1; 258
734; 757; 1; 2; 283
490; 538; 1; 2; 293
665; 606; 2; 1; 297
739; 525; 1; 2; 302
632; 557; 2; 1; 307
759; 704; 1; 2; 316
687; 663; 1; 2; 317
574; 726; 1; 2; 334
485; 759; 1; 2; 336
578; 506; 2; 1; 337
462; 463; 1; 2; 361
460; 564; 2; 1; 365
513; 473; 1; 2; 377
561; 625; 1; 2; 378
477; 689; 1; 2; 388
518; 479; 1; 2; 393
644; 725; 1; 2; 401
648; 533; 1; 2; 402
727; 588; 2; 1; 416
677; 514; 1; 2; 419
472; 723; 1; 2; 446
672; 486; 1; 2; 456
637; 746; 1; 2; 462
477; 747; 2; 1; 481
695; 473; 1; 2; 483
681; 498; 1; 2; 485
636; 723; 1; 2; 486
746; 639; 1; 2; 513
626; 731; 1; 2; 517
579; 689; 2; 1; 535
618; 668; 1; 2; 541
562; 505; 2; 1; 547
454; 485; 1; 2; 554
643; 650; 2; 1; 563
493; 635; 2; 1; 567
756; 708; 1; 2; 573
625; 570; 2; 1; 578
748; 455; 1; 2; 595
666; 581; 2; 1; 610
745; 626; 1; 2; 621
625; 578; 1; 2; 622
648; 672; 1; 2; 623
653; 589; 2; 1; 630
586; 627; 1; 2; 657
673; 576; 1; 2; 666
677; 620; 1; 2; 672
583; 592; 2; 1; 676
504; 499; 1; 2; 685
510; 591; 1; 2; 692
690; 690; 2; 1; 700
549; 499; 1; 2; 704
478; 695; 1; 2; 706
769; 690; 2; 1; 707
483; 529; 2; 1; 720
704; 611; 2; 1; 721
493; 713; 2; 1; 724
504; 713; 2; 1; 739
533; 708; 1; 2; 747
625; 500; 1; 2; 756
564; 549; 2; 1; 767
588; 734; 1; 2; 788
659; 717; 2; 1; 793
613; 643; 1; 2; 795
720; 520; 1; 2; 802
716; 709; 1; 2; 810
472; 567; 1; 2; 816
468; 469; 1; 2; 823
699; 486; 1; 2; 827
518; 508; 2; 1; 838
701; 498; 2; 1; 849
755; 690; 1; 2; 856
523; 733; 2; 1; 863
506; 550; 2; 1; 866
570; 490; 1; 2; 875
656; 692; 2; 1; 881
740; 583; 2; 1; 894
666; 525; 2; 1; 899
748; 649; 2; 1; 931
580; 625; 2; 1; 935
670; 712; 2; 1; 937
456; 724; 2; 1; 945
525; 704; 2; 1; 950
620; 714; 2; 1; 951
699; 615; 2; 1; 960
629; 508; 2; 1; 967
716; 745; 1; 2; 970
708; 701; 2; 1; 972
744; 583; 1; 2; 988
690; 648; 1; 2; 989
712; 667; 2; 1; 990
633; 618; 2; 1; 996
769; 764; 1; 2; 1011
510; 547; 2; 1; 1011
588; 605; 1; 2; 1017
625; 531; 1; 2; 1022
671; 765; 2; 1; 1023
746; 508; 1; 2; 1023
570; 596; 2; 1; 1028
489; 489; 2; 1; 1034
521; 500; 1; 2; 1037
751; 583; 2; 1; 1049
512; 728; 2; 1; 1053
556; 575; 2; 1; 1056
765; 476; 1; 2; 1056
652; 515; 1; 2; 1060
467; 544; 1; 2; 1082
30
16; 1; 16; 2368
18; 1; 37; 9341
1; 1; 26; 15234
21; 1; 6; 18535
8; 1; 34; 21613
9; 1; 20; 22644
27; 1; 25; 26019
26; 1; 38; 26962
22; 1; 23; 28037
20; 1; 48; 28870
15; 1; 35; 31759
11; 1; 48; 34175
0; 1; 30; 35622
17; 1; 31; 36550
5; 1; 38; 36758
28; 1; 17; 37030
29; 1; 4; 41816
6; 1; 19; 45862
13; 1; 1; 48571
3; 1; 46; 49364
23; 1; 19; 51366
10; 1; 12; 54827
14; 1; 48; 59843
25; 1; 4; 63664
12; 1; 12; 66255
24; 1; 15; 66487
2; 1; 25; 70428
19; 1; 10; 82260
4; 1; 29; 83374
7; 1; 29; 86035
