**** 991 ****
140
572; 675; 1; 2; 2
453; 451; 2; 1; 9
558; 564; 2; 1; 53
622; 634; 1; 2; 54
509; 733; 2; 1; 64
567; 646; 2; 1; 65
494; 490; 1; 2; 67
466; 657; 1; 2; 68
661; 563; 2; 1; 77
521; 604; 1; 2; 80
481; 521; 1; 2; 81
681; 668; 2; 1; 92
703; 581; 1; 2; 93
578; 723; 2; 1; 96
699; 611; 2; 1; 98
676; 570; 2; 1; 105
757; 508; 2; 1; 112
703; 635; 2; 1; 119
519; 757; 2; 1; 123
520; 478; 1; 2; 128
475; 668; 1; 2; 130
565; 610; 2; 1; 139
508; 460; 2; 1; 140
686; 756; 2; 1; 141
498; 516; 2; 1; 154
725; 619; 2; 1; 167
472; 453; 2; 1; 178
682; 602; 2; 1; 187
740; 739; 1; 2; 192
496; 564; 1; 2; 192
463; 566; 1; 2; 197
583; 483; 1; 2; 211
579; 580; 2; 1; 211
756; 645; 1; 2; 221
610; 593; 1; 2; 223
515; 490; 2; 1; 225
494; 600; 1; 2; 232
617; 531; 2; 1; 237
496; 502; 2; 1; 239
690; 586; 2; 1; 255
768; 729; 2; 1; 256
528; 477; 2; 1; 261
624; 519; 2; 1; 262
451; 661; 2; 1; 263
462; 514; 1; 2; 264
478; 559; 2; 1; 265
492; 534; 1; 2; 273
468; 462; 2; 1; 283
679; 532; 2; 1; 297
643; 466; 1; 2; 309
476; 611; 1; 2; 324
622; 721; 1; 2; 331
503; 698; 1; 2; 333
470; 601; 2; 1; 343
669; 720; 1; 2; 350
649; 615; 2; 1; 352
591; 736; 2; 1; 356
549; 740; 2; 1; 371
739; 621; 2; 1; 379
648; 501; 2; 1; 383
665; 723; 1; 2; 385
665; 762; 2; 1; 387
547; 539; 1; 2; 396
536; 595; 1; 2; 412
647; 612; 1; 2; 436
469; 633; 1; 2; 447
723; 480; 1; 2; 447
702; 652; 1; 2; 454
505; 719; 1; 2; 469
547; 627; 1; 2; 469
594; 521; 1; 2; 470
618; 698; 1; 2; 471
458; 627; 2; 1; 476
470; 712; 1; 2; 492
690; 632; 1; 2; 498
573; 592; 1; 2; 516
523; 569; 2; 1; 525
563; 695; 2; 1; 528
708; 495; 1; 2; 530
668; 551; 1; 2; 543
593; 515; 2; 1; 552
684; 554; 1; 2; 564
477; 698; 1; 2; 569
524; 672; 2; 1; 586
686; 564; 1; 2; 597
463; 665; 1; 2; 597
713; 576; 1; 2; 637
748; 574; 1; 2; 648
550; 489; 2; 1; 656
749; 618; 1; 2; 698
477; 556; 1; 2; 711
621; 475; 1; 2; 714
557; 630; 2; 1; 720
748; 577; 2; 1; 741
626; 669; 2; 1; 742
478; 540; 2; 1; 757
734; 511; 1; 2; 760
509; 700; 2; 1; 760
610; 474; 2; 1; 813
502; 516; 1; 2; 814
558; 508; 2; 1; 817
562; 722; 1; 2; 824
566; 763; 1; 2; 828
747; 523; 1; 2; 835
598; 749; 2; 1; 840
531; 521; 2; 1; 844
685; 633; 2; 1; 845
696; 587; 1; 2; 850
607; 526; 2; 1; 850
544; 521; 1; 2; 859
737; 458; 1; 2; 865
754; 542; 2; 1; 868
507; 584; 1; 2; 875
758; 494; 2; 1; 886
632; 722; 2; 1; 890
485; 699; 1; 2; 890
494; 697; 2; 1; 898
611; 542; 2; 1; 898
607; 615; 2; 1; 905
727; 744; 2; 1; 920
470; 627; 2; 1; 923
663; 551; 2; 1; 941
707; 708; 2; 1; 941
700; 717; 2; 1; 950
500; 574; 2; 1; 951
477; 761; 1; 2; 975
559; 457; 1; 2; 993
494; 463; 1; 2; 997
768; 646; 1; 2; 1003
516; 662; 2; 1; 1012
698; 756; 2; 1; 1028
547; 683; 1; 2; 1031
737; 558; 2; 1; 1033
592; 565; 1; 2; 1042
746; 658; 2; 1; 1053
666; 453; 2; 1; 1068
591; 462; 2; 1; 1068
740; 699; 2; 1; 1071
585; 492; 2; 1; 1083
469; 752; 2; 1; 1083
30
27; 1; 28; 361
12; 1; 48; 5243
7; 1; 8; 7517
19; 1; 44; 8394
9; 1; 2; 9943
14; 1; 17; 12466
5; 1; 18; 13276
10; 1; 34; 15128
23; 1; 21; 17032
6; 1; 11; 18943
13; 1; 34; 20555
1; 1; 49; 22554
16; 1; 19; 23180
4; 1; 18; 35040
20; 1; 39; 38901
18; 1; 5; 39630
2; 1; 30; 48790
25; 1; 28; 56461
3; 1; 16; 57782
26; 1; 8; 61364
17; 1; 9; 62726
11; 1; 38; 63393
24; 1; 37; 73017
22; 1; 46; 73117
28; 1; 13; 74392
0; 1; 26; 74464
21; 1; 34; 74835
8; 1; 28; 75364
29; 1; 36; 75843
15; 1; 41; 76992
