**** 992 ****
140
531; 678; 1; 2; 12
730; 674; 1; 2; 15
543; 737; 2; 1; 21
555; 643; 1; 2; 30
512; 619; 2; 1; 41
660; 604; 1; 2; 60
622; 767; 1; 2; 64
505; 620; 2; 1; 65
742; 489; 2; 1; 73
454; 767; 2; 1; 79
747; 478; 1; 2; 84
688; 754; 1; 2; 97
609; 737; 1; 2; 110
624; 611; 2; 1; 113
731; 544; 1; 2; 131
710; 660; 1; 2; 141
729; 646; 1; 2; 153
545; 720; 1; 2; 153
648; 506; 1; 2; 170
555; 640; 1; 2; 171
576; 568; 1; 2; 175
576; 732; 1; 2; 185
695; 546; 2; 1; 187
640; 635; 2; 1; 194
570; 455; 1; 2; 194
704; 552; 1; 2; 194
699; 721; 1; 2; 198
522; 675; 2; 1; 207
702; 478; 1; 2; 211
493; 698; 1; 2; 223
763; 617; 1; 2; 252
701; 712; 1; 2; 256
674; 747; 2; 1; 259
646; 706; 2; 1; 259
532; 730; 1; 2; 259
724; 670; 2; 1; 261
529; 645; 1; 2; 267
634; 572; 2; 1; 272
732; 728; 1; 2; 283
534; 474; 2; 1; 287
637; 716; 1; 2; 304
743; 573; 1; 2; 308
706; 534; 1; 2; 313
674; 692; 1; 2; 315
686; 556; 2; 1; 318
752; 609; 1; 2; 321
539; 511; 1; 2; 325
728; 747; 1; 2; 342
668; 606; 2; 1; 363
582; 748; 1; 2; 380
727; 527; 1; 2; 395
509; 751; 1; 2; 397
569; 584; 2; 1; 400
578; 712; 2; 1; 404
542; 692; 2; 1; 412
536; 731; 2; 1; 424
491; 680; 1; 2; 435
612; 756; 1; 2; 435
580; 655; 1; 2; 462
682; 546; 1; 2; 472
499; 525; 1; 2; 475
707; 565; 1; 2; 486
609; 545; 2; 1; 503
595; 451; 2; 1; 512
623; 585; 2; 1; 529
475; 747; 1; 2; 542
745; 661; 1; 2; 567
669; 651; 2; 1; 567
522; 549; 2; 1; 572
455; 765; 2; 1; 576
756; 514; 1; 2; 581
501; 602; 2; 1; 598
515; 722; 2; 1; 615
540; 749; 1; 2; 622
528; 664; 2; 1; 624
712; 703; 2; 1; 626
576; 575; 2; 1; 626
470; 490; 2; 1; 629
538; 660; 1; 2; 632
640; 702; 1; 2; 644
679; 486; 1; 2; 650
579; 517; 1; 2; 653
666; 748; 2; 1; 654
749; 688; 1; 2; 668
604; 550; 1; 2; 677
661; 569; 1; 2; 686
630; 695; 1; 2; 687
504; 470; 2; 1; 731
451; 612; 2; 1; 736
730; 606; 2; 1; 752
594; 696; 1; 2; 752
493; 692; 1; 2; 753
471; 605; 2; 1; 766
656; 509; 1; 2; 770
534; 709; 2; 1; 776
698; 451; 2; 1; 782
682; 534; 2; 1; 794
608; 509; 2; 1; 796
634; 597; 2; 1; 807
769; 646; 2; 1; 816
589; 760; 1; 2; 827
525; 656; 2; 1; 828
586; 713; 2; 1; 834
646; 542; 2; 1; 844
687; 598; 2; 1; 849
749; 616; 1; 2; 863
742; 552; 2; 1; 876
662; 471; 2; 1; 878
529; 508; 2; 1; 882
551; 641; 1; 2; 895
736; 700; 2; 1; 898
537; 580; 1; 2; 905
712; 624; 2; 1; 915
764; 527; 1; 2; 919
559; 474; 1; 2; 942
704; 519; 2; 1; 942
484; 632; 2; 1; 954
521; 470; 2; 1; 958
695; 695; 2; 1; 959
731; 451; 2; 1; 960
690; 703; 2; 1; 969
764; 451; 1; 2; 980
525; 764; 2; 1; 983
694; 560; 2; 1; 987
527; 627; 1; 2; 995
713; 718; 2; 1; 1002
745; 463; 1; 2; 1002
475; 668; 2; 1; 1021
633; 456; 2; 1; 1025
544; 665; 1; 2; 1028
542; 562; 2; 1; 1034
511; 574; 1; 2; 1039
547; 555; 1; 2; 1047
505; 493; 2; 1; 1048
477; 665; 1; 2; 1048
556; 481; 2; 1; 1049
721; 545; 1; 2; 1051
469; 719; 1; 2; 1059
469; 745; 1; 2; 1074
547; 754; 1; 2; 1090
30
13; 1; 39; 1558
20; 1; 15; 3076
24; 1; 42; 3758
27; 1; 6; 6309
19; 1; 1; 8005
26; 1; 46; 9178
2; 1; 28; 10966
11; 1; 34; 14248
5; 1; 32; 16228
12; 1; 17; 19605
15; 1; 10; 22356
4; 1; 2; 23184
25; 1; 30; 28940
28; 1; 44; 30855
6; 1; 2; 32470
8; 1; 8; 32483
0; 1; 3; 34714
9; 1; 49; 48637
22; 1; 33; 48834
23; 1; 28; 55221
7; 1; 36; 58705
14; 1; 3; 58835
29; 1; 6; 73428
16; 1; 16; 77892
17; 1; 18; 81652
3; 1; 27; 83325
21; 1; 34; 83578
1; 1; 27; 83916
18; 1; 29; 84546
10; 1; 21; 84695
