**** 993 ****
140
726; 755; 2; 1; 5
763; 673; 1; 2; 7
537; 759; 1; 2; 22
471; 763; 1; 2; 42
687; 630; 1; 2; 47
685; 567; 2; 1; 51
735; 550; 2; 1; 53
666; 687; 1; 2; 54
737; 713; 2; 1; 57
751; 501; 1; 2; 67
452; 659; 2; 1; 83
579; 738; 1; 2; 92
472; 454; 2; 1; 93
644; 469; 2; 1; 109
655; 636; 1; 2; 115
733; 640; 1; 2; 124
477; 559; 1; 2; 125
495; 575; 2; 1; 126
651; 631; 1; 2; 127
652; 473; 2; 1; 135
640; 638; 1; 2; 145
486; 478; 2; 1; 146
767; 508; 2; 1; 170
623; 633; 1; 2; 176
451; 574; 2; 1; 182
718; 629; 1; 2; 184
688; 713; 1; 2; 186
496; 619; 2; 1; 200
695; 555; 2; 1; 200
649; 562; 2; 1; 209
650; 624; 1; 2; 234
642; 559; 1; 2; 251
761; 615; 1; 2; 253
661; 476; 1; 2; 260
578; 725; 1; 2; 285
526; 594; 1; 2; 286
451; 534; 2; 1; 294
737; 530; 1; 2; 319
552; 645; 1; 2; 326
659; 687; 1; 2; 335
518; 729; 1; 2; 337
577; 702; 1; 2; 347
490; 608; 1; 2; 355
607; 679; 1; 2; 370
693; 740; 1; 2; 370
456; 567; 2; 1; 371
751; 624; 2; 1; 373
717; 701; 2; 1; 378
469; 675; 2; 1; 399
714; 696; 2; 1; 401
718; 640; 2; 1; 402
637; 563; 1; 2; 405
470; 640; 1; 2; 408
562; 529; 1; 2; 408
727; 748; 2; 1; 409
582; 508; 1; 2; 410
603; 543; 1; 2; 414
670; 462; 1; 2; 414
577; 458; 2; 1; 424
709; 523; 2; 1; 430
681; 748; 1; 2; 446
576; 499; 2; 1; 448
513; 558; 2; 1; 473
678; 473; 2; 1; 475
761; 473; 1; 2; 480
483; 576; 2; 1; 488
517; 481; 1; 2; 495
722; 462; 2; 1; 507
612; 543; 1; 2; 517
607; 548; 2; 1; 521
587; 657; 1; 2; 530
467; 604; 2; 1; 533
470; 565; 2; 1; 537
738; 729; 1; 2; 543
582; 487; 1; 2; 552
627; 481; 2; 1; 554
543; 689; 2; 1; 570
720; 563; 2; 1; 596
499; 659; 2; 1; 600
485; 723; 2; 1; 626
734; 703; 2; 1; 627
619; 514; 2; 1; 640
724; 485; 1; 2; 642
705; 697; 2; 1; 649
495; 570; 2; 1; 653
468; 757; 2; 1; 658
456; 556; 1; 2; 659
679; 519; 2; 1; 671
766; 693; 2; 1; 672
493; 478; 1; 2; 675
673; 478; 2; 1; 677
609; 714; 1; 2; 677
503; 571; 1; 2; 700
572; 465; 2; 1; 704
453; 643; 1; 2; 710
744; 625; 2; 1; 710
524; 720; 1; 2; 715
559; 712; 2; 1; 722
703; 703; 2; 1; 726
575; 552; 2; 1; 767
707; 524; 2; 1; 769
685; 481; 1; 2; 769
692; 643; 1; 2; 775
455; 723; 2; 1; 777
498; 766; 2; 1; 778
490; 638; 2; 1; 786
601; 746; 2; 1; 787
599; 589; 2; 1; 789
473; 735; 1; 2; 801
769; 570; 1; 2; 802
541; 482; 1; 2; 819
633; 635; 1; 2; 821
654; 612; 1; 2; 860
624; 535; 1; 2; 862
599; 493; 1; 2; 879
531; 575; 1; 2; 881
727; 761; 2; 1; 886
685; 651; 2; 1; 891
650; 575; 1; 2; 892
520; 549; 1; 2; 898
702; 574; 1; 2; 921
568; 710; 1; 2; 922
614; 656; 1; 2; 925
638; 455; 2; 1; 933
625; 769; 2; 1; 954
531; 557; 2; 1; 992
487; 569; 1; 2; 999
500; 587; 1; 2; 1002
656; 635; 1; 2; 1003
633; 743; 2; 1; 1026
643; 664; 2; 1; 1032
725; 492; 2; 1; 1041
651; 674; 2; 1; 1042
562; 688; 1; 2; 1043
628; 738; 1; 2; 1049
681; 720; 1; 2; 1053
607; 570; 1; 2; 1071
736; 611; 2; 1; 1074
669; 521; 2; 1; 1076
645; 540; 2; 1; 1081
30
0; 1; 12; 2694
19; 1; 21; 8087
17; 1; 10; 13532
14; 1; 37; 14054
21; 1; 20; 14984
29; 1; 47; 16060
16; 1; 6; 20626
28; 1; 6; 28256
2; 1; 22; 28686
23; 1; 44; 34427
15; 1; 13; 41079
25; 1; 45; 42760
12; 1; 4; 49758
6; 1; 38; 50226
1; 1; 26; 54807
4; 1; 8; 55026
5; 1; 10; 56206
27; 1; 3; 56457
8; 1; 49; 62981
24; 1; 45; 63665
11; 1; 36; 66123
3; 1; 22; 71109
9; 1; 19; 74354
26; 1; 49; 77029
18; 1; 34; 78828
22; 1; 44; 82220
10; 1; 1; 83024
7; 1; 6; 84073
20; 1; 9; 84544
13; 1; 33; 84561
