**** 994 ****
140
480; 640; 1; 2; 5
656; 484; 2; 1; 18
675; 495; 1; 2; 20
646; 527; 2; 1; 21
472; 468; 1; 2; 23
571; 594; 1; 2; 30
499; 494; 1; 2; 31
535; 664; 2; 1; 32
706; 577; 2; 1; 41
661; 516; 2; 1; 56
608; 643; 1; 2; 61
589; 479; 1; 2; 72
501; 508; 1; 2; 73
644; 535; 2; 1; 83
477; 591; 1; 2; 87
731; 576; 2; 1; 104
685; 629; 2; 1; 104
505; 615; 2; 1; 110
630; 606; 1; 2; 116
475; 608; 2; 1; 120
570; 498; 2; 1; 135
562; 500; 2; 1; 136
551; 581; 2; 1; 140
744; 725; 2; 1; 161
471; 730; 1; 2; 167
664; 485; 2; 1; 167
588; 606; 1; 2; 198
733; 589; 1; 2; 218
499; 597; 1; 2; 223
582; 566; 1; 2; 225
682; 509; 2; 1; 234
472; 764; 2; 1; 248
643; 765; 1; 2; 252
768; 454; 2; 1; 260
641; 685; 2; 1; 275
693; 599; 1; 2; 291
480; 584; 2; 1; 292
718; 548; 1; 2; 297
586; 454; 2; 1; 298
457; 606; 2; 1; 300
763; 461; 1; 2; 309
766; 478; 1; 2; 321
750; 470; 2; 1; 322
670; 582; 1; 2; 325
699; 698; 2; 1; 336
718; 506; 2; 1; 343
685; 615; 2; 1; 351
564; 569; 1; 2; 352
634; 687; 2; 1; 357
759; 548; 2; 1; 357
486; 751; 2; 1; 364
582; 766; 1; 2; 364
689; 504; 2; 1; 370
756; 475; 1; 2; 377
525; 492; 1; 2; 390
566; 565; 2; 1; 395
580; 570; 2; 1; 398
571; 703; 2; 1; 413
471; 572; 2; 1; 423
583; 631; 1; 2; 429
580; 616; 2; 1; 432
456; 460; 2; 1; 444
545; 754; 1; 2; 458
617; 605; 2; 1; 465
454; 613; 2; 1; 470
743; 693; 1; 2; 478
755; 644; 2; 1; 478
663; 733; 2; 1; 488
660; 739; 1; 2; 488
587; 701; 2; 1; 504
613; 594; 2; 1; 512
697; 702; 2; 1; 513
526; 458; 2; 1; 549
567; 543; 1; 2; 564
636; 504; 1; 2; 568
765; 475; 2; 1; 572
704; 761; 2; 1; 588
577; 538; 2; 1; 595
505; 626; 1; 2; 610
657; 508; 2; 1; 613
611; 470; 2; 1; 628
553; 548; 2; 1; 651
713; 588; 1; 2; 663
567; 682; 1; 2; 675
644; 505; 1; 2; 677
558; 497; 1; 2; 679
656; 588; 1; 2; 697
590; 505; 1; 2; 699
499; 642; 2; 1; 701
511; 698; 2; 1; 707
605; 745; 2; 1; 723
526; 551; 2; 1; 729
558; 599; 2; 1; 735
654; 514; 2; 1; 750
628; 493; 2; 1; 758
753; 558; 2; 1; 760
514; 532; 2; 1; 762
705; 741; 1; 2; 784
641; 570; 1; 2; 810
586; 470; 1; 2; 815
601; 570; 2; 1; 828
583; 581; 1; 2; 838
606; 464; 2; 1; 841
567; 709; 2; 1; 847
474; 571; 1; 2; 856
475; 576; 1; 2; 867
618; 710; 2; 1; 870
515; 728; 1; 2; 877
592; 496; 1; 2; 878
700; 461; 2; 1; 891
737; 624; 2; 1; 892
590; 560; 1; 2; 892
579; 717; 1; 2; 903
744; 560; 1; 2; 904
689; 585; 1; 2; 906
472; 502; 1; 2; 909
456; 494; 1; 2; 918
536; 726; 1; 2; 926
611; 590; 1; 2; 927
606; 760; 2; 1; 939
488; 458; 1; 2; 941
665; 561; 2; 1; 957
504; 500; 2; 1; 966
608; 553; 2; 1; 970
693; 638; 2; 1; 985
460; 702; 1; 2; 988
588; 469; 2; 1; 993
622; 739; 2; 1; 997
575; 499; 1; 2; 1007
538; 650; 2; 1; 1011
751; 465; 2; 1; 1012
486; 588; 2; 1; 1021
539; 560; 1; 2; 1028
461; 643; 2; 1; 1039
557; 503; 1; 2; 1052
600; 631; 2; 1; 1061
766; 620; 2; 1; 1062
756; 518; 2; 1; 1065
504; 453; 1; 2; 1068
750; 612; 2; 1; 1075
30
17; 1; 31; 812
28; 1; 18; 1669
19; 1; 46; 3980
10; 1; 32; 9896
21; 1; 44; 10342
26; 1; 15; 24648
8; 1; 41; 25480
27; 1; 25; 34399
4; 1; 9; 35196
11; 1; 15; 36763
0; 1; 32; 37356
12; 1; 34; 37411
22; 1; 39; 43063
16; 1; 8; 44583
2; 1; 1; 44911
25; 1; 20; 47160
20; 1; 40; 55490
18; 1; 48; 57074
15; 1; 43; 60476
13; 1; 24; 61939
14; 1; 36; 62418
5; 1; 23; 62691
7; 1; 23; 65524
6; 1; 6; 68567
29; 1; 42; 70298
24; 1; 27; 73047
3; 1; 27; 77031
23; 1; 39; 79294
1; 1; 35; 80136
9; 1; 21; 84573
