**** 995 ****
140
699; 578; 2; 1; 1
727; 607; 1; 2; 5
768; 745; 2; 1; 12
735; 502; 2; 1; 14
581; 536; 1; 2; 37
541; 523; 2; 1; 46
589; 634; 1; 2; 54
512; 465; 2; 1; 57
526; 578; 1; 2; 62
753; 586; 2; 1; 64
480; 475; 1; 2; 67
563; 620; 1; 2; 73
766; 555; 2; 1; 80
461; 682; 1; 2; 101
544; 629; 2; 1; 111
651; 538; 1; 2; 112
614; 609; 1; 2; 112
487; 761; 2; 1; 125
632; 599; 2; 1; 127
475; 723; 2; 1; 132
463; 532; 1; 2; 135
750; 458; 1; 2; 143
509; 669; 2; 1; 162
626; 754; 1; 2; 171
458; 729; 1; 2; 175
636; 632; 1; 2; 181
687; 640; 2; 1; 185
704; 504; 1; 2; 188
613; 559; 2; 1; 194
656; 516; 1; 2; 197
470; 723; 2; 1; 203
547; 657; 1; 2; 218
676; 652; 2; 1; 227
617; 710; 2; 1; 250
762; 452; 2; 1; 263
516; 482; 1; 2; 269
525; 659; 1; 2; 278
611; 500; 1; 2; 281
582; 522; 2; 1; 282
618; 758; 2; 1; 284
624; 741; 2; 1; 287
513; 744; 2; 1; 288
562; 696; 2; 1; 297
702; 588; 2; 1; 305
609; 740; 2; 1; 318
621; 461; 1; 2; 327
478; 479; 2; 1; 331
698; 643; 1; 2; 347
501; 503; 1; 2; 359
636; 578; 1; 2; 373
489; 758; 2; 1; 378
558; 600; 2; 1; 390
543; 542; 2; 1; 398
753; 475; 2; 1; 412
511; 746; 2; 1; 412
545; 737; 1; 2; 423
526; 472; 1; 2; 429
489; 717; 1; 2; 435
479; 546; 1; 2; 442
746; 599; 2; 1; 451
628; 619; 2; 1; 459
469; 606; 1; 2; 460
683; 703; 2; 1; 469
609; 754; 1; 2; 475
478; 710; 1; 2; 489
761; 494; 2; 1; 508
754; 583; 2; 1; 518
573; 594; 2; 1; 533
543; 745; 1; 2; 538
594; 757; 2; 1; 553
576; 639; 2; 1; 581
727; 455; 1; 2; 582
761; 627; 2; 1; 584
569; 649; 1; 2; 592
605; 544; 1; 2; 599
604; 696; 2; 1; 600
617; 554; 2; 1; 601
495; 556; 2; 1; 610
529; 624; 2; 1; 618
529; 586; 1; 2; 619
592; 659; 2; 1; 634
619; 476; 1; 2; 638
638; 746; 2; 1; 651
730; 473; 2; 1; 656
735; 581; 2; 1; 657
594; 454; 1; 2; 665
489; 687; 2; 1; 672
473; 704; 2; 1; 695
723; 541; 1; 2; 701
557; 676; 2; 1; 702
717; 638; 1; 2; 705
753; 583; 1; 2; 711
609; 561; 1; 2; 720
540; 604; 1; 2; 723
717; 502; 1; 2; 733
502; 710; 2; 1; 749
698; 673; 1; 2; 761
747; 456; 1; 2; 774
457; 568; 1; 2; 792
682; 572; 1; 2; 793
487; 528; 2; 1; 809
495; 588; 2; 1; 811
518; 551; 2; 1; 812
765; 454; 2; 1; 825
516; 652; 2; 1; 828
760; 733; 1; 2; 839
647; 585; 2; 1; 842
689; 719; 2; 1; 871
645; 477; 1; 2; 872
590; 613; 2; 1; 897
499; 735; 2; 1; 898
566; 700; 1; 2; 901
672; 749; 2; 1; 910
698; 577; 2; 1; 924
571; 702; 1; 2; 939
738; 657; 2; 1; 941
700; 758; 1; 2; 942
708; 496; 1; 2; 943
529; 766; 1; 2; 965
602; 709; 1; 2; 968
598; 584; 1; 2; 970
483; 585; 2; 1; 970
480; 608; 1; 2; 986
502; 592; 1; 2; 1000
621; 548; 2; 1; 1003
681; 487; 2; 1; 1016
500; 718; 1; 2; 1019
483; 738; 2; 1; 1020
678; 536; 1; 2; 1031
506; 756; 1; 2; 1035
632; 668; 2; 1; 1036
726; 564; 1; 2; 1037
694; 725; 2; 1; 1037
744; 678; 2; 1; 1039
527; 687; 2; 1; 1065
754; 667; 1; 2; 1071
608; 669; 1; 2; 1073
592; 699; 1; 2; 1082
616; 557; 2; 1; 1084
505; 592; 2; 1; 1085
30
28; 1; 25; 2942
21; 1; 17; 5706
1; 1; 44; 13090
6; 1; 43; 20343
17; 1; 31; 26218
0; 1; 42; 26709
25; 1; 40; 26752
19; 1; 12; 26943
24; 1; 44; 27551
10; 1; 34; 31333
14; 1; 4; 34955
2; 1; 25; 36218
5; 1; 39; 37752
3; 1; 4; 38822
9; 1; 7; 41829
4; 1; 47; 43248
27; 1; 7; 47304
13; 1; 20; 47645
18; 1; 35; 51521
15; 1; 36; 56037
23; 1; 37; 58843
12; 1; 42; 59114
29; 1; 19; 61731
8; 1; 17; 64846
26; 1; 2; 69737
16; 1; 42; 73825
11; 1; 24; 75229
22; 1; 25; 80441
7; 1; 37; 81250
20; 1; 40; 84365
