**** 996 ****
140
701; 691; 1; 2; 6
767; 759; 1; 2; 9
544; 631; 1; 2; 24
648; 510; 1; 2; 40
581; 554; 1; 2; 42
688; 580; 1; 2; 44
617; 587; 2; 1; 47
700; 747; 2; 1; 51
690; 672; 1; 2; 57
453; 688; 2; 1; 61
593; 701; 2; 1; 67
685; 731; 1; 2; 70
743; 735; 1; 2; 90
753; 484; 2; 1; 108
562; 627; 2; 1; 109
547; 763; 1; 2; 112
714; 764; 2; 1; 131
570; 598; 1; 2; 137
681; 582; 2; 1; 145
623; 758; 2; 1; 156
660; 758; 1; 2; 156
711; 618; 2; 1; 162
509; 480; 1; 2; 171
719; 453; 2; 1; 181
727; 634; 1; 2; 181
486; 746; 2; 1; 202
750; 734; 2; 1; 203
630; 695; 1; 2; 210
645; 752; 1; 2; 216
616; 670; 1; 2; 220
587; 585; 2; 1; 220
478; 521; 1; 2; 223
493; 486; 2; 1; 229
544; 570; 1; 2; 233
601; 549; 1; 2; 252
599; 728; 2; 1; 254
555; 487; 1; 2; 276
703; 726; 2; 1; 277
708; 538; 1; 2; 278
733; 736; 1; 2; 282
743; 517; 2; 1; 283
737; 629; 1; 2; 295
542; 481; 2; 1; 311
741; 624; 2; 1; 316
667; 715; 1; 2; 326
639; 608; 2; 1; 327
526; 732; 1; 2; 329
551; 626; 1; 2; 336
725; 760; 2; 1; 337
512; 708; 2; 1; 338
571; 712; 1; 2; 342
466; 681; 1; 2; 380
556; 629; 1; 2; 400
705; 765; 1; 2; 404
730; 501; 1; 2; 405
743; 574; 2; 1; 410
502; 544; 1; 2; 418
744; 456; 2; 1; 419
673; 618; 2; 1; 424
645; 565; 2; 1; 429
749; 754; 1; 2; 443
609; 753; 2; 1; 472
669; 535; 1; 2; 477
484; 643; 2; 1; 483
557; 736; 2; 1; 492
571; 690; 1; 2; 495
668; 752; 2; 1; 497
733; 677; 2; 1; 520
605; 601; 2; 1; 521
750; 535; 1; 2; 527
681; 548; 2; 1; 547
635; 735; 2; 1; 571
650; 689; 1; 2; 572
670; 513; 1; 2; 572
474; 568; 2; 1; 582
673; 658; 2; 1; 588
713; 462; 1; 2; 590
603; 609; 1; 2; 599
630; 689; 1; 2; 603
500; 595; 1; 2; 605
499; 725; 2; 1; 615
515; 461; 2; 1; 616
464; 469; 1; 2; 617
672; 649; 2; 1; 618
655; 553; 1; 2; 619
715; 667; 1; 2; 637
566; 727; 2; 1; 657
508; 698; 1; 2; 673
565; 755; 2; 1; 678
656; 544; 1; 2; 678
709; 559; 2; 1; 722
713; 464; 2; 1; 727
724; 737; 1; 2; 734
468; 659; 1; 2; 738
747; 671; 2; 1; 739
654; 477; 2; 1; 758
726; 718; 2; 1; 773
723; 655; 1; 2; 776
739; 602; 1; 2; 784
702; 735; 1; 2; 825
506; 464; 2; 1; 827
520; 485; 1; 2; 834
560; 738; 1; 2; 848
672; 697; 1; 2; 848
674; 652; 1; 2; 855
556; 757; 1; 2; 866
498; 512; 1; 2; 870
496; 642; 1; 2; 896
692; 533; 1; 2; 904
710; 570; 2; 1; 909
550; 713; 1; 2; 914
654; 731; 2; 1; 914
504; 546; 1; 2; 914
453; 673; 2; 1; 917
645; 626; 1; 2; 921
596; 517; 2; 1; 922
496; 719; 1; 2; 933
548; 468; 1; 2; 938
723; 492; 2; 1; 964
487; 599; 1; 2; 964
521; 711; 1; 2; 973
768; 500; 1; 2; 1003
520; 525; 2; 1; 1008
517; 503; 1; 2; 1015
658; 529; 1; 2; 1025
745; 757; 1; 2; 1052
725; 498; 1; 2; 1053
715; 544; 2; 1; 1057
752; 759; 2; 1; 1059
707; 571; 2; 1; 1059
525; 734; 1; 2; 1063
564; 489; 2; 1; 1064
706; 570; 1; 2; 1077
461; 451; 1; 2; 1078
596; 572; 2; 1; 1087
509; 552; 1; 2; 1087
641; 580; 2; 1; 1089
592; 759; 2; 1; 1091
451; 749; 2; 1; 1093
489; 553; 1; 2; 1093
30
24; 1; 33; 511
18; 1; 41; 3007
12; 1; 5; 5065
9; 1; 6; 6636
26; 1; 3; 15876
10; 1; 7; 18085
16; 1; 19; 19710
2; 1; 3; 20976
4; 1; 36; 23070
19; 1; 37; 32370
23; 1; 35; 38521
28; 1; 4; 42749
25; 1; 7; 42799
27; 1; 49; 43789
21; 1; 37; 45946
14; 1; 6; 48023
5; 1; 6; 53506
1; 1; 26; 54673
6; 1; 4; 55478
17; 1; 45; 57620
0; 1; 28; 60925
29; 1; 32; 67740
3; 1; 28; 69952
15; 1; 41; 72528
13; 1; 19; 73440
11; 1; 13; 75553
7; 1; 38; 78676
22; 1; 24; 79924
8; 1; 48; 80154
20; 1; 25; 86644
