**** 997 ****
140
454; 725; 1; 2; 1
728; 492; 2; 1; 8
635; 521; 1; 2; 14
712; 521; 2; 1; 18
609; 743; 2; 1; 20
591; 557; 1; 2; 23
729; 593; 2; 1; 24
539; 589; 2; 1; 27
509; 562; 2; 1; 30
672; 545; 1; 2; 31
766; 482; 1; 2; 35
605; 574; 1; 2; 39
658; 633; 1; 2; 44
622; 466; 2; 1; 62
638; 522; 1; 2; 65
564; 466; 2; 1; 77
692; 537; 1; 2; 77
545; 501; 1; 2; 82
497; 659; 1; 2; 84
597; 647; 1; 2; 87
582; 633; 2; 1; 87
503; 658; 1; 2; 102
661; 471; 2; 1; 108
687; 759; 2; 1; 111
462; 478; 1; 2; 123
661; 727; 2; 1; 131
713; 534; 2; 1; 132
684; 717; 1; 2; 136
677; 671; 1; 2; 151
700; 562; 1; 2; 158
632; 668; 2; 1; 161
661; 642; 1; 2; 162
713; 654; 1; 2; 162
665; 725; 2; 1; 166
549; 711; 1; 2; 187
596; 728; 2; 1; 188
696; 637; 1; 2; 198
592; 464; 2; 1; 210
475; 457; 1; 2; 217
504; 747; 1; 2; 222
594; 592; 2; 1; 232
648; 526; 1; 2; 232
537; 707; 2; 1; 235
554; 578; 1; 2; 237
646; 594; 2; 1; 260
579; 645; 1; 2; 261
651; 497; 1; 2; 263
563; 571; 1; 2; 274
754; 461; 2; 1; 297
766; 638; 2; 1; 299
583; 646; 1; 2; 307
530; 561; 1; 2; 311
624; 623; 1; 2; 313
537; 688; 2; 1; 314
713; 511; 2; 1; 321
570; 525; 2; 1; 329
657; 471; 2; 1; 340
480; 506; 1; 2; 358
607; 504; 2; 1; 368
489; 592; 2; 1; 368
495; 498; 2; 1; 372
713; 577; 1; 2; 374
560; 520; 2; 1; 387
741; 769; 1; 2; 389
759; 476; 2; 1; 392
518; 717; 1; 2; 395
664; 638; 1; 2; 399
705; 496; 1; 2; 416
485; 741; 1; 2; 424
679; 767; 1; 2; 424
730; 629; 2; 1; 427
605; 638; 1; 2; 427
725; 601; 2; 1; 439
690; 731; 2; 1; 450
590; 460; 2; 1; 454
727; 641; 2; 1; 460
644; 701; 1; 2; 464
563; 613; 1; 2; 483
748; 689; 2; 1; 484
514; 658; 1; 2; 487
661; 695; 2; 1; 502
468; 688; 2; 1; 503
697; 563; 1; 2; 517
648; 491; 2; 1; 529
507; 675; 1; 2; 534
615; 538; 2; 1; 549
627; 565; 2; 1; 571
459; 661; 2; 1; 580
551; 751; 2; 1; 585
723; 664; 1; 2; 604
752; 676; 2; 1; 619
453; 760; 2; 1; 632
579; 741; 2; 1; 644
500; 590; 2; 1; 649
575; 707; 2; 1; 682
482; 759; 1; 2; 692
523; 479; 1; 2; 709
525; 663; 2; 1; 718
455; 453; 1; 2; 735
552; 474; 2; 1; 738
673; 482; 1; 2; 742
485; 646; 1; 2; 745
676; 622; 1; 2; 778
755; 750; 1; 2; 778
709; 600; 2; 1; 788
686; 528; 1; 2; 789
496; 634; 2; 1; 793
615; 749; 1; 2; 825
515; 681; 1; 2; 837
470; 604; 1; 2; 869
623; 689; 2; 1; 871
706; 766; 1; 2; 885
534; 545; 1; 2; 888
460; 733; 1; 2; 900
742; 768; 2; 1; 904
734; 625; 2; 1; 906
600; 667; 1; 2; 909
569; 714; 1; 2; 912
458; 556; 1; 2; 912
744; 630; 1; 2; 913
668; 696; 1; 2; 916
655; 564; 2; 1; 922
640; 453; 1; 2; 928
497; 557; 2; 1; 933
473; 518; 1; 2; 960
535; 474; 1; 2; 961
499; 577; 1; 2; 971
711; 597; 1; 2; 976
733; 630; 1; 2; 1000
551; 602; 1; 2; 1000
521; 566; 1; 2; 1009
754; 728; 2; 1; 1014
592; 484; 2; 1; 1018
455; 460; 1; 2; 1033
755; 465; 1; 2; 1034
480; 571; 2; 1; 1039
608; 615; 2; 1; 1040
614; 555; 2; 1; 1053
599; 715; 1; 2; 1082
578; 530; 1; 2; 1092
30
25; 1; 1; 3854
16; 1; 27; 6819
26; 1; 21; 10599
24; 1; 36; 13876
2; 1; 9; 20595
6; 1; 23; 22401
7; 1; 28; 25522
14; 1; 3; 25603
27; 1; 37; 26418
5; 1; 16; 33959
11; 1; 14; 38298
3; 1; 15; 41368
17; 1; 11; 41846
8; 1; 12; 42662
23; 1; 4; 47949
19; 1; 31; 51560
1; 1; 5; 52415
13; 1; 31; 53868
28; 1; 5; 54796
21; 1; 29; 59110
10; 1; 16; 61753
18; 1; 16; 62697
12; 1; 33; 63648
22; 1; 46; 64831
20; 1; 42; 70460
0; 1; 46; 71736
29; 1; 5; 74525
9; 1; 26; 74670
15; 1; 4; 77082
4; 1; 16; 85310
