**** 998 ****
140
722; 582; 1; 2; 5
745; 527; 2; 1; 6
664; 467; 2; 1; 8
527; 722; 2; 1; 26
495; 487; 1; 2; 31
645; 578; 2; 1; 36
749; 631; 2; 1; 51
464; 733; 1; 2; 54
765; 662; 2; 1; 61
761; 559; 2; 1; 62
584; 504; 1; 2; 62
627; 470; 1; 2; 90
580; 479; 1; 2; 95
757; 472; 1; 2; 100
501; 761; 1; 2; 117
596; 529; 2; 1; 122
610; 464; 1; 2; 126
717; 628; 2; 1; 156
649; 620; 1; 2; 162
687; 697; 2; 1; 168
459; 680; 1; 2; 171
565; 499; 2; 1; 185
479; 594; 1; 2; 190
700; 754; 1; 2; 194
664; 642; 2; 1; 199
472; 593; 1; 2; 200
452; 649; 1; 2; 203
694; 519; 1; 2; 231
609; 654; 1; 2; 231
653; 685; 2; 1; 235
728; 488; 1; 2; 243
501; 595; 2; 1; 247
734; 760; 2; 1; 248
593; 644; 1; 2; 252
655; 581; 2; 1; 267
728; 491; 2; 1; 269
474; 649; 1; 2; 278
518; 566; 1; 2; 284
595; 668; 1; 2; 360
688; 515; 1; 2; 362
641; 749; 2; 1; 367
606; 759; 2; 1; 371
560; 476; 2; 1; 372
566; 713; 2; 1; 374
657; 746; 2; 1; 386
508; 526; 1; 2; 403
460; 562; 1; 2; 408
590; 503; 2; 1; 413
743; 470; 1; 2; 420
570; 521; 1; 2; 420
547; 687; 1; 2; 422
476; 452; 2; 1; 436
603; 479; 2; 1; 437
765; 579; 1; 2; 437
667; 614; 2; 1; 463
756; 610; 1; 2; 465
500; 626; 2; 1; 502
646; 684; 2; 1; 507
583; 634; 2; 1; 511
505; 571; 2; 1; 513
595; 613; 1; 2; 515
623; 525; 1; 2; 520
565; 640; 2; 1; 532
698; 554; 1; 2; 556
745; 763; 1; 2; 557
584; 456; 1; 2; 574
729; 627; 1; 2; 579
648; 477; 1; 2; 591
471; 521; 1; 2; 593
458; 668; 1; 2; 595
718; 534; 1; 2; 652
769; 487; 2; 1; 663
518; 695; 2; 1; 669
520; 604; 2; 1; 670
664; 674; 2; 1; 673
477; 708; 2; 1; 674
468; 537; 1; 2; 677
642; 477; 1; 2; 686
493; 559; 1; 2; 687
535; 542; 1; 2; 689
722; 765; 2; 1; 693
486; 605; 2; 1; 697
754; 746; 1; 2; 702
710; 471; 2; 1; 712
677; 541; 1; 2; 726
689; 674; 2; 1; 729
704; 578; 2; 1; 732
761; 556; 2; 1; 746
525; 750; 1; 2; 760
464; 688; 1; 2; 768
504; 732; 1; 2; 804
733; 739; 1; 2; 816
553; 655; 1; 2; 817
632; 700; 1; 2; 821
535; 499; 1; 2; 821
725; 503; 1; 2; 828
691; 698; 1; 2; 828
506; 716; 1; 2; 832
502; 684; 2; 1; 838
637; 574; 2; 1; 840
497; 767; 2; 1; 844
700; 612; 2; 1; 850
653; 768; 2; 1; 853
703; 661; 2; 1; 854
709; 712; 1; 2; 861
766; 609; 2; 1; 870
465; 483; 2; 1; 873
666; 676; 2; 1; 880
584; 621; 2; 1; 882
490; 681; 1; 2; 893
475; 586; 1; 2; 895
487; 638; 2; 1; 902
610; 722; 2; 1; 906
644; 466; 1; 2; 912
528; 482; 2; 1; 935
605; 490; 2; 1; 937
685; 745; 2; 1; 940
578; 705; 1; 2; 943
675; 571; 1; 2; 959
517; 733; 2; 1; 967
699; 546; 1; 2; 979
738; 685; 1; 2; 980
765; 472; 2; 1; 982
715; 731; 1; 2; 983
471; 534; 2; 1; 990
761; 575; 1; 2; 1000
762; 459; 1; 2; 1002
682; 621; 2; 1; 1005
531; 704; 2; 1; 1019
708; 600; 1; 2; 1020
743; 604; 1; 2; 1028
749; 649; 1; 2; 1030
631; 704; 2; 1; 1042
740; 538; 1; 2; 1047
504; 575; 2; 1; 1047
744; 605; 2; 1; 1059
571; 654; 2; 1; 1081
643; 694; 1; 2; 1086
600; 497; 2; 1; 1090
508; 671; 2; 1; 1093
30
2; 1; 45; 1781
28; 1; 45; 2332
25; 1; 22; 3177
0; 1; 7; 4673
7; 1; 6; 6164
27; 1; 46; 8778
19; 1; 20; 13880
23; 1; 26; 20553
12; 1; 49; 22009
26; 1; 26; 24778
4; 1; 4; 33980
20; 1; 3; 34683
22; 1; 22; 35949
8; 1; 45; 36120
1; 1; 16; 42972
18; 1; 40; 46050
3; 1; 2; 46145
5; 1; 6; 46200
14; 1; 38; 48033
21; 1; 43; 50753
10; 1; 14; 52791
13; 1; 15; 56033
9; 1; 7; 57158
15; 1; 45; 57953
11; 1; 34; 63735
17; 1; 2; 66710
29; 1; 39; 68556
6; 1; 38; 69958
16; 1; 43; 83907
24; 1; 5; 84795
