**** 999 ****
140
576; 615; 1; 2; 14
589; 660; 2; 1; 14
609; 663; 2; 1; 17
515; 670; 1; 2; 24
605; 514; 2; 1; 29
694; 473; 2; 1; 35
453; 720; 2; 1; 40
578; 748; 1; 2; 41
712; 578; 2; 1; 45
458; 534; 2; 1; 51
554; 556; 2; 1; 53
583; 463; 2; 1; 59
708; 497; 1; 2; 61
511; 633; 2; 1; 65
758; 583; 2; 1; 65
731; 630; 2; 1; 70
597; 537; 1; 2; 72
620; 511; 2; 1; 72
609; 545; 2; 1; 73
744; 704; 2; 1; 85
487; 588; 2; 1; 86
699; 562; 2; 1; 90
742; 749; 2; 1; 99
619; 579; 2; 1; 109
746; 615; 2; 1; 115
733; 730; 2; 1; 119
731; 627; 2; 1; 129
610; 471; 1; 2; 133
763; 537; 2; 1; 138
495; 752; 2; 1; 153
546; 594; 2; 1; 166
596; 500; 1; 2; 169
756; 729; 2; 1; 174
699; 498; 2; 1; 176
660; 715; 1; 2; 200
703; 540; 2; 1; 203
631; 592; 2; 1; 235
593; 565; 2; 1; 240
589; 719; 2; 1; 256
539; 758; 1; 2; 261
647; 594; 2; 1; 262
452; 725; 2; 1; 273
553; 683; 1; 2; 280
603; 494; 1; 2; 304
532; 745; 1; 2; 314
598; 499; 1; 2; 330
679; 735; 1; 2; 337
500; 471; 1; 2; 339
766; 525; 1; 2; 358
734; 606; 2; 1; 360
739; 586; 2; 1; 364
742; 563; 1; 2; 369
646; 553; 2; 1; 372
635; 613; 2; 1; 372
486; 527; 1; 2; 375
720; 714; 2; 1; 381
716; 633; 2; 1; 384
603; 733; 2; 1; 416
459; 748; 1; 2; 423
458; 688; 1; 2; 424
460; 604; 2; 1; 426
476; 602; 2; 1; 442
712; 589; 2; 1; 473
748; 528; 2; 1; 475
762; 601; 2; 1; 487
750; 706; 2; 1; 491
655; 541; 1; 2; 492
602; 620; 1; 2; 495
554; 667; 2; 1; 500
657; 656; 1; 2; 500
583; 721; 2; 1; 508
613; 636; 2; 1; 516
738; 717; 2; 1; 518
703; 583; 1; 2; 538
528; 727; 2; 1; 539
653; 566; 2; 1; 550
537; 524; 2; 1; 568
490; 561; 2; 1; 583
522; 570; 1; 2; 588
526; 503; 1; 2; 589
472; 488; 1; 2; 594
477; 702; 2; 1; 597
735; 688; 1; 2; 600
725; 452; 1; 2; 603
748; 640; 1; 2; 611
604; 527; 2; 1; 612
461; 699; 2; 1; 620
519; 508; 1; 2; 626
694; 743; 2; 1; 645
491; 632; 2; 1; 651
722; 515; 2; 1; 662
637; 762; 1; 2; 662
563; 667; 2; 1; 664
745; 750; 2; 1; 670
524; 727; 2; 1; 685
590; 625; 2; 1; 708
630; 472; 2; 1; 710
676; 749; 1; 2; 717
658; 570; 2; 1; 729
505; 689; 2; 1; 757
649; 488; 1; 2; 761
698; 603; 1; 2; 767
708; 752; 1; 2; 769
506; 522; 2; 1; 780
506; 658; 1; 2; 783
531; 528; 1; 2; 813
515; 660; 2; 1; 820
494; 529; 2; 1; 828
576; 737; 2; 1; 829
565; 465; 1; 2; 830
569; 766; 2; 1; 838
673; 621; 1; 2; 839
475; 657; 1; 2; 847
501; 503; 1; 2; 848
558; 731; 1; 2; 849
759; 543; 2; 1; 867
594; 737; 1; 2; 891
540; 554; 1; 2; 913
759; 493; 2; 1; 928
728; 454; 2; 1; 940
556; 752; 1; 2; 949
645; 549; 1; 2; 950
495; 502; 1; 2; 985
544; 504; 2; 1; 999
734; 760; 2; 1; 1000
737; 479; 2; 1; 1002
668; 696; 2; 1; 1008
561; 479; 2; 1; 1023
535; 699; 1; 2; 1026
747; 689; 2; 1; 1051
671; 591; 2; 1; 1059
755; 629; 1; 2; 1062
693; 698; 1; 2; 1065
515; 525; 1; 2; 1068
485; 502; 2; 1; 1082
644; 474; 2; 1; 1082
560; 562; 1; 2; 1083
588; 627; 2; 1; 1083
726; 677; 2; 1; 1085
583; 758; 1; 2; 1089
30
9; 1; 33; 552
0; 1; 17; 6098
27; 1; 14; 7571
17; 1; 2; 18814
4; 1; 39; 19047
10; 1; 13; 21342
3; 1; 1; 30055
8; 1; 20; 37521
11; 1; 26; 38071
7; 1; 42; 42762
29; 1; 1; 44972
21; 1; 29; 47721
18; 1; 37; 48898
1; 1; 22; 50901
26; 1; 27; 56079
2; 1; 25; 56299
16; 1; 45; 62835
25; 1; 2; 65603
14; 1; 3; 66204
15; 1; 29; 67014
20; 1; 2; 69251
23; 1; 49; 70033
28; 1; 41; 70758
6; 1; 37; 76038
19; 1; 44; 76580
13; 1; 26; 77521
24; 1; 23; 78970
22; 1; 11; 84171
5; 1; 10; 85823
12; 1; 27; 86466
