**** 1 ****
50
17; 40; 2; 1; 1
10; 16; 2; 1; 2
5; 45; 1; 2; 5
27; 38; 1; 2; 6
14; 7; 2; 1; 11
20; 48; 2; 1; 13
35; 2; 1; 2; 13
8; 11; 2; 1; 14
14; 36; 1; 2; 14
34; 48; 2; 1; 25
45; 42; 2; 1; 27
39; 26; 1; 2; 28
30; 5; 2; 1; 28
32; 18; 2; 1; 28
23; 9; 2; 1; 29
13; 23; 2; 1; 30
49; 28; 1; 2; 31
1; 29; 2; 1; 32
30; 22; 1; 2; 40
38; 37; 2; 1; 45
20; 11; 1; 2; 45
8; 43; 1; 2; 49
24; 24; 2; 1; 51
10; 45; 2; 1; 54
22; 3; 2; 1; 54
38; 26; 2; 1; 56
44; 41; 2; 1; 57
8; 44; 2; 1; 59
7; 9; 1; 2; 61
28; 6; 2; 1; 62
11; 15; 2; 1; 62
9; 41; 1; 2; 64
16; 7; 1; 2; 64
25; 28; 1; 2; 64
45; 37; 1; 2; 65
16; 19; 1; 2; 67
41; 5; 1; 2; 69
40; 43; 1; 2; 70
31; 9; 1; 2; 77
31; 39; 2; 1; 77
16; 1; 1; 2; 81
31; 21; 2; 1; 82
25; 6; 2; 1; 85
33; 46; 2; 1; 88
3; 23; 2; 1; 91
22; 34; 1; 2; 93
34; 38; 2; 1; 94
6; 40; 1; 2; 95
20; 28; 2; 1; 96
33; 38; 1; 2; 97
12
3; 1; 35; 51
9; 1; 20; 89
6; 1; 45; 114
4; 1; 44; 186
5; 1; 41; 265
7; 1; 35; 334
8; 1; 45; 394
11; 1; 43; 455
1; 1; 11; 586
2; 1; 11; 616
0; 1; 24; 995
10; 1; 39; 1205
